0.50502 -0.862377 0.0355041 0.712368 0.86278 0.505535 0.00678203 0.541586 -0.0237972 0.0272072 0.999346 0.771262
0.501539 -0.864456 0.0342666 1.02203 0.864828 0.502022 0.0067563 1.03825 -0.0230431 0.0262462 0.99939 0.756255
0.498163 -0.866489 0.0320947 1.41419 0.866822 0.49858 0.00608076 1.76177 -0.0212707 0.0247912 0.999466 0.746178
0.494607 -0.868589 0.0302788 1.79742 0.868893 0.49497 0.00544108 2.47853 -0.0197132 0.0236179 0.999527 0.738835
0.490599 -0.870846 0.030658 2.14592 0.871163 0.490965 0.00529965 3.12022 -0.0196672 0.0241081 0.999516 0.720912
0.486751 -0.873008 0.0305006 2.51146 0.873332 0.487102 0.00487066 3.77596 -0.019109 0.0242663 0.999523 0.710787
0.482743 -0.875269 0.0293717 2.87658 0.875566 0.483073 0.00495785 4.44385 -0.0185281 0.0233235 0.999556 0.704008
0.478521 -0.877663 0.0269448 3.25081 0.877875 0.478843 0.00671076 5.13556 -0.0187921 0.0204429 0.999614 0.695032
0.474288 -0.880028 0.0245092 3.6217 0.880163 0.474596 0.00845193 5.82906 -0.0190699 0.0175635 0.999664 0.68583
0.470933 -0.881725 0.0279916 4.01627 0.881875 0.471358 0.0108554 6.55644 -0.0227656 0.0195729 0.999549 0.661966
0.467559 -0.883402 0.0314646 4.40804 0.883566 0.468119 0.0132716 7.28523 -0.0264533 0.0215958 0.999417 0.635038
0.465476 -0.884495 0.0316346 4.79983 0.884696 0.466013 0.0120641 8.01897 -0.0254128 0.0223714 0.999427 0.605549
0.463685 -0.885435 0.031648 5.18816 0.88567 0.464192 0.0107268 8.74916 -0.0241886 0.0230558 0.999442 0.593067
0.462183 -0.886219 0.0316855 5.57412 0.886476 0.46267 0.00988234 9.48454 -0.0234178 0.0235209 0.999449 0.590448
0.460932 -0.88684 0.0324953 5.9656 0.887135 0.46142 0.00914283 10.229 -0.0231022 0.0246135 0.99943 0.584857
0.459897 -0.887368 0.0327486 6.35795 0.887697 0.46036 0.00791217 10.9926 -0.0220972 0.0254321 0.999432 0.570982
0.458798 -0.887959 0.0321384 6.74827 0.888304 0.459211 0.0064901 11.7642 -0.0205213 0.025571 0.999462 0.55494
0.457661 -0.888624 0.0298814 7.13658 0.88893 0.458008 0.00563236 12.547 -0.018691 0.0239847 0.999538 0.541028
0.456467 -0.889307 0.0277701 7.52778 0.889566 0.456773 0.0055338 13.3415 -0.0176059 0.0221774 0.999599 0.52297
0.455301 -0.889925 0.0271057 7.92982 0.890143 0.455627 0.0070533 14.1521 -0.018627 0.0209166 0.999608 0.503048
0.454074 -0.89054 0.0274937 8.33409 0.890734 0.454442 0.00869725 14.9836 -0.0202395 0.0205404 0.999584 0.4899
0.452845 -0.891153 0.0278794 8.73721 0.891321 0.453254 0.0103417 15.8156 -0.0218525 0.0201663 0.999558 0.475254
0.45169 -0.891715 0.0286347 9.15498 0.89192 0.452095 0.00937358 16.633 -0.0213042 0.021306 0.999546 0.46804
0.450535 -0.892275 0.0293913 9.5717 0.892518 0.450934 0.00840645 17.451 -0.0207544 0.0224448 0.999533 0.461328
0.449434 -0.892819 0.0297235 9.98792 0.89307 0.449839 0.00835708 18.275 -0.0208321 0.0227892 0.999523 0.453099
0.44921 -0.892935 0.0296474 10.4205 0.89312 0.449677 0.0112658 19.1038 -0.0233913 0.021418 0.999497 0.438064
0.449789 -0.89263 0.03003 10.8455 0.8927 0.450365 0.0160818 19.9502 -0.0278795 0.0195743 0.99942 0.409806
0.4507 -0.892143 0.0308181 11.2722 0.892111 0.451374 0.0199938 20.7893 -0.0317478 0.0184819 0.999325 0.380394
0.452412 -0.891209 0.0327057 11.6917 0.891195 0.453157 0.0204981 21.6197 -0.0330889 0.0198735 0.999255 0.369361
0.454581 -0.890076 0.0334962 12.1052 0.890169 0.455291 0.017599 22.4786 -0.0309149 0.0218171 0.999284 0.346929
0.456052 -0.889386 0.0317628 12.5193 0.889541 0.456636 0.014147 23.3257 -0.0270862 0.0218025 0.999395 0.333878
0.457037 -0.888936 0.0301816 12.9557 0.889149 0.4575 0.0104246 24.2023 -0.0230749 0.0220714 0.99949 0.316192
0.457771 -0.888634 0.0278595 13.4065 0.888766 0.458209 0.0117887 25.0706 -0.0232413 0.019364 0.999542 0.302774
0.457516 -0.888754 0.0281946 13.8638 0.88877 0.458052 0.0166331 25.9544 -0.0276973 0.0174486 0.999464 0.282108
0.457159 -0.888858 0.0306049 14.3198 0.888817 0.457826 0.0199939 26.8266 -0.0317835 0.0180618 0.999332 0.25754
0.45606 -0.888831 0.0446049 14.767 0.889389 0.456978 0.0125789 27.6853 -0.031564 0.0339344 0.998926 0.231116
0.45478 -0.889004 0.0533679 15.1952 0.890107 0.45571 0.00609616 28.5552 -0.0297398 0.0447308 0.998556 0.211543
0.453617 -0.889867 0.0486592 15.646 0.890841 0.454303 0.0034683 29.4286 -0.0251924 0.0417743 0.998809 0.210546
0.451873 -0.891049 0.0429225 16.0976 0.891799 0.452418 0.00343982 30.3221 -0.022484 0.0367239 0.999072 0.195456
0.450576 -0.891763 0.0417083 16.548 0.892407 0.451189 0.0061579 31.2354 -0.0243097 0.0344462 0.999111 0.164869
0.449418 -0.892366 0.0413028 16.995 0.892925 0.450116 0.00900362 32.1461 -0.0266256 0.0328339 0.999106 0.142448
0.448342 -0.892975 0.0398103 17.4365 0.893398 0.4491 0.0122253 33.0485 -0.0287957 0.0300853 0.999132 0.125734
0.447269 -0.893578 0.0383137 17.8768 0.893863 0.448074 0.0154453 33.9514 -0.0309689 0.027339 0.999146 0.106809
0.446901 -0.893701 0.0397317 18.3351 0.893945 0.447819 0.0179074 34.845 -0.0337965 0.0275151 0.99905 0.0913085
0.446529 -0.893822 0.0411486 18.7931 0.894019 0.447565 0.0203698 35.7386 -0.0366237 0.0276919 0.998945 0.0729656
0.44633 -0.893896 0.0416991 19.2269 0.894092 0.447399 0.0208328 36.6305 -0.0372785 0.0279845 0.998913 0.0402118
0.44618 -0.893962 0.0419049 19.6604 0.894211 0.44722 0.0195331 37.5302 -0.0362026 0.0287566 0.998931 0.00588788
0.446357 -0.893926 0.0407685 20.1022 0.894207 0.447304 0.0177026 38.4291 -0.0340607 0.0285538 0.999012 -0.0187017
0.4462 -0.894097 0.0386814 20.5415 0.894341 0.44706 0.0170673 39.3215 -0.0325527 0.0269789 0.999106 -0.0418047
0.444728 -0.894787 0.039673 20.9896 0.89503 0.445644 0.0179467 40.2243 -0.0337385 0.0275272 0.999052 -0.0639573
0.44389 -0.895122 0.0414594 21.4385 0.895401 0.444881 0.0183944 41.1251 -0.0349097 0.0289577 0.998971 -0.0995313
0.443604 -0.895215 0.0425044 21.8819 0.895585 0.444579 0.0166724 42.0206 -0.0338219 0.0306703 0.998957 -0.102538
0.443456 -0.895434 0.0393044 22.3017 0.895823 0.44422 0.0130136 42.9038 -0.0291126 0.0294388 0.999143 -0.134565
0.44309 -0.895845 0.0336476 22.7089 0.89608 0.443699 0.0131251 43.7828 -0.0266874 0.0243353 0.999348 -0.139614
0.442535 -0.896079 0.0347249 23.1471 0.896272 0.443232 0.0155468 44.6483 -0.0293224 0.024243 0.999276 -0.165409
0.442397 -0.896049 0.0371599 23.6063 0.896224 0.443233 0.0180938 45.5152 -0.0326834 0.025299 0.999146 -0.176182
0.441946 -0.896204 0.0387731 24.0156 0.896391 0.442859 0.0189727 46.3845 -0.0341744 0.0263709 0.999068 -0.207939
0.442094 -0.895978 0.0421524 24.4347 0.896315 0.443078 0.0173659 47.2523 -0.0342362 0.0301044 0.99896 -0.228406
0.441779 -0.896032 0.0442503 24.8771 0.896532 0.442741 0.0144808 48.1161 -0.0325667 0.0332745 0.998915 -0.235797
0.441034 -0.896376 0.0447122 25.3053 0.896918 0.441985 0.0137131 48.9865 -0.0320542 0.0340552 0.998906 -0.250021
0.440051 -0.896701 0.0477831 25.6932 0.89726 0.441198 0.0163742 49.8598 -0.0357645 0.0356684 0.998724 -0.286617
0.439328 -0.896771 0.0528464 26.1301 0.897382 0.440803 0.0199521 50.695 -0.0411874 0.0386579 0.998403 -0.305216
0.438694 -0.897008 0.0540757 26.554 0.897551 0.440327 0.0226747 51.5317 -0.0441504 0.0385885 0.998279 -0.336092
0.43756 -0.897545 0.0543605 26.9418 0.89822 0.439095 0.0199106 52.4002 -0.0417401 0.0401156 0.998323 -0.356997
0.436701 -0.898122 0.0516727 27.3486 0.898914 0.437898 0.0141135 53.2226 -0.0353031 0.0402859 0.998564 -0.379567
0.435518 -0.899028 0.0455308 27.7793 0.899691 0.436391 0.0108865 54.0786 -0.0296565 0.0362224 0.998904 -0.390621
0.434572 -0.899729 0.0404239 28.1534 0.900168 0.435357 0.0127545 54.924 -0.0290744 0.0308455 0.999101 -0.428289
0.433945 -0.900202 0.0364382 28.5262 0.900406 0.434724 0.0168251 55.721 -0.0309865 0.025508 0.999194 -0.436409
0.432866 -0.90073 0.0362356 28.9079 0.90084 0.433708 0.0196005 56.5199 -0.0333704 0.0241581 0.999151 -0.447541
0.431879 -0.901143 0.037713 29.2913 0.901299 0.432765 0.0193704 57.3072 -0.0337763 0.025625 0.999101 -0.467085
0.430712 -0.90167 0.0384553 29.6412 0.901849 0.431621 0.0192991 58.0765 -0.0339995 0.0263685 0.999074 -0.496952
0.429196 -0.902427 0.0376229 29.9996 0.902556 0.430099 0.0201956 58.8481 -0.0344067 0.0252889 0.999088 -0.512703
0.427813 -0.903093 0.0373998 30.3535 0.903202 0.428719 0.0206413 59.619 -0.034675 0.024949 0.999087 -0.527635
0.426564 -0.903677 0.0375705 30.7025 0.903779 0.427485 0.0210017 60.3825 -0.0350396 0.0249968 0.999073 -0.544282
0.425449 -0.904267 0.0359816 31.0474 0.9042 0.426398 0.0246514 61.0888 -0.037634 0.0220467 0.999048 -0.567853
0.424152 -0.904865 0.0362515 31.3784 0.904671 0.425185 0.0280615 61.8037 -0.0408055 0.0208933 0.998949 -0.583673
0.422727 -0.905482 0.0374869 31.7082 0.905214 0.423863 0.0304675 62.53 -0.043477 0.0210542 0.998833 -0.610734
0.42175 -0.906 0.0359282 32.0218 0.905777 0.422784 0.0286796 63.2107 -0.0411736 0.0204474 0.998943 -0.608085
0.420858 -0.9066 0.0308873 32.3308 0.906448 0.421616 0.0243332 63.8858 -0.0350831 0.0177569 0.999227 -0.615016
0.419662 -0.9073 0.0262779 32.6244 0.907217 0.420196 0.0197908 64.5421 -0.028998 0.0155343 0.999459 -0.629932
0.419476 -0.907489 0.0224392 32.9028 0.907375 0.419893 0.0189748 65.1699 -0.0266415 0.0124013 0.999568 -0.65872
0.418565 -0.90794 0.0211693 33.1824 0.907705 0.418988 0.0228352 65.7797 -0.0296027 0.00965747 0.999515 -0.671154
0.417464 -0.908449 0.0210883 33.4627 0.908118 0.417913 0.0258793 66.391 -0.0323231 0.008347 0.999443 -0.680924
0.416581 -0.908814 0.0227516 33.7276 0.908587 0.417056 0.0231287 66.9861 -0.0305084 0.0110368 0.999474 -0.667868
0.416803 -0.908596 0.0269844 33.9796 0.908644 0.417285 0.0154619 67.5314 -0.0253088 0.0180747 0.999516 -0.677263
0.417553 -0.90813 0.0308149 34.2367 0.90843 0.417961 0.00797517 68.0748 -0.0201219 0.0246631 0.999493 -0.687906
0.420879 -0.906655 0.0289494 34.4705 0.906899 0.421263 0.00848204 68.5989 -0.0198856 0.0226842 0.999545 -0.697636
0.424405 -0.905091 0.0262879 34.7284 0.905217 0.424795 0.011419 69.1191 -0.0215023 0.01895 0.999589 -0.71635
0.428289 -0.903241 0.0268977 34.9719 0.903293 0.428761 0.0150044 69.6418 -0.0250853 0.0178702 0.999526 -0.731238
0.433078 -0.90084 0.0305264 35.2093 0.900873 0.433706 0.0180619 70.1467 -0.0295103 0.0196783 0.999371 -0.723771
0.439865 -0.897311 0.0367662 35.448 0.897429 0.440725 0.0195736 70.6021 -0.0337674 0.0243853 0.999132 -0.726247
0.449427 -0.892605 0.0356613 35.6914 0.892656 0.450272 0.0204908 71.0425 -0.0343475 0.0226242 0.999154 -0.713234
0.461483 -0.886607 0.0310061 35.9486 0.886469 0.462216 0.0230086 71.4854 -0.0347311 0.0168679 0.999254 -0.72846
0.476813 -0.878597 0.0267733 36.1931 0.878284 0.477434 0.0259688 71.9067 -0.0355986 0.0111323 0.999304 -0.754202
0.496311 -0.867724 0.027017 36.4094 0.867371 0.496942 0.0267643 72.2989 -0.0366499 0.0101504 0.999277 -0.762724
0.517664 -0.855069 0.0296942 36.6873 0.854737 0.518384 0.0265106 72.6922 -0.0380614 0.0116571 0.999207 -0.76979
0.542232 -0.839563 0.0334371 36.9594 0.839214 0.543104 0.027534 73.0272 -0.0412763 0.0131311 0.999061 -0.774611
0.569432 -0.82131 0.0346009 37.2215 0.820894 0.570355 0.0287753 73.3876 -0.0433683 0.0120181 0.998987 -0.782591
0.599799 -0.799382 0.0350632 37.4934 0.79887 0.600742 0.0302634 73.7343 -0.045256 0.00985896 0.998927 -0.799315
0.632601 -0.773685 0.0350438 37.7606 0.773084 0.633529 0.031331 74.0737 -0.0464416 0.00727177 0.998895 -0.808704
0.667846 -0.743389 0.0367999 37.9844 0.742767 0.668827 0.031117 74.3438 -0.0477448 0.0065524 0.998838 -0.816155
0.704195 -0.70912 0.0354666 38.2275 0.708428 0.705081 0.031469 74.6342 -0.0473221 0.00296527 0.998875 -0.839235
0.741911 -0.669643 0.0338643 38.5307 0.668942 0.742683 0.0306263 74.8882 -0.0456591 -6.87111e-05 0.998957 -0.8355
0.779799 -0.625165 0.0328844 38.8474 0.624433 0.780486 0.030418 75.1408 -0.0446821 -0.00318586 0.998996 -0.851133
0.81672 -0.576115 0.0325703 39.1586 0.575384 0.817351 0.0294824 75.3474 -0.0436067 -0.00533842 0.999035 -0.864774
0.851865 -0.522808 0.0315876 39.4789 0.522059 0.852409 0.0292 75.5126 -0.0421916 -0.00838388 0.999074 -0.896543
0.883911 -0.466562 0.0319597 39.8462 0.465875 0.884445 0.0267817 75.6821 -0.0407619 -0.00878344 0.99913 -0.908558
0.912271 -0.408308 0.0323557 40.208 0.407609 0.912782 0.0261624 75.823 -0.0402161 -0.0106787 0.999134 -0.908352
0.936582 -0.348729 0.0346612 40.577 0.34795 0.937135 0.0266026 75.9116 -0.0417593 -0.0128552 0.999045 -0.902062
0.956813 -0.288419 0.0363815 40.9761 0.287519 0.957364 0.028056 75.9982 -0.0429222 -0.016384 0.998944 -0.908956
0.973052 -0.227476 0.0377405 41.3455 0.226496 0.973594 0.0285323 76.058 -0.0432344 -0.0192154 0.99888 -0.944076
0.985134 -0.167576 0.0378054 41.7162 0.166678 0.985674 0.0257884 76.0981 -0.0415853 -0.0191037 0.998952 -0.970114
0.993256 -0.109586 0.037861 42.1086 0.108825 0.993826 0.02163 76.1057 -0.0399975 -0.017364 0.999049 -0.972044
0.997843 -0.0535376 0.0379834 42.499 0.0527268 0.998366 0.0220353 76.1439 -0.039101 -0.019985 0.999035 -0.950547
0.99928 0.00135428 0.0379164 42.8839 -0.00231306 0.999678 0.0252543 76.1159 -0.03787 -0.0253238 0.998962 -0.958724
0.997956 0.0526172 0.0362782 43.2813 -0.0536376 0.998175 0.0277524 76.0872 -0.0347517 -0.0296415 0.998956 -0.982488
0.994434 0.0993452 0.0351067 43.6574 -0.10011 0.99476 0.0207368 76.0252 -0.0328627 -0.0241359 0.999168 -1.04887
0.989084 0.143009 0.0355281 44.0492 -0.143401 0.989626 0.00873233 75.9293 -0.0339107 -0.0137318 0.999331 -1.05224
0.982689 0.181516 0.0370766 44.4352 -0.181702 0.983352 0.0016847 75.8753 -0.0361535 -0.00839243 0.999311 -1.03038
0.975657 0.216136 0.0371183 44.8099 -0.216431 0.97629 0.00405839 75.7957 -0.035361 -0.0119931 0.999303 -0.991658
0.96839 0.247 0.0347997 45.2164 -0.247625 0.968742 0.0148803 75.7145 -0.0300365 -0.0230272 0.999284 -0.997138
0.96079 0.275336 0.0327578 45.5958 -0.276131 0.960849 0.0228267 75.5939 -0.0251903 -0.0309771 0.999203 -1.02409
0.952921 0.301648 0.0308232 45.9588 -0.302379 0.95292 0.0225853 75.4934 -0.0225592 -0.0308422 0.99927 -1.03556
0.94444 0.327542 0.0273619 46.2903 -0.328085 0.944468 0.0184212 75.4588 -0.0198087 -0.0263748 0.999456 -1.06207
0.937414 0.347651 0.0198315 46.6896 -0.347946 0.93741 0.013993 75.2982 -0.0137255 -0.0200175 0.999705 -1.06879
0.930562 0.365904 0.0129564 47.0552 -0.366073 0.930469 0.0147939 75.1193 -0.0066424 -0.0185097 0.999807 -1.08191
0.923835 0.382599 0.0121143 47.4889 -0.382763 0.923687 0.017168 74.9491 -0.00462133 -0.0204973 0.999779 -1.07921
0.917752 0.396841 0.0157475 47.9436 -0.39708 0.917624 0.0171568 74.7799 -0.00764178 -0.0219987 0.999729 -1.09828
0.911617 0.410537 0.0203531 48.3778 -0.41088 0.911528 0.0171783 74.6136 -0.0115 -0.0240227 0.999645 -1.07959
0.906308 0.422019 0.0224847 48.8128 -0.422387 0.906288 0.0152061 74.3493 -0.0139603 -0.0232786 0.999632 -1.09481
0.901286 0.432777 0.019683 49.28 -0.433003 0.901348 0.00899103 74.151 -0.0138501 -0.0166263 0.999766 -1.09307
0.896619 0.442465 0.0172801 49.7132 -0.442612 0.896695 0.005649 73.9075 -0.0129955 -0.0127134 0.999835 -1.10449
0.892975 0.449788 0.0169327 50.1774 -0.449931 0.893045 0.00567025 73.6964 -0.0125713 -0.0126819 0.999841 -1.10889
0.8904 0.454884 0.0163601 50.7063 -0.455017 0.890466 0.00544814 73.4234 -0.0120899 -0.0122952 0.999851 -1.11529
0.887829 0.459911 0.0155162 51.2212 -0.460029 0.88789 0.00492863 73.151 -0.01151 -0.0115137 0.999867 -1.11032
0.885181 0.465034 0.01408 51.7231 -0.465126 0.885235 0.00403691 72.8749 -0.0105868 -0.0101224 0.999893 -1.11746
0.883342 0.468526 0.0138141 52.2619 -0.468615 0.883394 0.00389316 72.5736 -0.0103793 -0.00991249 0.999897 -1.13055
0.881607 0.471791 0.0134791 52.8098 -0.471871 0.881661 0.0033139 72.29 -0.0103206 -0.00928196 0.999904 -1.13523
0.880359 0.474114 0.0135751 53.3474 -0.474197 0.880412 0.00352164 71.9638 -0.010282 -0.00953759 0.999902 -1.14155
0.879294 0.476096 0.0132175 53.9525 -0.476161 0.879355 0.00214984 71.6777 -0.0105994 -0.00818401 0.99991 -1.15494
0.878849 0.476918 0.0131834 54.5365 -0.476966 0.878921 0.000638444 71.3484 -0.0112827 -0.00684914 0.999913 -1.16379
0.87911 0.476458 0.0124138 55.1244 -0.476474 0.879187 -0.00180641 71.0332 -0.0117747 -0.00432683 0.999921 -1.16872
0.880484 0.473943 0.0112613 55.7592 -0.47393 0.880554 -0.00392784 70.6596 -0.0117778 -0.00187869 0.999929 -1.1652
0.88198 0.471149 0.0113672 56.4188 -0.471139 0.882051 -0.0037313 70.3444 -0.0117844 -0.00206457 0.999928 -1.16884
0.884049 0.467281 0.010267 57.0742 -0.467241 0.884109 -0.00610841 70.0191 -0.0119314 0.000602998 0.999929 -1.17826
0.885723 0.46408 0.0112107 57.7452 -0.464024 0.885793 -0.00725561 69.6571 -0.0132976 0.00122441 0.999911 -1.20126
0.887483 0.460672 0.0124944 58.4436 -0.460623 0.887571 -0.00670428 69.2745 -0.0141781 0.000194728 0.999899 -1.20866
0.889288 0.45713 0.0141198 59.1648 -0.457068 0.8894 -0.00751278 68.9365 -0.0159925 0.000227312 0.999872 -1.22734
0.891066 0.45359 0.0160351 59.8816 -0.453521 0.89121 -0.00793712 68.589 -0.0178909 -0.000199763 0.99984 -1.23513
0.893055 0.449646 0.016474 60.6027 -0.449596 0.893206 -0.00686196 68.2198 -0.0178002 -0.00127855 0.999841 -1.22767
0.894741 0.446356 0.0143357 61.3296 -0.446342 0.894852 -0.00434595 67.8622 -0.0147682 -0.00251012 0.999888 -1.2138
0.895544 0.444805 0.0122089 62.0853 -0.44486 0.895597 0.00211892 67.5104 -0.00999174 -0.00732884 0.999923 -1.22806
0.895735 0.444427 0.0120189 62.8027 -0.444535 0.89572 0.00863669 67.1307 -0.00692717 -0.013079 0.99989 -1.22982
0.895966 0.443925 0.0132298 63.5229 -0.444058 0.895946 0.00968844 66.8019 -0.00755228 -0.0145553 0.999866 -1.24641
0.895846 0.444095 0.0154652 64.2732 -0.444268 0.895834 0.0104041 66.4509 -0.00923388 -0.0161912 0.999826 -1.24014
0.895623 0.444451 0.0179602 65.0175 -0.44468 0.895613 0.0117196 66.1023 -0.0108766 -0.0184829 0.99977 -1.23586
0.895981 0.443654 0.0197179 65.7567 -0.44394 0.895952 0.0136443 65.7401 -0.0116129 -0.0209786 0.999712 -1.23396
0.895989 0.443571 0.0211575 66.4909 -0.443913 0.895933 0.0156718 65.3705 -0.0120042 -0.0234339 0.999653 -1.22954
0.896108 0.443307 0.0216527 67.212 -0.443686 0.896007 0.0177256 65.0243 -0.0115431 -0.025491 0.999608 -1.24228
0.895366 0.44483 0.0211034 68.0094 -0.445216 0.895204 0.0198037 64.6581 -0.0100825 -0.0271271 0.999581 -1.23587
0.894182 0.447176 0.021751 68.7328 -0.447589 0.893998 0.0207673 64.3222 -0.0101587 -0.0283052 0.999548 -1.24064
0.892599 0.45015 0.0251423 69.4306 -0.450696 0.892369 0.0234717 63.956 -0.0118704 -0.0322824 0.999408 -1.24514
0.890735 0.453626 0.0285514 70.1382 -0.454311 0.890481 0.025403 63.5794 -0.013901 -0.0355985 0.999269 -1.24059
0.888191 0.458386 0.0316207 70.8727 -0.459214 0.887902 0.0274493 63.1833 -0.0154937 -0.0389009 0.999123 -1.26075
0.884636 0.465157 0.032367 71.6243 -0.466022 0.884328 0.0280699 62.807 -0.0155661 -0.0399154 0.999082 -1.26441
0.880548 0.472908 0.0315088 72.3434 -0.473731 0.880234 0.0276912 62.4596 -0.0146397 -0.0393101 0.99912 -1.26017
0.875613 0.482061 0.030321 73.0467 -0.482816 0.875323 0.0264197 62.0705 -0.0138048 -0.0377729 0.999191 -1.25831
0.87073 0.490702 0.0322632 73.7451 -0.491553 0.870396 0.0280548 61.6705 -0.0143152 -0.0402872 0.999086 -1.26899
0.86508 0.500527 0.0333091 74.4306 -0.501419 0.864746 0.0281792 61.3116 -0.0146994 -0.041079 0.999048 -1.27209
0.85921 0.51047 0.0343274 75.1367 -0.511386 0.858917 0.0273077 60.879 -0.0155446 -0.0410177 0.999038 -1.27194
0.853292 0.520255 0.0350367 75.831 -0.521192 0.853013 0.0269764 60.4529 -0.0158522 -0.0412796 0.999022 -1.27198
0.84734 0.529941 0.0343177 76.5063 -0.530849 0.84703 0.0271887 60.0502 -0.0146597 -0.0412556 0.999041 -1.27867
0.84156 0.53906 0.0344984 77.155 -0.539999 0.841163 0.029099 59.654 -0.0133326 -0.0431177 0.998981 -1.27801
0.836062 0.547667 0.0325715 77.7773 -0.548514 0.83565 0.0286655 59.2448 -0.0115192 -0.0418321 0.999058 -1.28146
0.83094 0.555494 0.031061 78.4098 -0.556264 0.830547 0.0276125 58.8004 -0.0104591 -0.0402224 0.999136 -1.28129
0.825718 0.563177 0.0319593 79.0518 -0.563987 0.825297 0.0283302 58.3964 -0.010421 -0.0414174 0.999088 -1.27823
0.820342 0.570931 0.0328201 79.671 -0.571785 0.819873 0.0295068 57.9753 -0.0100619 -0.0429717 0.999026 -1.2781
0.815411 0.57796 0.032666 80.2588 -0.578789 0.814995 0.0280622 57.509 -0.0104038 -0.0417889 0.999072 -1.27523
0.810891 0.584258 0.0331568 80.8505 -0.585091 0.810523 0.0268555 57.0867 -0.0111838 -0.0411766 0.999089 -1.27546
0.807597 0.588792 0.0333166 81.4511 -0.58959 0.807361 0.0235015 56.647 -0.013061 -0.0386229 0.999169 -1.27291
0.805078 0.592142 0.0348815 82.0504 -0.592991 0.804883 0.0229097 56.2097 -0.0145097 -0.0391285 0.999129 -1.28181
0.803712 0.594041 0.0341012 82.6285 -0.594807 0.803634 0.0194196 55.777 -0.0158689 -0.0358914 0.99923 -1.27182
0.802459 0.595749 0.033804 83.1962 -0.596467 0.802455 0.0171177 55.3584 -0.0169283 -0.0338992 0.999282 -1.26865
0.802401 0.595923 0.0320535 83.7239 -0.596554 0.802427 0.0152992 54.9905 -0.0166035 -0.0313977 0.999369 -1.27539
0.802496 0.59588 0.0304521 84.2458 -0.596445 0.802526 0.0143242 54.6178 -0.0159031 -0.0296582 0.999434 -1.27978
0.804373 0.593396 0.0294049 84.7555 -0.59393 0.80439 0.0142718 54.2184 -0.0151842 -0.0289443 0.999466 -1.26575
0.808052 0.588408 0.0287788 85.2534 -0.588925 0.808061 0.0143349 53.829 -0.0148202 -0.0285318 0.999483 -1.27284
0.812477 0.58232 0.0280016 85.7796 -0.582833 0.812442 0.015613 53.4821 -0.0136579 -0.0290054 0.999486 -1.27754
0.818897 0.573195 0.0292402 86.2554 -0.57377 0.818833 0.0173616 53.1349 -0.0139912 -0.0309945 0.999422 -1.27435
0.826595 0.562083 0.0283431 86.7456 -0.562624 0.826542 0.0168175 52.8366 -0.0139739 -0.0298478 0.999457 -1.26511
0.836588 0.547189 0.0265442 87.1983 -0.547689 0.836497 0.0176163 52.5437 -0.0125647 -0.0292755 0.999492 -1.26773
0.847929 0.529499 0.02543 87.6838 -0.529999 0.847754 0.0203267 52.2557 -0.0107954 -0.0307134 0.99947 -1.26028
0.860562 0.508838 0.0227576 88.1444 -0.509273 0.860336 0.0215022 52.0023 -0.0086381 -0.0300938 0.99951 -1.25235
0.874336 0.484828 0.0218522 88.6262 -0.485271 0.874003 0.0251159 51.7876 -0.006922 -0.032564 0.999446 -1.25886
0.889459 0.456481 0.0220875 89.1163 -0.456939 0.889151 0.0248264 51.5716 -0.00830638 -0.0321747 0.999448 -1.27057
0.90631 0.421976 0.023184 89.6259 -0.422474 0.906053 0.0241423 51.3393 -0.0108185 -0.0316751 0.99944 -1.27812
0.922801 0.384441 0.0253504 90.128 -0.384988 0.922657 0.0220926 51.1833 -0.0148964 -0.0301466 0.999434 -1.27947
0.939137 0.342217 0.0301611 90.6179 -0.342939 0.939071 0.0232264 51.0217 -0.020375 -0.0321562 0.999275 -1.27942
0.954651 0.295686 0.0347974 91.1456 -0.296625 0.954646 0.0257937 50.9045 -0.0255923 -0.0349458 0.999061 -1.29456
0.968685 0.245434 0.0375657 91.6539 -0.246491 0.968779 0.0266468 50.8532 -0.0298528 -0.035072 0.998939 -1.2995
0.981075 0.190049 0.0370694 92.1753 -0.191086 0.981209 0.026756 50.7968 -0.0312878 -0.0333331 0.998954 -1.31647
0.990884 0.129919 0.0356365 92.6528 -0.130824 0.991107 0.0243351 50.7837 -0.032158 -0.0287754 0.999068 -1.30778
0.997354 0.0652957 0.0319746 93.1868 -0.0660453 0.997552 0.0229748 50.788 -0.0303962 -0.0250257 0.999225 -1.30263
0.999654 -0.00276462 0.0261483 93.6615 0.00223411 0.999792 0.0202961 50.8155 -0.0261989 -0.0202306 0.999452 -1.30496
0.997199 -0.0718881 0.02064 94.1397 0.0714608 0.997228 0.0207454 50.8596 -0.0220742 -0.0192123 0.999572 -1.3237
0.989855 -0.141011 0.017426 94.6066 0.14063 0.989831 0.0214089 50.953 -0.0202677 -0.0187411 0.999619 -1.33814
0.977575 -0.210012 0.015544 95.0575 0.209674 0.977549 0.0208427 51.0948 -0.0195722 -0.0171161 0.999662 -1.36103
0.960699 -0.277195 0.0148505 95.5084 0.276919 0.960719 0.0182853 51.2403 -0.0193358 -0.0134543 0.999723 -1.3893
0.939334 -0.34249 0.0187787 95.9567 0.342151 0.939451 0.0190752 51.4229 -0.0241747 -0.0114928 0.999642 -1.3756
0.913759 -0.40552 0.0244407 96.3718 0.405071 0.914035 0.0213716 51.6571 -0.0310063 -0.0096283 0.999473 -1.40627
0.884767 -0.465064 0.0300506 96.7963 0.4645 0.885247 0.0240353 51.8886 -0.0377802 -0.00730712 0.999259 -1.40192
0.8534 -0.52015 0.0339472 97.1565 0.519476 0.854057 0.0270336 52.1648 -0.0430544 -0.00543573 0.999058 -1.43314
0.822012 -0.568272 0.0369147 97.5389 0.567439 0.822828 0.0310996 52.4445 -0.0480475 -0.00461741 0.998834 -1.42616
0.791562 -0.609863 0.0386774 97.8704 0.608847 0.792494 0.0354895 52.7109 -0.0522953 -0.00454349 0.998621 -1.41875
0.763694 -0.644552 0.0363999 98.2212 0.643303 0.764521 0.0408538 53.0194 -0.0541609 -0.00778361 0.998502 -1.42958
0.739274 -0.672629 0.0323052 98.513 0.671392 0.739923 0.0417955 53.3151 -0.0520162 -0.0092089 0.998604 -1.46228
0.71726 -0.696221 0.0285467 98.8341 0.694981 0.717744 0.0429517 53.6698 -0.0503931 -0.0109681 0.998669 -1.52439
0.700818 -0.712634 0.0317318 99.1578 0.711627 0.701524 0.0380926 53.9954 -0.0494067 -0.00411475 0.99877 -1.53859
0.688979 -0.724002 0.0336029 99.5376 0.723086 0.689797 0.0364122 54.3583 -0.0495417 -0.000789449 0.998772 -1.56568
0.679834 -0.732653 0.0323461 99.8458 0.731616 0.680597 0.0390659 54.7614 -0.0506364 -0.00289336 0.998713 -1.55639
0.672503 -0.73955 0.0283697 100.15 0.738344 0.673054 0.0429729 55.1369 -0.050875 -0.0079528 0.998673 -1.57701
0.668019 -0.743764 0.0237793 100.473 0.742489 0.668323 0.0453336 55.5337 -0.0496098 -0.0126278 0.998689 -1.60227
0.665843 -0.745926 0.0156943 100.833 0.744733 0.665753 0.0463273 55.962 -0.0450052 -0.0191586 0.998803 -1.6406
0.66583 -0.745988 0.0130831 101.186 0.744886 0.665643 0.045421 56.3864 -0.0425923 -0.0204973 0.998882 -1.67159
0.667777 -0.744257 0.012427 101.553 0.743317 0.667631 0.0418194 56.8107 -0.039421 -0.0186889 0.999048 -1.69857
0.671492 -0.74092 0.0116463 101.92 0.740271 0.67144 0.0341461 57.2155 -0.0331193 -0.0143074 0.999349 -1.70251
0.674941 -0.737816 0.00910879 102.283 0.737323 0.674864 0.0302274 57.6269 -0.0284495 -0.0136856 0.999502 -1.69893
0.67855 -0.734543 0.00409278 102.693 0.733954 0.67821 0.03666 58.1046 -0.0297041 -0.0218717 0.999319 -1.72966
0.682498 -0.730883 0.00254734 103.112 0.730144 0.681957 0.0427065 58.5452 -0.0329506 -0.0272872 0.999084 -1.77888
0.685718 -0.727836 0.00683173 103.546 0.726912 0.685268 0.0447967 59.0136 -0.0372862 -0.0257518 0.998973 -1.79637
0.688349 -0.725284 0.0118129 103.971 0.724141 0.688034 0.0472144 59.4797 -0.0423715 -0.0239457 0.998815 -1.82832
0.690217 -0.723386 0.0176926 104.425 0.722013 0.690115 0.049385 59.908 -0.0479343 -0.021312 0.998623 -1.85388
0.692179 -0.721347 0.0233968 104.891 0.720033 0.692411 0.0460334 60.3623 -0.0494062 -0.0150169 0.998666 -1.85658
0.69259 -0.720761 0.0286836 105.363 0.719809 0.693164 0.0373904 60.8579 -0.046832 -0.00524944 0.998889 -1.88023
0.693255 -0.720239 0.0255487 105.817 0.719619 0.693722 0.0299676 61.3442 -0.0393075 -0.00238983 0.999224 -1.90085
0.693103 -0.720588 0.0189739 106.281 0.72009 0.693343 0.0273027 61.853 -0.0328294 -0.00526068 0.999447 -1.92684
0.691497 -0.72228 0.0119703 106.76 0.721809 0.691515 0.028252 62.3928 -0.0286835 -0.0108959 0.999529 -1.95263
0.689409 -0.724283 0.0113457 107.265 0.723656 0.68934 0.0336429 62.9233 -0.0321881 -0.0149833 0.99937 -1.99467
0.688117 -0.725405 0.016782 107.755 0.724514 0.688169 0.0387621 63.4447 -0.0396672 -0.0145141 0.999108 -2.03126
0.68586 -0.727438 0.0207541 108.258 0.726301 0.68602 0.0431598 63.9737 -0.0456338 -0.0145278 0.998853 -2.05621
0.684202 -0.728961 0.0219867 108.792 0.727903 0.684448 0.0410876 64.5277 -0.045 -0.012108 0.998914 -2.06245
0.682755 -0.73046 0.0165421 109.282 0.729449 0.682757 0.041784 65.0825 -0.0418158 -0.0164616 0.99899 -2.08809
0.679929 -0.733196 0.0109665 109.82 0.732408 0.679775 0.0385409 65.6559 -0.0357128 -0.0181732 0.999197 -2.11777
0.677201 -0.73572 0.0107594 110.34 0.735079 0.677113 0.0343081 66.2428 -0.0325265 -0.0153245 0.999353 -2.16017
0.674477 -0.738193 0.0122947 110.88 0.737543 0.674448 0.0339104 66.8275 -0.0333245 -0.013804 0.999349 -2.19005
0.671237 -0.741091 0.0149965 111.427 0.74041 0.671304 0.0338304 67.4151 -0.0351386 -0.0116047 0.999315 -2.21255
0.669785 -0.742333 0.018158 111.979 0.741598 0.669963 0.0343885 68.0393 -0.0376929 -0.00956692 0.999244 -2.23576
0.669039 -0.74297 0.019556 112.535 0.742161 0.669257 0.0359393 68.6641 -0.0397898 -0.00953115 0.999163 -2.27479
0.668624 -0.743229 0.0235136 113.097 0.742463 0.669015 0.0341741 69.2629 -0.0411301 -0.00539169 0.999139 -2.29386
0.668232 -0.743548 0.024541 113.621 0.742721 0.66866 0.0354938 69.8815 -0.0428009 -0.00549099 0.999069 -2.33301
0.66813 -0.743737 0.0213785 114.199 0.742875 0.668415 0.0368397 70.498 -0.0416888 -0.00873213 0.999092 -2.34131
0.668821 -0.743216 0.0175392 114.748 0.742387 0.668948 0.0370234 71.1278 -0.0392492 -0.0117412 0.99916 -2.35933
0.669267 -0.742968 0.00897564 115.289 0.742099 0.668988 0.0417588 71.7905 -0.0370301 -0.021287 0.999087 -2.39123
0.671206 -0.741242 0.00647502 115.863 0.740294 0.670744 0.0454726 72.4144 -0.0380493 -0.0257281 0.998945 -2.40951
0.673875 -0.73883 0.00478278 116.418 0.737783 0.673239 0.0492503 73.0744 -0.0396076 -0.0296599 0.998775 -2.44793
0.676134 -0.736772 0.00322977 117.007 0.735729 0.675398 0.0503973 73.7414 -0.0393126 -0.0316991 0.998724 -2.48591
0.67715 -0.735832 0.00426312 117.583 0.73492 0.676579 0.0461901 74.3403 -0.0368725 -0.0281446 0.998924 -2.49292
0.678493 -0.734543 0.00967696 118.173 0.733675 0.678236 0.0414246 74.9926 -0.0369914 -0.0210065 0.999095 -2.52687
0.678757 -0.734259 0.0123963 118.765 0.73346 0.678662 0.0381318 75.5942 -0.0364114 -0.01679 0.999196 -2.55453
0.679972 -0.733086 0.0149057 119.338 0.732323 0.679999 0.0361125 76.2551 -0.0366095 -0.0136397 0.999237 -2.56248
0.6806 -0.732521 0.0140233 119.958 0.731648 0.680543 0.0394092 76.872 -0.0384115 -0.0165618 0.999125 -2.58636
0.681299 -0.73186 0.0145537 120.547 0.730687 0.681131 0.0464485 77.4993 -0.0439068 -0.0210111 0.998815 -2.61936
0.68191 -0.731264 0.0158815 121.121 0.729783 0.681667 0.0524045 78.1354 -0.0491474 -0.0241451 0.9985 -2.64707
0.682969 -0.730339 0.0125826 121.687 0.729106 0.682657 0.0488211 78.7444 -0.0442456 -0.0241693 0.998728 -2.67672
0.683597 -0.72982 0.00768296 122.266 0.729275 0.683432 0.0328265 79.3655 -0.0292082 -0.0168371 0.999432 -2.71824
0.683342 -0.73007 0.0064197 122.86 0.729775 0.683274 0.0237596 79.9919 -0.0217326 -0.011551 0.999697 -2.70314
0.682865 -0.730471 0.0103877 123.388 0.730001 0.682837 0.0288581 80.602 -0.0281731 -0.0121231 0.99953 -2.72854
0.681539 -0.731417 0.023103 124.003 0.73033 0.681835 0.0414521 81.2422 -0.0460712 -0.0113784 0.998873 -2.79717
0.680337 -0.731925 0.0377802 124.585 0.730106 0.68134 0.0521631 81.8926 -0.0639206 -0.00790496 0.997924 -2.79164
0.679494 -0.732878 0.034321 125.131 0.731166 0.680293 0.05096 82.4973 -0.0606958 -0.0095327 0.998111 -2.80436
0.678917 -0.733949 0.0197552 125.686 0.732867 0.679055 0.0423247 83.0731 -0.044479 -0.014257 0.998909 -2.81841
0.678129 -0.734823 0.013294 126.262 0.734085 0.6781 0.036059 83.6903 -0.0355116 -0.0146937 0.999261 -2.89601
0.676956 -0.73588 0.0145517 126.797 0.735238 0.677014 0.0328274 84.3239 -0.0340087 -0.0115237 0.999355 -2.91195
0.674942 -0.737682 0.0166966 127.369 0.736975 0.675065 0.0339814 84.9256 -0.0363387 -0.0106305 0.999283 -2.9192
0.67203 -0.740357 0.0157321 127.907 0.739677 0.672125 0.0335533 85.5464 -0.0354154 -0.0109122 0.999313 -2.94731
0.668514 -0.743532 0.0157896 128.468 0.742904 0.66863 0.0320522 86.195 -0.0343892 -0.00969714 0.999361 -2.96151
0.666415 -0.745478 0.0124032 128.988 0.744808 0.666389 0.0344525 86.8134 -0.0339489 -0.0137217 0.999329 -2.9741
0.664551 -0.747193 0.00860781 129.503 0.746472 0.664344 0.0377723 87.4243 -0.0339418 -0.0186761 0.999249 -2.99554
0.663142 -0.748458 0.00731314 130.071 0.747654 0.662829 0.0408906 88.0442 -0.0354522 -0.0216485 0.999137 -3.01406
0.661831 -0.749587 0.0099303 130.613 0.748627 0.66156 0.0435534 88.6302 -0.0392166 -0.0213909 0.999002 -3.05437
0.660716 -0.750564 0.0103604 131.141 0.749591 0.660462 0.0436352 89.2701 -0.0395936 -0.0210644 0.998994 -3.08118
0.65917 -0.751915 0.0108936 131.687 0.751062 0.659004 0.0402404 89.8933 -0.0374363 -0.0183435 0.999131 -3.09126
0.655879 -0.75477 0.0120052 132.217 0.754126 0.655857 0.0338495 90.4943 -0.0334223 -0.0131478 0.999355 -3.10589
0.651083 -0.758895 0.0129845 132.743 0.758324 0.651128 0.0312575 91.124 -0.0321758 -0.0105048 0.999427 -3.12602
0.645704 -0.763431 0.0154675 133.269 0.762718 0.645803 0.0346233 91.7364 -0.0364215 -0.0105591 0.999281 -3.16376
0.640458 -0.767678 0.0219896 133.774 0.766737 0.640785 0.038849 92.3582 -0.0439141 -0.00802091 0.999003 -3.19079
0.637084 -0.770337 0.026549 134.293 0.768965 0.637567 0.0469128 92.9743 -0.0530654 -0.00947215 0.998546 -3.21488
0.634328 -0.772645 0.0254494 134.795 0.770974 0.634689 0.0526236 93.601 -0.0568119 -0.0137598 0.99829 -3.24187
0.630424 -0.775922 0.0226107 135.282 0.774436 0.630673 0.0499961 94.2251 -0.053053 -0.0140081 0.998493 -3.27753
0.625533 -0.779893 0.0218088 135.796 0.778859 0.625852 0.0410878 94.8945 -0.0456932 -0.00871577 0.998918 -3.26061
0.620154 -0.784297 0.0169651 136.296 0.783578 0.620333 0.0345316 95.4939 -0.037607 -0.00812146 0.99926 -3.32568
0.615176 -0.788229 0.015914 136.796 0.787488 0.615313 0.0354018 96.153 -0.0376968 -0.00924625 0.999246 -3.35928
0.60948 -0.792681 0.0138547 137.291 0.791805 0.609497 0.0394807 96.8093 -0.0397399 -0.0130924 0.999124 -3.38358
0.603207 -0.797532 0.00919159 137.778 0.796568 0.60298 0.0435339 97.4692 -0.040262 -0.0189382 0.99901 -3.3939
0.595688 -0.803206 0.00393768 138.225 0.802423 0.595311 0.0414999 98.1463 -0.0356771 -0.0215613 0.999131 -3.39925
0.588672 -0.808368 0.00243278 138.712 0.807753 0.588336 0.0373521 98.7951 -0.0316256 -0.0200231 0.999299 -3.4455
0.581895 -0.813254 0.0039864 139.19 0.812586 0.581602 0.0379916 99.4754 -0.0332153 -0.0188678 0.99927 -3.46606
0.575481 -0.817791 0.00625888 139.66 0.816855 0.575159 0.0440521 100.178 -0.0396252 -0.0202385 0.99901 -3.50848
0.568877 -0.822396 0.00655856 140.138 0.821145 0.56842 0.0511791 100.875 -0.0458175 -0.0237291 0.998668 -3.52073
0.561986 -0.827109 0.00786864 140.6 0.825717 0.561548 0.0534383 101.573 -0.0486179 -0.0235343 0.99854 -3.5652
0.556759 -0.830633 0.00828212 141.078 0.829113 0.556296 0.0557324 102.255 -0.0509004 -0.0241627 0.998411 -3.6009
0.552836 -0.833248 0.00832978 141.514 0.831763 0.5524 0.0549905 102.936 -0.0504221 -0.0234723 0.998452 -3.63215
0.549574 -0.83544 0.00278187 141.978 0.834175 0.54892 0.0532901 103.642 -0.0460477 -0.0269663 0.998575 -3.61257
0.546568 -0.837393 -0.00599246 142.4 0.836501 0.545624 0.0506007 104.32 -0.0391031 -0.0326695 0.998701 -3.65303
0.543882 -0.839123 -0.00806256 142.835 0.838422 0.542973 0.0472183 105.021 -0.0352442 -0.032441 0.998852 -3.70591
0.54098 -0.841002 -0.00744433 143.298 0.840063 0.539908 0.0528467 105.738 -0.040425 -0.0348428 0.998575 -3.73843
0.538823 -0.842408 -0.00440763 143.734 0.840931 0.537552 0.0622332 106.457 -0.0500564 -0.0372392 0.998052 -3.76841
0.536148 -0.844122 -0.00198654 144.177 0.842178 0.534751 0.0691261 107.175 -0.0572886 -0.0387349 0.997606 -3.79353
0.531284 -0.847193 0.00131833 144.608 0.84537 0.530242 0.0647556 107.843 -0.0555595 -0.0332891 0.9979 -3.83381
0.527398 -0.849602 0.00532351 145.041 0.84824 0.526889 0.0536341 108.529 -0.0483725 -0.0237709 0.998546 -3.8505
0.521894 -0.852988 0.00615321 145.435 0.852 0.521614 0.0448797 109.226 -0.0414914 -0.0181799 0.998973 -3.89298
0.515843 -0.856678 0.00299077 145.864 0.855673 0.515401 0.0467584 109.944 -0.0415983 -0.0215609 0.998902 -3.92902
0.50927 -0.860607 0.000275446 146.284 0.859291 0.508509 0.0551114 110.647 -0.0475693 -0.0278299 0.99848 -3.96688
0.502638 -0.864477 0.00586633 146.694 0.862905 0.502112 0.0572553 111.366 -0.0524415 -0.0237166 0.998342 -3.9956
0.497153 -0.867585 0.011671 147.128 0.865932 0.496965 0.0564526 112.086 -0.0547775 -0.0179593 0.998337 -4.05042
0.491949 -0.870413 0.0191967 147.555 0.868844 0.492233 0.0530724 112.828 -0.0556441 -0.00942993 0.998406 -4.07415
0.48635 -0.873353 0.0267949 147.971 0.87229 0.487082 0.0431344 113.55 -0.0507229 0.0023945 0.99871 -4.06283
0.480751 -0.876299 0.0312759 148.382 0.875918 0.481581 0.0291053 114.301 -0.0405668 0.0134027 0.999087 -4.11963
0.474891 -0.879538 0.0298488 148.799 0.879359 0.475587 0.0233478 115.003 -0.034731 0.0151602 0.999282 -4.16552
0.468944 -0.882743 0.0292486 149.197 0.882369 0.469691 0.0285556 115.77 -0.0389451 0.012417 0.999164 -4.20627
0.463654 -0.885552 0.0286846 149.56 0.884525 0.464508 0.0429879 116.565 -0.0513923 0.00544075 0.998664 -4.2366
0.459343 -0.88785 0.0269514 149.968 0.886191 0.460132 0.0542584 117.345 -0.0605745 -0.00103915 0.998163 -4.27119
0.455606 -0.889647 0.030851 150.323 0.88817 0.456632 0.0513843 118.036 -0.0598014 0.00398993 0.998202 -4.29452
0.454782 -0.890215 0.0262842 150.711 0.88916 0.455526 0.0434677 118.789 -0.0506687 0.00360258 0.998709 -4.27888
0.452303 -0.891762 0.0135365 151.03 0.890927 0.452471 0.0389723 119.572 -0.0408789 -0.00556723 0.999149 -4.32478
0.450266 -0.892847 0.00922881 151.418 0.892131 0.450284 0.036701 120.321 -0.036924 -0.00829191 0.999284 -4.3771
0.448857 -0.893444 0.0169238 151.818 0.892711 0.449174 0.0361967 121.083 -0.0399414 -0.00113906 0.999201 -4.41641
0.448005 -0.893769 0.0216631 152.203 0.892745 0.448528 0.0427755 121.853 -0.047948 0.000175999 0.99885 -4.45202
0.447456 -0.893985 0.0239367 152.597 0.892662 0.448096 0.0486331 122.646 -0.0542032 -0.000393841 0.99853 -4.4932
0.446196 -0.894631 0.0233243 152.954 0.893256 0.446804 0.0496098 123.406 -0.0548039 -0.00130117 0.998496 -4.50135
0.444862 -0.895276 0.0240478 153.302 0.894377 0.445497 0.0402762 124.122 -0.0467716 0.00359041 0.998899 -4.50838
0.443279 -0.896054 0.0243179 153.715 0.895676 0.443844 0.0277074 124.901 -0.0356207 0.00949888 0.99932 -4.54779
0.442028 -0.896625 0.0259641 154.078 0.896483 0.442571 0.0211931 125.685 -0.0304932 0.0139084 0.999438 -4.60278
0.4404 -0.897412 0.0264522 154.467 0.897132 0.441019 0.0256366 126.457 -0.0346725 0.0124407 0.999321 -4.61954
0.4389 -0.898171 0.02563 154.868 0.897464 0.43959 0.0363074 127.253 -0.0438769 0.00706672 0.999012 -4.66455
0.437612 -0.898544 0.0333817 155.223 0.897858 0.438675 0.0376139 128.03 -0.0484415 0.0135117 0.998735 -4.68144
0.437017 -0.898793 0.0344508 155.577 0.898293 0.438078 0.0340335 128.749 -0.0456812 0.0160737 0.998827 -4.6728
0.437358 -0.898792 0.0298665 155.905 0.898364 0.438172 0.030776 129.481 -0.0407479 0.0133709 0.99908 -4.6965
0.437185 -0.899042 0.0243387 156.275 0.89856 0.43778 0.0306398 130.284 -0.0382015 0.00847448 0.999234 -4.73643
0.436747 -0.899304 0.0224489 156.635 0.898646 0.437296 0.034766 131.069 -0.041082 0.00498967 0.999143 -4.76209
0.435721 -0.899828 0.0213557 156.986 0.89899 0.436238 0.0388982 131.802 -0.0443179 0.00224981 0.999015 -4.79511
0.435615 -0.899934 0.0189456 157.361 0.898892 0.436023 0.0433216 132.537 -0.0472473 -0.0018415 0.998882 -4.82109
0.435052 -0.900244 0.0170378 157.706 0.89916 0.435367 0.044342 133.292 -0.0473363 -0.00397137 0.998871 -4.84842
0.43488 -0.900356 0.0154457 158.074 0.899416 0.435135 0.0413302 134.051 -0.0439329 -0.00408154 0.999026 -4.86633
0.433662 -0.900969 0.0138366 158.408 0.900189 0.433866 0.0376862 134.784 -0.0399573 -0.00388749 0.999194 -4.87841
0.432623 -0.90152 0.00994028 158.726 0.900707 0.432664 0.0390993 135.492 -0.0395496 -0.00796198 0.999186 -4.93527
0.430673 -0.90241 0.0133436 159.089 0.901264 0.430808 0.0461227 136.25 -0.04737 -0.0078377 0.998847 -4.96434
0.428916 -0.903143 0.0190904 159.444 0.901612 0.429306 0.0528383 136.989 -0.0559162 -0.00545107 0.998421 -5.01725
0.427941 -0.903368 0.0281602 159.78 0.901822 0.428858 0.0528902 137.671 -0.059856 0.00276155 0.998203 -5.01652
0.427572 -0.903599 0.026293 160.103 0.902348 0.428367 0.0476388 138.357 -0.0543094 0.00335643 0.998519 -5.02406
0.428543 -0.903188 0.0245418 160.389 0.902232 0.429225 0.0417513 138.995 -0.0482432 0.00425016 0.998827 -5.06622
0.42983 -0.902706 0.0191796 160.707 0.901919 0.430257 0.0377138 139.663 -0.0422966 0.00108794 0.999104 -5.08436
0.430321 -0.902445 0.0204234 161.015 0.901871 0.430782 0.0324969 140.321 -0.0381247 0.00443516 0.999263 -5.11717
0.432388 -0.90142 0.0219754 161.297 0.901017 0.432878 0.0280111 140.9 -0.0347624 0.00768853 0.999366 -5.11193
0.436836 -0.899214 0.0242523 161.595 0.898897 0.437384 0.0260515 141.528 -0.0340335 0.0104201 0.999366 -5.11659
0.441957 -0.896641 0.026643 161.85 0.896228 0.442624 0.0293019 142.142 -0.0380661 0.010928 0.999215 -5.13832
0.446933 -0.894097 0.0289963 162.17 0.893338 0.447783 0.0379153 142.725 -0.046884 0.00895795 0.99886 -5.16289
