0.477284 -0.878556 0.0184031 0.681433 0.878745 0.477243 -0.00686302 0.552625 -0.00275319 0.0194472 0.999807 0
0.47626 -0.879154 0.0162603 1.1004 0.879304 0.476204 -0.00737644 1.36152 -0.0012582 0.0178109 0.999841 0
0.475017 -0.879836 0.0157332 1.5048 0.879976 0.474961 -0.00737146 2.13672 -0.00098696 0.0173464 0.999849 0
0.474034 -0.880354 0.0164146 1.93858 0.880504 0.473991 -0.00668425 2.92462 -0.00189588 0.0176217 0.999843 0
0.47277 -0.881005 0.0178682 2.37242 0.881181 0.472738 -0.00624331 3.71382 -0.00294662 0.0186968 0.999821 0
0.471523 -0.881641 0.0193679 2.78815 0.881844 0.471509 -0.00555341 4.52475 -0.00423604 0.019698 0.999797 0
0.470028 -0.882441 0.0192796 3.21 0.882645 0.469997 -0.00639159 5.34005 -0.00342114 0.0200212 0.999794 0
0.469033 -0.88298 0.018822 3.63906 0.883177 0.468987 -0.00708468 6.13964 -0.00257166 0.0199461 0.999798 0
0.467954 -0.883552 0.0188205 4.06705 0.883746 0.467925 -0.00621093 6.95912 -0.0033189 0.019539 0.999804 0
0.467664 -0.883719 0.0182002 4.49636 0.883888 0.467686 -0.00329193 7.78115 -0.00560285 0.0176265 0.999829 0
0.468394 -0.883296 0.0198731 4.93095 0.883466 0.468495 0.000491521 8.61714 -0.0097446 0.017327 0.999802 0
0.469364 -0.882754 0.0210596 5.36654 0.882908 0.469532 0.00359769 9.4553 -0.0130641 0.0169051 0.999772 0
0.470887 -0.881935 0.0213574 5.80811 0.882075 0.471082 0.00498117 10.2963 -0.0144542 0.0164932 0.99976 0
0.472593 -0.880998 0.0223131 6.24167 0.881185 0.472764 0.00281981 11.1273 -0.0130331 0.0183293 0.999747 0
0.4741 -0.880204 0.0216843 6.69594 0.880439 0.47415 -0.00310953 11.9957 -0.00754459 0.0205659 0.99976 0
0.475289 -0.879651 0.0177428 7.14436 0.879823 0.47527 -0.0055144 12.8297 -0.00358187 0.0182314 0.999827 0
0.47606 -0.879302 0.0139787 7.59324 0.879408 0.476052 -0.00406814 13.673 -0.00307749 0.0142297 0.999894 0
0.475508 -0.879539 0.0174114 8.0738 0.879674 0.475577 -0.000235007 14.5463 -0.00807377 0.0154281 0.999848 0
0.474685 -0.87986 0.0228366 8.53462 0.880058 0.474858 0.00255717 15.4261 -0.0130941 0.0188837 0.999736 0
0.473515 -0.880097 0.0348397 8.9931 0.880694 0.473667 -0.00425967 16.2725 -0.0127535 0.0327001 0.999384 0
0.472319 -0.880533 0.0397085 9.46413 0.881369 0.47233 -0.00970228 17.1327 -0.0102123 0.0395804 0.999164 0
0.471124 -0.881272 0.0374443 9.94638 0.882045 0.47099 -0.0128605 17.9904 -0.0063023 0.0390864 0.999216 0
0.469732 -0.882288 0.0303441 10.3975 0.8828 0.469608 -0.0115187 18.8758 -0.00408702 0.0321985 0.999473 0
0.46898 -0.882838 0.0255917 10.8736 0.883198 0.468919 -0.0087234 19.7584 -0.00429905 0.0266936 0.999634 0
0.467983 -0.883367 0.0255902 11.3425 0.883709 0.468005 -0.00551073 20.6577 -0.00710835 0.0251932 0.999657 0
0.466218 -0.884282 0.026203 11.8152 0.884617 0.466309 -0.00287292 21.5628 -0.00967823 0.024519 0.999653 0
0.46595 -0.884368 0.0280103 12.2848 0.884736 0.466088 -0.00176702 22.4764 -0.0114926 0.0256051 0.999606 0
0.465682 -0.884486 0.028702 12.7484 0.88484 0.465895 0.000835514 23.3645 -0.0141111 0.0250076 0.999588 0
0.465155 -0.884727 0.0298292 13.1988 0.885068 0.465449 0.00340959 24.269 -0.0169005 0.0248149 0.999549 0
0.464934 -0.884804 0.0309419 13.6676 0.885171 0.465252 0.00357938 25.1663 -0.0175628 0.0257247 0.999515 0
0.464919 -0.884736 0.0330613 14.1324 0.88522 0.465173 -2.85734e-05 26.0281 -0.0153539 0.0292798 0.999453 0
0.465068 -0.884765 0.0300585 14.586 0.885173 0.465261 -0.000633204 26.9232 -0.0134248 0.0269014 0.999548 0
0.464647 -0.88507 0.0274547 15.045 0.885411 0.464809 -0.000538517 27.8191 -0.0122846 0.024559 0.999623 0
0.463528 -0.885566 0.0302442 15.494 0.885985 0.463713 -0.000998171 28.7155 -0.0131407 0.0272586 0.999542 0
0.462863 -0.885822 0.0328157 15.9526 0.886311 0.46309 -0.000782056 29.5797 -0.0145039 0.0294469 0.999461 0
0.462505 -0.885906 0.0354918 16.4168 0.886505 0.462712 -0.00261335 30.4552 -0.0141073 0.0326723 0.999367 0
0.461869 -0.886539 0.0269359 16.8646 0.886912 0.461912 -0.00496853 31.3418 -0.00803724 0.0261846 0.999625 0
0.461848 -0.886717 0.0206964 17.3165 0.886946 0.461843 -0.00530784 32.2332 -0.00485195 0.020808 0.999772 0
0.461321 -0.886967 0.021757 17.7726 0.887207 0.461358 -0.00359113 33.092 -0.00685253 0.0209596 0.999757 0
0.46119 -0.886878 0.0274174 18.2246 0.887232 0.46132 -0.00175922 33.9555 -0.011088 0.025137 0.999623 0
0.461154 -0.886782 0.0308973 18.6653 0.887205 0.461375 1.30244e-05 34.8249 -0.0142668 0.0274062 0.999523 0
0.460948 -0.886809 0.0331217 19.1071 0.887308 0.461176 -0.000854778 35.6781 -0.0145169 0.0297832 0.999451 0
0.460545 -0.887029 0.0328294 19.5715 0.887553 0.460694 -0.00329911 36.5528 -0.0121979 0.0306572 0.999456 0
0.459728 -0.887448 0.0329543 20.0191 0.887992 0.459835 -0.00468426 37.4259 -0.0109965 0.0314167 0.999446 0
0.459078 -0.887677 0.0357505 20.4471 0.888311 0.45922 -0.00462442 38.2853 -0.0123123 0.0338805 0.99935 0
0.458132 -0.887994 0.039759 20.8959 0.888739 0.458408 -0.00242287 39.1428 -0.0160743 0.0364454 0.999206 0
0.457446 -0.888203 0.0428814 21.3316 0.88899 0.457924 0.00148141 40.0121 -0.0209522 0.0374435 0.999079 0
0.456729 -0.888607 0.0421572 21.7442 0.889392 0.457145 0.000269574 40.8391 -0.0195115 0.0373712 0.999111 0
0.455352 -0.889428 0.0396459 22.1684 0.890184 0.455588 -0.00338571 41.65 -0.0150509 0.0368338 0.999208 0
0.454939 -0.889829 0.0351412 22.5648 0.890486 0.454924 -0.0089018 42.4702 -0.0080655 0.0353425 0.999343 0
0.453722 -0.890704 0.0279808 22.9968 0.891123 0.453698 -0.00757754 43.3357 -0.00594547 0.0283724 0.99958 0
0.453073 -0.891168 0.0233319 23.4312 0.89145 0.453097 -0.00453115 44.191 -0.00653362 0.0228522 0.999718 0
0.451752 -0.891784 0.0253141 23.8217 0.892096 0.451838 -0.00252512 44.9652 -0.009186 0.0237233 0.999676 0
0.450734 -0.892317 0.0247007 24.198 0.8926 0.450847 -0.00106378 45.7242 -0.010187 0.0225273 0.999694 0
0.449687 -0.892867 0.0238606 24.582 0.893131 0.449795 -0.000958491 46.4852 -0.00987657 0.0217417 0.999715 0
0.448266 -0.893586 0.0236935 24.9684 0.893846 0.448373 -0.000887044 47.2595 -0.00983087 0.021576 0.999719 0
0.44702 -0.894224 0.0231536 25.3274 0.89447 0.447128 -0.000574289 48.0074 -0.00983907 0.0209669 0.999732 0
0.445833 -0.8948 0.0237912 25.6863 0.895053 0.44596 2.33903e-05 48.7194 -0.0106309 0.021284 0.999717 0
0.444713 -0.895368 0.0233553 26.0274 0.895588 0.44488 0.00220709 49.4382 -0.0123665 0.0199352 0.999725 0
0.443324 -0.896071 0.0228121 26.3754 0.896225 0.443557 0.00614542 50.1516 -0.0156252 0.0177204 0.999721 0
0.441789 -0.896852 0.0218834 26.7128 0.896932 0.442064 0.00963807 50.8551 -0.0183178 0.0153699 0.999714 0
0.440317 -0.897536 0.0234481 27.0378 0.897691 0.440572 0.00686459 51.5255 -0.0164918 0.0180266 0.999701 0
0.439364 -0.897965 0.0248662 27.3382 0.898238 0.43951 0.000460716 52.1921 -0.0113426 0.0221333 0.999691 0
0.438292 -0.898522 0.0236194 27.6449 0.898823 0.43826 -0.00677756 52.852 -0.00426165 0.0242002 0.999698 0
0.438049 -0.8988 0.0164739 27.951 0.898951 0.437993 -0.00706203 53.4928 -0.00086809 0.0179027 0.999839 0
0.437353 -0.8992 0.0127443 28.2669 0.899285 0.437354 -0.00279722 54.1211 -0.00305853 0.0126842 0.999915 0
0.43595 -0.899848 0.0148677 28.5375 0.899955 0.435981 -0.00128772 54.7315 -0.0053233 0.0139417 0.999889 0
0.435294 -0.900091 0.0188505 28.8289 0.900275 0.435307 -0.0036452 55.3081 -0.00492475 0.0185574 0.999816 0
0.435407 -0.89996 0.0221853 29.0999 0.900234 0.435274 -0.0107734 55.8457 3.896e-05 0.0246628 0.999696 0
0.436311 -0.899501 0.0230547 29.3683 0.899783 0.436022 -0.0165996 56.3964 0.00487896 0.0279868 0.999596 0
0.43888 -0.898326 0.0198753 29.6248 0.89852 0.438594 -0.0172157 56.9435 0.00674813 0.025414 0.999654 0
0.44267 -0.896541 0.016044 29.8714 0.89668 0.442539 -0.0111244 57.4709 0.00287337 0.0193108 0.999809 0
0.446683 -0.894565 0.0151006 30.1316 0.894692 0.446633 -0.00673114 57.9836 -0.000722997 0.0165171 0.999863 0
0.451397 -0.892107 0.019644 30.3912 0.89231 0.451401 -0.00448588 58.451 -0.00486542 0.0195534 0.999797 0
0.458302 -0.888457 0.0245588 30.6214 0.888761 0.458355 -0.0037287 58.9469 -0.00794388 0.0235358 0.999691 0
0.467521 -0.883599 0.0260219 30.8572 0.883924 0.467624 -0.002315 59.4449 -0.0101229 0.0240837 0.999659 0
0.480486 -0.876735 0.0216744 31.1384 0.876951 0.480579 -0.00102096 59.876 -0.00952113 0.0194979 0.999765 0
0.496557 -0.867821 0.0178503 31.387 0.867951 0.496649 0.000868977 60.3081 -0.00961947 0.0150617 0.99984 0
0.516997 -0.855808 0.0175228 31.6604 0.855917 0.517109 0.00225477 60.7076 -0.0109908 0.0138324 0.999844 0
0.543021 -0.839425 0.022247 31.8787 0.839613 0.543183 0.00150874 61.065 -0.0133506 0.0178596 0.999751 0
0.569175 -0.821825 0.0253655 32.0908 0.822062 0.569394 0.0017932 61.4097 -0.0159167 0.0198314 0.999677 0
0.596707 -0.802043 0.0258358 32.332 0.802251 0.596977 0.00359865 61.743 -0.0183097 0.0185795 0.99966 0
0.626152 -0.779271 0.0258773 32.5988 0.779441 0.626456 0.00502961 62.0774 -0.0201304 0.0170206 0.999653 0
0.661532 -0.749493 0.0252129 32.9193 0.749628 0.661837 0.00552256 62.345 -0.0208259 0.0152469 0.999667 0
0.696021 -0.7176 0.0246089 33.2431 0.717699 0.696327 0.00611313 62.6139 -0.0215226 0.0134069 0.999678 0
0.732145 -0.680726 0.0239898 33.5315 0.680811 0.732437 0.00569254 62.898 -0.0214461 0.0121648 0.999696 0
0.767987 -0.640046 0.0231648 33.8437 0.640127 0.768255 0.00470625 63.1525 -0.0208087 0.0112141 0.999721 0
0.803871 -0.594381 0.0224059 34.1846 0.594456 0.804119 0.00386687 63.3867 -0.0203154 0.0102109 0.999741 0
0.839723 -0.542561 0.0222185 34.5409 0.542621 0.839969 0.00372225 63.5562 -0.0206824 0.00893059 0.999746 0
0.872898 -0.48742 0.0216867 34.8895 0.487481 0.873129 0.00273882 63.7208 -0.0202703 0.00818116 0.999761 0
0.902764 -0.429634 0.0207695 35.2397 0.429712 0.902966 0.00078515 63.8627 -0.0190915 0.0082161 0.999784 0
0.928687 -0.370308 0.0203079 35.6004 0.370396 0.928874 -0.000614748 64.0017 -0.0186358 0.00809286 0.999794 0
0.950221 -0.310858 0.0211363 35.9647 0.310943 0.950428 -0.000767448 64.11 -0.01985 0.00730144 0.999776 0
0.96779 -0.250656 0.023527 36.3506 0.250684 0.968067 0.0018022 64.2334 -0.0232275 0.00415369 0.999722 0
0.981497 -0.189746 0.0257015 36.7363 0.189723 0.981832 0.00334342 64.3235 -0.0258689 0.00159461 0.999664 0
0.991218 -0.129589 0.0263341 37.1341 0.129575 0.991567 0.00223913 64.3802 -0.0264022 0.00119277 0.999651 0
0.997074 -0.0720205 0.0256098 37.5326 0.0720914 0.997396 -0.00185584 64.4214 -0.0254095 0.00369665 0.99967 0
0.999529 -0.0168132 0.0256779 37.9137 0.0169005 0.999852 -0.0031858 64.4338 -0.0256205 0.00361827 0.999665 0
0.998975 0.0372266 0.0257711 38.2737 -0.0372055 0.999307 -0.00129926 64.4256 -0.0258016 0.000339107 0.999667 0
0.995862 0.0872787 0.0253287 38.6241 -0.0873816 0.99617 0.00298031 64.3422 -0.0249716 -0.00518124 0.999675 0
0.990827 0.133181 0.0229268 38.9761 -0.133241 0.991083 0.00106865 64.2685 -0.0225801 -0.00411363 0.999737 0
0.984313 0.175211 0.0207221 39.394 -0.175145 0.98453 -0.00497154 64.2209 -0.0212726 0.00126419 0.999773 0
0.97705 0.21187 0.0220297 39.8068 -0.211737 0.977292 -0.00825272 64.2243 -0.0232779 0.00339882 0.999723 0
0.969034 0.24578 0.0237682 40.2152 -0.245672 0.969325 -0.00739364 64.2433 -0.0248563 0.00132552 0.99969 0
0.960968 0.275694 0.0231052 40.5542 -0.275733 0.961233 -0.00154351 64.0889 -0.022635 -0.0048876 0.999732 0
0.952463 0.303886 0.0216346 40.9062 -0.303969 0.952682 0.000574328 63.9101 -0.0204364 -0.00712328 0.999766 0
0.944361 0.328394 0.0184311 41.2629 -0.328431 0.944527 -0.0010726 63.7522 -0.017761 -0.00504043 0.99983 0
0.936253 0.351026 0.0145325 41.6459 -0.350988 0.936366 -0.00519071 63.5771 -0.0154299 -0.000240924 0.999881 0
0.928334 0.371638 0.00901585 42.0317 -0.37157 0.928367 -0.00833643 63.408 -0.0114682 0.00438898 0.999925 0
0.921234 0.389003 0.00205976 42.4429 -0.38898 0.921218 -0.00728535 63.2678 -0.00473151 0.00591031 0.999971 0
0.913979 0.405762 -0.00058925 42.8709 -0.405762 0.913975 -0.00270313 63.0857 -0.000558267 0.0027097 0.999996 0
0.907248 0.420587 0.00277772 43.3162 -0.42059 0.90725 0.000919419 62.9041 -0.0021334 -0.00200242 0.999996 0
0.900814 0.434099 0.00955549 43.7407 -0.434148 0.900833 0.00376978 62.7088 -0.00697145 -0.00754438 0.999947 0
0.894756 0.446312 0.0147352 44.1701 -0.446424 0.894806 0.00526848 62.4953 -0.0108338 -0.0112922 0.999878 0
0.889283 0.457222 0.0111268 44.6086 -0.457209 0.889351 -0.00390882 62.1851 -0.0116828 -0.00161123 0.999931 0
0.884295 0.466852 0.00842754 45.0723 -0.466765 0.884319 -0.0104839 61.9016 -0.0123471 0.00533715 0.99991 0
0.879806 0.475279 0.00715577 45.549 -0.475179 0.879804 -0.0122752 61.6664 -0.0121298 0.00739955 0.999899 0
0.876352 0.48163 0.00640167 46.0311 -0.481537 0.876343 -0.0120058 61.4152 -0.0113924 0.00743867 0.999907 0
0.873918 0.486029 0.00650126 46.5202 -0.485963 0.873927 -0.00952051 61.1611 -0.0103089 0.00516077 0.999934 0
0.871327 0.490664 0.0061802 47.0296 -0.490603 0.871334 -0.00924415 60.8689 -0.0099208 0.00502266 0.999938 0
0.869274 0.494301 0.00538607 47.571 -0.494232 0.869267 -0.0104257 60.5552 -0.00983537 0.00640082 0.999931 0
0.867583 0.497269 0.0048019 48.1063 -0.497198 0.867565 -0.0111682 60.2355 -0.00971958 0.00730187 0.999926 0
0.865834 0.500302 0.00536606 48.6522 -0.500238 0.86583 -0.010024 59.9068 -0.0096611 0.00599478 0.999935 0
0.864635 0.502373 0.00524323 49.2119 -0.502315 0.864633 -0.00947156 59.5833 -0.00929173 0.00555569 0.999941 0
0.863936 0.503586 0.00392241 49.7904 -0.503523 0.863913 -0.0108832 59.263 -0.00886923 0.00742735 0.999933 0
0.863725 0.503961 0.00150324 50.3834 -0.503888 0.863645 -0.0146387 58.9434 -0.00867561 0.0118864 0.999892 0
0.865189 0.501431 -0.00397357 51.0227 -0.50139 0.864945 -0.0218674 58.5829 -0.00752806 0.0209117 0.999753 0
0.867016 0.498242 -0.00617093 51.6664 -0.498234 0.866701 -0.0243256 58.2331 -0.00677165 0.0241652 0.999685 0
0.869097 0.494589 -0.00718535 52.3085 -0.494597 0.868737 -0.0258875 57.8754 -0.00656149 0.0260526 0.999639 0
0.871568 0.490235 -0.00616954 52.9728 -0.490214 0.871198 -0.0265382 57.5031 -0.00763507 0.0261543 0.999629 0
0.873954 0.485997 -0.00327173 53.6409 -0.48591 0.873622 -0.0260158 57.1148 -0.00978534 0.0243264 0.999656 0
0.876284 0.481794 0.000943751 54.328 -0.481649 0.876066 -0.0228408 56.7288 -0.0118313 0.0195604 0.999739 0
0.87849 0.477743 0.00396466 55.0227 -0.477571 0.878347 -0.0208024 56.3401 -0.0134206 0.0163813 0.999776 0
0.880284 0.474434 0.00346178 55.7165 -0.474288 0.880156 -0.0193771 55.9487 -0.01224 0.0154154 0.999806 0
0.881952 0.471339 -0.00019076 56.425 -0.471218 0.881718 -0.0229445 55.5535 -0.0106464 0.0203258 0.999737 0
0.882651 0.470023 -0.00231973 57.1484 -0.469966 0.882443 -0.0206537 55.1893 -0.00766066 0.0193202 0.999784 0
0.882907 0.469538 -0.00310107 57.8861 -0.46953 0.882792 -0.0148176 54.8252 -0.00421981 0.0145386 0.999885 0
0.88265 0.470025 -0.00225396 58.6437 -0.470024 0.882602 -0.00956829 54.4722 -0.00250799 0.00950487 0.999952 0
0.882022 0.471201 0.0026103 59.3952 -0.471193 0.882024 -0.00321478 54.073 -0.00381716 0.00160555 0.999991 0
0.882076 0.471089 0.00406728 60.0932 -0.471068 0.882082 -0.00517499 53.6969 -0.00602556 0.00264877 0.999978 0
0.882386 0.470486 0.00612486 60.7932 -0.470464 0.882407 -0.0046808 53.3103 -0.00760686 0.00124875 0.99997 0
0.88285 0.469607 0.00671179 61.5174 -0.469591 0.882876 -0.00390131 52.9375 -0.00775776 0.000292479 0.99997 0
0.882815 0.469688 0.00547509 62.2496 -0.469677 0.882832 -0.00328413 52.5527 -0.0063761 0.000327756 0.99998 0
0.882364 0.470544 0.00466233 62.989 -0.470536 0.882377 -0.00265258 52.1843 -0.00536208 0.000146752 0.999986 0
0.881533 0.47208 0.00633357 63.7074 -0.472096 0.881546 0.00120076 51.8162 -0.00501648 -0.00404856 0.999979 0
0.879937 0.475015 0.00843271 64.4301 -0.475055 0.879949 0.00343919 51.4425 -0.00578668 -0.00703227 0.999959 0
0.877619 0.479216 0.0117295 65.1712 -0.479306 0.877624 0.00652039 51.0746 -0.00716939 -0.0113444 0.99991 0
0.874501 0.484818 0.0141077 65.9223 -0.484932 0.874531 0.00601471 50.6743 -0.00942158 -0.0121011 0.999882 0
0.870937 0.491175 0.0147115 66.6363 -0.49126 0.871009 0.00261653 50.2866 -0.0115287 -0.00950599 0.999888 0
0.866655 0.498688 0.014773 67.3381 -0.498761 0.866738 0.00148724 49.8881 -0.0120626 -0.00865712 0.99989 0
0.861555 0.507438 0.0151321 68.0211 -0.507529 0.86163 0.00268244 49.4829 -0.0116771 -0.00999107 0.999882 0
0.856035 0.516702 0.0149087 68.6962 -0.516801 0.856098 0.00352611 49.0787 -0.0109414 -0.0107233 0.999883 0
0.849982 0.526561 0.0162419 69.3743 -0.526705 0.850026 0.00607841 48.6584 -0.0106054 -0.0137212 0.99985 0
0.843572 0.536725 0.0176741 70.0384 -0.536898 0.843619 0.0068713 48.2281 -0.0112222 -0.0152856 0.99982 0
0.837451 0.546223 0.0178027 70.706 -0.546383 0.837517 0.00547539 47.7886 -0.0119193 -0.0143125 0.999827 0
0.831612 0.555066 0.0179526 71.3676 -0.555219 0.831692 0.00460999 47.3434 -0.0123722 -0.0138013 0.999828 0
0.825955 0.563445 0.0181257 72.0107 -0.563611 0.826023 0.00542333 46.9003 -0.0119165 -0.0146953 0.999821 0
0.820238 0.571742 0.0179304 72.6584 -0.571923 0.820277 0.00702126 46.464 -0.0106936 -0.0160139 0.999815 0
0.814091 0.580502 0.0165096 73.2734 -0.580657 0.814122 0.00651462 46.0689 -0.00965905 -0.0148899 0.999843 0
0.808395 0.588432 0.0156613 73.8706 -0.588578 0.80841 0.00699077 45.655 -0.00854716 -0.0148692 0.999853 0
0.802801 0.596072 0.0144684 74.4697 -0.596194 0.802817 0.00609976 45.2134 -0.00797957 -0.0135228 0.999877 0
0.797387 0.603322 0.0133103 75.0783 -0.603417 0.797414 0.00446305 44.7458 -0.00792115 -0.0115904 0.999901 0
0.792762 0.60939 0.0131332 75.6775 -0.609471 0.792803 0.00296021 44.2727 -0.00860813 -0.0103511 0.999909 0
0.788936 0.614338 0.0130362 76.2672 -0.614398 0.788996 0.000830417 43.8216 -0.00977539 -0.00866459 0.999915 0
0.786541 0.617398 0.0131346 76.8055 -0.617418 0.78663 -0.00298866 43.3883 -0.0121773 -0.00575885 0.999909 0
0.784297 0.620251 0.0129194 77.3539 -0.62022 0.784399 -0.00675101 42.951 -0.0143213 -0.00271809 0.999894 0
0.782834 0.622092 0.0131568 77.9167 -0.622029 0.782943 -0.00893822 42.5073 -0.0158614 -0.00118677 0.999874 0
0.782316 0.622781 0.0112009 78.4539 -0.622672 0.782392 -0.011929 42.0842 -0.0161926 0.00235777 0.999866 0
0.782418 0.622689 0.00896102 78.9844 -0.622566 0.782455 -0.0132588 41.6801 -0.0152677 0.00479513 0.999872 0
0.784765 0.619737 0.00831544 79.4403 -0.619644 0.7848 -0.0114334 41.293 -0.0136117 0.00381993 0.9999 0
0.787837 0.615858 0.0056309 79.9096 -0.61577 0.787835 -0.0119641 40.9155 -0.0118044 0.00595843 0.999913 0
0.791804 0.610773 0.00170849 80.3941 -0.610692 0.791739 -0.0143174 40.5388 -0.0100973 0.0102932 0.999896 0
0.798186 0.602409 -0.00191965 80.87 -0.602338 0.798035 -0.0181375 40.1935 -0.00939422 0.0156333 0.999834 0
0.806066 0.59181 -0.00428953 81.3242 -0.591762 0.805853 -0.0204685 39.8694 -0.00865672 0.0190373 0.999781 0
0.815394 0.578877 -0.00579741 81.7699 -0.578855 0.815148 -0.021477 39.5596 -0.00770681 0.0208681 0.999753 0
0.827686 0.561166 -0.00543746 82.1685 -0.56117 0.827527 -0.0169778 39.292 -0.00502771 0.0171036 0.999841 0
0.841112 0.540826 -0.00617204 82.6018 -0.540855 0.840993 -0.014355 39.0407 -0.0025729 0.0154123 0.999878 0
0.855108 0.518409 -0.00652808 83.0584 -0.51845 0.855028 -0.0117244 38.7949 -0.000496356 0.0134101 0.99991 0
0.870143 0.492765 -0.0058262 83.5468 -0.492799 0.870093 -0.00938244 38.5414 0.000445996 0.0110352 0.999939 0
0.886037 0.463578 -0.00579955 84.0527 -0.463614 0.885984 -0.00969735 38.3083 0.000642832 0.011281 0.999936 0
0.904037 0.42744 -0.00360423 84.5544 -0.427452 0.903968 -0.0112592 38.1336 -0.0015545 0.0117193 0.99993 0
0.924082 0.382189 0.00182577 84.9858 -0.382145 0.924031 -0.011464 37.9698 -0.00606849 0.009896 0.999933 0
0.942127 0.335198 0.00630518 85.4332 -0.335117 0.94211 -0.0111619 37.8593 -0.00968162 0.00840295 0.999918 0
0.958083 0.28636 0.00869205 85.9197 -0.286269 0.958093 -0.0103843 37.7955 -0.0113014 0.00746072 0.999908 0
0.972125 0.234318 0.00821217 86.4136 -0.23422 0.972117 -0.0114086 37.7504 -0.0106564 0.00916712 0.999901 0
0.984272 0.176567 0.00563568 86.8948 -0.17648 0.984213 -0.0133918 37.7259 -0.00791127 0.0121866 0.999894 0
0.99361 0.112864 0.00119623 87.3737 -0.112828 0.993472 -0.0168495 37.7181 -0.00309011 0.0166068 0.999857 0
0.999036 0.0436885 -0.00416673 87.8562 -0.0437603 0.998861 -0.0190411 37.7421 0.0033301 0.0192051 0.99981 0
0.99956 -0.0284539 -0.00841477 88.341 0.0282904 0.99942 -0.0189457 37.7952 0.00894897 0.0186993 0.999785 0
0.994796 -0.101247 -0.0113693 88.8154 0.101043 0.994733 -0.0172285 37.8673 0.0130537 0.0159901 0.999787 0
0.984779 -0.173287 -0.0135246 89.2822 0.173064 0.984777 -0.0162089 37.9744 0.0161275 0.0136216 0.999777 0
0.969945 -0.242927 -0.0139006 89.7343 0.242673 0.969946 -0.0177091 38.1082 0.0177848 0.0138036 0.999747 0
0.950793 -0.309632 -0.0109981 90.1709 0.309411 0.950757 -0.0180282 38.2738 0.0160386 0.0137381 0.999777 0
0.927521 -0.373738 -0.00490908 90.6036 0.373621 0.927441 -0.0161135 38.4846 0.0105751 0.0131115 0.999858 0
0.900719 -0.434399 0.00158148 91.0404 0.434386 0.90065 -0.0118009 38.7682 0.00370193 0.0113163 0.999929 0
0.8716 -0.490184 0.00576458 91.4596 0.490218 0.871546 -0.00973732 39.0152 -0.000251013 0.011313 0.999936 0
0.840541 -0.54167 0.00922816 91.8424 0.541719 0.840549 -0.00404837 39.2744 -0.00556385 0.0084019 0.999949 0
0.809126 -0.587532 0.0109797 92.1761 0.58755 0.809186 0.00188421 39.5417 -0.00999163 0.00492655 0.999938 0
0.78211 -0.623069 0.0094674 92.5291 0.623019 0.782167 0.0078913 39.7962 -0.0123219 -0.0002735 0.999924 0
0.757837 -0.652414 0.00631095 92.8861 0.652328 0.757849 0.0115703 40.0471 -0.0123314 -0.00465157 0.999913 0
0.740898 -0.671602 0.00451446 93.2239 0.671535 0.740896 0.0106791 40.353 -0.0105169 -0.00488051 0.999933 0
0.725954 -0.687713 0.00643269 93.5856 0.687654 0.725979 0.00923948 40.6732 -0.0110241 -0.00228397 0.999937 0
0.714534 -0.699539 0.00933206 93.9359 0.699487 0.714594 0.00852833 40.989 -0.0126345 0.000433876 0.99992 0
0.706871 -0.707311 0.00672747 94.308 0.70727 0.706902 0.00760958 41.3169 -0.010138 -0.000620848 0.999948 0
0.700702 -0.713452 0.00190622 94.6585 0.713406 0.700683 0.00980438 41.7428 -0.00833061 -0.00551004 0.99995 0
0.695743 -0.718289 -0.00185606 94.9738 0.718238 0.695657 0.0140002 42.1259 -0.008765 -0.0110736 0.9999 0
0.692116 -0.721762 -0.00585799 95.3049 0.72175 0.691978 0.0156351 42.4981 -0.00723124 -0.0150493 0.999861 0
0.691155 -0.722657 -0.00846968 95.6879 0.722698 0.69104 0.0130866 42.8973 -0.00360425 -0.0151659 0.999879 0
0.692679 -0.721202 -0.00796604 96.0548 0.721246 0.692639 0.00745525 43.2831 0.000140852 -0.0109096 0.999941 0
0.695683 -0.718293 -0.00892829 96.4384 0.718336 0.695692 0.00264037 43.6822 0.00431478 -0.00825037 0.999957 0
0.699041 -0.715007 -0.0102782 96.8508 0.715033 0.699089 -0.00162311 44.0887 0.00834593 -0.00621464 0.999946 0
0.702522 -0.711494 -0.0154381 97.2573 0.71159 0.702595 0.00101167 44.5084 0.0101269 -0.0116963 0.99988 0
0.705892 -0.708019 -0.0206236 97.6881 0.708272 0.705882 0.00898288 44.9508 0.00819778 -0.0209481 0.999747 0
0.709634 -0.704344 -0.0178429 98.1323 0.704561 0.709529 0.0127643 45.3831 0.00366957 -0.0216294 0.999759 0
0.713051 -0.700943 -0.015403 98.5754 0.701109 0.712812 0.0185847 45.8314 -0.00204735 -0.024051 0.999709 0
0.716409 -0.69755 -0.0135072 99.005 0.697596 0.715885 0.0294671 46.2892 -0.0108852 -0.030533 0.999475 0
0.718822 -0.695104 -0.0111825 99.4458 0.695039 0.71823 0.0326579 46.6826 -0.014669 -0.0312475 0.999404 0
0.71946 -0.694443 -0.0111945 99.9598 0.694443 0.719015 0.0276853 47.1801 -0.0111769 -0.0276924 0.999554 0
0.719074 -0.69478 -0.0145759 100.456 0.694915 0.718746 0.0222961 47.6378 -0.00501454 -0.0261616 0.999645 0
0.718428 -0.695396 -0.016923 100.944 0.6956 0.718265 0.0153407 48.1195 0.00148735 -0.0227928 0.999739 0
0.716534 -0.697293 -0.0190081 101.433 0.697521 0.716493 0.0100987 48.6133 0.00657743 -0.0204946 0.999768 0
0.714525 -0.699348 -0.0191628 101.929 0.699567 0.714518 0.00840346 49.1037 0.00781526 -0.0194102 0.999781 0
0.712612 -0.701371 -0.0162169 102.431 0.701552 0.712515 0.0121441 49.5883 0.00303726 -0.020031 0.999795 0
0.710651 -0.703432 -0.0125848 102.994 0.70352 0.710363 0.0210821 50.131 -0.00589003 -0.0238357 0.999699 0
0.709266 -0.704857 -0.0109083 103.492 0.70487 0.708891 0.0251378 50.6401 -0.00998578 -0.0255183 0.999624 0
0.708588 -0.705458 -0.015231 104 0.705593 0.708197 0.0244168 51.1862 -0.00643843 -0.0280483 0.999586 0
0.706431 -0.707539 -0.0185475 104.511 0.707781 0.706137 0.0204136 51.7319 -0.00134633 -0.0275484 0.99962 0
0.703727 -0.709989 -0.0261697 105.091 0.710465 0.703394 0.0218208 52.3101 0.00291507 -0.0339485 0.999419 0
0.700229 -0.713387 -0.0275568 105.66 0.713909 0.699899 0.021812 52.8779 0.00372663 -0.0349464 0.999382 0
0.69726 -0.716383 -0.0249793 106.231 0.716815 0.696943 0.0211183 53.4547 0.00228041 -0.0326305 0.999465 0
0.695011 -0.71869 -0.0210924 106.792 0.718998 0.694666 0.021931 54.0282 -0.00110946 -0.0304077 0.999537 0
0.693952 -0.719802 -0.0177742 107.365 0.720005 0.693559 0.0238405 54.6221 -0.00483302 -0.0293417 0.999558 0
0.693515 -0.720328 -0.012823 107.951 0.720412 0.693212 0.0215305 55.2283 -0.00661997 -0.0241695 0.999686 0
0.693584 -0.720251 -0.0134135 108.519 0.72034 0.693245 0.0228227 55.8339 -0.00713923 -0.0254917 0.99965 0
0.693819 -0.720027 -0.0132711 109.082 0.720121 0.693511 0.0216336 56.4501 -0.00637309 -0.0245666 0.999678 0
0.694282 -0.719498 -0.0171838 109.643 0.719693 0.693947 0.021904 57.0471 -0.00383523 -0.0275747 0.999612 0
0.69493 -0.718772 -0.0209646 110.216 0.719075 0.694557 0.0228603 57.6608 -0.00187023 -0.0309614 0.999519 0
0.696139 -0.717413 -0.0266297 110.788 0.717904 0.695548 0.0287773 58.2706 -0.00212304 -0.0391506 0.999231 0
0.698059 -0.715382 -0.0307145 111.403 0.716027 0.697133 0.0362099 58.9131 -0.0044918 -0.047269 0.998872 0
0.700647 -0.71281 -0.031566 111.978 0.713498 0.699704 0.0365477 59.524 -0.00396465 -0.0481293 0.998833 0
0.702312 -0.711181 -0.0312889 112.585 0.711865 0.701491 0.0340258 60.1705 -0.00224956 -0.0461702 0.998931 0
0.703704 -0.709914 -0.0286819 113.232 0.710491 0.703029 0.030866 60.8022 -0.00174803 -0.0420987 0.999112 0
0.70337 -0.710415 -0.0240955 113.839 0.71082 0.702853 0.0270648 61.4048 -0.00229165 -0.0361642 0.999343 0
0.703735 -0.710148 -0.0211625 114.458 0.710458 0.703307 0.0246638 62.0348 -0.00263119 -0.0323919 0.999472 0
0.705355 -0.708538 -0.0211879 115.053 0.708837 0.704812 0.028107 62.6435 -0.00498141 -0.0348442 0.99938 0
0.706326 -0.707575 -0.0209996 115.66 0.707824 0.705558 0.0342489 63.2675 -0.00941725 -0.0390549 0.999193 0
0.707061 -0.706818 -0.0217527 116.258 0.707022 0.706005 0.0409554 63.8772 -0.0135906 -0.0443376 0.998924 0
0.707227 -0.706683 -0.0207121 116.858 0.706882 0.706316 0.0378831 64.4829 -0.0121421 -0.0414329 0.999068 0
0.707896 -0.705908 -0.0240324 117.441 0.706313 0.707591 0.0209011 65.0546 0.00225082 -0.0317702 0.999493 0
0.707434 -0.706226 -0.0279638 118.024 0.706648 0.707512 0.00871913 65.6329 0.0136271 -0.0259288 0.999571 0
0.706521 -0.707198 -0.0264468 118.664 0.70764 0.706428 0.0142977 66.2523 0.00857148 -0.0288164 0.999548 0
0.70531 -0.708681 -0.0175711 119.269 0.708877 0.704878 0.0253021 66.857 -0.00554566 -0.0303015 0.999525 0
0.703645 -0.710552 -0.000420487 119.906 0.710048 0.703123 0.0380718 67.5121 -0.0267563 -0.0270876 0.999275 0
0.703452 -0.710742 0.0011855 120.465 0.710167 0.702949 0.0390716 68.0814 -0.0286032 -0.0266431 0.999236 0
0.702969 -0.711185 -0.00707602 121.002 0.710889 0.702303 0.0375213 68.6552 -0.0217151 -0.0314066 0.999271 0
0.702085 -0.711827 -0.0194706 121.605 0.712091 0.70176 0.0214252 69.2551 -0.00158733 -0.0289071 0.999581 0
0.700221 -0.713445 -0.0262065 122.176 0.713901 0.700031 0.0173647 69.856 0.00595658 -0.030868 0.999506 0
0.698193 -0.715452 -0.0256124 122.772 0.715889 0.697996 0.0174326 70.4855 0.00540518 -0.030507 0.99952 0
0.6955 -0.718329 -0.0168466 123.313 0.718526 0.695291 0.0170558 71.0641 -0.000538401 -0.023967 0.999713 0
0.692834 -0.720987 -0.0125746 123.905 0.721095 0.692691 0.0141598 71.6729 -0.00149875 -0.0188779 0.999821 0
0.690163 -0.723465 -0.0165445 124.416 0.723654 0.689963 0.0166169 72.2281 -0.000606612 -0.0234408 0.999725 0
0.688181 -0.725247 -0.0205961 124.99 0.725539 0.687881 0.0203368 72.8704 -0.000581576 -0.0289387 0.999581 0
0.686857 -0.72646 -0.0219678 125.549 0.726787 0.686428 0.0244301 73.4619 -0.00266822 -0.0327459 0.99946 0
0.685612 -0.727662 -0.0210849 126.115 0.727939 0.685043 0.0286424 74.0664 -0.00639794 -0.0349861 0.999367 0
0.685067 -0.728225 -0.0192665 126.683 0.728431 0.684476 0.0296802 74.6489 -0.00842646 -0.0343672 0.999374 0
0.683234 -0.72998 -0.0178996 127.224 0.73018 0.682832 0.024054 75.2405 -0.00533651 -0.0295044 0.99955 0
0.679932 -0.733051 -0.0181533 127.76 0.733275 0.679711 0.0173384 75.842 -0.000370949 -0.0251003 0.999685 0
0.675054 -0.73755 -0.0179404 128.278 0.737766 0.67492 0.0136196 76.4412 0.00206313 -0.0224298 0.999746 0
0.66926 -0.74284 -0.0167113 128.82 0.743028 0.669066 0.0161441 77.0674 -0.000811518 -0.0232215 0.99973 0
0.664575 -0.747108 -0.0130384 129.353 0.747178 0.664247 0.0223844 77.652 -0.00806279 -0.0246181 0.999664 0
0.661449 -0.749979 -0.00406875 129.928 0.749722 0.661057 0.0303422 78.2531 -0.0200664 -0.0231203 0.999531 0
0.658344 -0.752717 -0.000732935 130.463 0.752261 0.657911 0.03543 78.8601 -0.0261865 -0.0238765 0.999372 0
0.654856 -0.75575 -0.00245584 130.956 0.755414 0.654461 0.0321008 79.4677 -0.0226529 -0.0228766 0.999482 0
0.649995 -0.759915 -0.00599923 131.454 0.759793 0.649696 0.0246715 80.0807 -0.0148506 -0.0205945 0.999678 0
0.644527 -0.764512 -0.0103423 131.953 0.764566 0.644367 0.0151404 80.7046 -0.00491072 -0.0176658 0.999832 0
0.638665 -0.769348 -0.0144941 132.485 0.769483 0.638506 0.0143411 81.371 -0.00177873 -0.0203122 0.999792 0
0.633141 -0.773892 -0.0149701 132.992 0.774008 0.632834 0.0208104 82.0118 -0.0066314 -0.0247628 0.999671 0
0.626788 -0.779065 -0.0139123 133.476 0.779148 0.626472 0.0214643 82.6534 -0.00800637 -0.0242933 0.999673 0
0.619229 -0.784982 -0.0189516 133.996 0.785201 0.618923 0.0198317 83.3106 -0.00383795 -0.0271612 0.999624 0
0.612272 -0.790346 -0.0218082 134.486 0.790647 0.612043 0.0167428 83.9538 0.000114919 -0.0274937 0.999622 0
0.605518 -0.795558 -0.0208531 135.009 0.795832 0.605305 0.0160599 84.6569 -0.000154134 -0.0263201 0.999654 0
0.599333 -0.800163 -0.0232393 135.471 0.800475 0.598828 0.0253971 85.309 -0.00640546 -0.0338237 0.999407 0
0.592758 -0.805055 -0.0229128 135.971 0.805298 0.59205 0.0311828 85.9944 -0.0115384 -0.0369355 0.999251 0
0.586084 -0.810025 -0.0191066 136.446 0.810054 0.585261 0.0358133 86.6516 -0.0178274 -0.036467 0.999176 0
0.580762 -0.813934 -0.0150481 136.914 0.81378 0.579958 0.0375705 87.3114 -0.0218526 -0.0340654 0.999181 0
0.576716 -0.816816 -0.0144875 137.395 0.816649 0.575938 0.0371483 87.9907 -0.0219994 -0.0332552 0.999205 0
0.573516 -0.818961 -0.0195548 137.874 0.819028 0.572754 0.0338617 88.6815 -0.0165313 -0.0354361 0.999235 0
0.570765 -0.820595 -0.0291629 138.327 0.821071 0.570015 0.0304079 89.3479 -0.0083293 -0.0413006 0.999112 0
0.568356 -0.822052 -0.0346707 138.79 0.822778 0.567709 0.0272572 90.0129 -0.00272393 -0.0440181 0.999027 0
0.565525 -0.823941 -0.036095 139.256 0.824718 0.564735 0.0302378 90.7096 -0.00453006 -0.0468685 0.998891 0
0.563192 -0.825611 -0.0343721 139.721 0.826247 0.562074 0.0372726 91.4251 -0.011453 -0.0493914 0.998714 0
0.560913 -0.827343 -0.0296648 140.183 0.827552 0.559334 0.0479874 92.1214 -0.0231095 -0.0514659 0.998407 0
0.557001 -0.830125 -0.0253556 140.63 0.830082 0.55547 0.0491633 92.7845 -0.0267274 -0.0484312 0.998469 0
0.55284 -0.832982 -0.0225483 141.064 0.832966 0.551673 0.0427154 93.4251 -0.0231419 -0.0423968 0.998833 0
0.546615 -0.837104 -0.0216528 141.521 0.837301 0.546014 0.0282143 94.1419 -0.0117956 -0.0335523 0.999367 0
0.541183 -0.840506 -0.0259027 141.97 0.840863 0.540593 0.0266166 94.8578 -0.00836858 -0.036185 0.99931 0
0.534636 -0.844649 -0.0270539 142.397 0.845006 0.533882 0.0305849 95.5826 -0.0113899 -0.0392125 0.999166 0
0.528331 -0.848867 -0.0170469 142.861 0.848819 0.527631 0.0333508 96.3039 -0.0193159 -0.03209 0.999298 0
0.522951 -0.852342 -0.00591327 143.287 0.852026 0.522537 0.0317379 96.9683 -0.0239616 -0.0216356 0.999479 0
0.517856 -0.855465 0.00243732 143.722 0.855115 0.517722 0.0272357 97.6997 -0.024561 -0.01202 0.999626 0
0.512303 -0.85877 0.00774456 144.135 0.858564 0.512352 0.0190384 98.3886 -0.0203176 -0.00310425 0.999789 0
0.50748 -0.86159 0.01127 144.581 0.861591 0.507564 0.00633097 99.0831 -0.0111749 0.00649729 0.999916 0
0.501936 -0.864849 0.00984471 145.025 0.864899 0.501943 -0.00196087 99.7823 -0.00324562 0.0094989 0.99995 0
0.496059 -0.868288 -0.00125048 145.445 0.868276 0.496044 0.00613292 100.519 -0.00470485 -0.00412805 0.99998 0
0.491391 -0.870914 -0.0066913 145.87 0.870797 0.491157 0.0218442 101.297 -0.0157379 -0.0165608 0.999739 0
0.486488 -0.873686 0.00161245 146.283 0.873246 0.4863 0.0308919 102.037 -0.027774 -0.0136205 0.999521 0
0.482669 -0.875783 0.00591972 146.666 0.875279 0.482603 0.0313167 102.804 -0.0302835 -0.00993421 0.999492 0
0.481191 -0.876616 0.000259668 147.064 0.876348 0.481052 0.0245492 103.532 -0.0216451 -0.0115853 0.999699 0
0.479702 -0.877378 -0.00963497 147.446 0.877355 0.479487 0.0184313 104.264 -0.0115514 -0.0172948 0.999784 0
0.477897 -0.87827 -0.0160093 147.824 0.8784 0.4777 0.0147027 105.017 -0.00526525 -0.021089 0.999764 0
0.476572 -0.879014 -0.0146005 148.225 0.879118 0.476393 0.0141996 105.761 -0.00552607 -0.0196027 0.999793 0
0.476362 -0.879177 -0.0112387 148.658 0.879176 0.476119 0.0189783 106.519 -0.0113344 -0.0189213 0.999757 0
0.475947 -0.879437 -0.0080711 149.049 0.879253 0.475601 0.0267925 107.277 -0.0197237 -0.0198484 0.999608 0
0.474791 -0.880095 -0.00237932 149.435 0.879754 0.474527 0.0292764 108.045 -0.024637 -0.0159934 0.999569 0
0.472811 -0.881155 0.00391822 149.835 0.880999 0.472804 0.0172217 108.762 -0.0170276 -0.00469069 0.999844 0
0.471624 -0.881777 0.00637497 150.255 0.881791 0.47164 0.00108089 109.494 -0.00395979 0.00511161 0.999979 0
0.470572 -0.882314 0.00913148 150.676 0.882349 0.470485 -0.0102322 110.239 0.0047318 0.0128721 0.999906 0
0.469797 -0.88275 0.00652956 151.081 0.882757 0.469728 -0.00979963 110.998 0.00558351 0.0103679 0.999931 0
0.468677 -0.883364 0.00311469 151.492 0.883362 0.468684 0.00242863 111.777 -0.00360517 0.00161315 0.999992 0
0.466207 -0.884637 0.00829951 151.876 0.884584 0.466273 0.00999939 112.56 -0.0127157 0.00267982 0.999916 0
0.46436 -0.885521 0.0149492 152.246 0.885517 0.464515 0.00930292 113.337 -0.015182 0.00891786 0.999845 0
0.464592 -0.885465 0.010323 152.628 0.885482 0.464653 0.00445297 114.084 -0.00873956 0.00707203 0.999937 0
0.465357 -0.885105 0.0057063 153.005 0.885111 0.465374 0.00216807 114.834 -0.00457453 0.00404178 0.999981 0
0.465473 -0.885058 0.00254296 153.392 0.885051 0.46548 0.00355306 115.573 -0.00432836 0.000596793 0.99999 0
0.46512 -0.885247 0.000576738 153.775 0.885223 0.465112 0.00712508 116.299 -0.00657571 -0.00280348 0.999974 0
0.464482 -0.885582 -0.00113413 154.161 0.885518 0.464432 0.0126649 117.028 -0.0106891 -0.00688689 0.999919 0
0.463612 -0.886038 0.000981793 154.527 0.885938 0.463576 0.0145181 117.763 -0.0133187 -0.00586093 0.999894 0
0.462636 -0.886545 0.0023507 154.887 0.886476 0.46263 0.0115955 118.507 -0.0113675 -0.00328067 0.99993 0
0.462073 -0.88684 0.00178663 155.238 0.886829 0.462076 0.00447884 119.237 -0.00479758 -0.000485115 0.999988 0
0.461626 -0.887057 -0.00570034 155.625 0.887072 0.461598 0.0056098 119.975 -0.00234495 -0.00764624 0.999968 0
0.460491 -0.887603 -0.0104131 156.011 0.887625 0.460327 0.0148847 120.709 -0.00841828 -0.0160972 0.999835 0
0.458463 -0.888712 -0.00156873 156.385 0.888494 0.458309 0.0230638 121.41 -0.0197781 -0.0119677 0.999733 0
0.457263 -0.889308 0.00641735 156.724 0.889016 0.457281 0.023352 122.067 -0.0237016 -0.00497287 0.999707 0
0.456663 -0.889618 0.0062715 157.051 0.889421 0.456696 0.018971 122.755 -0.0197411 -0.00308535 0.9998 0
0.457214 -0.88935 0.0034929 157.391 0.889273 0.457221 0.0119372 123.435 -0.0122134 -0.00235171 0.999923 0
0.458178 -0.888853 -0.0036966 157.718 0.88884 0.458136 0.00866279 124.104 -0.0060064 -0.00725479 0.999956 0
0.459225 -0.888268 -0.00966402 158.025 0.888317 0.459168 0.00763278 124.717 -0.00234255 -0.0120899 0.999924 0
0.461772 -0.886944 -0.00985689 158.328 0.886999 0.461751 0.0044253 125.297 0.000626439 -0.0107865 0.999942 0
0.465732 -0.884873 -0.00964601 158.634 0.884924 0.465722 0.0034238 125.876 0.00146273 -0.0101306 0.999948 0
0.470194 -0.882516 -0.00908753 158.94 0.88256 0.470142 0.00736797 126.483 -0.00222992 -0.0114847 0.999932 0
0.475436 -0.879728 -0.00626718 159.265 0.879696 0.475316 0.0145121 127.076 -0.00978778 -0.0124128 0.999875 0
0.480599 -0.87692 -0.0059862 159.596 0.876782 0.480372 0.0222619 127.672 -0.0166463 -0.0159477 0.999734 0
0.485862 -0.873996 -0.00827922 159.902 0.873892 0.485589 0.022717 128.256 -0.0158343 -0.0182725 0.999708 0
0.492071 -0.870493 -0.0104165 160.177 0.870524 0.491916 0.0143915 128.822 -0.00740368 -0.0161494 0.999842 0
0.498458 -0.866832 -0.0119216 160.491 0.866913 0.498431 0.00539559 129.385 0.001265 -0.0130244 0.999914 0
0.504914 -0.862992 -0.017495 160.818 0.863139 0.504963 0.00181222 129.946 0.00727042 -0.0160157 0.999845 0
0.511283 -0.859201 -0.0190551 161.173 0.859389 0.511307 0.00395242 130.52 0.00634708 -0.0183965 0.999811 0
0.517097 -0.855789 -0.0153739 161.526 0.85592 0.51708 0.00533896 131.082 0.00338051 -0.0159196 0.999868 0
0.522646 -0.852504 -0.00884209 161.892 0.852546 0.522588 0.00819037 131.639 -0.00236155 -0.011819 0.999927 0
0.527883 -0.849315 -0.00160544 162.259 0.849288 0.527849 0.00920285 132.186 -0.00696869 -0.00622152 0.999956 0
0.531621 -0.846982 -0.00103901 162.603 0.846932 0.531575 0.0115822 132.723 -0.00925764 -0.00703734 0.999932 0
0.532386 -0.846497 -0.00290132 162.941 0.846441 0.532303 0.0138513 133.263 -0.0101807 -0.00983002 0.9999 0
0.531445 -0.847089 -0.00247199 163.283 0.847013 0.531353 0.0152734 133.832 -0.0116244 -0.0102108 0.99988 0
0.530596 -0.847625 -0.000126589 163.624 0.847514 0.530525 0.0162147 134.402 -0.0136768 -0.00871074 0.999869 0
0.530663 -0.847583 -0.000304915 163.982 0.847448 0.530572 0.0180264 134.977 -0.0151171 -0.00982436 0.999838 0
0.530839 -0.847426 -0.00890755 164.343 0.847394 0.530618 0.0191775 135.559 -0.011525 -0.0177284 0.999776 0
0.53049 -0.847516 -0.0172227 164.685 0.84768 0.530266 0.016044 136.131 -0.00446491 -0.0231105 0.999723 0
0.528406 -0.848767 -0.0195137 165.007 0.84898 0.528378 0.00703152 136.659 0.00434247 -0.0202822 0.999785 0
0.524975 -0.85095 -0.0168698 165.34 0.851063 0.525062 -0.000861467 137.207 0.00959076 -0.013905 0.999857 0
0.521051 -0.853372 -0.0161654 165.692 0.853513 0.521053 0.00446465 137.789 0.00461302 -0.0161237 0.999859 0
0.517485 -0.855564 -0.0148423 166.018 0.855675 0.517288 0.0152473 138.414 -0.00536728 -0.0205905 0.999774 0
0.51424 -0.857627 -0.00576849 166.394 0.857441 0.513958 0.0253284 139.041 -0.0187576 -0.017971 0.999663 0
0.510945 -0.859606 0.00364452 166.767 0.859112 0.510787 0.0319863 139.66 -0.0293572 -0.0132122 0.999482 0
0.508714 -0.860929 0.00331113 167.123 0.860496 0.508574 0.0299809 140.236 -0.0274954 -0.0124025 0.999545 0
0.506791 -0.862068 -0.000918053 167.459 0.861798 0.506605 0.025629 140.835 -0.0216289 -0.0137797 0.999671 0
0.504147 -0.863607 -0.00443193 167.806 0.863488 0.503975 0.0199585 141.44 -0.0150027 -0.0138889 0.999791 0
0.501758 -0.865008 -0.000714458 168.161 0.864951 0.501714 0.011962 142.045 -0.00998873 -0.00661997 0.999928 0
0.500403 -0.865767 0.00667808 168.512 0.865734 0.500444 0.00782513 142.637 -0.0101167 0.00186572 0.999947 0
0.499515 -0.866172 0.0151822 168.864 0.866195 0.499654 0.00719077 143.247 -0.0138143 0.00955889 0.999859 0
0.498556 -0.866615 0.0204945 169.222 0.866673 0.498798 0.00885994 143.858 -0.0179008 0.0133449 0.999751 0
0.497718 -0.867045 0.0225633 169.577 0.867149 0.497985 0.00797277 144.462 -0.0181489 0.0155976 0.999714 0
0.497153 -0.867324 0.0242425 169.927 0.867524 0.497379 0.00401108 145.05 -0.0155366 0.0190369 0.999698 0
0.496709 -0.867403 0.0298536 170.285 0.867829 0.496854 -0.00286751 145.645 -0.0123456 0.0273321 0.99955 0
0.496006 -0.867765 0.0310024 170.628 0.86823 0.49615 -0.0033984 146.252 -0.0124328 0.0286028 0.999514 0
