0.477284 -0.878556 0.0184031 0.681433 0.878745 0.477243 -0.00686302 0.552625 -0.00275319 0.0194472 0.999807 0
0.473657 -0.880535 0.0175391 1.04868 0.880708 0.473535 -0.0108122 1.2451 0.00121508 0.0205681 0.999788 0
0.475277 -0.879719 0.0143743 1.47495 0.879836 0.475201 -0.00856196 2.03779 0.000701421 0.0167164 0.99986 0
0.473154 -0.880848 0.0152391 1.91775 0.88098 0.473095 -0.00750845 2.86728 -0.000595742 0.016978 0.999856 0
0.470004 -0.882464 0.0188117 2.35888 0.882662 0.469946 -0.00764612 3.69151 -0.00209307 0.0201981 0.999794 0
0.468802 -0.88313 0.0174824 2.79189 0.883302 0.468745 -0.0075061 4.50906 -0.00156593 0.0189611 0.999819 0
0.467313 -0.883958 0.0154151 3.2254 0.884092 0.467237 -0.00840478 5.33143 0.000226957 0.017556 0.999846 0
0.46606 -0.884631 0.0147031 3.65973 0.884749 0.465942 -0.0108545 6.15848 0.00275145 0.0180674 0.999833 0
0.46481 -0.885203 0.019187 4.09468 0.885386 0.46485 -0.00258908 6.99115 -0.00662721 0.0181913 0.999813 0
0.464269 -0.885511 0.018025 4.52914 0.885663 0.464328 -0.00100811 7.83112 -0.00747683 0.0164321 0.999837 0
0.464306 -0.885269 0.0268119 4.96409 0.885625 0.464389 -0.00343932 8.67742 -0.0094064 0.0253421 0.999635 0
0.464922 -0.884947 0.0267585 5.40202 0.88528 0.465056 -0.0013671 9.5281 -0.0112344 0.0243243 0.999641 0
0.449229 -0.893012 0.0268716 5.84326 0.893342 0.449376 -0.000625339 10.383 -0.011517 0.0242864 0.999639 0
0.450281 -0.892537 0.0249984 6.28756 0.892838 0.450373 -0.00213808 11.2425 -0.00935027 0.0232822 0.999685 0
0.4741 -0.880204 0.0216843 6.69594 0.880439 0.47415 -0.00310953 11.9957 -0.00754459 0.0205659 0.99976 0
0.475289 -0.879651 0.0177428 7.14436 0.879823 0.47527 -0.0055144 12.8297 -0.00358187 0.0182314 0.999827 0
0.47606 -0.879302 0.0139787 7.59324 0.879408 0.476052 -0.00406814 13.673 -0.00307749 0.0142297 0.999894 0
0.466781 -0.884088 0.0224402 8.05515 0.884325 0.466869 -0.00145885 14.5655 -0.0091869 0.0205254 0.999747 0
0.467238 -0.883748 0.0260447 8.52315 0.884026 0.467434 0.00166055 15.4213 -0.0136417 0.0222483 0.999659 0
0.467402 -0.883476 0.0317006 8.99427 0.883907 0.467662 0.000882131 16.2805 -0.0156045 0.0276081 0.999497 0
0.470494 -0.88186 0.0309452 9.44206 0.882373 0.470476 -0.00830957 17.1327 -0.00723109 0.0312148 0.999487 0
0.470393 -0.881844 0.0328847 9.91734 0.882399 0.470464 -0.00602934 18.0104 -0.0101541 0.0318536 0.999441 0
0.467801 -0.883294 0.0308839 10.3842 0.883811 0.467755 -0.00914922 18.9305 -0.00636467 0.0315756 0.999481 0
0.466063 -0.884223 0.03057 10.8365 0.884732 0.466006 -0.00941598 19.8142 -0.00591997 0.0314347 0.999488 0
0.464416 -0.885149 0.0287803 11.3102 0.885596 0.464385 -0.00818581 20.7073 -0.00611945 0.0292893 0.999552 0
0.463391 -0.885715 0.02789 11.7817 0.886117 0.463429 -0.00548526 21.6039 -0.00806664 0.0272556 0.999596 0
0.456055 -0.889503 0.028262 12.2524 0.889893 0.456159 -0.00299581 22.5012 -0.0102272 0.0265164 0.999596 0
0.454509 -0.890257 0.0293914 12.691 0.890676 0.454631 -0.00275911 23.4441 -0.0109059 0.0274323 0.999564 0
0.454415 -0.890352 0.0279428 13.1632 0.890653 0.454671 0.00325181 24.33 -0.0156001 0.0234097 0.999604 0
0.456222 -0.889501 0.0254849 13.6152 0.889723 0.456475 0.00486814 25.2531 -0.0159634 0.0204536 0.999663 0
0.454357 -0.89044 0.0259885 14.0743 0.890667 0.454626 0.00525273 26.1655 -0.0164923 0.0207605 0.999648 0
0.456878 -0.889219 0.0235016 14.5404 0.889424 0.457071 0.00329744 27.0351 -0.0136741 0.0193964 0.999718 0
0.456812 -0.889293 0.0219156 15.0041 0.88944 0.45702 0.00540348 27.9037 -0.0148211 0.0170242 0.999745 0
0.45704 -0.889148 0.023041 15.4678 0.889321 0.457256 0.00491737 28.7707 -0.0149079 0.0182434 0.999722 0
0.457511 -0.888906 0.0230307 15.9277 0.889104 0.457694 0.00316113 29.6371 -0.013351 0.0190304 0.99973 0
0.458183 -0.888566 0.0227523 16.3805 0.888765 0.458355 0.00267232 30.5024 -0.0128031 0.018997 0.999738 0
0.458759 -0.888268 0.0228045 16.8273 0.888483 0.458907 0.00143327 31.3658 -0.0117383 0.0196038 0.999739 0
0.459729 -0.887829 0.0202267 17.2713 0.888011 0.459822 -5.63944e-05 32.227 -0.0092506 0.0179874 0.999795 0
0.458772 -0.888364 0.0183706 17.5648 0.888524 0.458827 -0.00132462 33.0591 -0.00725218 0.0169304 0.99983 0
0.4585 -0.888429 0.0217442 18.0362 0.88863 0.458624 0.000842231 33.9448 -0.0107207 0.0189364 0.999763 0
0.458185 -0.888537 0.023836 18.5037 0.888767 0.458355 0.00187918 34.8273 -0.0125951 0.0203237 0.999714 0
0.458076 -0.888528 0.0261547 18.9669 0.888824 0.458248 0.000643488 35.7066 -0.0125571 0.0229522 0.999658 0
0.457797 -0.888596 0.0286082 19.4273 0.888985 0.457931 -0.00204804 36.5822 -0.0112807 0.0263699 0.999589 0
0.457099 -0.88891 0.0299875 19.8836 0.88935 0.457216 -0.00323625 37.4556 -0.010834 0.0281487 0.999545 0
0.457305 -0.888663 0.0339079 20.3127 0.889182 0.457553 -0.000501237 38.3703 -0.0150692 0.0303795 0.999425 0
0.455435 -0.889413 0.0390444 20.7695 0.890053 0.455852 0.00202934 39.2058 -0.0196034 0.0338274 0.999235 0
0.453759 -0.890201 0.0405515 21.2221 0.890818 0.454327 0.00556171 40.0434 -0.0233747 0.0336004 0.999162 0
0.452119 -0.891094 0.039231 21.6707 0.891659 0.452669 0.00597371 40.8805 -0.0230818 0.0322798 0.999212 0
0.452399 -0.891145 0.0345805 22.0917 0.891656 0.452712 0.00139592 41.7215 -0.016899 0.0302024 0.999401 0
0.451458 -0.891762 0.0307707 22.5268 0.892233 0.451558 -0.00399118 42.5468 -0.0103356 0.0292565 0.999519 0
0.450544 -0.892373 0.0260997 22.9534 0.89272 0.450589 -0.00446401 43.3658 -0.00777669 0.025311 0.999649 0
0.449776 -0.892833 0.0234797 23.3712 0.893094 0.449867 -0.00154026 44.1766 -0.00918755 0.0216624 0.999723 0
0.44872 -0.893391 0.022404 23.7811 0.893597 0.448867 0.00175574 44.9754 -0.011625 0.0192323 0.999747 0
0.447595 -0.893986 0.0211727 24.1827 0.894152 0.447752 0.00313227 45.7623 -0.0122803 0.0175296 0.999771 0
0.446475 -0.894562 0.0204868 24.5762 0.894708 0.446635 0.0038065 46.5381 -0.0125553 0.0166302 0.999783 0
0.452027 -0.891854 0.0163669 24.9438 0.891921 0.45216 0.00538028 47.3526 -0.0121989 0.012166 0.999852 0
0.458008 -0.888849 0.0132837 25.3111 0.888897 0.45809 0.00384955 48.0782 -0.00950679 0.0100447 0.999904 0
0.463912 -0.885816 0.0107329 25.6712 0.885855 0.463958 0.00210309 48.7952 -0.00684256 0.00853215 0.99994 0
0.410222 -0.91141 0.0324009 26.0205 0.911451 0.410939 0.0196353 49.5053 -0.0312106 0.021477 0.999282 0
0.416487 -0.908676 0.0290897 26.3643 0.908607 0.417127 0.0209556 50.2061 -0.0311759 0.0177033 0.999357 0
0.422671 -0.9059 0.026364 26.7003 0.905744 0.423244 0.0221816 50.8962 -0.0312527 0.0145035 0.999406 0
0.428656 -0.903233 0.020575 27.0263 0.903039 0.429043 0.0210529 51.5735 -0.0278432 0.00955556 0.999567 0
0.434037 -0.900809 0.0124764 27.2857 0.900754 0.434172 0.0116868 52.3188 -0.0159445 0.00616568 0.999854 0
0.433275 -0.901208 0.00986897 27.6108 0.901212 0.43334 0.00575157 52.959 -0.00945998 0.00640203 0.999935 0
0.432641 -0.901532 0.00784986 27.9248 0.90155 0.43267 0.00229908 53.5837 -0.00546909 0.00608236 0.999967 0
0.432475 -0.901616 0.00730107 28.2261 0.901625 0.432506 0.00335505 54.1924 -0.00618273 0.00513185 0.999968 0
0.431863 -0.901907 0.00759525 28.5164 0.901881 0.431915 0.00770834 54.7829 -0.0102327 0.00352107 0.999941 0
0.431105 -0.902261 0.00855358 28.7973 0.90224 0.431167 0.00761947 55.3548 -0.0105628 0.00443259 0.999934 0
0.43092 -0.902313 0.0118003 29.0701 0.902362 0.430973 0.00225297 55.9095 -0.00711849 0.0096773 0.999928 0
0.430133 -0.902627 0.0158113 29.2681 0.902765 0.43008 -0.00678295 56.5073 -0.00067763 0.0171914 0.999852 0
0.43324 -0.901139 0.0158635 29.5468 0.901276 0.433131 -0.00993298 57.0268 0.00208001 0.0186008 0.999825 0
0.437452 -0.899152 0.0126921 29.8139 0.899242 0.437403 -0.00659756 57.5355 0.000380642 0.0142994 0.999898 0
0.442656 -0.896609 0.0121665 30.0752 0.896688 0.442654 -0.00299981 58.0312 -0.00269591 0.0122375 0.999922 0
0.448163 -0.89381 0.015936 30.3371 0.893926 0.448214 -0.000358306 58.5119 -0.0068225 0.0144062 0.999873 0
0.474009 -0.88028 0.0205629 30.5341 0.880451 0.474136 0.00150923 59.0625 -0.0110781 0.0173892 0.999787 0
0.465721 -0.884628 0.0231987 30.7913 0.884834 0.465899 0.00267424 59.4875 -0.013174 0.0192815 0.999727 0
0.490376 -0.871253 0.0211976 31.0007 0.871406 0.490549 0.00359707 59.937 -0.0135324 0.0167078 0.999769 0
0.481165 -0.876463 0.0171186 31.2529 0.876528 0.481315 0.00585371 60.3336 -0.01337 0.0121884 0.999836 0
0.475464 -0.879593 0.0157939 31.5091 0.879637 0.475603 0.00642766 60.7142 -0.0131653 0.0108368 0.999855 0
0.472495 -0.881138 0.018561 31.7706 0.881227 0.47266 0.00560718 61.0782 -0.0137137 0.0137071 0.999812 0
0.472771 -0.88092 0.0216159 32.0368 0.881061 0.472973 0.00517481 61.4272 -0.0147823 0.0165984 0.999753 0
0.457025 -0.889035 0.02729 32.2734 0.889329 0.45726 0.00274293 61.8212 -0.0149172 0.0230162 0.999624 0
0.520074 -0.854026 0.0127553 32.5684 0.854121 0.520007 -0.00841069 62.1802 0.000550118 0.0152687 0.999883 0
0.57445 -0.817785 0.0351559 32.862 0.817493 0.575357 0.0258642 62.4571 -0.0413785 0.013882 0.999047 0
0.630643 -0.775492 0.0300106 33.1669 0.775195 0.631297 0.0231575 62.722 -0.0369041 0.00865989 0.999281 0
0.686336 -0.726654 0.0302902 33.483 0.726322 0.686975 0.0228343 62.9724 -0.0374013 0.00632843 0.99928 0
0.697139 -0.716497 0.0250915 33.8092 0.716301 0.697568 0.017682 63.2067 -0.0301722 0.00564624 0.999529 0
0.823245 -0.567424 0.0172375 34.1299 0.567303 0.823426 0.0117137 63.4461 -0.0208405 0.000135661 0.999783 0
0.85198 -0.52339 0.0139157 34.4795 0.523303 0.852093 0.00956589 63.6399 -0.0168642 -0.000867821 0.999857 0
0.879655 -0.475506 0.0100518 34.8366 0.475445 0.87971 0.00790639 63.8125 -0.0126022 -0.00217581 0.999918 0
0.905561 -0.424158 0.00701842 35.1997 0.424135 0.905588 0.00452184 63.9619 -0.00827376 -0.00111805 0.999965 0
0.917931 -0.395901 0.0257875 35.3899 0.395904 0.918277 0.00521377 64.2247 -0.0257443 0.0054235 0.999654 0
0.941404 -0.33628 0.0259485 35.7756 0.336285 0.94175 0.0043196 64.3298 -0.0258896 0.00465959 0.999654 0
0.960895 -0.275582 0.0271048 36.1687 0.27554 0.961275 0.00533869 64.4127 -0.0275264 0.00233855 0.999618 0
0.97637 -0.214278 0.0280617 36.5676 0.214181 0.976773 0.00646911 64.4726 -0.0287961 -0.000305971 0.999585 0
0.985909 -0.165269 0.0258865 36.937 0.16523 0.986248 0.00365829 64.4856 -0.0261352 0.000670486 0.999658 0
0.994137 -0.105044 0.0256218 37.3429 0.105074 0.994464 0.000171981 64.5117 -0.0254981 0.00252122 0.999672 0
0.998572 -0.0471794 0.0250431 37.7491 0.0472169 0.998884 -0.000906235 64.5162 -0.0249724 0.0020874 0.999686 0
0.99972 -0.00461942 0.023215 38.1402 0.00462731 0.999989 -0.000285902 64.5412 -0.0232135 0.000393245 0.99973 0
0.99411 0.105405 0.0252035 38.5332 -0.105461 0.994423 0.000902016 64.5272 -0.0249679 -0.0035547 0.999682 0
0.987583 0.155239 0.0240858 38.9112 -0.155285 0.98787 6.47849e-06 64.4804 -0.0237926 -0.00374655 0.99971 0
0.981515 0.190082 0.022274 39.2924 -0.189932 0.981759 -0.00869017 64.3972 -0.0235196 0.00429898 0.999714 0
0.97524 0.220053 0.0220037 39.6715 -0.219687 0.975407 -0.0178786 64.2949 -0.0253967 0.012602 0.999598 0
0.969059 0.245919 0.0212002 40.0534 -0.245558 0.96921 -0.0182716 64.1848 -0.0250408 0.0125004 0.999608 0
0.962905 0.269194 0.0186574 40.4402 -0.269059 0.963077 -0.00946352 64.0706 -0.020516 0.00409255 0.999781 0
0.957256 0.288705 0.017592 40.8313 -0.288777 0.957395 0.00166051 63.9455 -0.016363 -0.0066697 0.999844 0
0.953373 0.301471 0.0139643 41.2205 -0.301587 0.953413 0.00702499 63.8055 -0.0111959 -0.0109089 0.999878 0
0.946915 0.321276 0.0116071 41.6135 -0.321344 0.946952 0.00454429 63.6497 -0.00953139 -0.00803292 0.999922 0
0.941242 0.337689 0.00547155 42.0114 -0.33769 0.941257 -0.000676871 63.4766 -0.0053787 -0.00121059 0.999985 0
0.930882 0.3653 -0.0038319 42.4167 -0.365312 0.93088 -0.00308453 63.2924 0.00244026 0.00427117 0.999988 0
0.925483 0.378705 -0.00794403 42.8333 -0.378731 0.925505 -0.0019869 63.1009 0.00659979 0.00484749 0.999966 0
0.920811 0.38998 -0.00471237 43.2592 -0.389987 0.92082 -0.000684256 62.9014 0.00407239 0.00246783 0.999989 0
0.916622 0.399754 2.90196e-07 43.6926 -0.399754 0.916622 -0.00122196 62.69 -0.000488748 0.00111996 0.999999 0
0.912757 0.408494 0.00270902 44.1333 -0.408484 0.912759 -0.00350778 62.467 -0.00390559 0.00209516 0.99999 0
0.906066 0.4231 0.00560688 44.4242 -0.423063 0.906075 -0.00677343 62.2887 -0.0079461 0.00376511 0.999961 0
0.901337 0.4331 0.00410956 44.8838 -0.433046 0.901319 -0.00976961 62.0395 -0.00793523 0.00702608 0.999944 0
0.897269 0.441479 0.00225119 45.3565 -0.441426 0.89722 -0.011781 61.7799 -0.00722086 0.00957696 0.999928 0
0.894185 0.447696 0.00100346 45.8432 -0.447646 0.894115 -0.0130708 61.51 -0.00674895 0.0112385 0.999914 0
0.892275 0.451492 8.77325e-05 46.2553 -0.451449 0.892193 -0.0135958 61.278 -0.00621665 0.0120916 0.999908 0
0.889741 0.456464 -0.00143361 46.7676 -0.45644 0.889651 -0.013554 60.9904 -0.0049115 0.0127139 0.999907 0
0.887341 0.461107 -0.00249459 47.3238 -0.461092 0.887234 -0.0144995 60.6776 -0.00447256 0.0140163 0.999892 0
0.885659 0.464322 -0.00367266 47.8941 -0.464316 0.885518 -0.0163749 60.3536 -0.00435104 0.0162079 0.999859 0
0.884291 0.466916 -0.00432417 48.4803 -0.466914 0.884125 -0.0177361 60.0213 -0.00445816 0.0177029 0.999833 0
0.883042 0.469274 -0.00430906 49.0818 -0.469267 0.882855 -0.0188373 59.6814 -0.0050356 0.0186563 0.999813 0
0.88222 0.470803 -0.00572246 49.6973 -0.470809 0.881965 -0.0218327 59.3321 -0.00523189 0.0219554 0.999745 0
0.88224 0.470745 -0.00723204 50.3268 -0.470768 0.881893 -0.0253561 58.9736 -0.00555839 0.0257748 0.999652 0
0.882927 0.469431 -0.00867365 50.9719 -0.469476 0.882486 -0.0284906 58.6093 -0.00572001 0.0292272 0.999556 0
0.883734 0.467846 -0.0115659 51.4554 -0.467983 0.883327 -0.026929 58.3318 -0.00238212 0.0292107 0.99957 0
0.886171 0.463248 -0.0100682 52.1072 -0.463325 0.885643 -0.031082 57.9585 -0.00548184 0.0322088 0.999466 0
0.887861 0.459998 -0.0101896 52.7804 -0.460074 0.88729 -0.0323687 57.5781 -0.0058484 0.0334269 0.999424 0
0.889547 0.456722 -0.0105294 53.4586 -0.456814 0.888992 -0.0318381 57.2162 -0.00518061 0.0331315 0.999438 0
0.891174 0.453582 -0.00853509 54.1622 -0.453611 0.890632 -0.0318006 56.8283 -0.00682257 0.0322115 0.999458 0
0.892784 0.450449 -0.00579009 54.8795 -0.450395 0.892271 -0.031589 56.4399 -0.0090629 0.03081 0.999484 0
0.894646 0.446757 -0.00395817 55.6222 -0.446675 0.894225 -0.0290225 56.0781 -0.00942653 0.0277329 0.999571 0
0.896132 0.443767 -0.00426434 56.3363 -0.443715 0.89577 -0.026717 55.6896 -0.00803628 0.0258342 0.999634 0
0.896864 0.442264 -0.006118 57.0219 -0.442288 0.896613 -0.0215999 55.3353 -0.00406736 0.0220781 0.999748 0
0.896854 0.442255 -0.00797908 57.751 -0.442327 0.896697 -0.016742 54.9494 -0.000249419 0.0185445 0.999828 0
0.897027 0.441897 -0.00833953 58.4184 -0.441973 0.896919 -0.0139909 54.6105 0.00129734 0.0162361 0.999867 0
0.896719 0.442562 -0.00585182 59.1655 -0.4426 0.89662 -0.0133657 54.2169 -0.000668276 0.0145753 0.999894 0
0.896232 0.44357 -0.00375327 59.913 -0.44358 0.896145 -0.0127335 53.8243 -0.00228471 0.013077 0.999912 0
0.89563 0.444797 -0.00172072 60.6607 -0.444785 0.895561 -0.0116995 53.4327 -0.0036629 0.0112438 0.99993 0
0.895124 0.445818 0.000223351 61.4089 -0.445794 0.895082 -0.00982687 53.0435 -0.00458091 0.0086967 0.999952 0
0.89512 0.445824 -5.20286e-05 62.143 -0.445817 0.895105 -0.0058791 52.7244 -0.00257448 0.0052857 0.999983 0
0.892272 0.451492 0.00234198 62.8882 -0.451488 0.892275 -0.00199808 52.3616 -0.00299181 0.000725452 0.999995 0
0.889247 0.457407 0.00429276 63.6273 -0.457407 0.889257 -0.00117596 52.0117 -0.00435526 -0.000917821 0.99999 0
0.885937 0.463791 0.00373227 64.3568 -0.46379 0.885944 -0.00140401 51.6466 -0.00395775 -0.000487126 0.999992 0
0.883789 0.467885 -0.000651256 65.0883 -0.467882 0.883787 0.00269629 51.2346 0.00183713 -0.00207824 0.999996 0
0.881057 0.473009 0.00095575 65.8169 -0.473009 0.88105 0.00357443 50.8216 0.000848674 -0.00360135 0.999993 0
0.87753 0.479261 0.0158112 66.5405 -0.479271 0.877661 -0.00339846 50.4071 -0.0155056 -0.0045956 0.999869 0
0.873569 0.485985 0.0263787 67.2591 -0.486515 0.873449 0.0197446 49.9898 -0.0134449 -0.0300819 0.999457 0
0.868853 0.494488 0.0239974 67.9734 -0.494949 0.86869 0.0200774 49.5704 -0.0109182 -0.0293218 0.99951 0
0.863729 0.503877 0.00896034 68.6822 -0.503877 0.863772 -0.00240741 49.1484 -0.00895273 -0.00243557 0.999957 0
0.858148 0.513334 0.00837091 69.3844 -0.51333 0.858187 -0.00279338 48.7223 -0.00861774 -0.00189991 0.999961 0
0.852268 0.52305 0.00761186 70.0793 -0.523043 0.852301 -0.00300128 48.2917 -0.00805742 -0.00142344 0.999967 0
0.846177 0.532871 0.00579193 70.7663 -0.53286 0.846196 -0.00345327 47.8557 -0.00674126 -0.000164211 0.999977 0
0.831612 0.555066 0.0179526 71.3676 -0.555219 0.831692 0.00460999 47.3434 -0.0123722 -0.0138013 0.999828 0
0.838915 0.544142 0.0114575 71.9936 -0.544188 0.838963 0.0010824 47.0538 -0.00902345 -0.00714308 0.999934 0
0.832299 0.554255 0.00887339 72.5985 -0.554287 0.832325 0.00136737 46.6329 -0.00662767 -0.00605646 0.99996 0
0.827556 0.56132 0.00843179 73.2158 -0.561348 0.827578 0.00131397 46.1847 -0.00624041 -0.00582056 0.999964 0
0.823889 0.566657 0.0103372 73.786 -0.566694 0.823928 0.000866642 45.7634 -0.00802604 -0.00657206 0.999946 0
0.819028 0.573676 0.00944259 74.3922 -0.573703 0.819063 0.000191206 45.3099 -0.00762439 -0.00557384 0.999955 0
0.812969 0.582168 0.0127428 74.9635 -0.582291 0.812914 0.0103499 44.8721 -0.00433347 -0.0158342 0.999865 0
0.810709 0.585341 0.011278 75.5554 -0.585402 0.810738 0.00285646 44.4166 -0.00747152 -0.00891794 0.999932 0
0.807797 0.589291 0.0141541 76.0992 -0.589388 0.807842 0.0036735 43.9894 -0.00926949 -0.0113097 0.999893 0
0.807978 0.589104 0.0112653 76.675 -0.589052 0.808057 -0.00788222 43.5363 -0.0137465 -0.000267206 0.999905 0
0.809024 0.587723 0.00784848 77.2407 -0.587513 0.80899 -0.0190654 43.0884 -0.0175545 0.0108133 0.999787 0
0.810666 0.585486 0.00519407 77.7959 -0.585124 0.810423 -0.0290576 42.6473 -0.0212222 0.0205168 0.999564 0
0.795804 0.605373 -0.0148013 78.3392 -0.605541 0.795387 -0.0260809 42.2136 -0.00401594 0.0297181 0.99955 0
0.798839 0.601253 -0.0187361 78.8676 -0.601517 0.798115 -0.0344818 41.7879 -0.00577867 0.0388155 0.99923 0
0.80542 0.592695 -0.00330553 79.3651 -0.592614 0.805188 -0.0219274 41.387 -0.0103347 0.0196196 0.999754 0
0.814581 0.579837 0.0157041 79.8173 -0.58001 0.814543 0.0104084 41.0451 -0.0067565 -0.017587 0.999822 0
0.818272 0.57482 0.00358823 80.2626 -0.574813 0.81828 -0.00278288 40.7223 -0.00453583 0.000214592 0.99999 0
0.821391 0.570345 0.00490882 80.7507 -0.570332 0.821405 -0.00376009 40.3629 -0.00617668 0.000288839 0.999981 0
0.826062 0.563541 0.00657913 81.2256 -0.563516 0.826088 -0.00532265 40.0231 -0.00843447 0.000689391 0.999964 0
0.832359 0.554178 0.00809296 81.6885 -0.554147 0.832398 -0.00582383 39.7039 -0.009964 0.000362825 0.99995 0
0.840533 0.541695 0.00834581 82.1436 -0.541662 0.840575 -0.00602761 39.4026 -0.0102804 0.000545797 0.999947 0
0.850495 0.52592 0.00816571 82.597 -0.525895 0.850534 -0.00515237 39.1176 -0.00965495 8.77584e-05 0.999953 0
0.861875 0.507051 0.00846342 83.0537 -0.507031 0.861916 -0.00448957 38.8487 -0.0095712 -0.000421777 0.999954 0
0.880893 0.473216 0.00966946 83.5093 -0.473201 0.880946 -0.00394481 38.5596 -0.010385 -0.00110064 0.999945 0
0.917935 0.396593 -0.0104822 83.98 -0.396585 0.917993 0.00291538 38.3702 0.0107788 0.00148094 0.999941 0
0.925817 0.377917 -0.0064635 84.4529 -0.377919 0.925838 0.000961788 38.2002 0.00634763 0.00155224 0.999979 0
0.934664 0.35553 -0.00107412 84.9292 -0.355531 0.934664 -0.000559252 38.0511 0.000805111 0.000904595 0.999999 0
0.944027 0.329825 0.00540666 85.4083 -0.329824 0.944042 -0.000990832 37.9266 -0.00543092 -0.000847876 0.999985 0
0.944418 0.328496 0.0128006 85.8246 -0.328511 0.9445 -0.00102921 37.8729 -0.0124283 -0.00323314 0.999918 0
0.965807 0.258865 0.0143565 86.323 -0.25891 0.9659 0.00137253 37.8036 -0.0135116 -0.00504263 0.999896 0
0.982901 0.18368 0.0129781 86.8218 -0.183697 0.982983 0.000153139 37.7588 -0.0127291 -0.00253456 0.999916 0
0.994635 0.103016 0.00940125 87.3191 -0.103009 0.99468 -0.00120717 37.741 -0.00947559 0.000232277 0.999955 0
0.997455 0.0712212 0.0033331 87.7924 -0.0712151 0.997459 -0.00190222 37.7868 -0.00346011 0.00166001 0.999993 0
0.999888 -0.0137033 0.00607419 88.2779 0.0137266 0.999899 -0.00381087 37.8301 -0.00602135 0.00389382 0.999974 0
0.98077 -0.195165 0.00132039 88.7779 0.195168 0.980765 -0.00304473 37.9608 -0.000700769 0.00324388 0.999995 0
0.9671 -0.254394 -0.000510633 89.2471 0.254393 0.9671 -0.00153752 38.0642 0.00088497 0.00135703 0.999999 0
0.954379 -0.298433 -0.00987899 89.7104 0.29822 0.954315 -0.0186619 38.2632 0.014997 0.0148644 0.999777 0
0.906157 -0.422908 -0.005308 90.175 0.422715 0.906011 -0.0213421 38.4747 0.0138349 0.0170956 0.999758 0
0.876354 -0.481648 -0.00443783 90.5942 0.481619 0.876094 0.0224039 38.6293 -0.00690285 -0.0217711 0.999739 0
0.866996 -0.497844 0.0216844 90.977 0.497695 0.867267 0.0121544 38.8711 -0.0248571 0.00025445 0.999691 0
0.863848 -0.502144 0.0402336 91.3718 0.50205 0.864739 0.0131206 39.0731 -0.04138 0.00886513 0.999104 0
0.831296 -0.552335 0.0622335 91.7587 0.552407 0.833389 0.0176132 39.3043 -0.0615931 0.0197364 0.997906 0
0.797517 -0.60277 0.0251989 92.1377 0.603217 0.797395 -0.01706 39.5626 -0.00981019 0.028806 0.999537 0
0.796772 -0.604275 0.00256662 92.5053 0.603852 0.796039 -0.0410443 39.8448 0.0227589 0.0342528 0.999154 0
0.769526 -0.637954 -0.0290404 92.8608 0.638525 0.769386 0.0182008 40.1461 0.010732 -0.032549 0.999413 0
0.742561 -0.669562 -0.0170068 93.2068 0.669767 0.742162 0.024639 40.4623 -0.00387551 -0.0296865 0.999552 0
0.719844 -0.694135 0.000858922 93.5511 0.693959 0.719689 0.0216422 40.7778 -0.0156408 -0.0149829 0.999765 0
0.700942 -0.712962 0.0191317 93.8979 0.712628 0.701201 0.0218749 41.0962 -0.0290112 -0.00169926 0.999578 0
0.703475 -0.710663 0.00900406 94.1723 0.710474 0.703509 0.0173671 41.4755 -0.0186766 -0.00582017 0.999809 0
0.694829 -0.719144 0.00668105 94.5402 0.718939 0.694809 0.0191843 41.826 -0.0184383 -0.00852654 0.999794 0
0.688654 -0.725084 0.00300649 94.9076 0.724863 0.688536 0.022168 42.1909 -0.0181438 -0.0130868 0.99975 0
0.685065 -0.728477 -0.00291849 95.276 0.728317 0.684818 0.024066 42.5686 -0.0155329 -0.0186124 0.999706 0
0.683461 -0.729952 -0.00715145 95.6505 0.72988 0.68316 0.0238062 42.9559 -0.0124918 -0.0214903 0.999691 0
0.683814 -0.729612 -0.00810058 96.0337 0.729584 0.683547 0.0216778 43.352 -0.0102792 -0.0207336 0.999732 0
0.686124 -0.727429 -0.00902215 96.4247 0.727465 0.685962 0.0158125 43.7572 -0.00531364 -0.0174127 0.999834 0
0.690502 -0.723269 -0.00941451 96.7532 0.723331 0.690447 0.00867282 44.3596 0.00022744 -0.0127984 0.999918 0
0.692869 -0.720963 -0.0120587 97.1472 0.721061 0.692814 0.00893219 44.7916 0.00191465 -0.0148839 0.999887 0
0.696753 -0.717174 -0.0139864 97.5537 0.717311 0.696616 0.0138391 45.2406 -0.000181909 -0.019675 0.999806 0
0.700209 -0.713825 -0.0126653 97.9962 0.713928 0.699996 0.0176724 45.6546 -0.00374933 -0.0214164 0.999764 0
0.703014 -0.711132 -0.00785688 98.4521 0.711125 0.702789 0.0197091 46.0714 -0.00849407 -0.019443 0.999775 0
0.705432 -0.708774 -0.00219424 98.9178 0.708645 0.705237 0.0215408 46.4951 -0.0137201 -0.0167505 0.999766 0
0.7076 -0.706612 0.00158604 99.3904 0.706407 0.707446 0.0225712 46.9275 -0.0170711 -0.014851 0.999744 0
0.708848 -0.705349 0.004118 99.8718 0.705177 0.708785 0.0187166 47.3644 -0.0161205 -0.0103633 0.999816 0
0.733305 -0.678 -0.0507953 100.373 0.679307 0.733738 0.0130862 47.8219 0.028398 -0.0441018 0.998623 0
0.706173 -0.708037 0.00164158 100.854 0.708015 0.706166 0.00662814 48.2724 -0.0058522 -0.00351835 0.999977 0
0.678213 -0.733361 0.0469884 101.34 0.733884 0.679225 0.00823941 48.7337 -0.0379581 0.0288959 0.998861 0
0.639794 -0.759724 0.11612 101.846 0.764505 0.644598 0.00509103 49.1938 -0.0787184 0.085517 0.993222 0
0.660145 -0.74766 0.0721975 102.389 0.748668 0.662716 0.0174071 49.6694 -0.0608611 0.0425608 0.997238 0
0.680708 -0.73137 0.0416628 102.929 0.731426 0.681715 0.0167576 50.1654 -0.0406581 0.0190663 0.998991 0
0.696496 -0.71748 0.0107388 103.465 0.717161 0.69653 0.0229495 50.68 -0.0239457 -0.00828279 0.999679 0
0.69835 -0.715752 -0.00254138 103.954 0.715684 0.698224 0.0166931 51.3367 -0.0101737 -0.0134765 0.999857 0
0.696395 -0.717628 -0.00666202 104.498 0.717634 0.696263 0.0148341 51.8682 -0.00600689 -0.0151113 0.999868 0
0.693891 -0.72003 -0.00845241 105.001 0.720076 0.693799 0.0115828 52.452 -0.00247568 -0.0141236 0.999897 0
0.691101 -0.72272 -0.00740756 105.533 0.722756 0.691041 0.00925142 53.0559 -0.00156725 -0.0117475 0.99993 0
0.68863 -0.725098 -0.00464324 106.099 0.725106 0.688584 0.00855243 53.6088 -0.00300409 -0.00925631 0.999953 0
0.686899 -0.726751 -0.00158315 106.669 0.726732 0.686861 0.00910949 54.1727 -0.00553293 -0.00740783 0.999957 0
0.684801 -0.728729 0.00161268 107.243 0.728683 0.684779 0.00995428 54.7463 -0.0083583 -0.00564156 0.999949 0
0.684313 -0.729169 0.00530604 107.82 0.729119 0.684331 0.00879099 55.3268 -0.0100412 -0.00214706 0.999947 0
0.684475 -0.729003 0.00691843 108.319 0.728939 0.684508 0.00985047 55.9359 -0.0119167 -0.00169929 0.999928 0
0.684032 -0.729425 0.00622369 108.87 0.729339 0.684052 0.0117437 56.5576 -0.0128235 -0.00349391 0.999912 0
0.684452 -0.729058 0.000856488 109.475 0.728993 0.684406 0.0125896 57.1601 -0.00976474 -0.00799261 0.99992 0
0.684943 -0.728582 -0.00448001 110.084 0.728566 0.684845 0.0133898 57.7677 -0.00668745 -0.0124352 0.9999 0
0.686466 -0.727075 -0.0112639 110.577 0.727143 0.686254 0.0178276 58.4919 -0.00523207 -0.0204285 0.999778 0
0.688623 -0.724982 -0.014165 111.196 0.725087 0.688272 0.0230409 59.1064 -0.00695489 -0.0261373 0.999634 0
0.690547 -0.723136 -0.0148279 111.755 0.723251 0.690162 0.0241657 59.8134 -0.00724143 -0.0274118 0.999598 0
0.692223 -0.721491 -0.0166838 112.381 0.721662 0.691839 0.0237233 60.4141 -0.0055737 -0.0284619 0.999579 0
0.693732 -0.720128 -0.0123244 112.962 0.72021 0.693473 0.0198042 61.1153 -0.00571492 -0.0226149 0.999728 0
0.694484 -0.719466 -0.00778878 113.579 0.719481 0.694324 0.0161642 61.7486 -0.00622163 -0.0168296 0.999839 0
0.695182 -0.718823 -0.00394732 114.201 0.718807 0.695098 0.0124728 62.3207 -0.00622196 -0.0115082 0.999914 0
0.695746 -0.71828 -0.00324179 114.821 0.718247 0.695653 0.01371 62.8965 -0.00759247 -0.0118671 0.999901 0
0.696388 -0.717644 -0.00553635 115.371 0.717603 0.696207 0.0184841 63.4956 -0.00941058 -0.016845 0.999814 0
0.697035 -0.71703 -0.00334679 116.004 0.716859 0.696749 0.0255688 64.0799 -0.0160017 -0.0202215 0.999667 0
0.693603 -0.719816 -0.0279287 116.61 0.720304 0.692557 0.0390785 64.6909 -0.00878712 -0.0472221 0.998846 0
0.69432 -0.718996 -0.0310496 117.214 0.719658 0.693869 0.0252572 65.3083 0.00338458 -0.0398817 0.999199 0
0.711681 -0.701939 0.0281246 117.837 0.70221 0.711969 0.0003335 65.8826 -0.020258 0.019512 0.999604 0
0.716161 -0.697716 0.0174692 118.462 0.69793 0.716025 -0.0141881 66.4608 -0.00260913 0.0223532 0.999747 0
0.721161 -0.692568 0.0166229 119.089 0.692768 0.720959 -0.0170389 67.0431 -0.000183856 0.0238036 0.999717 0
0.672773 -0.739578 0.0200194 119.716 0.739844 0.672626 -0.01432 67.6237 -0.00287474 0.0244453 0.999697 0
0.678006 -0.734937 0.0132583 120.336 0.735039 0.677752 -0.0192503 68.201 0.00516198 0.0227972 0.999727 0
0.685887 -0.72764 -0.00995062 120.945 0.727415 0.685159 0.0377368 68.7737 -0.0206411 -0.0331214 0.999238 0
0.696886 -0.717177 0.00238577 121.516 0.716818 0.696635 0.0295224 69.374 -0.0228348 -0.0188636 0.999561 0
0.690306 -0.723447 -0.010136 122.06 0.723511 0.690173 0.0138652 70.0041 -0.00303514 -0.0169047 0.999852 0
0.689365 -0.724363 -0.00856579 122.65 0.724401 0.689236 0.0140365 70.5846 -0.00426367 -0.0158813 0.999865 0
0.687516 -0.726168 -0.000844025 123.234 0.726155 0.687495 0.00709026 71.1682 -0.00456846 -0.00548756 0.999974 0
0.68467 -0.728849 -0.00232066 123.812 0.728847 0.684649 0.00613704 71.7515 -0.00288414 -0.00589326 0.999978 0
0.703441 -0.708509 -0.0564446 124.394 0.709935 0.704222 0.00797467 72.3822 0.0340994 -0.0456818 0.998374 0
0.686449 -0.726592 -0.0291951 124.945 0.727097 0.686417 0.0126882 72.9676 0.0108209 -0.0299375 0.999493 0
0.669063 -0.743205 -2.69679e-05 125.49 0.743093 0.668962 0.0174102 73.5547 -0.0129213 -0.0116686 0.999848 0
0.650616 -0.75869 0.0329991 126.035 0.758412 0.651373 0.0229024 74.1415 -0.0388705 0.0101262 0.999193 0
0.636145 -0.769019 0.0626834 126.582 0.769121 0.638497 0.0278184 74.7287 -0.061416 0.0305146 0.997646 0
0.606805 -0.787764 0.105905 127.139 0.790013 0.612412 0.0288189 75.3091 -0.0875598 0.0661787 0.993959 0
0.672396 -0.740141 -0.0086598 127.674 0.74015 0.672189 0.0184419 76.0058 -0.0078286 -0.0188098 0.999792 0
0.668323 -0.743857 -0.00460013 128.193 0.743868 0.668289 0.00706743 76.626 -0.00218293 -0.00814522 0.999964 0
0.663054 -0.748566 -0.00267234 128.74 0.748564 0.663029 0.00666844 77.2097 -0.00321994 -0.00642196 0.999974 0
0.657275 -0.75365 0.00122869 129.282 0.753591 0.657242 0.0115502 77.801 -0.00951232 -0.0066657 0.999933 0
0.654403 -0.756121 0.00615571 129.736 0.755928 0.654388 0.0186806 78.4859 -0.018153 -0.00757135 0.999807 0
0.650383 -0.759569 0.00752753 130.282 0.759207 0.650331 0.0259859 79.0896 -0.0246334 -0.0111858 0.999634 0
0.646168 -0.763188 0.00322102 130.787 0.76287 0.646011 0.0264457 79.826 -0.0222639 -0.0146312 0.999645 0
0.64054 -0.767923 -0.0017235 131.31 0.767793 0.640386 0.020014 80.4832 -0.0142655 -0.014143 0.999798 0
0.634222 -0.77313 -0.00571669 131.847 0.77313 0.634131 0.012191 81.1614 -0.00580007 -0.0121515 0.999909 0
0.629203 -0.777226 -0.00476954 132.367 0.77723 0.629149 0.00926718 81.8278 -0.00420194 -0.00953797 0.999946 0
0.623666 -0.781674 -0.00521381 132.882 0.781662 0.623571 0.0127505 82.4176 -0.00671553 -0.0120275 0.999905 0
0.618222 -0.785953 -0.00887959 133.39 0.785956 0.618021 0.0179716 83.0189 -0.00863705 -0.0180894 0.999799 0
0.612062 -0.790691 -0.013701 133.853 0.79079 0.611833 0.0176394 83.6814 -0.00556459 -0.021631 0.999751 0
0.605115 -0.795972 -0.0162919 134.365 0.796137 0.604952 0.0140953 84.2874 -0.00136368 -0.0214998 0.999768 0
0.598794 -0.800734 -0.0164442 134.873 0.800903 0.598657 0.0128261 84.902 -0.000425876 -0.0208504 0.999783 0
0.592827 -0.805177 -0.0157091 135.375 0.805318 0.592599 0.0170283 85.526 -0.00440154 -0.0227457 0.999732 0
0.587457 -0.809123 -0.0146186 135.825 0.809174 0.587047 0.0247761 86.1792 -0.0114651 -0.0263839 0.999586 0
0.580862 -0.813892 -0.013337 136.326 0.813833 0.580331 0.0298562 86.8234 -0.0165599 -0.0281964 0.999465 0
0.5752 -0.81793 -0.0115987 136.824 0.81776 0.574612 0.0330019 87.4721 -0.0203285 -0.0284676 0.999388 0
0.570707 -0.821075 -0.0113501 137.317 0.82087 0.570093 0.034145 88.1259 -0.021565 -0.0288037 0.999352 0
0.567171 -0.823479 -0.0141112 137.803 0.823384 0.566547 0.032599 88.7835 -0.0188499 -0.0301082 0.999369 0
0.564073 -0.825421 -0.022383 138.263 0.825624 0.563374 0.030907 89.5094 -0.0129013 -0.0359137 0.999272 0
0.561321 -0.8271 -0.0287222 138.714 0.827556 0.560604 0.029545 90.2522 -0.00833485 -0.0403534 0.999151 0
0.558994 -0.828702 -0.0278956 139.153 0.829089 0.558147 0.0329321 90.9785 -0.0117211 -0.0415368 0.999068 0
0.556599 -0.830385 -0.0256784 139.614 0.830576 0.555508 0.0394254 91.6329 -0.0184737 -0.043272 0.998892 0
0.554559 -0.83186 -0.0217576 140.071 0.831682 0.553189 0.0478301 92.2928 -0.0277519 -0.0446199 0.998618 0
0.55096 -0.834298 -0.0197562 140.527 0.83395 0.549538 0.0503608 92.9522 -0.0311591 -0.0442225 0.998536 0
0.546983 -0.836979 -0.016592 140.98 0.836766 0.546033 0.0408826 93.6112 -0.0251581 -0.0362457 0.999026 0
0.541674 -0.840483 -0.0133124 141.434 0.840424 0.541187 0.0283753 94.2725 -0.0166445 -0.0265582 0.999509 0
0.535786 -0.844219 -0.0150676 141.88 0.844255 0.535366 0.0248482 94.9443 -0.0129107 -0.0260342 0.999578 0
0.52983 -0.847985 -0.0142232 142.32 0.847951 0.529342 0.0278571 95.6273 -0.0160934 -0.0268201 0.999511 0
0.523243 -0.852146 -0.00802259 142.761 0.851933 0.522838 0.029165 96.3172 -0.0206583 -0.0220951 0.999542 0
0.515528 -0.856871 -0.00153482 143.175 0.856541 0.515278 0.028739 97.2152 -0.0238348 -0.0161304 0.999586 0
0.510765 -0.859706 0.00487155 143.622 0.859321 0.510693 0.0275778 97.9048 -0.0261967 -0.00989956 0.999608 0
0.505676 -0.8627 0.00637524 144.063 0.862393 0.505673 0.0239154 98.5993 -0.0238556 -0.00659548 0.999694 0
0.500283 -0.865847 0.00518786 144.497 0.86571 0.500298 0.0157475 99.2987 -0.0162304 -0.003387 0.999863 0
0.494583 -0.869073 0.0099813 144.931 0.869102 0.494627 0.00240879 100.001 -0.00703043 0.00748342 0.999947 0
0.488875 -0.872253 0.013224 145.36 0.872326 0.488924 0.000550725 100.712 -0.00694591 0.0112664 0.999912 0
0.484141 -0.874903 0.0123605 145.777 0.874843 0.48427 0.0114806 101.438 -0.0160303 0.00525525 0.999858 0
0.480074 -0.87717 0.0101247 146.184 0.876813 0.48017 0.0252041 102.172 -0.0269699 -0.00322236 0.999631 0
0.476316 -0.87924 0.00775117 146.586 0.878727 0.476312 0.0310725 102.909 -0.0310122 -0.00798917 0.999487 0
0.474179 -0.880414 0.0050764 146.984 0.880079 0.474145 0.0254407 103.648 -0.0248053 -0.00759582 0.999663 0
0.479702 -0.877378 -0.00963497 147.446 0.877355 0.479487 0.0184313 104.264 -0.0115514 -0.0172948 0.999784 0
0.477897 -0.87827 -0.0160093 147.824 0.8784 0.4777 0.0147027 105.017 -0.00526525 -0.021089 0.999764 0
0.476572 -0.879014 -0.0146005 148.225 0.879118 0.476393 0.0141996 105.761 -0.00552608 -0.0196027 0.999793 0
0.476362 -0.879177 -0.0112387 148.658 0.879176 0.476119 0.0189783 106.519 -0.0113344 -0.0189213 0.999757 0
0.475947 -0.879437 -0.0080711 149.049 0.879253 0.475601 0.0267925 107.277 -0.0197237 -0.0198484 0.999608 0
0.467164 -0.884167 -0.00243545 149.098 0.883867 0.466929 0.0274902 108.308 -0.0231688 -0.014995 0.999619 0
0.465588 -0.885001 -0.000951567 149.509 0.884797 0.465457 0.0220152 109.113 -0.0190405 -0.0110919 0.999757 0
0.463851 -0.885913 -0.000579864 149.939 0.885869 0.463821 0.0103328 109.868 -0.00888501 -0.00530656 0.999946 0
0.461768 -0.886991 0.00415794 150.372 0.887001 0.461763 -0.00216179 110.622 -2.49577e-06 0.00468634 0.999989 0
0.460336 -0.887652 0.0128153 150.777 0.887744 0.460267 -0.00812282 111.466 0.00131177 0.015116 0.999885 0
0.459431 -0.888141 0.0113792 151.201 0.888197 0.459464 0.000330908 112.204 -0.00552223 0.00995495 0.999935 0
0.458119 -0.888847 0.00881496 151.622 0.888792 0.458194 0.010382 112.94 -0.0132669 0.00307849 0.999907 0
0.457272 -0.889299 0.00699518 152.042 0.889209 0.457325 0.0126969 113.672 -0.0144905 0.000414221 0.999895 0
0.456671 -0.889629 0.00339045 152.459 0.889595 0.456683 0.0078775 114.398 -0.00855642 -0.000581294 0.999963 0
0.456597 -0.889669 -0.00274943 152.873 0.889663 0.456574 0.0063146 115.113 -0.00436259 -0.0053293 0.999976 0
0.457589 -0.889014 -0.0163146 153.299 0.889154 0.457422 0.0130495 115.776 -0.00413854 -0.0204775 0.999782 0
0.462591 -0.886569 0.0022636 153.722 0.886411 0.462554 0.0178864 116.424 -0.0169046 -0.00626762 0.999837 0
0.459482 -0.888181 0.00328711 154.127 0.888117 0.459489 0.0108739 117.106 -0.0111684 -0.00207702 0.999935 0
0.454467 -0.890714 -0.00935334 154.451 0.890658 0.454227 0.0201413 117.961 -0.0136916 -0.0174842 0.999753 0
0.454623 -0.890617 -0.0109011 154.827 0.890617 0.454405 0.0178029 118.707 -0.010902 -0.0178023 0.999782 0
0.45575 -0.890027 -0.0120118 155.22 0.890077 0.45558 0.0144768 119.392 -0.00741239 -0.0172892 0.999823 0
0.455836 -0.889927 -0.0156265 155.6 0.89006 0.455713 0.0108891 120.127 -0.00256929 -0.0188721 0.999819 0
0.456708 -0.889503 -0.0142328 155.97 0.889602 0.456549 0.0130996 120.799 -0.00515415 -0.0186442 0.999813 0
0.457563 -0.889067 -0.0140163 156.332 0.889164 0.457414 0.0126165 121.466 -0.00480567 -0.0182357 0.999822 0
0.459071 -0.888289 -0.0140245 156.685 0.88839 0.458935 0.0119376 122.128 -0.00416776 -0.0179394 0.99983 0
0.461033 -0.887268 -0.0142584 157.03 0.887377 0.460912 0.0110648 122.785 -0.00324561 -0.0177538 0.999837 0
0.463449 -0.886002 -0.0147189 157.366 0.886121 0.463345 0.00999926 123.437 -0.00203945 -0.0176768 0.999842 0
0.468238 -0.883469 -0.0153461 157.63 0.883602 0.468156 0.00882777 124.176 -0.000614691 -0.0176934 0.999843 0
0.472119 -0.8814 -0.0154227 157.945 0.881534 0.472025 0.00946513 124.804 -0.00106266 -0.0180643 0.999836 0
0.475119 -0.879791 -0.015123 158.226 0.879921 0.47504 0.0086902 125.434 -0.000461524 -0.0174359 0.999848 0
0.475871 -0.879376 -0.0156686 158.546 0.879515 0.475818 0.00714425 126.028 0.00117291 -0.0171805 0.999852 0
0.477106 -0.878709 -0.0154773 158.863 0.878845 0.477053 0.00718993 126.62 0.00106564 -0.0170325 0.999854 0
0.477866 -0.878267 -0.0170788 159.176 0.878432 0.477802 0.00789123 127.211 0.00122967 -0.0187735 0.999823 0
0.478317 -0.877957 -0.0200793 159.487 0.878186 0.478235 0.00905133 127.801 0.00165595 -0.0219628 0.999757 0
0.480761 -0.876751 -0.0133023 159.729 0.876852 0.480697 0.00783704 128.507 -0.000476732 -0.0154319 0.999881 0
0.488112 -0.872716 -0.0106108 160.05 0.872779 0.4881 0.00387266 129.055 0.00179942 -0.0111512 0.999936 0
0.497223 -0.867507 -0.0141873 160.381 0.867612 0.497232 0.00309763 129.601 0.00436714 -0.0138492 0.999895 0
0.492116 -0.870396 -0.0152803 160.464 0.870517 0.491937 0.0141027 130.68 -0.00475805 -0.0202419 0.999784 0
0.498415 -0.86674 -0.0185558 160.815 0.866937 0.498256 0.0127266 131.202 -0.00178513 -0.0224298 0.999747 0
0.504292 -0.863383 -0.0161339 161.171 0.863522 0.504104 0.0144157 131.721 -0.00431311 -0.0212017 0.999766 0
0.509467 -0.860448 -0.00845714 161.531 0.860423 0.509281 0.0174722 132.235 -0.0107268 -0.0161782 0.999812 0
0.514512 -0.857483 -0.000521675 161.892 0.857354 0.514423 0.0176918 132.746 -0.0149021 -0.00954992 0.999843 0
0.518777 -0.854905 0.00292236 162.25 0.854754 0.518745 0.0173178 133.256 -0.0163211 -0.0064862 0.999846 0
0.520859 -0.853641 0.00183416 162.608 0.853467 0.520795 0.0191446 133.767 -0.0172978 -0.00840624 0.999815 0
0.521564 -0.853211 0.00131677 162.967 0.853016 0.521476 0.0206549 134.283 -0.0183097 -0.00964963 0.999786 0
0.521674 -0.852937 0.0188395 163.367 0.853006 0.52186 0.00651795 134.751 -0.015391 0.01267 0.999801 0
0.52011 -0.854069 -0.00718433 163.784 0.853868 0.519754 0.0276743 135.23 -0.0199017 -0.0205281 0.999591 0
0.519396 -0.854511 -0.00624542 164.171 0.85432 0.519088 0.0261687 135.741 -0.0191196 -0.0189275 0.999638 0
0.51885 -0.854807 -0.00999276 164.543 0.854789 0.518612 0.0194052 136.266 -0.0114053 -0.0186101 0.999762 0
0.517844 -0.855474 -0.00116764 164.906 0.855465 0.51783 0.00565423 136.804 -0.00423241 -0.00392688 0.999983 0
0.515857 -0.855689 -0.0410769 165.272 0.856673 0.515368 0.0225247 137.348 0.00189559 -0.046809 0.998902 0
0.512646 -0.858077 -0.0299666 165.638 0.858598 0.512412 0.0156173 137.905 0.00195439 -0.0337354 0.999429 0
0.508351 -0.860861 -0.0222953 165.995 0.861133 0.508007 0.0194628 138.481 -0.0054286 -0.0290932 0.999562 0
0.499192 -0.866439 -0.00953042 166.295 0.86636 0.498894 0.0229087 139.145 -0.0150943 -0.0196926 0.999692 0
0.492432 -0.870351 0.000762762 166.662 0.869952 0.492233 0.0298426 139.725 -0.026349 -0.0140319 0.999554 0
0.481438 -0.8764 0.0118714 167.03 0.875772 0.481549 0.0336766 140.306 -0.0352309 -0.00581654 0.999362 0
0.502622 -0.864484 0.00622542 167.317 0.863999 0.502561 0.0306339 140.96 -0.0296112 -0.0100185 0.999511 0
0.501113 -0.865382 0.000994095 167.678 0.865074 0.500964 0.0261262 141.541 -0.0231071 -0.0122322 0.999658 0
0.497134 -0.867672 0.0014029 168.044 0.867542 0.497086 0.0166214 142.124 -0.0151193 -0.00704597 0.999861 0
0.514008 -0.857751 0.00771052 168.412 0.857668 0.514065 0.0119424 142.716 -0.0142073 0.000474594 0.999899 0
0.515691 -0.856607 0.0169265 168.78 0.856575 0.515897 0.0114183 143.313 -0.0185133 0.00861048 0.999792 0
0.473955 -0.880222 0.0239988 169.145 0.880293 0.474298 0.0111777 143.913 -0.0212215 0.0158283 0.99965 0
0.475189 -0.879435 0.0281186 169.507 0.879595 0.475609 0.0104223 144.512 -0.0225392 0.0197804 0.99955 0
0.469506 -0.882593 0.0243783 169.824 0.88286 0.469637 -0.000400413 145.172 -0.0110956 0.0217107 0.999703 0
0.490766 -0.870933 0.0249778 170.187 0.871288 0.490643 -0.0112584 145.759 -0.00244989 0.0272881 0.999625 0
0.488733 -0.871995 0.0276613 170.549 0.872386 0.488127 -0.0259831 146.344 0.00915488 0.0368301 0.99928 0
