0.35254 -0.935777 0.00599026 -189.913 0.935644 0.352591 0.0158112 -113.805 -0.0169078 3.06722e-05 0.999857 0
0.352514 -0.935787 0.00598334 -189.911 0.935654 0.352565 0.015823 -113.805 -0.0169165 2.04882e-05 0.999857 0
0.352482 -0.9358 0.00596663 -189.911 0.935666 0.352532 0.0158029 -113.806 -0.0168917 1.25607e-05 0.999857 0
0.35254 -0.935777 0.00597379 -189.909 0.935644 0.352591 0.015816 -113.807 -0.0169066 1.35526e-05 0.999857 0
0.352488 -0.935798 0.00589109 -189.909 0.935665 0.352537 0.0157866 -113.805 -0.0168499 -5.25163e-05 0.999858 0
0.352497 -0.935795 0.00587234 -189.909 0.935662 0.352546 0.0157725 -113.805 -0.01683 -6.52149e-05 0.999858 0
0.35245 -0.935812 0.00583139 -189.91 0.935679 0.352498 0.0157798 -113.807 -0.0168225 -0.000105291 0.999858 0
0.352453 -0.935811 0.00582023 -189.911 0.935678 0.352501 0.0157889 -113.808 -0.0168271 -0.000118999 0.999858 0
0.352415 -0.935826 0.0058131 -189.907 0.935692 0.352463 0.0157978 -113.808 -0.0168329 -0.000128117 0.999858 0
0.352398 -0.935833 0.00578515 -189.905 0.935699 0.352445 0.0157921 -113.803 -0.0168177 -0.000151945 0.999859 0
0.352456 -0.93581 0.00577515 -189.904 0.935677 0.352503 0.0158039 -113.803 -0.0168252 -0.00016651 0.999858 0
0.352453 -0.935812 0.00577456 -189.906 0.935678 0.3525 0.0158185 -113.807 -0.0168387 -0.000172146 0.999858 0
0.352388 -0.935836 0.00576083 -189.902 0.935702 0.352435 0.0158379 -113.806 -0.016852 -0.000190669 0.999858 0
0.35235 -0.935851 0.00572526 -189.904 0.935716 0.352397 0.0158611 -113.804 -0.0168612 -0.000231438 0.999858 0
0.352338 -0.935856 0.00572029 -189.907 0.935721 0.352384 0.0158752 -113.806 -0.0168726 -0.000240828 0.999858 0
0.352297 -0.935871 0.00571842 -189.908 0.935736 0.352343 0.0158876 -113.805 -0.0168836 -0.000246224 0.999857 0
0.35235 -0.935851 0.00572067 -189.907 0.935716 0.352396 0.0158799 -113.807 -0.0168771 -0.000242356 0.999858 0
0.352331 -0.935858 0.00571526 -189.907 0.935723 0.352377 0.0158906 -113.809 -0.0168853 -0.000250857 0.999857 0
0.352321 -0.935862 0.00576033 -189.907 0.935726 0.352368 0.0159138 -113.808 -0.0169229 -0.000216673 0.999857 0
0.352352 -0.93585 0.00574182 -189.903 0.935714 0.352399 0.0159363 -113.804 -0.0169374 -0.000242486 0.999857 0
0.352358 -0.935848 0.00576955 -189.907 0.935713 0.352405 0.0159024 -113.805 -0.0169155 -0.000204698 0.999857 0
0.352347 -0.935851 0.00584468 -189.906 0.935716 0.352396 0.015906 -113.806 -0.0169453 -0.000135481 0.999856 0
0.352379 -0.935839 0.00587777 -189.907 0.935704 0.352428 0.0158898 -113.807 -0.0169418 -9.93926e-05 0.999856 0
0.352422 -0.935823 0.00590439 -189.909 0.935688 0.352471 0.0158647 -113.807 -0.0169277 -6.63968e-05 0.999857 0
0.352374 -0.935841 0.00593686 -189.907 0.935706 0.352424 0.0158626 -113.805 -0.0169372 -3.44142e-05 0.999857 0
0.352394 -0.935833 0.00597998 -189.908 0.935698 0.352445 0.0158626 -113.809 -0.0169523 5.58607e-06 0.999856 0
0.35236 -0.935845 0.00597351 -189.91 0.935711 0.352411 0.0158515 -113.807 -0.0169397 4.03449e-06 0.999857 0
0.352407 -0.935828 0.0060026 -189.904 0.935693 0.352458 0.0158615 -113.807 -0.0169593 2.6905e-05 0.999856 0
0.352391 -0.935833 0.00601575 -189.907 0.935699 0.352443 0.0158619 -113.807 -0.0169643 3.93381e-05 0.999856 0
0.352362 -0.935844 0.00608874 -189.907 0.935709 0.352415 0.0158651 -113.808 -0.016993 0.00010705 0.999856 0
0.35235 -0.935848 0.00611476 -189.907 0.935714 0.352403 0.0158506 -113.809 -0.0169886 0.000136727 0.999856 0
0.352352 -0.935848 0.00611697 -189.906 0.935713 0.352405 0.0158726 -113.808 -0.01701 0.000130976 0.999855 0
0.35231 -0.935863 0.00612785 -189.906 0.935729 0.352363 0.0158537 -113.811 -0.0169961 0.000148604 0.999856 0
0.352258 -0.935883 0.0061376 -189.904 0.935749 0.352312 0.0158052 -113.809 -0.0169542 0.000175725 0.999856 0
0.352254 -0.935884 0.00614043 -189.9 0.935751 0.352308 0.0158065 -113.809 -0.0169564 0.000178001 0.999856 0
0.352254 -0.935884 0.00615072 -189.9 0.93575 0.352307 0.0158315 -113.807 -0.0169834 0.000178841 0.999856 0
0.352265 -0.93588 0.0061322 -189.899 0.935746 0.352318 0.0158273 -113.813 -0.016973 0.00016278 0.999856 0
0.352247 -0.935887 0.00613658 -189.899 0.935754 0.3523 0.0157818 -113.807 -0.0169319 0.000183243 0.999857 0
0.351799 -0.936058 0.00581296 -189.901 0.935923 0.351847 0.015907 -113.807 -0.0169351 -0.000155579 0.999857 0
0.349523 -0.936915 0.00486811 -189.887 0.936781 0.349555 0.0158859 -113.778 -0.0165854 -0.000992136 0.999862 0
0.350549 -0.936524 0.00618488 -189.878 0.936397 0.350603 0.0154166 -113.734 -0.0166065 0.000387221 0.999862 0
0.350868 -0.936405 0.00607262 -189.865 0.936262 0.350921 0.0163803 -113.692 -0.0174696 -6.17839e-05 0.999847 0
0.349429 -0.936947 0.00552196 -189.846 0.936777 0.349471 0.017872 -113.637 -0.0186749 -0.00107214 0.999825 0
0.350263 -0.936626 0.0068916 -189.819 0.93646 0.35033 0.017653 -113.571 -0.0189486 0.0002705 0.99982 0
0.349566 -0.936885 0.00711743 -189.788 0.936735 0.349637 0.0167706 -113.499 -0.0182007 0.000804717 0.999834 0
0.348362 -0.937337 0.00665546 -189.752 0.937201 0.348425 0.0159664 -113.418 -0.0172848 0.000675412 0.99985 0
0.347833 -0.937537 0.00602554 -189.718 0.937427 0.347884 0.0144026 -113.327 -0.0155992 0.000638818 0.999878 0
0.347002 -0.937843 0.00636196 -189.682 0.937727 0.347059 0.0147714 -113.235 -0.0160613 0.000840068 0.999871 0
0.346101 -0.938172 0.00692144 -189.649 0.938072 0.346166 0.0138242 -113.135 -0.0153654 0.00170825 0.99988 0
0.344984 -0.938583 0.00700583 -189.612 0.938483 0.34505 0.0138142 -113.041 -0.0153831 0.00180919 0.99988 0
0.344969 -0.938591 0.0065918 -189.578 0.93845 0.345032 0.0162849 -112.935 -0.0175592 0.000568292 0.999846 0
0.345102 -0.938532 0.00792696 -189.536 0.938374 0.345189 0.0172643 -112.836 -0.0189394 0.00148052 0.99982 0
0.344812 -0.938637 0.00803291 -189.496 0.938462 0.344904 0.0181921 -112.737 -0.0198463 0.00126574 0.999802 0
0.344111 -0.938869 0.010585 -189.459 0.938697 0.344255 0.0183507 -112.64 -0.0208729 0.00362138 0.999776 0
0.343392 -0.939139 0.00997701 -189.421 0.938964 0.343524 0.0184135 -112.547 -0.0207201 0.003045 0.999781 0
0.342547 -0.939454 0.00937067 -189.397 0.939294 0.342664 0.017555 -112.454 -0.0197031 0.00278838 0.999802 0
0.342229 -0.939576 0.0086805 -189.352 0.939418 0.342332 0.0173674 -112.35 -0.0192896 0.002211 0.999811 0
0.341984 -0.939677 0.00733066 -189.319 0.939521 0.342061 0.017184 -112.247 -0.018655 0.00101065 0.999825 0
0.341129 -0.939978 0.00846206 -189.274 0.939816 0.341229 0.0175548 -112.141 -0.0193886 0.00196433 0.99981 0
0.3413 -0.939918 0.00825367 -189.242 0.939742 0.341397 0.0182678 -112.045 -0.019988 0.00152151 0.999799 0
0.340808 -0.940096 0.00832562 -189.197 0.939919 0.340906 0.0183096 -111.941 -0.0200511 0.00158534 0.999798 0
0.341972 -0.939669 0.00885229 -189.155 0.939459 0.342083 0.0198856 -111.838 -0.0217141 0.00151607 0.999763 0
0.341099 -0.93999 0.00840449 -189.108 0.939778 0.341201 0.0200079 -111.735 -0.0216748 0.00107369 0.999765 0
0.34007 -0.940353 0.00938852 -189.077 0.940135 0.340195 0.0203375 -111.634 -0.0223184 0.00191028 0.999749 0
0.339765 -0.940473 0.0083478 -189.033 0.940253 0.339866 0.0203895 -111.526 -0.0220129 0.000921415 0.999757 0
0.338852 -0.940813 0.00710295 -188.982 0.940628 0.338927 0.0186296 -111.414 -0.0199343 0.000368553 0.999801 0
0.33844 -0.940952 0.00819074 -188.933 0.940789 0.338535 0.0176082 -111.303 -0.0193413 0.00174645 0.999811 0
0.337939 -0.941121 0.00942517 -188.888 0.940977 0.338055 0.0167407 -111.184 -0.0189413 0.00321153 0.999815 0
0.337399 -0.941305 0.0103753 -188.85 0.941174 0.337532 0.0162588 -111.08 -0.0188065 0.00427922 0.999814 0
0.338257 -0.941011 0.00897504 -188.805 0.940843 0.338368 0.0179524 -110.967 -0.0199302 0.00237159 0.999799 0
0.338237 -0.941003 0.0104546 -188.764 0.940828 0.33838 0.0185093 -110.859 -0.0209549 0.00357545 0.999774 0
0.337687 -0.941191 0.0112336 -188.717 0.941031 0.337844 0.0179481 -110.744 -0.0206878 0.00451036 0.999776 0
0.337111 -0.941401 0.0109494 -188.678 0.941259 0.337258 0.0169674 -110.628 -0.0196659 0.00458633 0.999796 0
0.336427 -0.941655 0.0101887 -188.632 0.941518 0.336557 0.0165397 -110.508 -0.0190037 0.00402849 0.999811 0
0.336 -0.941795 0.0112473 -188.59 0.941694 0.336142 0.0148861 -110.402 -0.0178003 0.00558979 0.999826 0
0.336101 -0.941759 0.0112377 -188.552 0.941653 0.336244 0.0151634 -110.288 -0.0180589 0.00548556 0.999822 0
0.335764 -0.941881 0.0111038 -188.514 0.941772 0.335905 0.0152369 -110.167 -0.0180811 0.00534122 0.999822 0
0.336598 -0.941583 0.01108 -188.458 0.941447 0.336746 0.0167408 -110.06 -0.019494 0.00479632 0.999798 0
0.336912 -0.941472 0.0109575 -188.42 0.941344 0.337056 0.0162857 -109.937 -0.0190258 0.00482794 0.999807 0
0.336888 -0.941484 0.0106618 -188.376 0.941315 0.337035 0.0182864 -109.819 -0.0208097 0.00387567 0.999776 0
0.335998 -0.94179 0.0117141 -188.326 0.941635 0.336165 0.0178249 -109.7 -0.0207252 0.00504132 0.999772 0
0.334499 -0.942327 0.0113726 -188.226 0.942211 0.334648 0.0157669 -109.456 -0.0186634 0.00544135 0.999811 0
0.334788 -0.942236 0.0104074 -188.181 0.942127 0.334916 0.015116 -109.34 -0.0177285 0.00474447 0.999832 0
0.335003 -0.942132 0.0126675 -188.13 0.942042 0.33517 0.0147808 -109.219 -0.0181712 0.00698169 0.999811 0
0.335581 -0.941925 0.012785 -188.086 0.941806 0.33576 0.016345 -109.097 -0.0196885 0.00655592 0.999785 0
0.335705 -0.94184 0.0154634 -188.038 0.941779 0.335921 0.014472 -108.975 -0.0188248 0.00970478 0.999776 0
0.336317 -0.941599 0.0168212 -187.996 0.941568 0.336549 0.0136042 -108.835 -0.0184709 0.011263 0.999766 0
0.335995 -0.941708 0.0171332 -187.948 0.941709 0.336214 0.0120171 -108.713 -0.0170771 0.0120968 0.999781 0
0.336421 -0.941552 0.0173506 -187.89 0.941562 0.336639 0.0116456 -108.594 -0.0168059 0.0124189 0.999782 0
0.336555 -0.941553 0.0144743 -187.842 0.941562 0.336704 0.0094967 -108.468 -0.0138152 0.0104323 0.99985 0
0.336336 -0.941622 0.0150289 -187.794 0.941672 0.336463 0.00678797 -108.355 -0.0114484 0.0118693 0.999864 0
0.336426 -0.941621 0.0129381 -187.747 0.941651 0.336527 0.00656058 -108.227 -0.0105316 0.00997602 0.999895 0
0.337361 -0.941274 0.0137749 -187.691 0.941325 0.337459 0.00541983 -108.092 -0.00975001 0.0111382 0.99989 0
0.336436 -0.941642 0.011028 -187.646 0.94167 0.336502 0.00482679 -107.968 -0.00825607 0.00876086 0.999928 0
0.337038 -0.941407 0.0125787 -187.605 0.941444 0.337125 0.00554688 -107.839 -0.00946245 0.0099726 0.999906 0
0.336805 -0.941517 0.0103627 -187.55 0.941558 0.336844 0.00213623 -107.714 -0.00550189 0.00903754 0.999944 0
0.336851 -0.941521 0.00835445 -187.502 0.941555 0.33686 -0.000409734 -107.584 -0.0024285 0.00800419 0.999965 0
0.336635 -0.941599 0.00822622 -187.446 0.941635 0.336617 -0.00349408 -107.446 0.000520942 0.00892233 0.99996 0
0.336885 -0.941515 0.00757929 -187.396 0.941542 0.33685 -0.00547552 -107.323 0.0026022 0.00898084 0.999956 0
0.337027 -0.94147 0.00690093 -187.35 0.941486 0.336982 -0.00691631 -107.203 0.00418601 0.00882811 0.999952 0
0.337723 -0.941221 0.00687588 -187.303 0.941236 0.337677 -0.0070439 -107.069 0.00430804 0.00885071 0.999952 0
0.336923 -0.941504 0.00733821 -187.248 0.941517 0.336863 -0.00832424 -106.939 0.00536533 0.00971368 0.999938 0
0.337305 -0.941349 0.00933636 -187.203 0.941361 0.33719 -0.0119579 -106.81 0.00810841 0.0128223 0.999885 0
0.337059 -0.94145 0.00795971 -187.139 0.941433 0.336942 -0.0131773 -106.671 0.00972379 0.0119351 0.999882 0
0.336078 -0.941786 0.00951722 -187.098 0.941781 0.335934 -0.0140217 -106.55 0.0100083 0.0136755 0.999856 0
0.335991 -0.941831 0.00798813 -187.051 0.941774 0.335828 -0.0167911 -106.423 0.0131317 0.0131647 0.999827 0
0.337713 -0.941232 0.00564761 -187.004 0.941194 0.337623 -0.0127958 -106.299 0.0101371 0.00963683 0.999902 0
0.33713 -0.941449 0.00406342 -186.958 0.941363 0.337032 -0.0156254 -106.182 0.0133411 0.00909297 0.99987 0
0.339362 -0.940636 0.0062013 -186.896 0.940621 0.339285 -0.0108107 -106.046 0.00806493 0.00950181 0.999922 0
0.33887 -0.940784 0.00965367 -186.848 0.940786 0.338732 -0.0135332 -105.913 0.00946183 0.013668 0.999862 0
0.339099 -0.94072 0.00762774 -186.808 0.940691 0.338975 -0.0139881 -105.793 0.0105732 0.0119187 0.999873 0
0.339167 -0.940673 0.00994759 -186.764 0.940649 0.338986 -0.0163546 -105.665 0.0120123 0.0149042 0.999817 0
0.3387 -0.940859 0.00813677 -186.718 0.940838 0.338573 -0.0138301 -105.529 0.0102573 0.0123396 0.999871 0
0.339301 -0.940649 0.00732346 -186.663 0.940618 0.339182 -0.0138916 -105.406 0.0105831 0.011602 0.999877 0
0.340952 -0.940063 0.00574442 -186.569 0.940031 0.340865 -0.012356 -105.141 0.00965738 0.00961274 0.999907 0
0.338549 -0.940914 0.00812021 -186.505 0.940912 0.338446 -0.0118133 -105 0.00836703 0.0116398 0.999897 0
0.338531 -0.940933 0.00642359 -186.44 0.940909 0.338438 -0.0122836 -104.859 0.00938407 0.0102024 0.999904 0
0.338265 -0.941036 0.0052582 -186.392 0.940962 0.33815 -0.0156666 -104.703 0.0129648 0.0102472 0.999863 0
0.339155 -0.940715 0.00545731 -186.318 0.940667 0.339059 -0.013579 -104.552 0.0109236 0.0097389 0.999893 0
0.338979 -0.940779 0.00533212 -186.264 0.94074 0.338893 -0.012602 -104.402 0.0100487 0.00928795 0.999906 0
0.339789 -0.940492 0.00417413 -186.215 0.940457 0.339727 -0.0112203 -104.249 0.00913458 0.00773814 0.999928 0
0.339046 -0.940759 0.00447682 -186.15 0.940742 0.338996 -0.0092648 -104.098 0.00719832 0.00735273 0.999947 0
0.339167 -0.940724 0.00203478 -186.1 0.940677 0.339127 -0.0109651 -103.945 0.00962507 0.00563307 0.999938 0
0.339078 -0.940754 0.00269077 -186.031 0.940697 0.339022 -0.0123456 -103.792 0.010702 0.00671733 0.99992 0
0.33875 -0.940875 0.00138169 -185.971 0.940819 0.338713 -0.0115736 -103.633 0.0104213 0.00522047 0.999932 0
0.338732 -0.94088 0.00224941 -185.917 0.940828 0.338685 -0.0116001 -103.481 0.0101524 0.00604562 0.99993 0
0.339302 -0.940676 0.00132674 -185.845 0.940632 0.339271 -0.0103551 -103.314 0.0092907 0.00476149 0.999946 0
0.339149 -0.940725 0.00376589 -185.796 0.940692 0.339094 -0.0107113 -103.153 0.00879938 0.00717526 0.999936 0
0.33862 -0.940908 0.00525436 -185.674 0.940863 0.33853 -0.013197 -102.841 0.0106384 0.00941241 0.999899 0
0.338721 -0.940859 0.00716589 -185.611 0.940833 0.33861 -0.013301 -102.689 0.0100879 0.0112472 0.999886 0
0.339495 -0.94058 0.00727397 -185.546 0.940566 0.339397 -0.0120244 -102.536 0.00884111 0.0109239 0.999901 0
0.34066 -0.940152 0.00810538 -185.493 0.94014 0.340545 -0.0128522 -102.371 0.00932277 0.0119984 0.999885 0
0.340474 -0.940222 0.00773436 -185.431 0.940228 0.340392 -0.010285 -102.219 0.00703749 0.0107738 0.999917 0
0.340648 -0.940153 0.0084357 -185.37 0.940137 0.340518 -0.01379 -102.07 0.0100922 0.0126282 0.999869 0
0.340869 -0.940095 0.00550428 -185.303 0.940039 0.340764 -0.0143822 -101.908 0.0116449 0.0100767 0.999881 0
0.3401 -0.940363 0.00697064 -185.25 0.940302 0.339958 -0.0161139 -101.758 0.0127832 0.0120348 0.999846 0
0.34088 -0.940072 0.00804069 -185.192 0.940014 0.340714 -0.0169466 -101.606 0.0131915 0.0133351 0.999824 0
0.341348 -0.939903 0.00800085 -185.127 0.939862 0.341202 -0.0154912 -101.442 0.0118303 0.0128076 0.999848 0
0.34072 -0.940097 0.0113204 -185.075 0.940094 0.340521 -0.0163981 -101.283 0.011561 0.0162294 0.999801 0
0.341362 -0.939886 0.00925331 -185.012 0.939845 0.341179 -0.0169967 -101.14 0.012818 0.0144987 0.999813 0
0.341088 -0.939991 0.00872929 -184.951 0.939951 0.340923 -0.0162128 -100.989 0.0122639 0.0137351 0.99983 0
0.340456 -0.940236 0.00678054 -184.878 0.940153 0.340298 -0.0175983 -100.843 0.0142391 0.0123662 0.999822 0
0.341908 -0.939707 0.00707007 -184.837 0.939635 0.341755 -0.0170068 -100.684 0.0135652 0.0124581 0.99983 0
0.341349 -0.93992 0.00556176 -184.771 0.939842 0.341225 -0.0161901 -100.533 0.0133196 0.0107537 0.999853 0
0.341489 -0.939849 0.00835282 -184.705 0.939819 0.341345 -0.0149326 -100.375 0.0111832 0.0129495 0.999854 0
0.340587 -0.940185 0.00725426 -184.646 0.940116 0.340431 -0.0169884 -100.227 0.0135026 0.0126059 0.999829 0
0.341201 -0.939956 0.00799025 -184.586 0.939902 0.34104 -0.0166206 -100.073 0.0128976 0.013181 0.99983 0
0.340743 -0.940123 0.00791444 -184.533 0.940041 0.340558 -0.0185089 -99.9258 0.0147054 0.0137467 0.999797 0
0.341943 -0.939684 0.00832659 -184.469 0.939627 0.34177 -0.0171452 -99.7746 0.0132652 0.0136866 0.999818 0
0.342253 -0.939585 0.00657399 -184.41 0.939522 0.342119 -0.0159004 -99.6241 0.0126907 0.0116184 0.999852 0
0.342114 -0.939635 0.00665294 -184.35 0.939578 0.341983 -0.0155145 -99.481 0.0123028 0.0115587 0.999857 0
0.34257 -0.939461 0.0077476 -184.279 0.939401 0.342409 -0.0167823 -99.3203 0.0131134 0.0130272 0.999829 0
0.343667 -0.939079 0.00479103 -184.237 0.93896 0.343529 -0.0185165 -99.1604 0.0157426 0.0108621 0.999817 0
0.342725 -0.939415 0.00626592 -184.178 0.939327 0.342576 -0.0174783 -99.013 0.0142728 0.011876 0.999828 0
0.341699 -0.9398 0.00410652 -184.123 0.939662 0.341565 -0.0191985 -98.8731 0.0166401 0.0104188 0.999807 0
0.343251 -0.939242 0.00210788 -184.059 0.939093 0.343154 -0.0187155 -98.7106 0.0168551 0.00840362 0.999823 0
0.345015 -0.93857 0.0071095 -184.001 0.938493 0.344853 -0.0175367 -98.5467 0.0140077 0.0127226 0.999821 0
0.34419 -0.938864 0.00819575 -183.944 0.93879 0.344004 -0.0183009 -98.4029 0.0143627 0.0139931 0.999799 0
0.344279 -0.938846 0.00632633 -183.884 0.938736 0.344109 -0.0190851 -98.2507 0.0157411 0.0125094 0.999798 0
0.34374 -0.93905 0.00523193 -183.82 0.938927 0.343589 -0.0190274 -98.0977 0.0160701 0.0114529 0.999805 0
0.343347 -0.939197 0.00471715 -183.757 0.939038 0.343185 -0.0207686 -97.9481 0.0178869 0.0115604 0.999773 0
0.344596 -0.938734 0.0057031 -183.707 0.938585 0.344414 -0.0208962 -97.798 0.0176517 0.0125536 0.999765 0
0.345873 -0.938268 0.00490949 -183.638 0.938152 0.345733 -0.0184307 -97.6348 0.0155955 0.0109805 0.999818 0
0.344876 -0.938618 0.00750768 -183.585 0.938542 0.344706 -0.0177623 -97.488 0.0140841 0.0131721 0.999814 0
0.344231 -0.938885 0.000813589 -183.515 0.938713 0.344151 -0.0194498 -97.3352 0.0179811 0.00745894 0.999811 0
0.344967 -0.938595 0.0060825 -183.465 0.938473 0.344794 -0.0196548 -97.1764 0.0163507 0.0124885 0.999788 0
0.344563 -0.938744 0.00597528 -183.412 0.938606 0.344381 -0.0204913 -97.0294 0.0171783 0.012669 0.999772 0
0.344868 -0.938621 0.00753007 -183.351 0.938505 0.344662 -0.0203857 -96.8832 0.0165391 0.0140974 0.999764 0
0.345741 -0.93831 0.00617539 -183.294 0.938214 0.345587 -0.0179899 -96.7244 0.014746 0.0120137 0.999819 0
0.345313 -0.938461 0.00706363 -183.225 0.938366 0.345137 -0.0187151 -96.5753 0.0151255 0.0130908 0.9998 0
0.345243 -0.938493 0.00612298 -183.173 0.938368 0.345067 -0.019864 -96.4257 0.0165294 0.0126035 0.999784 0
0.346199 -0.938146 0.00530255 -183.113 0.938014 0.346039 -0.0196694 -96.2664 0.0166178 0.0117834 0.999792 0
0.345206 -0.938501 0.00694655 -183.042 0.938369 0.345002 -0.0209187 -96.1246 0.0172357 0.0137397 0.999757 0
0.346419 -0.938068 0.00473054 -182.991 0.937918 0.346261 -0.020299 -95.9698 0.0174039 0.0114688 0.999783 0
0.347029 -0.93784 0.00515737 -182.943 0.937716 0.346879 -0.0190577 -95.8106 0.0160841 0.0114497 0.999805 0
0.34663 -0.937977 0.0068434 -182.88 0.937858 0.34644 -0.0200411 -95.6695 0.0164273 0.013365 0.999776 0
0.3474 -0.937697 0.00608254 -182.816 0.937532 0.347195 -0.0221071 -95.5121 0.0186179 0.0133826 0.999737 0
0.347364 -0.937709 0.00637155 -182.745 0.937552 0.347157 -0.0218842 -95.3629 0.0183091 0.0135754 0.99974 0
0.347156 -0.937803 0.00295438 -182.696 0.937583 0.347003 -0.0229461 -95.2095 0.0204937 0.0107359 0.999732 0
0.346787 -0.937937 0.00368521 -182.628 0.937741 0.346628 -0.0221562 -95.0627 0.0195037 0.0111393 0.999748 0
0.347516 -0.937671 0.00235765 -182.566 0.937507 0.347406 -0.0197362 -94.9051 0.017687 0.00906898 0.999802 0
0.346992 -0.937864 0.0027044 -182.444 0.937704 0.346876 -0.0197196 -94.6142 0.0175563 0.00937849 0.999802 0
0.347716 -0.937593 0.0035008 -182.39 0.937441 0.347586 -0.0196873 -94.4473 0.0172419 0.0101274 0.9998 0
0.346413 -0.93805 0.00780407 -182.345 0.937941 0.346205 -0.020212 -94.3004 0.0162581 0.0143215 0.999765 0
0.346897 -0.937888 0.0053174 -182.275 0.937739 0.346725 -0.0206824 -94.1548 0.0175541 0.012161 0.999772 0
0.347457 -0.937678 0.00586623 -182.214 0.937547 0.347283 -0.019985 -93.9882 0.0167023 0.0124438 0.999783 0
0.348821 -0.937163 0.00709149 -182.151 0.937086 0.34866 -0.0174841 -93.8263 0.0139129 0.0127442 0.999822 0
0.347296 -0.937646 0.0143304 -182.101 0.937676 0.347026 -0.018366 -93.6775 0.0122478 0.0198157 0.999729 0
0.348469 -0.9373 0.00618258 -182.036 0.937189 0.348303 -0.019028 -93.5366 0.0156816 0.0124249 0.9998 0
0.347712 -0.9376 0.00178843 -181.968 0.9374 0.347598 -0.0213738 -93.3759 0.0194184 0.0091084 0.99977 0
0.348461 -0.937319 0.00298247 -181.924 0.937206 0.348365 -0.0169415 -93.2204 0.0148406 0.00869863 0.999852 0
0.349236 -0.937034 0.00100332 -181.86 0.936876 0.349157 -0.0187617 -93.0632 0.01723 0.00749224 0.999824 0
0.348668 -0.937243 0.00230813 -181.802 0.937109 0.348574 -0.0179687 -92.9105 0.0160365 0.0084281 0.999836 0
0.348223 -0.937407 0.00291622 -181.749 0.937283 0.348122 -0.0176771 -92.7654 0.0155555 0.00888892 0.999839 0
0.348471 -0.937304 0.00535995 -181.688 0.937159 0.3483 -0.0204875 -92.6108 0.0173361 0.0121624 0.999776 0
0.348712 -0.937226 0.0029021 -181.623 0.937066 0.348591 -0.0197758 -92.4579 0.0175227 0.00961551 0.9998 0
0.348757 -0.937201 0.00469892 -181.57 0.937051 0.348598 -0.0203714 -92.309 0.017454 0.0115078 0.999781 0
0.350058 -0.936728 3.83519e-06 -181.509 0.936592 0.350007 -0.0170273 -92.1605 0.0159486 0.00596412 0.999855 0
0.350397 -0.936595 0.00328297 -181.443 0.93648 0.350293 -0.0172928 -91.995 0.0150464 0.0091338 0.999845 0
0.35005 -0.936728 0.00238719 -181.384 0.936619 0.349968 -0.0163288 -91.8456 0.0144602 0.00795177 0.999864 0
0.349631 -0.936882 0.00311791 -181.326 0.93675 0.349521 -0.0182836 -91.6873 0.0160398 0.00931322 0.999828 0
0.35007 -0.936719 0.00273907 -181.265 0.936577 0.349962 -0.0186923 -91.5443 0.0165509 0.00910898 0.999822 0
0.350941 -0.93639 0.00385225 -181.204 0.936249 0.350809 -0.0192565 -91.3905 0.0166801 0.0103645 0.999807 0
0.351321 -0.936242 0.00486657 -181.148 0.936112 0.351172 -0.0192894 -91.2433 0.0163506 0.0113324 0.999802 0
0.35226 -0.935898 0.00263552 -181.098 0.935745 0.352148 -0.0193125 -91.0791 0.0171464 0.0092692 0.99981 0
0.351424 -0.936205 0.00460546 -181.04 0.936075 0.351281 -0.019114 -90.9281 0.0162768 0.0110282 0.999807 0
0.350957 -0.93639 0.00174707 -180.979 0.936198 0.350846 -0.0209714 -90.7735 0.0190244 0.00899566 0.999779 0
0.350525 -0.936531 0.00642344 -180.917 0.936366 0.350309 -0.022406 -90.632 0.0187337 0.0138685 0.999728 0
0.351413 -0.93622 0.00140284 -180.847 0.936011 0.351302 -0.0216795 -90.4786 0.019804 0.00893153 0.999764 0
0.352464 -0.935821 0.00277918 -180.8 0.935684 0.352358 -0.0184132 -90.3145 0.0162522 0.00909044 0.999827 0
0.353645 -0.935376 0.00258089 -180.734 0.935238 0.353542 -0.0183735 -90.1785 0.0162737 0.00891145 0.999828 0
0.353187 -0.935532 0.00628658 -180.673 0.935437 0.35303 -0.0180764 -90.0198 0.0146917 0.012265 0.999817 0
0.352881 -0.935641 0.00716663 -180.608 0.93554 0.352696 -0.019257 -89.8734 0.01549 0.0135001 0.999789 0
0.352278 -0.935872 0.00654826 -180.552 0.935762 0.352101 -0.0193479 -89.7222 0.0158015 0.0129435 0.999791 0
0.351803 -0.936051 0.00655286 -180.489 0.935941 0.351627 -0.0193058 -89.5766 0.0157671 0.0129249 0.999792 0
0.352708 -0.93571 0.00669591 -180.438 0.935595 0.352523 -0.0197121 -89.4243 0.0160844 0.0132173 0.999783 0
0.354077 -0.935206 0.00436787 -180.381 0.935099 0.353954 -0.0175149 -89.2669 0.0148341 0.010286 0.999837 0
0.353963 -0.93524 0.00602684 -180.32 0.93517 0.353833 -0.0161353 -89.1112 0.0129579 0.0113474 0.999852 0
0.353773 -0.935318 0.0049483 -180.262 0.935212 0.353638 -0.0178669 -88.9644 0.0149613 0.0109485 0.999828 0
0.353379 -0.935465 0.00530949 -180.202 0.935357 0.353235 -0.0182293 -88.8069 0.0151773 0.0114081 0.99982 0
0.353569 -0.935398 0.00428946 -180.141 0.935277 0.353439 -0.0183562 -88.6699 0.0156543 0.010502 0.999822 0
0.354693 -0.934975 0.00392708 -180.072 0.934864 0.354577 -0.0174648 -88.5183 0.0149367 0.00986593 0.99984 0
0.355978 -0.934473 0.00638978 -179.955 0.934405 0.35584 -0.0162987 -88.2089 0.012957 0.0117726 0.999847 0
0.354312 -0.935075 0.00984248 -179.897 0.935014 0.354087 -0.0192589 -88.061 0.0145234 0.0160265 0.999766 0
0.354604 -0.935005 0.00468465 -179.84 0.934897 0.354474 -0.0177523 -87.9134 0.0149379 0.0106747 0.999831 0
0.353999 -0.935232 0.0050475 -179.772 0.93511 0.35385 -0.0189811 -87.7707 0.0159657 0.0114393 0.999807 0
0.354296 -0.935126 0.00358085 -179.721 0.934977 0.354164 -0.0196223 -87.6228 0.0170811 0.0103001 0.999801 0
0.355311 -0.934736 0.00479104 -179.66 0.934609 0.355165 -0.0190913 -87.479 0.0161437 0.0112611 0.999806 0
0.356204 -0.934396 0.00472825 -179.605 0.93427 0.356059 -0.0189999 -87.3305 0.0160699 0.0111853 0.999808 0
0.355997 -0.934467 0.00616702 -179.537 0.934362 0.355834 -0.0186878 -87.1791 0.0152687 0.012415 0.999806 0
0.35639 -0.934323 0.00513042 -179.483 0.934195 0.356234 -0.0193964 -87.0308 0.0162949 0.0117055 0.999799 0
0.354638 -0.934967 0.00828872 -179.432 0.934854 0.354409 -0.0210366 -86.8871 0.0167309 0.0152091 0.999744 0
0.354557 -0.935005 0.00739516 -179.382 0.934897 0.354357 -0.0199689 -86.7413 0.0160505 0.0139938 0.999773 0
0.354998 -0.934848 0.00597149 -179.324 0.934716 0.354819 -0.0202181 -86.5934 0.016782 0.012759 0.999778 0
0.356346 -0.934349 0.00312204 -179.267 0.934227 0.35624 -0.0176974 -86.4452 0.0154234 0.00922308 0.999839 0
0.356069 -0.934456 0.0028283 -179.212 0.934353 0.35598 -0.0162045 -86.2906 0.0141356 0.00841254 0.999865 0
0.355523 -0.934662 0.00308036 -179.151 0.934562 0.355432 -0.0161849 -86.1453 0.0140326 0.00863291 0.999864 0
0.354357 -0.93511 0.000182201 -179.086 0.934987 0.354307 -0.016327 -85.994 0.015203 0.00595593 0.999867 0
0.354145 -0.935189 0.00149396 -179.035 0.935061 0.354069 -0.0172206 -85.8461 0.0155756 0.00749555 0.999851 0
0.355309 -0.934748 0.00101051 -178.983 0.934637 0.355249 -0.0158774 -85.6936 0.0144824 0.00658584 0.999873 0
0.355603 -0.934628 0.00425929 -178.923 0.934552 0.355505 -0.0151529 -85.5449 0.0126482 0.00936895 0.999876 0
0.359614 -0.9331 0.00139153 -178.858 0.933033 0.359569 -0.0126028 -85.394 0.0112593 0.00583049 0.99992 0
0.364015 -0.931388 0.00302664 -178.795 0.931321 0.363945 -0.0135762 -85.2511 0.0115432 0.00776073 0.999903 0
0.373092 -0.927794 0.000868524 -178.734 0.927719 0.373049 -0.0130651 -85.0947 0.0117977 0.00568023 0.999914 0
0.379259 -0.925289 0.00145094 -178.669 0.925191 0.379195 -0.0152803 -84.956 0.0135885 0.0071376 0.999882 0
0.386149 -0.922436 0.00120746 -178.611 0.922352 0.386095 -0.0140573 -84.8148 0.0125007 0.00654189 0.9999 0
0.392936 -0.919565 0.00154303 -178.535 0.919496 0.392885 -0.0130001 -84.6718 0.0113482 0.006527 0.999914 0
0.396812 -0.91789 0.00425715 -178.471 0.917838 0.396726 -0.0135002 -84.525 0.0107027 0.00926439 0.9999 0
0.40229 -0.915503 0.00415498 -178.408 0.915445 0.402201 -0.0139738 -84.3774 0.0111219 0.00942516 0.999894 0
0.406447 -0.913668 0.00351464 -178.337 0.913617 0.406375 -0.0128044 -84.2335 0.0102707 0.00841533 0.999912 0
0.41157 -0.911345 0.00777483 -178.267 0.911326 0.411441 -0.0141808 -84.0842 0.00972471 0.0129218 0.999869 0
0.413626 -0.910406 0.00862787 -178.197 0.910379 0.413461 -0.0161036 -83.9516 0.0110935 0.0145155 0.999833 0
0.416595 -0.909037 0.0100627 -178.125 0.909041 0.416428 -0.015233 -83.8064 0.00965696 0.0154934 0.999833 0
0.419314 -0.907785 0.0101319 -178.07 0.90781 0.41918 -0.0129883 -83.6665 0.00754348 0.014644 0.999864 0
0.420195 -0.907398 0.00804934 -178.004 0.907402 0.42009 -0.0120477 -83.5144 0.00755058 0.0123664 0.999895 0
0.419097 -0.907878 0.010771 -177.931 0.907891 0.418919 -0.01549 -83.3792 0.00955088 0.0162707 0.999822 0
0.421062 -0.906984 0.00935896 -177.86 0.906978 0.420901 -0.015268 -83.2379 0.00990863 0.0149171 0.99984 0
0.421099 -0.906931 0.0123297 -177.725 0.906934 0.420841 -0.0190797 -82.9451 0.0121151 0.0192167 0.999742 0
0.422681 -0.906185 0.0130144 -177.657 0.906202 0.422415 -0.0190958 -82.8106 0.0118069 0.0198651 0.999733 0
0.424651 -0.905312 0.00901728 -177.587 0.905289 0.424474 -0.0165503 -82.6744 0.0111556 0.0151913 0.999822 0
0.423109 -0.90606 0.00583456 -177.516 0.905981 0.422959 -0.0174453 -82.5363 0.0133387 0.0126672 0.999831 0
0.422885 -0.906182 0.00122911 -177.444 0.906069 0.42281 -0.0164734 -82.4004 0.0144082 0.00808002 0.999864 0
0.423175 -0.906048 -0.000258081 -177.381 0.90592 0.42312 -0.0166695 -82.2699 0.0152126 0.00682032 0.999861 0
0.424443 -0.905453 -0.00152652 -177.322 0.905279 0.424393 -0.0189809 -82.1245 0.0178342 0.0066744 0.999819 0
0.424174 -0.905578 0.00218376 -177.252 0.905434 0.42406 -0.019012 -81.986 0.0162908 0.0100416 0.999817 0
0.426803 -0.904343 -0.00188419 -177.184 0.904212 0.426775 -0.0162464 -81.8409 0.0154965 0.00523032 0.999866 0
0.426271 -0.904593 0.00203853 -177.122 0.904497 0.426191 -0.01569 -81.6993 0.0133243 0.00853204 0.999875 0
0.425914 -0.904745 0.00584406 -177.045 0.904648 0.425747 -0.0187684 -81.5603 0.0144926 0.0132806 0.999807 0
0.426656 -0.90441 0.00274861 -176.978 0.904264 0.426527 -0.0195206 -81.4202 0.0164823 0.0108141 0.999806 0
0.426434 -0.904498 0.006128 -176.914 0.904385 0.426244 -0.02009 -81.2747 0.0155594 0.0141091 0.999779 0
0.426104 -0.904658 0.00545587 -176.84 0.904552 0.42594 -0.018998 -81.1339 0.0148628 0.0130302 0.999805 0
0.42783 -0.903856 0.00231769 -176.776 0.903722 0.427719 -0.018528 -80.9942 0.0157553 0.0100214 0.999826 0
0.428673 -0.903456 0.00249827 -176.713 0.903356 0.428581 -0.0162864 -80.849 0.0136434 0.00923839 0.999864 0
0.427382 -0.904069 0.00191627 -176.639 0.903968 0.427301 -0.0159677 -80.7083 0.013617 0.00855654 0.999871 0
0.426226 -0.904594 0.00637592 -176.582 0.904503 0.42605 -0.0188624 -80.5752 0.0143464 0.0138067 0.999802 0
0.420358 -0.907334 0.0067081 -176.524 0.907223 0.420155 -0.0204044 -80.4431 0.0156951 0.0146629 0.999769 0
0.413361 -0.91055 0.00560196 -176.45 0.910428 0.413183 -0.0200134 -80.3081 0.0159085 0.0133729 0.999784 0
0.412121 -0.911113 0.00549177 -176.401 0.911021 0.411971 -0.017927 -80.186 0.014071 0.0123912 0.999824 0
0.411275 -0.911511 0.00108945 -176.335 0.911401 0.411206 -0.0160298 -80.0289 0.0141633 0.00758557 0.999871 0
0.410939 -0.911651 0.00474304 -176.274 0.911588 0.410832 -0.0149822 -79.8904 0.01171 0.0104805 0.999876 0
0.409538 -0.912289 0.0028896 -176.207 0.912204 0.409451 -0.015319 -79.7552 0.0127922 0.00890961 0.999878 0
0.409536 -0.912292 0.00166555 -176.154 0.912172 0.409452 -0.0170591 -79.625 0.014881 0.00850561 0.999853 0
0.410171 -0.912007 0.00182757 -176.086 0.911885 0.410082 -0.0172424 -79.4775 0.0149757 0.00873887 0.99985 0
0.409584 -0.912261 0.00457459 -176.027 0.912145 0.409438 -0.0187612 -79.343 0.0152421 0.011857 0.999814 0
0.410703 -0.911769 -0.000545153 -175.968 0.911693 0.410676 -0.0126667 -79.2192 0.0117729 0.00470522 0.99992 0
0.412585 -0.910917 0.00185298 -175.899 0.910835 0.412518 -0.0144348 -79.0716 0.0123845 0.00764333 0.999894 0
0.411929 -0.911204 0.00461754 -175.833 0.911152 0.411834 -0.0139601 -78.9242 0.0108188 0.00995783 0.999892 0
0.412202 -0.911057 0.00800388 -175.774 0.911028 0.412052 -0.0155272 -78.7908 0.0108481 0.0136921 0.999847 0
0.411703 -0.911302 0.00539754 -175.709 0.911233 0.411576 -0.0161049 -78.6586 0.012455 0.0115489 0.999856 0
0.412434 -0.910936 0.00967781 -175.636 0.910894 0.412217 -0.0186658 -78.5169 0.013014 0.0165139 0.999779 0
0.412193 -0.911048 0.00940942 -175.575 0.911015 0.411995 -0.0176672 -78.3812 0.012219 0.0158544 0.9998 0
0.414328 -0.910028 0.0134375 -175.511 0.910044 0.414045 -0.0196515 -78.2294 0.0123197 0.0203709 0.999717 0
0.41487 -0.909805 0.0117118 -175.446 0.909808 0.414639 -0.0180138 -78.0827 0.0115329 0.0181289 0.999769 0
0.413716 -0.91033 0.0117802 -175.381 0.910301 0.413436 -0.0205813 -77.9496 0.0138654 0.0192383 0.999719 0
0.413064 -0.910694 0.00376548 -175.252 0.910561 0.412925 -0.0192666 -77.6762 0.0159911 0.011387 0.999807 0
0.410835 -0.911702 0.00388216 -175.2 0.911571 0.410694 -0.0192085 -77.5434 0.015918 0.0114304 0.999808 0
0.413433 -0.910534 -0.00118048 -175.135 0.910418 0.413401 -0.0154307 -77.393 0.0145382 0.00530485 0.99988 0
0.414962 -0.909836 0.00227343 -175.075 0.909704 0.414857 -0.0182202 -77.2309 0.0156342 0.00962884 0.999831 0
0.415873 -0.909413 0.00416172 -174.998 0.909319 0.415753 -0.016989 -77.1132 0.0137197 0.0108496 0.999847 0
0.415831 -0.909436 0.00315257 -174.862 0.909315 0.415713 -0.0181433 -76.8385 0.0151896 0.0104112 0.99983 0
0.415519 -0.909567 0.00557584 -174.797 0.909416 0.415316 -0.0218082 -76.7028 0.0175203 0.0141325 0.999747 0
0.415915 -0.909396 0.00381875 -174.735 0.909264 0.415773 -0.0192861 -76.5582 0.0159509 0.0114936 0.999807 0
0.418236 -0.908328 0.00426803 -174.602 0.908225 0.418104 -0.0177994 -76.2646 0.0143833 0.0113207 0.999832 0
0.41733 -0.908729 0.00692535 -174.533 0.908631 0.417134 -0.0197209 -76.1362 0.0150322 0.0145227 0.999782 0
0.417601 -0.908623 0.0036527 -174.467 0.908487 0.417461 -0.0194485 -75.9888 0.0161465 0.0114401 0.999804 0
0.418322 -0.908272 0.00697181 -174.403 0.908156 0.418108 -0.0209112 -75.8529 0.0160781 0.0150791 0.999757 0
0.418408 -0.908255 0.00287214 -174.336 0.908091 0.418268 -0.0205579 -75.7206 0.0174705 0.0112098 0.999785 0
0.418575 -0.908176 0.0032675 -174.277 0.908021 0.41843 -0.0203604 -75.5756 0.0171236 0.0114893 0.999787 0
0.420697 -0.907199 0.00182828 -174.203 0.907077 0.420605 -0.0173852 -75.4407 0.0150029 0.0089723 0.999847 0
0.419067 -0.907942 0.00488258 -174.155 0.90782 0.418906 -0.0195348 -75.286 0.0156912 0.0126189 0.999797 0
0.41935 -0.907815 0.00423695 -174.096 0.907695 0.419207 -0.018843 -75.1608 0.0153298 0.0117477 0.999813 0
0.421069 -0.907022 0.00354526 -174.01 0.90688 0.420926 -0.0197518 -75.013 0.016423 0.011532 0.999799 0
0.4199 -0.907561 0.00424826 -173.959 0.907425 0.419743 -0.0199064 -74.8912 0.0162831 0.0122136 0.999793 0
0.420926 -0.907091 0.00255348 -173.887 0.906965 0.420817 -0.0181116 -74.731 0.0153543 0.00993955 0.999833 0
0.421816 -0.90668 0.00182511 -173.836 0.906567 0.421729 -0.0167765 -74.5705 0.0144412 0.00873115 0.999858 0
0.422621 -0.906298 0.00384525 -173.766 0.906166 0.422477 -0.0193958 -74.4278 0.0159539 0.0116815 0.999804 0
0.421857 -0.906645 0.00564747 -173.695 0.906556 0.421704 -0.0179525 -74.2976 0.013895 0.0126932 0.999823 0
0.422875 -0.906187 0.00102933 -173.632 0.906052 0.422792 -0.0177912 -74.1507 0.015687 0.0084561 0.999841 0
0.421927 -0.906618 0.00470456 -173.57 0.906461 0.421743 -0.021456 -74.0127 0.0174683 0.0133174 0.999759 0
0.423425 -0.905929 0.00192953 -173.501 0.905766 0.423306 -0.0200057 -73.8566 0.017307 0.0102186 0.999798 0
0.423621 -0.905826 0.00499464 -173.437 0.905703 0.423455 -0.0196796 -73.7015 0.0157113 0.0128603 0.999794 0
0.424162 -0.905579 0.00356492 -173.367 0.905432 0.424014 -0.0201121 -73.5643 0.0167015 0.0117586 0.999791 0
0.423374 -0.905951 0.00274918 -173.309 0.905797 0.423241 -0.0199765 -73.4136 0.0169341 0.0109477 0.999797 0
0.425353 -0.905025 0.00195904 -173.242 0.904859 0.425232 -0.020187 -73.2808 0.0174367 0.0103593 0.999794 0
0.426033 -0.904697 0.00432537 -173.174 0.904503 0.42583 -0.0232893 -73.1321 0.0192279 0.0138343 0.999719 0
0.425938 -0.904745 0.00374511 -173.109 0.904543 0.425746 -0.0233032 -72.9838 0.019489 0.0133133 0.999721 0
0.425312 -0.905043 0.00244437 -173.038 0.904838 0.425154 -0.0226235 -72.8398 0.019436 0.0118338 0.999741 0
0.427018 -0.904243 0.000606165 -172.95 0.904046 0.426911 -0.0211786 -72.7132 0.0188918 0.00959163 0.999776 0
0.42671 -0.904387 0.00174485 -172.886 0.904213 0.426588 -0.0205497 -72.5731 0.0178406 0.0103465 0.999787 0
0.426099 -0.904676 -0.000149106 -172.816 0.904475 0.426008 -0.0210325 -72.4369 0.0190911 0.00882705 0.999779 0
0.426976 -0.904262 -0.00170683 -172.736 0.904026 0.426906 -0.0220704 -72.2669 0.0206861 0.00788052 0.999755 0
0.42615 -0.904653 -0.000127392 -172.668 0.904403 0.426036 -0.0234152 -72.1115 0.0212369 0.00986316 0.999726 0
0.426932 -0.904282 -0.00162801 -172.579 0.90405 0.426862 -0.0219716 -71.9449 0.0205634 0.00790857 0.999757 0
0.42908 -0.903266 0.000508883 -172.493 0.903059 0.42897 -0.0216693 -71.7706 0.0193549 0.00975743 0.999765 0
0.427107 -0.904191 0.00438383 -172.421 0.903995 0.4269 -0.0234578 -71.5903 0.0193388 0.0139819 0.999715 0
0.42757 -0.903981 -0.00136214 -172.249 0.903752 0.427495 -0.0219258 -71.2538 0.0204028 0.00814378 0.999759 0
0.429306 -0.903045 -0.0143582 -172.085 0.902969 0.429487 -0.0137068 -70.9134 0.0185445 -0.00708055 0.999803 0
0.429657 -0.902949 -0.00883011 -172.005 0.902817 0.429745 -0.0155308 -70.7114 0.0178182 -0.00129905 0.99984 0
0.430264 -0.902701 0.00200675 -171.923 0.902522 0.430133 -0.0209646 -70.5139 0.0180616 0.0108314 0.999778 0
0.429361 -0.902939 0.018703 -171.73 0.90292 0.428718 -0.0305911 -70.1423 0.0196036 0.030022 0.999357 0
0.43145 -0.902076 0.010526 -171.641 0.901944 0.431086 -0.0257433 -69.9621 0.0186848 0.0206008 0.999613 0
0.430571 -0.90253 0.00694316 -171.562 0.902347 0.430294 -0.0248292 -69.7776 0.0194215 0.0169559 0.999668 0
0.43063 -0.902526 0.00207229 -171.374 0.902314 0.430477 -0.0227711 -69.405 0.0196594 0.0116758 0.999739 0
0.429811 -0.902902 0.00554534 -171.281 0.902699 0.429563 -0.0246809 -69.2258 0.0199023 0.0156139 0.99968 0
0.431819 -0.90195 0.00424754 -171.205 0.901742 0.431607 -0.0239953 -69.0439 0.0198093 0.0141918 0.999703 0
0.433137 -0.901322 0.00316339 -171.121 0.901126 0.432963 -0.0226943 -68.8544 0.0190852 0.0126803 0.999737 0
0.432121 -0.901812 0.00249269 -171.036 0.90158 0.431943 -0.0240682 -68.684 0.0206283 0.0126477 0.999707 0
0.43314 -0.901319 0.00364183 -170.946 0.901071 0.432917 -0.025576 -68.5048 0.0214756 0.0143596 0.999666 0
0.432911 -0.901426 0.00430778 -170.868 0.901226 0.432701 -0.0236957 -68.323 0.019496 0.0141404 0.99971 0
0.434793 -0.90053 0.00104594 -170.791 0.900306 0.434659 -0.0228016 -68.1352 0.0200789 0.0108557 0.999739 0
0.434346 -0.900742 0.00276261 -170.699 0.900566 0.434195 -0.0213533 -67.9664 0.0180343 0.0117626 0.999768 0
0.435127 -0.900365 -0.0025945 -170.617 0.90018 0.435093 -0.0192261 -67.7662 0.0184394 0.00603028 0.999812 0
0.434247 -0.900793 0.0013607 -170.531 0.900574 0.434107 -0.0227495 -67.5782 0.0199019 0.0111043 0.99974 0
0.434632 -0.900608 -0.000538329 -170.43 0.900412 0.43455 -0.0205914 -67.4095 0.0187788 0.00846498 0.999788 0
0.436366 -0.899769 -0.000149872 -170.361 0.899605 0.436289 -0.0190329 -67.2055 0.0171906 0.00817047 0.999819 0
0.435272 -0.900294 0.00291857 -170.288 0.900162 0.435147 -0.0188607 -67.0205 0.0157102 0.0108367 0.999818 0
0.436684 -0.899614 0.00123783 -170.193 0.899449 0.436577 -0.0198025 -66.8581 0.0172742 0.00976081 0.999803 0
0.436917 -0.899494 0.00387886 -170.106 0.89936 0.436768 -0.0196249 -66.6842 0.0159583 0.012063 0.9998 0
0.435547 -0.900146 0.00589792 -170.034 0.90001 0.435341 -0.0214442 -66.5097 0.0167353 0.0146482 0.999753 0
0.438038 -0.898947 0.00424652 -169.95 0.89881 0.437876 -0.0201432 -66.3363 0.0162482 0.0126403 0.999788 0
0.437918 -0.898993 0.00624719 -169.879 0.898893 0.437734 -0.0195066 -66.1559 0.0148017 0.0141579 0.99979 0
0.43792 -0.898995 0.00590649 -169.789 0.898866 0.437719 -0.0209942 -65.999 0.0162883 0.0145029 0.999762 0
0.43921 -0.898369 0.00516292 -169.712 0.898232 0.439023 -0.0209266 -65.8314 0.0165332 0.0138287 0.999768 0
0.438684 -0.898634 0.00376244 -169.635 0.898482 0.438523 -0.0207027 -65.6581 0.0169543 0.0124624 0.999779 0
0.440036 -0.897976 0.0027246 -169.553 0.897832 0.439907 -0.0194739 -65.4927 0.0162885 0.0110154 0.999807 0
0.440915 -0.897546 0.00243902 -169.472 0.897431 0.440811 -0.0174237 -65.3311 0.0145635 0.00987124 0.999845 0
0.440055 -0.897968 0.00212338 -169.374 0.897848 0.439955 -0.0175625 -65.1806 0.0148364 0.00963495 0.999844 0
0.440492 -0.897756 0.000146237 -169.287 0.897609 0.440417 -0.0181671 -65.012 0.0162452 0.00813373 0.999835 0
0.440705 -0.897645 0.00351061 -169.211 0.897493 0.44055 -0.0205203 -64.8294 0.0168733 0.0121941 0.999783 0
0.442138 -0.896945 0.00165949 -169.07 0.896777 0.442018 -0.0202695 -64.4797 0.0174471 0.0104501 0.999793 0
0.441917 -0.897049 0.00344542 -168.991 0.896919 0.441778 -0.0191991 -64.3226 0.0157004 0.0115746 0.99981 0
0.443289 -0.896375 0.00265306 -168.917 0.896242 0.443167 -0.0187831 -64.1663 0.0156609 0.0107041 0.99982 0
