0.35254 -0.935777 0.00599026 -189.913 0.935644 0.352591 0.0158112 -113.805 -0.0169078 3.06732e-05 0.999857 0
0.352232 -0.935892 0.0062445 -189.915 0.935751 0.352287 0.0162357 -113.803 -0.0173948 0.000124556 0.999849 0
0.352584 -0.935761 0.0060774 -189.907 0.935619 0.352636 0.0162859 -113.793 -0.0173828 -5.60131e-05 0.999849 0
0.352721 -0.935711 0.00571918 -189.902 0.935574 0.352767 0.01605 -113.806 -0.0170357 -0.000310444 0.999855 0
0.352596 -0.93576 0.00546645 -189.907 0.935625 0.352638 0.0159094 -113.817 -0.0168151 -0.000495044 0.999858 0
0.352358 -0.935848 0.00561706 -189.915 0.93571 0.352402 0.0161059 -113.83 -0.0170521 -0.000419094 0.999855 0
0.3525 -0.935795 0.00567852 -189.911 0.935656 0.352545 0.0160875 -113.842 -0.0170565 -0.000357683 0.999854 0
0.352765 -0.935695 0.00564721 -189.91 0.935562 0.35281 0.0158033 -113.843 -0.0167794 -0.00029153 0.999859 0
0.352632 -0.935745 0.00558428 -189.907 0.935612 0.352676 0.0157914 -113.829 -0.0167462 -0.000343836 0.99986 0
0.352379 -0.935841 0.00555378 -189.913 0.935707 0.352423 0.0158436 -113.814 -0.0167844 -0.000386261 0.999859 0
0.352412 -0.93583 0.005342 -189.91 0.935695 0.352452 0.0158976 -113.803 -0.0167602 -0.000604012 0.999859 0
0.352697 -0.935723 0.0052856 -189.91 0.935586 0.352735 0.0160198 -113.807 -0.0168545 -0.000704996 0.999858 0
0.352263 -0.935889 0.00474979 -189.907 0.935745 0.352292 0.0165073 -113.816 -0.0171223 -0.00137033 0.999852 0
0.352913 -0.935637 0.00604536 -189.906 0.93549 0.352965 0.0165849 -113.819 -0.0176512 -0.000197655 0.999844 0
0.352722 -0.935708 0.00624153 -189.918 0.935565 0.352777 0.0163334 -113.812 -0.0174852 7.82002e-05 0.999847 0
0.352744 -0.935701 0.00590114 -189.918 0.935562 0.352794 0.0161566 -113.816 -0.0171996 -0.000178258 0.999852 0
0.353802 -0.9353 0.00612001 -189.92 0.935159 0.353855 0.0162652 -113.822 -0.0173784 -3.14699e-05 0.999849 0
0.353716 -0.935333 0.00598916 -189.916 0.935185 0.353767 0.0166449 -113.807 -0.0176873 -0.0002866 0.999844 0
0.35344 -0.935436 0.00626959 -189.92 0.935286 0.353496 0.016752 -113.803 -0.0178867 -5.698e-05 0.99984 0
0.353016 -0.935595 0.00643563 -189.917 0.935446 0.353075 0.0166959 -113.806 -0.0178928 0.000126278 0.99984 0
0.353125 -0.935552 0.00672035 -189.925 0.935401 0.353188 0.016835 -113.811 -0.0181236 0.00034136 0.999836 0
0.353616 -0.935368 0.00652963 -189.926 0.935228 0.353676 0.0161832 -113.811 -0.0174466 0.000384054 0.999848 0
0.35316 -0.935544 0.00589788 -189.925 0.935411 0.353209 0.0158229 -113.806 -0.0168862 -7.10845e-05 0.999857 0
0.353891 -0.93527 0.00563904 -189.927 0.935129 0.353936 0.0162103 -113.812 -0.0171569 -0.000463449 0.999853 0
0.353972 -0.935238 0.00586204 -189.92 0.935098 0.35402 0.0161667 -113.81 -0.0171949 -0.000240963 0.999852 0
0.353912 -0.93526 0.00593756 -189.922 0.935114 0.353962 0.0164895 -113.799 -0.0175236 -0.000283543 0.999846 0
0.354213 -0.935146 0.00587209 -189.912 0.935016 0.354262 0.0156009 -113.791 -0.0166694 -3.55333e-05 0.999861 0
0.353924 -0.93526 0.00517129 -189.917 0.93513 0.353962 0.0155976 -113.779 -0.0164183 -0.000684557 0.999865 0
0.353806 -0.935305 0.00497766 -189.922 0.935172 0.35384 0.0158315 -113.785 -0.0165686 -0.000946322 0.999862 0
0.353712 -0.935339 0.00536552 -189.92 0.935204 0.353752 0.0159334 -113.792 -0.0168012 -0.000617971 0.999859 0
0.353553 -0.935398 0.00555576 -189.921 0.935262 0.353596 0.0159574 -113.807 -0.016891 -0.000445698 0.999857 0
0.352826 -0.935668 0.00617037 -189.913 0.935541 0.35288 0.0154754 -113.82 -0.0166573 0.000312491 0.999861 0
0.353094 -0.935567 0.00622971 -189.911 0.935439 0.353149 0.0154772 -113.817 -0.01668 0.000362597 0.999861 0
0.353429 -0.93544 0.00626318 -189.917 0.935309 0.353484 0.0157078 -113.807 -0.0169077 0.000306407 0.999857 0
0.353905 -0.935262 0.00600725 -189.924 0.935121 0.353956 0.0162419 -113.811 -0.0173167 -0.000130573 0.99985 0
0.353694 -0.935342 0.00598204 -189.914 0.935198 0.353744 0.0164092 -113.807 -0.0174643 -0.000209425 0.999847 0
0.353389 -0.935457 0.00603569 -189.92 0.935311 0.353441 0.0165372 -113.799 -0.0176031 -0.000198829 0.999845 0
0.35338 -0.935458 0.00639908 -189.927 0.935314 0.353437 0.0164223 -113.799 -0.017624 0.000181841 0.999845 0
0.352268 -0.935876 0.00658909 -189.935 0.935737 0.352329 0.0161156 -113.837 -0.0174038 0.00048864 0.999848 0
0.350987 -0.936363 0.00566931 -189.902 0.93623 0.351033 0.0157747 -113.796 -0.0167609 -0.000228931 0.99986 0
0.35143 -0.936195 0.00588364 -189.885 0.936063 0.35148 0.0157668 -113.74 -0.0168288 -3.34908e-05 0.999858 0
0.351769 -0.936073 0.00504386 -189.877 0.935939 0.351804 0.0158675 -113.695 -0.0166276 -0.000860974 0.999861 0
0.351866 -0.936041 0.00426845 -189.859 0.935901 0.351888 0.0162455 -113.665 -0.0167085 -0.0017214 0.999859 0
0.351856 -0.936046 0.0039054 -189.838 0.935898 0.351871 0.0167922 -113.625 -0.0170925 -0.00225339 0.999851 0
0.351171 -0.936301 0.00444553 -189.814 0.936142 0.351194 0.0173781 -113.578 -0.0178324 -0.00194105 0.999839 0
0.350509 -0.936534 0.00693743 -189.793 0.93636 0.350577 0.0180334 -113.494 -0.019321 0.000175065 0.999813 0
0.350179 -0.936642 0.00870917 -189.746 0.936488 0.35028 0.0171657 -113.391 -0.0191288 0.00214497 0.999815 0
0.348986 -0.93708 0.00949448 -189.714 0.936952 0.349099 0.0158554 -113.281 -0.0181722 0.00336258 0.999829 0
0.347525 -0.937614 0.0102991 -189.682 0.937489 0.347653 0.0158632 -113.183 -0.0184541 0.00414245 0.999821 0
0.346216 -0.938098 0.010363 -189.654 0.937962 0.346348 0.0164619 -113.088 -0.0190321 0.0040207 0.999811 0
0.34604 -0.938179 0.00871876 -189.616 0.938035 0.346141 0.0166211 -112.996 -0.0186115 0.00242694 0.999824 0
0.345846 -0.938265 0.00709945 -189.584 0.9381 0.345918 0.0175933 -112.901 -0.018963 0.000575422 0.99982 0
0.345844 -0.938278 0.00512029 -189.557 0.938088 0.345877 0.0189667 -112.806 -0.019567 -0.00175624 0.999807 0
0.34503 -0.938586 0.00318815 -189.501 0.938306 0.345007 0.0234791 -112.719 -0.0231371 -0.00510953 0.999719 0
0.344995 -0.938595 0.00423468 -189.473 0.938268 0.344988 0.0252282 -112.608 -0.02514 -0.00473033 0.999673 0
0.344265 -0.938855 0.00568006 -189.445 0.938553 0.344299 0.0239937 -112.517 -0.0244822 -0.00292913 0.999696 0
0.343678 -0.939068 0.00597879 -189.424 0.938819 0.343725 0.021723 -112.418 -0.0224545 -0.00185272 0.999746 0
0.34335 -0.939185 0.00649903 -189.385 0.938968 0.343411 0.0201812 -112.316 -0.0211857 -0.000826845 0.999775 0
0.342816 -0.939384 0.00587891 -189.329 0.939181 0.342865 0.0195487 -112.209 -0.0203794 -0.00118025 0.999792 0
0.342932 -0.939345 0.00527869 -189.283 0.939118 0.342966 0.0207564 -112.111 -0.0213078 -0.00216071 0.999771 0
0.342289 -0.939585 0.00427954 -189.262 0.939351 0.3423 0.0211989 -112.008 -0.021383 -0.00323615 0.999766 0
0.343179 -0.939265 0.0030214 -189.233 0.939016 0.343159 0.022149 -111.908 -0.0218406 -0.00476393 0.99975 0
0.343282 -0.939231 0.00174337 -189.185 0.93898 0.343232 0.0225415 -111.809 -0.02177 -0.0061011 0.999744 0
0.342442 -0.939538 0.00139325 -189.139 0.939304 0.342389 0.0218445 -111.709 -0.0210007 -0.00617176 0.99976 0
0.341704 -0.939807 0.00144311 -189.087 0.939602 0.341661 0.0203819 -111.601 -0.0196481 -0.00560863 0.999791 0
0.340356 -0.940291 0.0032869 -189.05 0.940118 0.340357 0.018297 -111.479 -0.0183232 -0.00313743 0.999827 0
0.340431 -0.940258 0.00461957 -189.005 0.940068 0.340456 0.0190053 -111.347 -0.0194427 -0.0021273 0.999809 0
0.340923 -0.940078 0.00505279 -188.956 0.93984 0.340951 0.0212679 -111.244 -0.0217163 -0.00250191 0.999761 0
0.340799 -0.940119 0.00563479 -188.909 0.93985 0.340838 0.0226176 -111.149 -0.0231838 -0.00241222 0.999728 0
0.341417 -0.939899 0.00488593 -188.897 0.939632 0.341438 0.0226299 -111.088 -0.0229381 -0.00313527 0.999732 0
0.340838 -0.940115 0.00367981 -188.846 0.939878 0.340836 0.0214515 -110.944 -0.0214211 -0.0038529 0.999763 0
0.339948 -0.94043 0.00507216 -188.791 0.940158 0.339973 0.022832 -110.8 -0.0231963 -0.00299306 0.999726 0
0.339991 -0.940418 0.00443736 -188.741 0.940131 0.339998 0.0235713 -110.666 -0.0236755 -0.00384231 0.999712 0
0.340062 -0.940392 0.00445837 -188.7 0.940131 0.340074 0.022428 -110.564 -0.0226073 -0.00343545 0.999739 0
0.338871 -0.940816 0.00560368 -188.664 0.940563 0.338911 0.0219344 -110.468 -0.0225354 -0.00216233 0.999744 0
0.338314 -0.941017 0.00547881 -188.615 0.940736 0.338348 0.0231579 -110.353 -0.0236457 -0.00268053 0.999717 0
0.338503 -0.94094 0.00689358 -188.591 0.940677 0.338572 0.0222734 -110.227 -0.0232919 -0.001055 0.999728 0
0.339604 -0.940557 0.00465669 -188.556 0.9403 0.339621 0.0221995 -110.095 -0.0224614 -0.00316035 0.999743 0
0.339767 -0.940502 0.00379959 -188.523 0.940226 0.339761 0.0231731 -110.037 -0.0230853 -0.00430099 0.999724 0
0.338794 -0.940859 0.00147163 -188.458 0.940581 0.338731 0.0238681 -109.877 -0.022955 -0.00670218 0.999714 0
0.338923 -0.940809 0.00314052 -188.404 0.940498 0.338894 0.0247965 -109.755 -0.024393 -0.00545043 0.999688 0
0.337085 -0.941457 0.00562282 -188.347 0.941163 0.337121 0.0237085 -109.53 -0.0242161 -0.00269978 0.999703 0
0.337181 -0.941419 0.00628602 -188.3 0.941102 0.337231 0.0245534 -109.391 -0.0252349 -0.00236314 0.999679 0
0.336827 -0.941545 0.00627727 -188.26 0.941196 0.336874 0.0258064 -109.27 -0.0264125 -0.00278415 0.999647 0
0.337778 -0.941215 0.00457676 -188.217 0.940858 0.337778 0.02631 -109.155 -0.0263093 -0.00458085 0.999643 0
0.338563 -0.940935 0.00411221 -188.18 0.940559 0.338547 0.0271 -109.028 -0.0268915 -0.00530727 0.999624 0
0.338893 -0.940812 0.00498212 -188.128 0.940391 0.338892 0.0285656 -108.894 -0.0285633 -0.00499554 0.999579 0
0.339345 -0.940609 0.00994362 -188.069 0.940127 0.339489 0.0301281 -108.763 -0.0317146 -0.000875561 0.999497 0
0.338526 -0.940899 0.010483 -188.046 0.940394 0.338688 0.0308231 -108.646 -0.0325519 -0.000576278 0.99947 0
0.338243 -0.940985 0.0118156 -187.986 0.940529 0.338447 0.0293173 -108.531 -0.0315861 0.00119651 0.9995 0
0.338367 -0.940928 0.0127497 -187.954 0.9405 0.338599 0.0284531 -108.4 -0.0310893 0.00236348 0.999514 0
0.338009 -0.941029 0.0146344 -187.908 0.940644 0.338295 0.0273065 -108.253 -0.0306469 0.00453595 0.99952 0
0.338354 -0.940854 0.0175939 -187.858 0.940508 0.338727 0.0266043 -108.124 -0.0309903 0.00754557 0.999491 0
0.338023 -0.940939 0.0193465 -187.802 0.940666 0.338433 0.0247141 -108.01 -0.029802 0.0098446 0.999507 0
0.337577 -0.941112 0.0187291 -187.771 0.94085 0.337963 0.0241297 -107.896 -0.0290385 0.0094756 0.999533 0
0.338792 -0.940636 0.0205856 -187.707 0.940427 0.33922 0.0229689 -107.762 -0.0285884 0.0115776 0.999524 0
0.338992 -0.940533 0.0219504 -187.667 0.940368 0.339446 0.0219967 -107.62 -0.0281396 0.0131847 0.999517 0
0.337874 -0.940898 0.0235111 -187.621 0.940785 0.338357 0.0209465 -107.468 -0.0276636 0.0150416 0.999504 0
0.337532 -0.940962 0.0257352 -187.576 0.940884 0.338078 0.0209672 -107.339 -0.0284299 0.0171367 0.999449 0
0.337064 -0.94106 0.0281736 -187.53 0.941021 0.337685 0.0211822 -107.224 -0.0294475 0.0193722 0.999379 0
0.336705 -0.941117 0.0304721 -187.494 0.94113 0.33739 0.0210086 -107.113 -0.0300525 0.0216045 0.999315 0
0.336397 -0.941183 0.0318109 -187.455 0.941197 0.337144 0.0219619 -106.994 -0.031395 0.0225524 0.999253 0
0.337548 -0.940652 0.0351417 -187.391 0.9407 0.338436 0.0233194 -106.875 -0.0338287 0.0251863 0.99911 0
0.338011 -0.940361 0.0383355 -187.333 0.940506 0.338999 0.0229807 -106.74 -0.0346058 0.0282871 0.999001 0
0.338337 -0.940132 0.0409745 -187.337 0.940337 0.339434 0.0234821 -106.671 -0.0359844 0.0305849 0.998884 0
0.336251 -0.940833 0.0420544 -187.235 0.941205 0.337263 0.0196748 -106.505 -0.0326941 0.0329662 0.998922 0
0.33713 -0.940749 0.0365357 -187.206 0.94098 0.337942 0.0187721 -106.375 -0.0300067 0.0280507 0.999156 0
0.338099 -0.940292 0.0392454 -187.146 0.940674 0.338919 0.0163388 -106.224 -0.0286642 0.031393 0.999096 0
0.339799 -0.939811 0.035942 -187.109 0.940023 0.340594 0.0187949 -106.066 -0.0299053 0.0273998 0.999177 0
0.339521 -0.939979 0.0341266 -187.06 0.940038 0.340347 0.022186 -105.92 -0.0324693 0.0245477 0.999171 0
0.339005 -0.9401 0.0358756 -187.021 0.940219 0.339876 0.0217143 -105.804 -0.0326069 0.0263697 0.99912 0
0.338651 -0.940144 0.0380258 -186.976 0.940322 0.339593 0.0217208 -105.681 -0.0333339 0.0284007 0.999041 0
0.339369 -0.939906 0.0374778 -186.924 0.940098 0.340268 0.0208044 -105.562 -0.0323067 0.0281724 0.999081 0
0.341024 -0.939362 0.0360716 -186.85 0.939537 0.341858 0.0200779 -105.437 -0.0311919 0.0270436 0.999147 0
0.340195 -0.939748 0.033778 -186.794 0.939904 0.340924 0.0187184 -105.164 -0.0291063 0.0253802 0.999254 0
0.33884 -0.940289 0.0323115 -186.741 0.94034 0.339583 0.0210826 -105.019 -0.0307962 0.0232401 0.999255 0
0.338747 -0.94027 0.033799 -186.68 0.940393 0.339506 0.019894 -104.906 -0.0301807 0.0250453 0.999231 0
0.338022 -0.940421 0.0367285 -186.63 0.940644 0.338852 0.0192066 -104.754 -0.0305078 0.0280562 0.999141 0
0.337835 -0.940501 0.0364017 -186.591 0.940717 0.338653 0.0191241 -104.606 -0.0303138 0.0277829 0.999154 0
0.338002 -0.940566 0.0330197 -186.536 0.940715 0.3387 0.0183613 -104.458 -0.0284538 0.024856 0.999286 0
0.33856 -0.940421 0.0313938 -186.477 0.94059 0.33916 0.0161756 -104.305 -0.0258594 0.0240523 0.999376 0
0.338118 -0.940646 0.0293684 -186.41 0.940761 0.338672 0.01642 -104.128 -0.0253916 0.0220768 0.999434 0
0.337864 -0.940729 0.0295995 -186.333 0.940911 0.338367 0.0139331 -103.987 -0.0231228 0.023143 0.999465 0
0.337844 -0.940681 0.0313177 -186.272 0.940898 0.338394 0.014167 -103.838 -0.0239244 0.0246805 0.999409 0
0.337509 -0.940704 0.0341153 -186.233 0.941006 0.338113 0.0136711 -103.667 -0.0243953 0.0274886 0.999324 0
0.338502 -0.940389 0.0329467 -186.159 0.940643 0.339096 0.0143336 -103.511 -0.0246513 0.0261391 0.999354 0
0.339604 -0.940051 0.0311989 -186.083 0.940231 0.340184 0.0155257 -103.35 -0.0252083 0.0240615 0.999393 0
0.338342 -0.940513 0.0309758 -186.061 0.940644 0.338957 0.0172375 -103.178 -0.0267116 0.023305 0.999371 0
0.336991 -0.940883 0.0342812 -185.967 0.941016 0.337769 0.0200394 -102.889 -0.0304339 0.0255061 0.999211 0
0.337052 -0.940734 0.0376344 -185.912 0.940941 0.337947 0.0205186 -102.689 -0.032021 0.0284959 0.999081 0
0.338937 -0.940047 0.0378583 -185.864 0.940228 0.339867 0.0214766 -102.537 -0.0330558 0.0283162 0.999052 0
0.339481 -0.939877 0.0371927 -185.807 0.939993 0.340428 0.0228517 -102.389 -0.0341392 0.0272031 0.999047 0
0.340162 -0.939678 0.0359836 -185.733 0.939756 0.341071 0.0230147 -102.244 -0.0338994 0.0259871 0.999087 0
0.339852 -0.939722 0.0377346 -185.69 0.939821 0.340841 0.0237414 -102.082 -0.0351718 0.0273952 0.999006 0
0.339547 -0.939761 0.0394609 -185.636 0.939963 0.340553 0.0222022 -101.933 -0.0343033 0.0295531 0.998974 0
0.338871 -0.939996 0.0396771 -185.585 0.940204 0.339885 0.0222438 -101.851 -0.0343947 0.0297667 0.998965 0
0.338171 -0.940255 0.0395138 -185.528 0.940448 0.339188 0.0225428 -101.736 -0.0345986 0.0295373 0.998965 0
0.339179 -0.940025 0.0362093 -185.459 0.940134 0.340076 0.0222635 -101.49 -0.0332421 0.0264903 0.999096 0
0.338497 -0.940251 0.0367191 -185.409 0.940327 0.339449 0.0236691 -101.298 -0.0347191 0.026516 0.999045 0
0.338134 -0.94036 0.0372577 -185.353 0.940477 0.339083 0.0229068 -101.155 -0.0341741 0.0272945 0.999043 0
0.338191 -0.940299 0.0382698 -185.296 0.940461 0.339162 0.0224193 -101.004 -0.0340605 0.0284093 0.999016 0
0.337959 -0.940326 0.0396316 -185.256 0.940568 0.338941 0.0212238 -100.858 -0.03339 0.0301035 0.998989 0
0.338551 -0.94015 0.0387437 -185.189 0.940406 0.339466 0.0199651 -100.717 -0.0319224 0.0296756 0.99905 0
0.339216 -0.939926 0.0383534 -185.123 0.940168 0.340122 0.0200484 -100.547 -0.0318889 0.0292579 0.999063 0
0.33847 -0.940249 0.0370145 -185.056 0.940407 0.339372 0.0214621 -100.38 -0.0327414 0.0275444 0.999084 0
0.337814 -0.940423 0.0385417 -185.048 0.940643 0.338751 0.0209348 -100.302 -0.0327436 0.029182 0.999038 0
0.337711 -0.940436 0.0391344 -184.982 0.940695 0.338647 0.0202644 -100.084 -0.0323102 0.0299701 0.999028 0
0.337348 -0.940581 0.0387709 -184.915 0.940818 0.338283 0.0206299 -99.8883 -0.0325196 0.029517 0.999035 0
0.337583 -0.940512 0.038418 -184.856 0.940755 0.338491 0.0200806 -99.759 -0.0318901 0.0293631 0.99906 0
0.338451 -0.940238 0.0374556 -184.768 0.94047 0.339314 0.0195779 -99.6318 -0.031117 0.0285997 0.999106 0
0.338409 -0.940264 0.0371921 -184.696 0.940439 0.339307 0.0211 -99.4996 -0.0324591 0.0278364 0.999085 0
0.339422 -0.939833 0.0388286 -184.652 0.940064 0.340364 0.0207877 -99.3114 -0.0327529 0.0294456 0.99903 0
0.339486 -0.939767 0.039828 -184.618 0.940047 0.340445 0.0202373 -99.1765 -0.0325776 0.0305699 0.999002 0
0.34039 -0.939536 0.0375065 -184.576 0.939738 0.34128 0.020483 -99.09 -0.0320447 0.0282741 0.999086 0
0.338704 -0.940003 0.0409218 -184.491 0.940411 0.339602 0.0172487 -98.8584 -0.030111 0.0326411 0.999013 0
0.340731 -0.939301 0.0402108 -184.435 0.939713 0.341577 0.0162787 -98.6987 -0.0290257 0.03224 0.999059 0
0.34127 -0.939144 0.0392918 -184.396 0.939382 0.342232 0.0209377 -98.5483 -0.0331105 0.0297646 0.999008 0
0.340879 -0.939229 0.0406257 -184.343 0.939474 0.341918 0.0219442 -98.4193 -0.0345013 0.0306865 0.998933 0
0.340505 -0.939345 0.0410744 -184.301 0.939632 0.341533 0.0211277 -98.3453 -0.0338745 0.0314008 0.998933 0
0.34047 -0.939377 0.0406299 -184.228 0.939732 0.341404 0.0186103 -98.1373 -0.0313533 0.031845 0.999001 0
0.33967 -0.939567 0.0428821 -184.155 0.939967 0.340706 0.0195299 -97.945 -0.0329599 0.033674 0.998889 0
0.339924 -0.939523 0.0418055 -184.11 0.939902 0.34091 0.0190909 -97.7862 -0.0321882 0.0328036 0.998943 0
0.340047 -0.939534 0.0405467 -184.088 0.939894 0.340971 0.0183777 -97.6885 -0.0310917 0.0318603 0.999009 0
0.340913 -0.93929 0.0388888 -184.043 0.939545 0.341837 0.0200701 -97.5826 -0.0321452 0.0296957 0.999042 0
0.340569 -0.939224 0.0432653 -183.938 0.939737 0.341508 0.0163473 -97.3495 -0.0301292 0.0350906 0.99893 0
0.339407 -0.939598 0.0442546 -183.889 0.94006 0.340474 0.0191058 -97.2029 -0.0330193 0.0351173 0.998838 0
0.338714 -0.93991 0.042918 -183.822 0.940289 0.339775 0.0202225 -97.0469 -0.0335897 0.0335057 0.998874 0
0.338189 -0.940136 0.0420867 -183.765 0.940511 0.3392 0.0195654 -96.8904 -0.0326699 0.0329662 0.998922 0
0.340746 -0.939265 0.040911 -183.734 0.939574 0.341743 0.0203099 -96.7358 -0.0330574 0.0315184 0.998956 0
0.339835 -0.939586 0.0411063 -183.666 0.939912 0.340829 0.020019 -96.5747 -0.0328198 0.0318331 0.998954 0
0.339761 -0.939614 0.0410756 -183.596 0.939914 0.340778 0.0207912 -96.4212 -0.0335333 0.0315435 0.99894 0
0.339897 -0.939563 0.0411245 -183.554 0.939873 0.340907 0.0205119 -96.2587 -0.0332918 0.0316799 0.998943 0
0.338984 -0.939843 0.0422581 -183.478 0.940235 0.339987 0.0191667 -96.1251 -0.0323809 0.0332354 0.998923 0
0.340206 -0.939419 0.0418599 -183.436 0.939852 0.341138 0.0173983 -95.9607 -0.0306243 0.0334231 0.998972 0
0.340887 -0.939191 0.0414181 -183.373 0.939607 0.341809 0.0174753 -95.8116 -0.0305697 0.0329596 0.998989 0
0.340448 -0.939357 0.041275 -183.32 0.939708 0.341427 0.0193902 -95.6517 -0.0323068 0.0321851 0.99896 0
0.339643 -0.939571 0.0429963 -183.259 0.939988 0.340669 0.0191348 -95.4904 -0.032626 0.033917 0.998892 0
0.340572 -0.939173 0.0443298 -183.217 0.939615 0.341664 0.0197462 -95.3447 -0.0336911 0.0349279 0.998822 0
0.341059 -0.938931 0.0456842 -183.167 0.939492 0.342118 0.0175907 -95.1997 -0.0321458 0.0369205 0.998801 0
0.339913 -0.939386 0.0448723 -183.107 0.939929 0.340933 0.0172489 -95.0389 -0.0315019 0.0363137 0.998844 0
0.340491 -0.939281 0.0426284 -183.053 0.939774 0.341409 0.0162948 -94.8682 -0.0298592 0.0345129 0.998958 0
0.340377 -0.939345 0.0421335 -182.932 0.939827 0.341272 0.0160648 -94.5866 -0.0294693 0.0341301 0.998983 0
0.341138 -0.939099 0.0414507 -182.874 0.939534 0.342041 0.0168709 -94.4198 -0.0300213 0.033189 0.998998 0
0.339751 -0.939617 0.0411038 -182.805 0.939924 0.340763 0.0205939 -94.2535 -0.0333571 0.0316377 0.998943 0
0.339523 -0.939679 0.0415736 -182.753 0.940025 0.340527 0.0198756 -94.1155 -0.0328336 0.032332 0.998938 0
0.340016 -0.939486 0.0418993 -182.703 0.939879 0.340993 0.018732 -93.967 -0.0318858 0.0330111 0.998946 0
0.340001 -0.939576 0.0399589 -182.657 0.939864 0.340958 0.0200649 -93.8083 -0.0324768 0.0307338 0.999 0
0.338663 -0.940117 0.0385779 -182.598 0.940183 0.339727 0.0253343 -93.6178 -0.0369232 0.0276905 0.998934 0
0.339505 -0.939721 0.0407645 -182.546 0.940075 0.340449 0.0188042 -93.467 -0.0315489 0.0319376 0.998992 0
0.340558 -0.939268 0.0423829 -182.492 0.939742 0.34148 0.0166216 -93.3262 -0.030085 0.0341684 0.998963 0
0.341615 -0.939009 0.0395105 -182.436 0.939388 0.342453 0.0166204 -93.1895 -0.0291372 0.0314379 0.999081 0
0.34192 -0.938878 0.0399873 -182.386 0.939312 0.342727 0.0152263 -93.0542 -0.0280004 0.0323544 0.999084 0
0.341762 -0.938963 0.0393334 -182.338 0.939362 0.342566 0.0157096 -92.9085 -0.028225 0.0315793 0.999103 0
0.339637 -0.939725 0.0395357 -182.274 0.940074 0.340509 0.0177278 -92.7307 -0.0301215 0.0311455 0.999061 0
0.340312 -0.939445 0.0403802 -182.214 0.939764 0.341267 0.0195332 -92.6037 -0.0321307 0.0313005 0.998993 0
0.339617 -0.939651 0.0414263 -182.171 0.940056 0.340552 0.0178843 -92.4409 -0.0309128 0.0328692 0.998981 0
0.339575 -0.939667 0.041408 -182.11 0.940064 0.340517 0.0181037 -92.2649 -0.0311116 0.0327786 0.998978 0
0.340276 -0.939461 0.0403189 -182.046 0.939918 0.341079 0.0148447 -92.1202 -0.0276979 0.0328452 0.999077 0
0.341182 -0.939238 0.0377642 -181.988 0.939549 0.341985 0.0171638 -91.955 -0.0290357 0.0296254 0.999139 0
0.341561 -0.939079 0.0383006 -181.926 0.939405 0.342379 0.0171469 -91.7883 -0.0292156 0.030123 0.999119 0
0.341018 -0.939237 0.0392558 -181.878 0.939582 0.341875 0.0175034 -91.6432 -0.0298604 0.0309151 0.999076 0
0.341867 -0.938915 0.0395699 -181.83 0.939287 0.342716 0.0169271 -91.5036 -0.0294543 0.0313806 0.999073 0
0.341341 -0.939065 0.0405285 -181.78 0.939439 0.342249 0.0179036 -91.3562 -0.0306836 0.0319628 0.999018 0
0.342011 -0.938795 0.0411474 -181.743 0.939192 0.342934 0.0177526 -91.2074 -0.0307769 0.0325737 0.998995 0
0.341935 -0.938883 0.0397327 -181.648 0.939244 0.342805 0.017467 -91.0482 -0.0300201 0.0313461 0.999058 0
0.340986 -0.939351 0.0367153 -181.592 0.939618 0.341771 0.0176063 -90.8834 -0.0290868 0.0284948 0.999171 0
0.340571 -0.939428 0.0385529 -181.524 0.939729 0.34143 0.0182829 -90.7346 -0.0303386 0.0300027 0.999089 0
0.341045 -0.939135 0.0413992 -181.442 0.93953 0.341988 0.0181242 -90.5863 -0.0311791 0.0327146 0.998978 0
0.341833 -0.938827 0.0418852 -181.394 0.939295 0.342728 0.0162367 -90.4552 -0.0295987 0.0337923 0.99899 0
0.343409 -0.938368 0.0391934 -181.356 0.938759 0.344212 0.0157996 -90.3078 -0.0283166 0.0313674 0.999107 0
0.344394 -0.938102 0.03684 -181.324 0.938409 0.345144 0.0162215 -90.139 -0.0279325 0.0289844 0.999189 0
0.343643 -0.938347 0.037611 -181.246 0.938581 0.34451 0.0194785 -90.0142 -0.0312349 0.0286073 0.999103 0
0.342545 -0.938711 0.0385306 -181.217 0.938956 0.343455 0.0200108 -89.8567 -0.0320179 0.0293239 0.999057 0
0.341922 -0.938908 0.0392509 -181.15 0.939154 0.342875 0.0206486 -89.715 -0.0328453 0.0298024 0.999016 0
0.341279 -0.939126 0.0396408 -181.107 0.939407 0.342223 0.0199486 -89.553 -0.0323002 0.0304308 0.999015 0
0.342042 -0.938907 0.0382223 -181.056 0.939192 0.342897 0.0184495 -89.3966 -0.0304287 0.0295875 0.999099 0
0.34258 -0.93867 0.0392031 -180.982 0.939037 0.343411 0.0167043 -89.2262 -0.0291426 0.0310906 0.999092 0
0.342612 -0.938749 0.0369826 -180.908 0.939005 0.343422 0.0181855 -89.0552 -0.0297723 0.0284962 0.99915 0
0.343341 -0.93839 0.0392678 -180.852 0.938763 0.344168 0.0165002 -88.9095 -0.0289983 0.0311979 0.999092 0
0.341938 -0.938867 0.0400889 -180.822 0.939195 0.342864 0.0189025 -88.7607 -0.031492 0.0311878 0.999017 0
0.342249 -0.938776 0.0395532 -180.776 0.939157 0.343087 0.016597 -88.6323 -0.029151 0.0314664 0.99908 0
0.342869 -0.938625 0.0377463 -180.716 0.938942 0.343663 0.0168578 -88.4684 -0.0287951 0.0296616 0.999145 0
0.343744 -0.938349 0.0366216 -180.587 0.938567 0.344569 0.0190948 -88.1686 -0.0305363 0.0278081 0.999147 0
0.343385 -0.938385 0.03899 -180.521 0.938599 0.34435 0.0213238 -88.006 -0.0334361 0.0292738 0.999012 0
0.342998 -0.93851 0.0393869 -180.467 0.938845 0.343873 0.0179465 -87.8462 -0.0303871 0.0308225 0.999063 0
0.342259 -0.938729 0.0405864 -180.422 0.939138 0.343132 0.0167546 -87.7031 -0.0296546 0.0323818 0.999036 0
0.342638 -0.938638 0.0394793 -180.354 0.938987 0.343504 0.0175435 -87.5513 -0.0300283 0.0310595 0.999066 0
0.342848 -0.938611 0.0382769 -180.301 0.938925 0.343677 0.0175102 -87.3898 -0.0295901 0.0299358 0.999114 0
0.343287 -0.938464 0.0379479 -180.263 0.938737 0.344136 0.0185384 -87.2319 -0.0304569 0.0292591 0.999108 0
0.343829 -0.938305 0.0369639 -180.21 0.938525 0.34467 0.0193042 -87.1456 -0.0308536 0.0280542 0.99913 0
0.342785 -0.938647 0.037962 -180.161 0.938934 0.343621 0.0180815 -87.0195 -0.0300166 0.0294457 0.999116 0
0.34261 -0.938697 0.0382957 -180.101 0.938916 0.34353 0.0205886 -86.8445 -0.0324821 0.0289026 0.999054 0
0.34213 -0.938855 0.0387006 -180.064 0.939114 0.343038 0.0197518 -86.6784 -0.0318198 0.0295866 0.999056 0
0.341908 -0.938954 0.0382676 -179.993 0.939195 0.342807 0.0198895 -86.5132 -0.0317937 0.0291404 0.99907 0
0.344389 -0.938084 0.0373316 -179.92 0.938358 0.345201 0.0178906 -86.3583 -0.0296698 0.0288691 0.999143 0
0.344735 -0.938016 0.0358357 -179.862 0.938318 0.345433 0.0153706 -86.2058 -0.0267967 0.0283265 0.99924 0
0.344491 -0.93812 0.03544 -179.816 0.938423 0.345166 0.0149263 -86.089 -0.0262354 0.0281157 0.99926 0
0.342393 -0.938887 0.03547 -179.755 0.939201 0.343058 0.0145658 -85.9428 -0.0258439 0.0283262 0.999265 0
0.342501 -0.938803 0.0366421 -179.716 0.93914 0.343208 0.0149578 -85.8015 -0.0266183 0.029289 0.999216 0
0.34285 -0.938699 0.0360218 -179.682 0.939003 0.343558 0.0155613 -85.6617 -0.026983 0.0284894 0.99923 0
0.343729 -0.938409 0.0351923 -179.611 0.938665 0.344439 0.016433 -85.4898 -0.0275425 0.0273852 0.999245 0
0.346832 -0.9373 0.0343089 -179.562 0.937552 0.347496 0.0156057 -85.3147 -0.0265494 0.0267539 0.999289 0
0.352242 -0.935302 0.0337122 -179.501 0.935532 0.352894 0.0156868 -85.1452 -0.0265687 0.0260133 0.999308 0
0.360754 -0.932061 0.0334332 -179.433 0.932295 0.361385 0.0150548 -84.9829 -0.0261143 0.0257385 0.999328 0
0.368361 -0.929043 0.0344821 -179.373 0.929309 0.369011 0.01466 -84.836 -0.0263441 0.0266444 0.999298 0
0.375132 -0.926341 0.0341877 -179.316 0.926601 0.37577 0.0144304 -84.6875 -0.0262142 0.026265 0.999311 0
0.381617 -0.923738 0.0328049 -179.258 0.923942 0.382236 0.0150566 -84.5541 -0.0264475 0.024564 0.999348 0
0.384531 -0.922499 0.0336317 -179.202 0.922702 0.38519 0.0157728 -84.4021 -0.027505 0.0249669 0.99931 0
0.389836 -0.920199 0.0355109 -179.131 0.920394 0.390597 0.0175934 -84.2812 -0.0300599 0.0258254 0.999214 0
0.394423 -0.918238 0.035644 -179.073 0.918467 0.395158 0.0163976 -84.1245 -0.0291418 0.0262702 0.99923 0
0.398367 -0.91648 0.0369812 -179.019 0.916641 0.399229 0.0196345 -83.9941 -0.0327586 0.0260768 0.999123 0
0.400516 -0.915452 0.0391666 -178.953 0.915648 0.401469 0.0202852 -83.8645 -0.0342943 0.0277383 0.999027 0
0.403189 -0.914298 0.0387014 -178.894 0.914391 0.404193 0.0227466 -83.7281 -0.03644 0.026217 0.998992 0
0.405853 -0.913213 0.0364033 -178.84 0.913293 0.406741 0.0213844 -83.5724 -0.0343353 0.024568 0.999108 0
0.407078 -0.912736 0.0346439 -178.769 0.912816 0.407876 0.020116 -83.426 -0.032491 0.0234347 0.999197 0
0.40686 -0.912729 0.0372823 -178.704 0.912822 0.407785 0.0216231 -83.2701 -0.0349392 0.0252345 0.999071 0
0.407863 -0.912287 0.037143 -178.644 0.912349 0.408802 0.022371 -83.1535 -0.0355929 0.0247631 0.999059 0
0.409416 -0.911431 0.0408931 -178.468 0.911564 0.41051 0.0230558 -82.8339 -0.0378008 0.0278372 0.998897 0
0.410744 -0.910756 0.0425764 -178.41 0.910992 0.411859 0.0215862 -82.6676 -0.0371952 0.0299203 0.99886 0
0.412712 -0.909883 0.042221 -178.358 0.910233 0.413706 0.017999 -82.5546 -0.0338441 0.0310025 0.998946 0
0.412358 -0.910107 0.0408074 -178.305 0.910555 0.413167 0.0135112 -82.4371 -0.0291569 0.031586 0.999076 0
0.41104 -0.910649 0.0419993 -178.229 0.911274 0.411713 0.00848509 -82.2892 -0.0250186 0.0347852 0.999082 0
0.411783 -0.910303 0.0422332 -178.209 0.910891 0.412522 0.0101881 -82.2294 -0.0266964 0.0342746 0.999056 0
0.413004 -0.909723 0.0428094 -178.102 0.91038 0.413691 0.00827035 -82.0202 -0.0252336 0.0355571 0.999049 0
0.413679 -0.90941 0.0429233 -178.012 0.910021 0.414437 0.0101862 -81.8603 -0.0270525 0.0348473 0.999026 0
0.415517 -0.908662 0.0409599 -177.968 0.90921 0.416218 0.0099958 -81.685 -0.0261311 0.0330877 0.999111 0
0.415494 -0.908793 0.0382196 -177.903 0.909191 0.416196 0.0123689 -81.5552 -0.0271476 0.0296098 0.999193 0
0.413934 -0.909505 0.0382016 -177.858 0.909865 0.414676 0.0137633 -81.407 -0.0283591 0.0290612 0.999175 0
0.413154 -0.909661 0.0426602 -177.781 0.910194 0.413989 0.0126555 -81.2852 -0.0291731 0.0336004 0.999009 0
0.414369 -0.909153 0.0416993 -177.728 0.909547 0.415288 0.0161326 -81.143 -0.0319842 0.0312426 0.999 0
0.413501 -0.909604 0.0404592 -177.659 0.909959 0.414382 0.0161909 -80.9984 -0.0314929 0.0301212 0.99905 0
0.416177 -0.90846 0.0386856 -177.582 0.908909 0.41685 0.0109624 -80.8655 -0.026085 0.0305994 0.999191 0
0.416331 -0.908344 0.0397363 -177.517 0.908795 0.417067 0.0120919 -80.7313 -0.0275563 0.031078 0.999137 0
0.414445 -0.909208 0.0396976 -177.438 0.909646 0.415194 0.0125796 -80.5875 -0.0279197 0.0308972 0.999133 0
0.41147 -0.910562 0.0396152 -177.372 0.910929 0.412289 0.0150287 -80.4388 -0.0300175 0.0299028 0.999102 0
0.405802 -0.913046 0.0408766 -177.308 0.913393 0.40672 0.0170642 -80.2865 -0.0322058 0.0304118 0.999018 0
0.398775 -0.916099 0.0417197 -177.255 0.916492 0.399705 0.016668 -80.1555 -0.0319451 0.031589 0.99899 0
0.397019 -0.916988 0.0388573 -177.219 0.917317 0.397838 0.0159605 -80.0567 -0.0300945 0.0293079 0.999117 0
0.397156 -0.917012 0.0368324 -177.168 0.917367 0.397831 0.012979 -79.9204 -0.026555 0.0286341 0.999237 0
0.396584 -0.917256 0.0369246 -177.08 0.917596 0.39728 0.0136429 -79.757 -0.0271835 0.0284713 0.999225 0
0.395738 -0.91757 0.0381683 -177.018 0.917933 0.396483 0.0141534 -79.6019 -0.0281198 0.029435 0.999171 0
0.395334 -0.917636 0.0406979 -176.971 0.91811 0.396114 0.0129729 -79.4607 -0.0280254 0.0322366 0.999087 0
0.395223 -0.917698 0.0403621 -176.93 0.918202 0.395946 0.0115153 -79.3452 -0.0265487 0.0325094 0.999119 0
0.394611 -0.917821 0.0434433 -176.875 0.918374 0.395485 0.013454 -79.2038 -0.0295295 0.0345881 0.998965 0
0.395265 -0.917793 0.0377054 -176.818 0.918237 0.39589 0.0105802 -79.058 -0.0246377 0.0304405 0.999233 0
0.396512 -0.917311 0.0363221 -176.738 0.917676 0.397147 0.0120479 -78.9504 -0.0254769 0.0285548 0.999268 0
0.395995 -0.917506 0.0370184 -176.703 0.917827 0.396717 0.0144439 -78.8091 -0.0279382 0.0282568 0.99921 0
0.394855 -0.917955 0.0380458 -176.623 0.918222 0.395687 0.0173089 -78.661 -0.030943 0.0280999 0.999126 0
0.395223 -0.917732 0.0395877 -176.561 0.918045 0.396101 0.0172247 -78.5083 -0.0314884 0.0295357 0.999068 0
0.395915 -0.917296 0.0426576 -176.492 0.91759 0.396997 0.0205303 -78.3703 -0.0357673 0.0310139 0.998879 0
0.398428 -0.916178 0.0432769 -176.443 0.916484 0.399537 0.0206507 -78.2278 -0.0362105 0.0314348 0.99885 0
0.398622 -0.916005 0.0451158 -176.373 0.916339 0.399826 0.0214908 -78.0632 -0.0377242 0.0327747 0.998751 0
0.39871 -0.916106 0.0421994 -176.315 0.916364 0.399792 0.0210384 -77.9193 -0.0361444 0.0302818 0.998888 0
0.396694 -0.916924 0.0434173 -176.261 0.917234 0.39781 0.0207343 -77.7757 -0.0362836 0.0315986 0.998842 0
0.395772 -0.91734 0.0430372 -176.154 0.917904 0.396604 0.0125569 -77.5328 -0.0285877 0.0345344 0.998995 0
0.39483 -0.917759 0.0427443 -176.086 0.918352 0.395607 0.0112074 -77.375 -0.0271956 0.0348293 0.999023 0
0.395959 -0.917435 0.03911 -176.006 0.917939 0.396598 0.00988723 -77.2457 -0.0245819 0.0319857 0.999186 0
0.397331 -0.916857 0.0387516 -175.952 0.917303 0.398018 0.0116874 -77.0938 -0.0261395 0.0309032 0.99918 0
0.397796 -0.916601 0.0400037 -175.891 0.91704 0.398571 0.013374 -76.9466 -0.0282029 0.0313649 0.99911 0
0.397538 -0.916633 0.0418153 -175.781 0.917157 0.398333 0.0124473 -76.6594 -0.0280659 0.0334029 0.999048 0
0.396875 -0.916761 0.0451574 -175.714 0.917358 0.39782 0.0139197 -76.4999 -0.0307255 0.0359011 0.998883 0
0.397807 -0.916355 0.0452001 -175.648 0.916945 0.398763 0.0141824 -76.3646 -0.0310202 0.0358042 0.998877 0
0.398856 -0.916207 0.0384452 -175.518 0.916538 0.399648 0.0154564 -76.1166 -0.0295258 0.0290716 0.999141 0
0.398724 -0.916128 0.0415755 -175.468 0.916509 0.399657 0.0169051 -75.9749 -0.0321032 0.0313638 0.998992 0
0.399123 -0.915902 0.0427069 -175.397 0.916339 0.400072 0.0162718 -75.8578 -0.0319892 0.0326396 0.998955 0
0.398546 -0.91612 0.0434159 -175.338 0.916572 0.399527 0.0165377 -75.7162 -0.0324963 0.0332028 0.99892 0
0.397967 -0.916426 0.0422605 -175.284 0.91694 0.398803 0.0133019 -75.5383 -0.0290438 0.0334567 0.999018 0
0.398701 -0.916124 0.0418994 -175.216 0.916671 0.399473 0.0116806 -75.372 -0.0274385 0.0337509 0.999054 0
0.399928 -0.915673 0.0400005 -175.139 0.916156 0.40065 0.0117137 -75.2092 -0.0267522 0.0319621 0.999131 0
0.399637 -0.915801 0.0399829 -175.071 0.916229 0.400422 0.0136873 -75.0637 -0.0285448 0.0311635 0.999107 0
0.399452 -0.915846 0.0408028 -175.017 0.916292 0.400268 0.0139429 -74.9234 -0.0291016 0.0318178 0.99907 0
0.4002 -0.915481 0.0416445 -174.953 0.915959 0.401035 0.0137645 -74.8011 -0.0293021 0.0326361 0.999038 0
0.399928 -0.915577 0.0421424 -174.904 0.916102 0.400744 0.0127357 -74.6807 -0.0285488 0.0335133 0.99903 0
0.399312 -0.915865 0.0417176 -174.83 0.916363 0.40013 0.0131842 -74.5454 -0.0287674 0.0329638 0.999042 0
0.402242 -0.914643 0.0403696 -174.766 0.915133 0.402978 0.0117994 -74.4098 -0.0270603 0.0321973 0.999115 0
0.401295 -0.91491 0.0436206 -174.711 0.91549 0.402146 0.0125208 -74.2552 -0.0289973 0.0349097 0.99897 0
0.400423 -0.915257 0.0443468 -174.656 0.915789 0.401381 0.0149693 -74.097 -0.0315007 0.0346183 0.998904 0
0.400523 -0.91515 0.0456206 -174.598 0.915799 0.401437 0.0126356 -73.9401 -0.0298773 0.0367185 0.998879 0
0.40062 -0.915072 0.0463237 -174.539 0.915791 0.4015 0.0111559 -73.7949 -0.0288074 0.0379536 0.998864 0
0.402054 -0.914555 0.0440695 -174.451 0.915178 0.402884 0.0115289 -73.644 -0.0282987 0.0356962 0.998962 0
0.401841 -0.914675 0.043516 -174.393 0.915195 0.402755 0.0143953 -73.4892 -0.0306933 0.034041 0.998949 0
0.402344 -0.914442 0.0437767 -174.331 0.914949 0.403288 0.0150656 -73.362 -0.0314313 0.0339919 0.998928 0
0.402557 -0.914304 0.044681 -174.267 0.914876 0.403493 0.0140042 -73.2195 -0.0308326 0.03524 0.998903 0
0.402611 -0.914299 0.0442952 -174.21 0.914903 0.403481 0.0124706 -73.0854 -0.0292741 0.035505 0.998941 0
0.40248 -0.91429 0.0456432 -174.125 0.914889 0.403454 0.0142434 -72.9466 -0.0314376 0.0360258 0.998856 0
0.403119 -0.913957 0.0466643 -174.075 0.914574 0.404147 0.0148192 -72.7947 -0.0324034 0.0367041 0.998801 0
0.402597 -0.914214 0.0461289 -174.012 0.91481 0.40361 0.0149005 -72.6407 -0.0322404 0.0362003 0.998824 0
0.404184 -0.913625 0.0438678 -173.947 0.914241 0.405008 0.0114774 -72.4839 -0.0282528 0.0354667 0.998971 0
0.402383 -0.914534 0.0414305 -173.868 0.915028 0.403184 0.0128972 -72.3234 -0.028499 0.0327204 0.999058 0
0.402477 -0.914444 0.0424862 -173.807 0.915023 0.403249 0.0111223 -72.1774 -0.0273032 0.0343994 0.999035 0
0.403109 -0.914044 0.0450177 -173.747 0.914755 0.403895 0.00958215 -72.0351 -0.0269409 0.0373176 0.99894 0
0.40265 -0.914285 0.0442257 -173.674 0.914954 0.403432 0.0100845 -71.8772 -0.0270622 0.036404 0.998971 0
0.403083 -0.914034 0.0454418 -173.643 0.914784 0.403848 0.00873003 -71.7851 -0.0263311 0.0380505 0.998929 0
0.404628 -0.913346 0.0455477 -173.524 0.913976 0.405558 0.0130572 -71.5762 -0.030398 0.0363462 0.998877 0
0.403969 -0.913657 0.0451791 -173.425 0.914209 0.40496 0.015113 -71.3572 -0.0321039 0.035198 0.998865 0
0.403533 -0.913948 0.043127 -173.294 0.914589 0.40427 0.00962885 -71.026 -0.0262352 0.0355579 0.999023 0
0.404646 -0.913678 0.0381434 -173.122 0.914416 0.404736 -0.00566353 -70.6829 -0.0102634 0.0371706 0.999256 0
0.403374 -0.91419 0.0393306 -173.055 0.914886 0.403711 0.000682506 -70.5073 -0.0165021 0.0357077 0.999226 0
0.403567 -0.913955 0.0426669 -172.974 0.914496 0.404397 0.0126518 -70.3314 -0.0288175 0.0339128 0.999009 0
0.401048 -0.914643 0.0508688 -172.802 0.915 0.402634 0.0257048 -69.9096 -0.0439923 0.0362361 0.998374 0
0.404295 -0.913268 0.0498673 -172.705 0.913848 0.405601 0.0192134 -69.6934 -0.0377732 0.0378033 0.998571 0
0.403473 -0.913828 0.0461176 -172.645 0.914424 0.404485 0.0148326 -69.5215 -0.0322083 0.0361865 0.998826 0
0.401899 -0.914619 0.0441481 -172.483 0.915177 0.402813 0.0138632 -69.1846 -0.0304629 0.0348317 0.998929 0
0.402498 -0.914235 0.0465793 -172.386 0.914863 0.403508 0.0144135 -68.9685 -0.0319725 0.0368122 0.998811 0
0.404871 -0.913134 0.0476048 -172.312 0.913779 0.405937 0.0149552 -68.7803 -0.0329807 0.0374453 0.998754 0
0.404974 -0.913164 0.0461231 -172.22 0.913713 0.406037 0.016215 -68.6096 -0.0335346 0.0355766 0.998804 0
0.404742 -0.913181 0.0477843 -172.159 0.91389 0.405747 0.0131926 -68.3985 -0.0314355 0.03833 0.998771 0
0.404558 -0.913169 0.0495456 -172.086 0.913952 0.405613 0.0130401 -68.2271 -0.0320042 0.0400068 0.998687 0
0.40399 -0.913555 0.0470082 -171.977 0.914192 0.40502 0.0145447 -68.0465 -0.0323266 0.0370987 0.998789 0
0.406113 -0.912774 0.0437698 -171.9 0.913345 0.406984 0.0128451 -67.8647 -0.0295383 0.0347604 0.998959 0
0.405572 -0.913084 0.0422853 -171.836 0.913642 0.406356 0.0115746 -67.7129 -0.0277515 0.0339393 0.999039 0
0.405253 -0.91323 0.0421891 -171.791 0.913852 0.405947 0.00905058 -67.5912 -0.0253918 0.0348868 0.999069 0
0.404626 -0.913349 0.0455168 -171.688 0.914034 0.405484 0.0111235 -67.3252 -0.0286159 0.037103 0.998902 0
0.404868 -0.913227 0.0458195 -171.591 0.91391 0.405752 0.0115805 -67.0891 -0.029167 0.0371863 0.998883 0
0.405613 -0.913025 0.0431596 -171.489 0.913606 0.406429 0.0118043 -66.8907 -0.0283189 0.0346429 0.998998 0
0.404624 -0.913573 0.0407992 -171.484 0.91405 0.405402 0.0126959 -66.8542 -0.0281387 0.0321554 0.999087 0
0.404275 -0.913626 0.0430051 -171.37 0.914194 0.405097 0.0121175 -66.6174 -0.0284921 0.0344162 0.999001 0
0.404902 -0.913315 0.0436983 -171.271 0.913871 0.405786 0.0133487 -66.4238 -0.0299238 0.0345297 0.998956 0
0.404692 -0.913326 0.04538 -171.184 0.913899 0.405676 0.014694 -66.2514 -0.03183 0.0355262 0.998862 0
0.406399 -0.912525 0.0462305 -171.111 0.91314 0.407396 0.0142679 -66.0772 -0.031854 0.0364164 0.998829 0
0.406507 -0.912589 0.0439781 -171.036 0.913066 0.407495 0.0160951 -65.8972 -0.032609 0.0336121 0.998903 0
0.406592 -0.912581 0.0433548 -170.954 0.913027 0.407569 0.0163933 -65.7021 -0.0326303 0.0329187 0.998925 0
0.406766 -0.912454 0.0443756 -170.865 0.91297 0.40774 0.015292 -65.5266 -0.032047 0.0342933 0.998898 0
0.406272 -0.912669 0.0444792 -170.793 0.913213 0.407224 0.0145476 -65.3603 -0.0313901 0.0347087 0.998904 0
0.40597 -0.912894 0.042581 -170.728 0.9134 0.406833 0.0136655 -65.1824 -0.0297985 0.0333457 0.999 0
0.40684 -0.912626 0.0399484 -170.644 0.913061 0.407611 0.0131699 -65.027 -0.0283026 0.0311173 0.999115 0
0.406792 -0.91265 0.0398878 -170.57 0.913089 0.407555 0.0129845 -64.9085 -0.0281068 0.0311391 0.99912 0
0.406798 -0.912606 0.0408192 -170.483 0.913098 0.40756 0.0121301 -64.7153 -0.0277063 0.0323374 0.999093 0
0.406719 -0.912492 0.04402 -170.398 0.91309 0.407575 0.0122057 -64.5104 -0.029079 0.0352299 0.998956 0
0.408187 -0.91179 0.0449818 -170.276 0.912372 0.409129 0.0138277 -64.2183 -0.0310113 0.0353958 0.998892 0
0.40835 -0.911705 0.0452085 -170.19 0.912287 0.409309 0.0140879 -64.0178 -0.0313483 0.0354903 0.998878 0
0.408079 -0.911872 0.0442868 -170.094 0.912473 0.40895 0.0123867 -63.8525 -0.0294062 0.0353557 0.998942 0
0.408076 -0.911907 0.043582 -170.033 0.912445 0.40897 0.0136712 -63.7165 -0.0302906 0.0341873 0.998956 0
0.407427 -0.912237 0.0427521 -169.964 0.912738 0.408306 0.0139827 -63.5555 -0.0302115 0.0333245 0.998988 0
0.407375 -0.912247 0.0430262 -169.896 0.912759 0.408261 0.0139463 -63.4022 -0.0302883 0.0335912 0.998977 0
