0.352513 -0.935788 0.00598653 -189.913 0.935654 0.352564 0.0158252 -113.805 -0.0169197 2.27205e-05 0.999857 0
0.352252 -0.935884 0.00623215 -189.914 0.935742 0.352307 0.0162842 -113.803 -0.0174357 9.55444e-05 0.999848 0
0.352604 -0.935753 0.00606505 -189.906 0.93561 0.352657 0.0163343 -113.793 -0.0174238 -8.50391e-05 0.999848 0
0.352742 -0.935703 0.00570683 -189.901 0.935565 0.352788 0.0160984 -113.807 -0.0170766 -0.000339475 0.999854 0
0.352709 -0.935717 0.00551848 -189.909 0.935574 0.352751 0.0163841 -113.829 -0.0172776 -0.000615889 0.99985 0
0.35251 -0.935792 0.00552327 -189.914 0.935644 0.352553 0.0166496 -113.839 -0.0175278 -0.000701344 0.999846 0
0.352622 -0.93575 0.00551976 -189.91 0.935607 0.352665 0.0163267 -113.845 -0.0172243 -0.00059283 0.999851 0
0.352795 -0.935685 0.00551705 -189.909 0.935553 0.352838 0.0156593 -113.843 -0.0165988 -0.000363028 0.999862 0
0.352621 -0.935749 0.0055998 -189.906 0.935617 0.352665 0.0157661 -113.829 -0.0167279 -0.000320179 0.99986 0
0.352369 -0.935845 0.00556889 -189.912 0.935709 0.352413 0.0159008 -113.813 -0.0168432 -0.000392096 0.999858 0
0.352434 -0.935822 0.00533077 -189.909 0.935685 0.352473 0.0159913 -113.804 -0.016844 -0.000647966 0.999858 0
0.352753 -0.935702 0.00526733 -189.908 0.935564 0.352791 0.0160767 -113.807 -0.0169013 -0.000743175 0.999857 0
0.352774 -0.935692 0.00554016 -189.906 0.935549 0.352817 0.0164063 -113.818 -0.0173059 -0.000604631 0.99985 0
0.352794 -0.935683 0.00577739 -189.904 0.935536 0.352841 0.016579 -113.822 -0.0175512 -0.000444004 0.999846 0
0.352552 -0.935775 0.00561763 -189.91 0.935634 0.352597 0.0162588 -113.812 -0.0171953 -0.000476036 0.999852 0
0.352726 -0.93571 0.00550489 -189.913 0.935574 0.352769 0.0159685 -113.814 -0.0168838 -0.000482285 0.999857 0
0.3536 -0.935378 0.00592197 -189.918 0.935238 0.353649 0.0161607 -113.818 -0.0172106 -0.000175957 0.999852 0
0.353624 -0.935368 0.00605571 -189.917 0.935221 0.353676 0.016589 -113.805 -0.0176586 -0.00020284 0.999844 0
0.353505 -0.93541 0.00646464 -189.921 0.935259 0.353564 0.0167931 -113.803 -0.0179941 0.000109656 0.999838 0
0.353155 -0.935541 0.00663717 -189.918 0.935391 0.353217 0.0167562 -113.805 -0.0180205 0.000290811 0.999838 0
0.353191 -0.935527 0.00668266 -189.925 0.935374 0.353254 0.0169186 -113.812 -0.0181885 0.000275277 0.999834 0
0.353606 -0.935372 0.00639331 -189.924 0.935231 0.353664 0.0162835 -113.813 -0.0174922 0.000221275 0.999847 0
0.353306 -0.935488 0.00602728 -189.924 0.935354 0.353358 0.0158562 -113.807 -0.016963 3.55523e-05 0.999856 0
0.35401 -0.935225 0.00562423 -189.928 0.935083 0.354054 0.016294 -113.811 -0.0172298 -0.000509107 0.999851 0
0.354074 -0.9352 0.00565164 -189.919 0.935058 0.354119 0.0163161 -113.813 -0.0172601 -0.000492485 0.999851 0
0.35392 -0.935257 0.00585849 -189.918 0.93511 0.353968 0.0165889 -113.801 -0.0175886 -0.000392804 0.999845 0
0.354327 -0.935104 0.00576811 -189.909 0.934978 0.354374 0.0153206 -113.793 -0.0163704 -3.5461e-05 0.999866 0
0.354001 -0.935231 0.00511754 -189.914 0.935103 0.354038 0.0154599 -113.78 -0.0162704 -0.000687409 0.999867 0
0.353834 -0.935295 0.00497691 -189.921 0.935161 0.353868 0.0158831 -113.785 -0.0166165 -0.000965759 0.999861 0
0.353681 -0.935351 0.00536703 -189.919 0.935212 0.353722 0.0161292 -113.793 -0.0169849 -0.000685303 0.999855 0
0.353567 -0.935393 0.0055264 -189.921 0.935256 0.35361 0.0159873 -113.81 -0.0169086 -0.000483995 0.999857 0
0.353002 -0.935603 0.00608779 -189.914 0.935473 0.353054 0.0155817 -113.822 -0.0167276 0.000194608 0.99986 0
0.353242 -0.935512 0.00615373 -189.911 0.935381 0.353295 0.0156506 -113.82 -0.0168154 0.000227637 0.999859 0
0.353417 -0.935445 0.00626051 -189.915 0.935312 0.353472 0.015781 -113.809 -0.0169752 0.000278256 0.999856 0
0.353845 -0.935285 0.00595491 -189.921 0.935145 0.353895 0.0161912 -113.814 -0.0172508 -0.000160478 0.999851 0
0.353691 -0.935344 0.00589361 -189.913 0.9352 0.35374 0.0163834 -113.807 -0.0174089 -0.000282971 0.999848 0
0.353411 -0.935449 0.00594682 -189.919 0.935304 0.353461 0.0164566 -113.799 -0.0174963 -0.000253873 0.999847 0
0.353354 -0.935469 0.00628217 -189.926 0.935324 0.35341 0.0164543 -113.799 -0.0176127 6.16573e-05 0.999845 0
0.352234 -0.935889 0.00650728 -189.933 0.935749 0.352294 0.016199 -113.837 -0.0174529 0.000383345 0.999848 0
0.35103 -0.936348 0.00560729 -189.901 0.936214 0.351075 0.0158363 -113.798 -0.0167969 -0.000309406 0.999859 0
0.351786 -0.936061 0.00605444 -189.885 0.935925 0.351838 0.0159636 -113.737 -0.0170731 5.07347e-05 0.999854 0
0.352044 -0.935969 0.00519649 -189.875 0.935832 0.352081 0.016056 -113.69 -0.0168575 -0.000789398 0.999857 0
0.351933 -0.936016 0.00418301 -189.856 0.935877 0.351954 0.0162249 -113.662 -0.016659 -0.00179531 0.99986 0
0.351844 -0.936051 0.00381754 -189.836 0.935903 0.351857 0.0167629 -113.626 -0.0170342 -0.0023251 0.999852 0
0.351206 -0.936289 0.00416845 -189.812 0.936129 0.351224 0.0174176 -113.581 -0.0177719 -0.00221495 0.99984 0
0.350542 -0.936519 0.00718684 -189.791 0.936346 0.350616 0.0180016 -113.492 -0.0193786 0.000419068 0.999812 0
0.350068 -0.936678 0.00931503 -189.75 0.936517 0.350183 0.0175299 -113.392 -0.0196818 0.00258702 0.999803 0
0.348832 -0.937132 0.0100269 -189.718 0.936995 0.348957 0.016421 -113.284 -0.0188876 0.00366695 0.999815 0
0.347364 -0.937672 0.0104964 -189.682 0.937541 0.347497 0.0161749 -113.185 -0.0188142 0.00422226 0.999814 0
0.346193 -0.93811 0.00995576 -189.653 0.937969 0.346318 0.0166796 -113.092 -0.0190952 0.00356382 0.999811 0
0.346147 -0.938144 0.00828106 -189.613 0.937997 0.346241 0.0166874 -112.998 -0.0185224 0.00199131 0.999826 0
0.345926 -0.938236 0.00698977 -189.582 0.938072 0.345997 0.0175272 -112.901 -0.0188631 0.000493769 0.999822 0
0.345906 -0.938255 0.00516517 -189.555 0.938066 0.34594 0.0188796 -112.806 -0.0195007 -0.0016853 0.999808 0
0.34506 -0.938575 0.00332315 -189.501 0.938295 0.34504 0.0234513 -112.719 -0.0231574 -0.004974 0.999719 0
0.345037 -0.938579 0.00426814 -189.473 0.938251 0.345031 0.0252631 -112.61 -0.0251841 -0.00471213 0.999672 0
0.344334 -0.93883 0.00566085 -189.443 0.938527 0.344368 0.0240155 -112.519 -0.0244959 -0.00295649 0.999695 0
0.343748 -0.939042 0.00617819 -189.422 0.938799 0.3438 0.0214171 -112.43 -0.0222356 -0.00156202 0.999751 0
0.343383 -0.939172 0.00669245 -189.385 0.938962 0.343448 0.0198525 -112.323 -0.0209434 -0.000533076 0.99978 0
0.342837 -0.939376 0.00592087 -189.328 0.939176 0.342886 0.0194117 -112.211 -0.020265 -0.00109429 0.999794 0
0.342954 -0.939338 0.00525827 -189.282 0.939109 0.342987 0.0208287 -112.111 -0.0213687 -0.00220519 0.999769 0
0.342829 -0.939395 0.0024061 -189.231 0.939141 0.342794 0.0225139 -111.93 -0.0219742 -0.00545873 0.999744 0
0.343213 -0.939256 0.00181017 -189.185 0.939005 0.343165 0.0225124 -111.805 -0.0217661 -0.00602679 0.999745 0
0.342568 -0.939492 0.00156204 -189.139 0.93926 0.34252 0.0217125 -111.696 -0.0209338 -0.00597087 0.999763 0
0.341953 -0.939716 0.0015099 -189.087 0.939514 0.341911 0.0202663 -111.59 -0.0195608 -0.00551155 0.999793 0
0.340472 -0.940249 0.0032944 -189.047 0.940079 0.340475 0.0181319 -111.476 -0.0181701 -0.00307641 0.99983 0
0.340451 -0.94025 0.00473799 -189.003 0.940063 0.340479 0.018851 -111.351 -0.0193378 -0.00196384 0.999811 0
0.340872 -0.940095 0.00522494 -188.957 0.939867 0.340905 0.0207946 -111.241 -0.0213301 -0.00217755 0.99977 0
0.340686 -0.94016 0.00563727 -188.91 0.939902 0.340725 0.0221617 -111.143 -0.0227563 -0.00225171 0.999738 0
0.340836 -0.940111 0.00473275 -188.868 0.93985 0.340854 0.0223515 -111.05 -0.0226261 -0.00317011 0.999739 0
0.341037 -0.940042 0.00391568 -188.836 0.939793 0.341039 0.0219303 -110.943 -0.0219508 -0.00379913 0.999752 0
0.340505 -0.940235 0.00380722 -188.798 0.939987 0.340504 0.0219391 -110.817 -0.0219243 -0.00389164 0.999752 0
0.340155 -0.940364 0.00311186 -188.746 0.9401 0.340135 0.0228055 -110.677 -0.0225039 -0.00483194 0.999735 0
0.340398 -0.940274 0.00366506 -188.71 0.940019 0.340392 0.0222792 -110.62 -0.0221961 -0.00413856 0.999745 0
0.338798 -0.940844 0.00540109 -188.663 0.940587 0.338833 0.0221128 -110.482 -0.0226348 -0.00241159 0.999741 0
0.338394 -0.940988 0.00557745 -188.614 0.940699 0.338429 0.0234944 -110.343 -0.0239955 -0.00270367 0.999708 0
0.338555 -0.940922 0.00682857 -188.587 0.940652 0.338621 0.0225588 -110.217 -0.0235384 -0.00121409 0.999722 0
0.33967 -0.940533 0.00460845 -188.554 0.940275 0.339686 0.0222696 -110.096 -0.0225107 -0.0032311 0.999741 0
0.340263 -0.940324 0.00352777 -188.499 0.940041 0.340249 0.0235357 -109.997 -0.0233315 -0.00469208 0.999717 0
0.338963 -0.940798 0.00190973 -188.456 0.940517 0.338911 0.0238307 -109.859 -0.0230671 -0.00628161 0.999714 0
0.338976 -0.940789 0.00330202 -188.405 0.940479 0.338951 0.024737 -109.757 -0.0243916 -0.0052798 0.999688 0
0.337734 -0.941228 0.00508228 -188.389 0.94093 0.337757 0.0238793 -109.634 -0.0241924 -0.00328278 0.999702 0
0.33691 -0.941518 0.00600346 -188.352 0.941222 0.336955 0.0237333 -109.518 -0.0243682 -0.00234538 0.9997 0
0.3372 -0.941412 0.00626876 -188.302 0.941098 0.33725 0.0244158 -109.396 -0.0250994 -0.00233348 0.999682 0
0.336837 -0.941546 0.00568613 -188.258 0.9412 0.336869 0.0257271 -109.276 -0.0261387 -0.00331406 0.999653 0
0.338056 -0.941119 0.00366398 -188.214 0.940771 0.338033 0.0261651 -109.16 -0.025863 -0.00539832 0.999651 0
0.338781 -0.940859 0.00356244 -188.175 0.940494 0.338751 0.0267959 -109.027 -0.026418 -0.0057275 0.999634 0
0.338831 -0.940832 0.00542956 -188.124 0.940402 0.338842 0.0288261 -108.889 -0.0289602 -0.00466119 0.99957 0
0.339386 -0.940598 0.00965736 -188.071 0.940111 0.339521 0.0302702 -108.759 -0.0317509 -0.0011943 0.999495 0
0.338817 -0.940788 0.0110334 -188.041 0.940276 0.338997 0.0310124 -108.642 -0.0329164 -0.000133103 0.999458 0
0.338347 -0.940942 0.0122599 -187.989 0.940472 0.338566 0.0297484 -108.529 -0.0321422 0.00146479 0.999482 0
0.338332 -0.940939 0.0128697 -187.954 0.94051 0.338568 0.0285022 -108.401 -0.031176 0.00246088 0.999511 0
0.337924 -0.941062 0.0144606 -187.907 0.940679 0.338205 0.0271976 -108.255 -0.0304853 0.00441207 0.999525 0
0.33841 -0.940839 0.0173384 -187.854 0.940502 0.338772 0.0262582 -108.125 -0.0305785 0.0074208 0.999505 0
0.338106 -0.940913 0.0191655 -187.8 0.940645 0.338509 0.0244746 -108.007 -0.0295161 0.00975296 0.999517 0
0.33761 -0.941101 0.0186513 -187.77 0.94084 0.337993 0.0240958 -107.893 -0.0289806 0.00941286 0.999536 0
0.338837 -0.940619 0.0206195 -187.706 0.940407 0.339267 0.0230874 -107.761 -0.028712 0.0115679 0.999521 0
0.339008 -0.940528 0.0219339 -187.666 0.940359 0.339463 0.0221398 -107.621 -0.0282688 0.0131201 0.999514 0
0.337956 -0.940869 0.0234821 -187.62 0.940753 0.338439 0.0210175 -107.47 -0.027722 0.0149879 0.999503 0
0.337599 -0.940939 0.0257044 -187.575 0.94086 0.338144 0.0209821 -107.339 -0.0284347 0.0171006 0.999449 0
0.337105 -0.941046 0.0281439 -187.528 0.941007 0.337724 0.0211794 -107.224 -0.0294356 0.0193439 0.999379 0
0.336473 -0.941171 0.0313468 -187.453 0.941157 0.337218 0.0225172 -107.004 -0.0317633 0.0219258 0.999255 0
0.337627 -0.94062 0.0352447 -187.385 0.940666 0.338522 0.0234367 -106.867 -0.0339761 0.0252406 0.999104 0
0.338078 -0.940325 0.0386427 -187.331 0.940476 0.339079 0.0230295 -106.734 -0.0347581 0.0285567 0.998988 0
0.336919 -0.940786 0.0375039 -187.316 0.940853 0.337923 0.0245815 -106.59 -0.0357993 0.0270036 0.998994 0
0.336416 -0.940824 0.0409225 -187.231 0.941137 0.337413 0.0203287 -106.489 -0.0329335 0.0316748 0.998955 0
0.337192 -0.940686 0.0375719 -187.203 0.94095 0.338031 0.0186626 -106.382 -0.0302561 0.0290604 0.99912 0
0.338229 -0.940195 0.0404257 -187.144 0.940617 0.33908 0.0162772 -106.223 -0.0290113 0.0325197 0.99905 0
0.340344 -0.939553 0.0374898 -187.132 0.939813 0.341181 0.0186272 -106.107 -0.030292 0.0288937 0.999123 0
0.339155 -0.940093 0.0346299 -187.07 0.940156 0.340004 0.0224254 -105.94 -0.0328563 0.0249518 0.999148 0
0.33863 -0.940255 0.0353685 -187.022 0.940335 0.339506 0.0224894 -105.799 -0.0331535 0.0256426 0.999121 0
0.338575 -0.940198 0.0373515 -186.973 0.940346 0.339505 0.0220475 -105.673 -0.03341 0.0276585 0.999059 0
0.341216 -0.93931 0.0356065 -186.848 0.939466 0.342041 0.0202791 -105.446 -0.0312273 0.0265315 0.99916 0
0.340793 -0.939447 0.0360606 -186.805 0.939601 0.341644 0.0207179 -105.317 -0.0317832 0.0268221 0.999135 0
0.34044 -0.93964 0.0343049 -186.786 0.939792 0.3412 0.0193024 -105.163 -0.0298422 0.0256682 0.999225 0
0.338921 -0.940255 0.0324499 -186.743 0.940311 0.339666 0.021011 -105.023 -0.0307778 0.023392 0.999252 0
0.338711 -0.940286 0.0337108 -186.681 0.940413 0.339463 0.0197043 -104.908 -0.0299712 0.025028 0.999237 0
0.337903 -0.940491 0.0360337 -186.625 0.940702 0.338705 0.0189357 -104.754 -0.0300136 0.0274985 0.999171 0
0.33782 -0.940522 0.0359956 -186.588 0.940724 0.338628 0.0191971 -104.605 -0.0302444 0.0273768 0.999167 0
0.338036 -0.940552 0.0330612 -186.535 0.940699 0.338738 0.0184775 -104.458 -0.0285782 0.0248546 0.999282 0
0.338629 -0.940392 0.0315011 -186.476 0.940561 0.339235 0.0162583 -104.306 -0.0259754 0.0241231 0.999371 0
0.338169 -0.940627 0.0293606 -186.408 0.940741 0.338725 0.0164789 -104.129 -0.0254457 0.0220481 0.999433 0
0.337859 -0.940733 0.0295358 -186.331 0.940911 0.338363 0.0140175 -103.987 -0.0231806 0.0230546 0.999465 0
0.337841 -0.940686 0.0311965 -186.269 0.940897 0.338391 0.0142719 -103.838 -0.023982 0.0245311 0.999411 0
0.337536 -0.940698 0.0340202 -186.23 0.940995 0.338141 0.0137698 -103.668 -0.0244568 0.0273651 0.999326 0
0.338539 -0.940377 0.0329149 -186.157 0.940628 0.339134 0.0144044 -103.512 -0.0247081 0.0260843 0.999354 0
0.339677 -0.940026 0.0311499 -186.083 0.940204 0.340257 0.0155477 -103.35 -0.0252142 0.0240061 0.999394 0
0.338853 -0.940299 0.0318977 -186.074 0.94046 0.339484 0.0168878 -103.273 -0.0267083 0.024276 0.999348 0
0.338236 -0.940528 0.0316883 -186.018 0.940659 0.338884 0.0178172 -103.116 -0.0274962 0.0237815 0.999339 0
0.337009 -0.94091 0.0333687 -185.965 0.941022 0.337757 0.01993 -102.898 -0.0300228 0.0246841 0.999244 0
0.337021 -0.940764 0.0371398 -185.912 0.940964 0.337895 0.0203206 -102.687 -0.0316662 0.0280988 0.999103 0
0.33888 -0.940076 0.0376534 -185.863 0.940254 0.339801 0.0214019 -102.534 -0.032914 0.0281511 0.999062 0
0.339442 -0.939888 0.0372792 -185.805 0.940006 0.340392 0.0228565 -102.388 -0.034172 0.0272842 0.999043 0
0.340094 -0.939695 0.0361803 -185.732 0.939775 0.341012 0.0230896 -102.245 -0.0340351 0.0261487 0.999078 0
0.339843 -0.939725 0.0377422 -185.689 0.939822 0.340834 0.0237995 -102.083 -0.0352288 0.0273828 0.999004 0
0.339774 -0.939686 0.0392818 -185.624 0.939895 0.340763 0.0218403 -101.941 -0.0339088 0.0295 0.998989 0
0.338899 -0.939986 0.0396725 -185.582 0.940196 0.339911 0.0221753 -101.853 -0.0343296 0.0297847 0.998967 0
0.338177 -0.94025 0.0395923 -185.527 0.940441 0.3392 0.0226687 -101.736 -0.0347439 0.0295682 0.998959 0
0.339216 -0.940012 0.0361928 -185.458 0.940119 0.340114 0.0223111 -101.49 -0.0332824 0.0264573 0.999096 0
0.338519 -0.940244 0.0367071 -185.408 0.940317 0.339471 0.023717 -101.298 -0.0347608 0.0264877 0.999045 0
0.338155 -0.940353 0.0372455 -185.352 0.940468 0.339105 0.0229544 -101.156 -0.0342154 0.0272661 0.999042 0
0.338212 -0.940292 0.0382576 -185.295 0.940452 0.339184 0.022467 -101.005 -0.0341018 0.0283808 0.999015 0
0.337765 -0.940386 0.0398587 -185.257 0.940632 0.338757 0.0213197 -100.86 -0.0335512 0.0302914 0.998978 0
0.338538 -0.940146 0.0389534 -185.191 0.940403 0.339465 0.0201351 -100.724 -0.0321533 0.0298154 0.999038 0
0.339223 -0.939922 0.0383967 -185.122 0.940162 0.340132 0.0201145 -100.549 -0.031966 0.0292759 0.99906 0
0.33834 -0.940287 0.0372338 -185.063 0.940452 0.339249 0.0214626 -100.379 -0.0328125 0.0277549 0.999076 0
0.337825 -0.94042 0.0385219 -185.046 0.940638 0.338763 0.020983 -100.302 -0.0327826 0.0291465 0.999037 0
0.337734 -0.940429 0.0390987 -184.979 0.940684 0.338672 0.0203833 -100.084 -0.0324107 0.0298953 0.999027 0
0.337369 -0.940575 0.0387489 -184.912 0.940809 0.338305 0.0206907 -99.8886 -0.03257 0.0294749 0.999035 0
0.337609 -0.940503 0.0384125 -184.854 0.940744 0.338518 0.0201434 -99.7596 -0.0319483 0.0293358 0.999059 0
0.338473 -0.940231 0.0374455 -184.766 0.94046 0.339337 0.0196235 -99.632 -0.0311572 0.028574 0.999106 0
0.338432 -0.940256 0.037178 -184.695 0.94043 0.33933 0.0211458 -99.4998 -0.032498 0.0278069 0.999085 0
0.339443 -0.939825 0.0388164 -184.65 0.940055 0.340386 0.0208354 -99.3119 -0.0327942 0.0294171 0.999029 0
0.339507 -0.93976 0.0398157 -184.617 0.940038 0.340467 0.0202849 -99.177 -0.0326189 0.0305414 0.999001 0
0.340411 -0.939529 0.0374942 -184.574 0.939729 0.341303 0.0205307 -99.0904 -0.032086 0.0282456 0.999086 0
0.338725 -0.939996 0.0409095 -184.489 0.940402 0.339624 0.0172964 -98.8588 -0.0301524 0.0326127 0.999013 0
0.340752 -0.939293 0.0401985 -184.433 0.939704 0.3416 0.0163264 -98.6992 -0.029067 0.0322114 0.999058 0
0.341291 -0.939137 0.0392796 -184.395 0.939373 0.342254 0.0209854 -98.5487 -0.0331517 0.0297361 0.999008 0
0.340901 -0.939222 0.0406135 -184.341 0.939464 0.34194 0.0219918 -98.4197 -0.0345426 0.0306579 0.998933 0
0.340526 -0.939338 0.0410622 -184.3 0.939623 0.341555 0.0211753 -98.3457 -0.0339158 0.0313722 0.998932 0
0.340491 -0.93937 0.0406176 -184.226 0.939723 0.341426 0.0186579 -98.1377 -0.0313946 0.0318165 0.999 0
0.339691 -0.93956 0.0428698 -184.154 0.939958 0.340728 0.0195775 -97.9455 -0.0330012 0.0336455 0.998889 0
0.339945 -0.939516 0.0417932 -184.109 0.939893 0.340933 0.0191385 -97.7867 -0.0322296 0.0327751 0.998943 0
0.340068 -0.939527 0.0405344 -184.087 0.939885 0.340993 0.0184254 -97.6889 -0.0311331 0.0318318 0.999008 0
0.338789 -0.940032 0.0395239 -184.012 0.940283 0.339756 0.0208441 -97.4842 -0.0330226 0.0301019 0.999001 0
0.340344 -0.939303 0.0433119 -183.932 0.939801 0.341304 0.016902 -97.3361 -0.0306586 0.0349521 0.998918 0
0.339842 -0.939422 0.0446448 -183.884 0.939928 0.340889 0.0181845 -97.2052 -0.0323018 0.035783 0.998837 0
0.338907 -0.939828 0.0431986 -183.823 0.940229 0.339964 0.0198423 -97.0525 -0.0333343 0.0338919 0.998869 0
0.338181 -0.940137 0.0421394 -183.766 0.940511 0.339195 0.019617 -96.8917 -0.0327361 0.0329985 0.998919 0
0.339863 -0.939579 0.0410352 -183.729 0.939903 0.340854 0.0200224 -96.7324 -0.0327997 0.0317642 0.998957 0
0.339943 -0.939556 0.0409095 -183.668 0.939873 0.340933 0.0200931 -96.5731 -0.032826 0.0316192 0.998961 0
0.340189 -0.939467 0.0409065 -183.597 0.939752 0.341209 0.0210418 -96.4195 -0.0337257 0.0312838 0.998941 0
0.340176 -0.939467 0.0410093 -183.551 0.939767 0.341188 0.0206993 -96.2553 -0.0334382 0.0314977 0.998944 0
0.339025 -0.939827 0.0422809 -183.477 0.940218 0.340031 0.0192012 -96.1242 -0.0324226 0.0332436 0.998921 0
0.340227 -0.939412 0.0418476 -183.435 0.939843 0.341161 0.0174459 -95.9612 -0.0306656 0.0333946 0.998972 0
0.340907 -0.939185 0.0413963 -183.371 0.939598 0.34183 0.0175315 -95.8123 -0.0306158 0.0329192 0.998989 0
0.340531 -0.939331 0.0411929 -183.318 0.939681 0.341506 0.0193348 -95.653 -0.0322294 0.032124 0.998964 0
0.339685 -0.939563 0.0428444 -183.258 0.939975 0.340707 0.0191264 -95.4912 -0.0325679 0.0337757 0.998899 0
0.340589 -0.939172 0.0442088 -183.215 0.939608 0.341679 0.0197993 -95.3453 -0.0337002 0.0347955 0.998826 0
0.340884 -0.938997 0.0456272 -183.164 0.939572 0.341923 0.0170885 -95.2011 -0.0316471 0.0370449 0.998812 0
0.339766 -0.939429 0.0450739 -183.105 0.939989 0.340783 0.0169673 -95.04 -0.0313 0.0366041 0.998839 0
0.340514 -0.939269 0.0427157 -183.052 0.939763 0.341436 0.0163551 -94.8682 -0.0299465 0.0345735 0.998953 0
0.34015 -0.939503 0.0404066 -182.983 0.939877 0.34105 0.0177806 -94.6886 -0.0304856 0.0319292 0.999025 0
0.340247 -0.939417 0.0415738 -182.92 0.939872 0.341135 0.0163474 -94.5595 -0.0295394 0.0335119 0.999002 0
0.341153 -0.939081 0.0417262 -182.873 0.939526 0.342063 0.0168528 -94.4227 -0.0300992 0.0334535 0.998987 0
0.33978 -0.939597 0.0413225 -182.807 0.939909 0.340801 0.0206501 -94.2745 -0.0334855 0.0318229 0.998932 0
0.339332 -0.939747 0.0415983 -182.753 0.940071 0.340359 0.0205481 -94.1259 -0.0334683 0.0321328 0.998923 0
0.339989 -0.939503 0.0417368 -182.701 0.939886 0.340966 0.018871 -93.9693 -0.0319602 0.0328119 0.99895 0
0.340018 -0.939568 0.0400017 -182.655 0.939864 0.340971 0.0198558 -93.7994 -0.0322953 0.0308448 0.999002 0
0.338903 -0.940045 0.0382046 -182.596 0.940116 0.339942 0.0249354 -93.6188 -0.0364277 0.0274661 0.998959 0
0.339445 -0.939755 0.0404734 -182.543 0.940067 0.340413 0.0198415 -93.4662 -0.0324238 0.0313125 0.998984 0
0.341052 -0.939115 0.0417846 -182.514 0.939556 0.34197 0.0170341 -93.4154 -0.030286 0.0334495 0.998981 0
0.3415 -0.939157 0.0369088 -182.427 0.939441 0.342279 0.0172084 -93.2066 -0.0287945 0.028797 0.99917 0
0.341934 -0.938854 0.0404138 -182.385 0.939308 0.342746 0.0150096 -93.0504 -0.0279435 0.0328287 0.99907 0
0.341788 -0.938922 0.0400819 -182.339 0.939333 0.342626 0.0161405 -92.8954 -0.0288878 0.0321336 0.999066 0
0.340027 -0.939572 0.0398115 -182.276 0.939922 0.340915 0.0179581 -92.7274 -0.0304453 0.0313134 0.999046 0
0.340392 -0.939418 0.0403425 -182.213 0.939734 0.341346 0.0195652 -92.604 -0.0321507 0.0312514 0.998994 0
0.339667 -0.939638 0.0413179 -182.169 0.940036 0.340602 0.0179792 -92.443 -0.0309668 0.0327333 0.998984 0
0.339557 -0.939676 0.0413479 -182.108 0.940069 0.340498 0.0181708 -92.2684 -0.0311535 0.0326999 0.998979 0
0.34005 -0.939535 0.0404835 -182.046 0.93998 0.340878 0.0154746 -92.1128 -0.0283388 0.0327915 0.99906 0
0.341166 -0.939236 0.0379765 -181.987 0.939558 0.34197 0.0169737 -91.9544 -0.0289291 0.0298902 0.999134 0
0.341424 -0.939097 0.0390603 -181.926 0.939463 0.342248 0.0166118 -91.7882 -0.0289684 0.031024 0.999099 0
0.340879 -0.939269 0.0396902 -181.881 0.939629 0.341748 0.0174694 -91.6492 -0.0299725 0.0313391 0.999059 0
0.341767 -0.938935 0.0399592 -181.834 0.939315 0.342631 0.017065 -91.5114 -0.0297142 0.031702 0.999056 0
0.341398 -0.939036 0.0407329 -181.78 0.939413 0.342315 0.0179798 -91.3589 -0.0308272 0.0321267 0.999008 0
0.342036 -0.938785 0.0411496 -181.742 0.939182 0.34296 0.0177774 -91.2066 -0.0308018 0.0325665 0.998995 0
0.341968 -0.938875 0.0396501 -181.645 0.939232 0.342836 0.0174898 -91.0486 -0.0300142 0.0312598 0.99906 0
0.341013 -0.939343 0.0366805 -181.59 0.939608 0.341798 0.0176264 -90.8841 -0.0290945 0.0284544 0.999171 0
0.340583 -0.939423 0.0385739 -181.523 0.939723 0.341445 0.0183353 -90.7355 -0.0303955 0.0300041 0.999087 0
0.341041 -0.939135 0.0414273 -181.441 0.939529 0.341986 0.0181696 -90.5872 -0.0312313 0.0327255 0.998976 0
0.34186 -0.938828 0.041627 -181.392 0.939291 0.342743 0.0161116 -90.4538 -0.0293934 0.0335919 0.999003 0
0.343427 -0.93837 0.0389953 -181.354 0.938756 0.344222 0.0157235 -90.3059 -0.0281775 0.0312072 0.999116 0
0.344349 -0.938115 0.0369229 -181.323 0.93842 0.345107 0.0164122 -90.1337 -0.0281388 0.0289976 0.999183 0
0.343683 -0.938333 0.0375802 -181.245 0.938566 0.344549 0.0194914 -90.012 -0.0312377 0.0285726 0.999103 0
0.342567 -0.938706 0.038466 -181.216 0.938947 0.343477 0.0200418 -89.8574 -0.0320256 0.0292519 0.999059 0
0.341944 -0.938903 0.0391886 -181.148 0.939145 0.342896 0.0206988 -89.7161 -0.0328717 0.0297259 0.999017 0
0.341297 -0.939119 0.0396363 -181.105 0.939399 0.342243 0.0199888 -89.5534 -0.0323371 0.0304122 0.999014 0
0.342081 -0.938894 0.0381901 -181.053 0.939176 0.342937 0.0185099 -89.3956 -0.0304756 0.0295354 0.999099 0
0.342667 -0.938665 0.0385641 -180.983 0.939019 0.343472 0.0164405 -89.2247 -0.0286778 0.0305788 0.999121 0
0.342783 -0.938694 0.0367884 -180.907 0.938949 0.343583 0.0180195 -89.053 -0.0295547 0.0283657 0.999161 0
0.343365 -0.938382 0.039232 -180.85 0.938754 0.344192 0.0165273 -88.9089 -0.0290123 0.0311543 0.999093 0
0.341998 -0.938842 0.0401594 -180.819 0.939172 0.342926 0.0189002 -88.7609 -0.031516 0.0312528 0.999014 0
0.342267 -0.938769 0.0395627 -180.775 0.939149 0.343107 0.0166389 -88.633 -0.0291943 0.0314603 0.999078 0
0.342869 -0.938627 0.0376886 -180.715 0.93894 0.343663 0.0169217 -88.4694 -0.0288353 0.0295854 0.999146 0
0.344091 -0.938224 0.0365702 -180.661 0.938447 0.344908 0.0188689 -88.3222 -0.0303166 0.0278265 0.999153 0
0.344405 -0.938125 0.0361377 -180.588 0.938315 0.345228 0.0195459 -88.1637 -0.0308123 0.0271768 0.999156 0
0.343772 -0.938277 0.0381734 -180.521 0.938467 0.34471 0.0213385 -88.0108 -0.0331802 0.0284888 0.999043 0
0.343013 -0.938522 0.0389663 -180.466 0.938842 0.343878 0.0180111 -87.8519 -0.0303034 0.0304051 0.999078 0
0.34223 -0.93874 0.0405668 -180.419 0.939146 0.343105 0.01683 -87.7061 -0.0297177 0.0323384 0.999035 0
0.342643 -0.938635 0.039488 -180.351 0.938984 0.343511 0.0175895 -87.5507 -0.0300746 0.0310517 0.999065 0
0.342823 -0.938618 0.0383323 -180.303 0.938929 0.343657 0.0176435 -87.3884 -0.0297337 0.0299427 0.999109 0
0.343275 -0.938464 0.0380525 -180.265 0.938739 0.344129 0.0185812 -87.2321 -0.0305328 0.0293428 0.999103 0
0.343845 -0.938298 0.0369765 -180.209 0.938518 0.344687 0.0193355 -87.1461 -0.0308878 0.0280547 0.999129 0
0.342801 -0.938643 0.0379177 -180.159 0.938927 0.343637 0.0181299 -87.0202 -0.0300474 0.029387 0.999116 0
0.342642 -0.938686 0.0382779 -180.099 0.938903 0.343563 0.0206414 -86.8448 -0.0325266 0.0288666 0.999054 0
0.342133 -0.938853 0.0387273 -180.063 0.93911 0.343045 0.0198346 -86.6779 -0.031907 0.0295831 0.999053 0
0.341929 -0.938947 0.0382568 -179.991 0.939186 0.342829 0.0199367 -86.5137 -0.031835 0.0291133 0.999069 0
0.344431 -0.93807 0.0373234 -179.919 0.938342 0.345244 0.0179262 -86.3593 -0.0297017 0.0288478 0.999142 0
0.344764 -0.938006 0.0358195 -179.86 0.938306 0.345463 0.0154278 -86.2065 -0.0268456 0.0282907 0.999239 0
0.344543 -0.938103 0.0353987 -179.813 0.9384 0.345221 0.015064 -86.0902 -0.026352 0.0280279 0.99926 0
0.342415 -0.93888 0.0354355 -179.753 0.939192 0.343081 0.0146211 -85.9436 -0.0258847 0.0282742 0.999265 0
0.342525 -0.938795 0.0366157 -179.714 0.939131 0.343232 0.0149833 -85.802 -0.0266339 0.0292548 0.999217 0
0.342876 -0.93869 0.0360097 -179.681 0.938992 0.343585 0.0156086 -85.6622 -0.027024 0.028461 0.999229 0
0.343716 -0.938415 0.0351681 -179.61 0.938668 0.344427 0.0164981 -85.4895 -0.0275949 0.0273405 0.999245 0
0.346839 -0.937298 0.0342937 -179.561 0.937548 0.347504 0.0156531 -85.3149 -0.0265889 0.0267229 0.999289 0
0.35228 -0.935288 0.0336917 -179.499 0.935517 0.352933 0.0157265 -85.1463 -0.0265997 0.025979 0.999308 0
0.360768 -0.932058 0.0333695 -179.431 0.932289 0.361398 0.015097 -84.9835 -0.0261309 0.0256635 0.999329 0
0.368385 -0.929036 0.0344269 -179.371 0.929299 0.369035 0.0147286 -84.8366 -0.0263881 0.0265671 0.999299 0
0.375165 -0.926326 0.0342379 -179.314 0.926585 0.375806 0.0144808 -84.6885 -0.0262807 0.0262917 0.999309 0
0.381665 -0.923719 0.0327915 -179.257 0.923921 0.382285 0.0150967 -84.5554 -0.0264808 0.0245349 0.999348 0
0.384599 -0.92247 0.0336707 -179.201 0.922672 0.385261 0.0158222 -84.4037 -0.0275675 0.0249819 0.999308 0
0.389957 -0.920148 0.0355095 -179.129 0.920341 0.39072 0.0176424 -84.2819 -0.0301078 0.0258011 0.999214 0
0.394456 -0.918224 0.0356128 -179.071 0.918451 0.395192 0.0164463 -84.1249 -0.0291753 0.0262212 0.99923 0
0.398397 -0.916469 0.0369542 -179.017 0.916627 0.399259 0.0196814 -83.9952 -0.0327917 0.0260322 0.999123 0
0.400513 -0.915454 0.0391498 -178.952 0.915648 0.401467 0.0203246 -83.8657 -0.0343236 0.0277072 0.999027 0
0.402787 -0.914522 0.037584 -178.91 0.914621 0.403726 0.0217861 -83.7624 -0.0350975 0.0255999 0.999056 0
0.405782 -0.913276 0.0356083 -178.844 0.913348 0.406635 0.0210549 -83.5898 -0.0337085 0.0239791 0.999144 0
0.407073 -0.912743 0.0345311 -178.764 0.912815 0.407871 0.0202374 -83.4252 -0.0325557 0.0232824 0.999199 0
0.406828 -0.912742 0.0373338 -178.7 0.912832 0.407757 0.0217191 -83.2659 -0.0350471 0.0252436 0.999067 0
0.408042 -0.912216 0.0369352 -178.643 0.912274 0.408972 0.0223079 -83.1598 -0.0354551 0.0245925 0.999069 0
0.407469 -0.912324 0.0404166 -178.547 0.912478 0.408522 0.0222074 -82.9819 -0.0367714 0.0278305 0.998936 0
0.408985 -0.911582 0.041824 -178.457 0.911744 0.410113 0.0230048 -82.8116 -0.0381234 0.0287242 0.99886 0
0.410789 -0.910739 0.042509 -178.41 0.910971 0.411903 0.0216407 -82.672 -0.0372186 0.0298347 0.998862 0
0.412751 -0.909863 0.0422587 -178.36 0.910194 0.413765 0.0185867 -82.5503 -0.0343965 0.030792 0.998934 0
0.412479 -0.910047 0.0409369 -178.304 0.910493 0.413298 0.0137031 -82.437 -0.0293896 0.0316205 0.999068 0
0.411131 -0.910604 0.0420934 -178.228 0.91123 0.411809 0.00853502 -82.2895 -0.0251064 0.0348478 0.999077 0
0.411042 -0.910616 0.0427032 -178.154 0.911287 0.411701 0.00759725 -82.1669 -0.0244991 0.0357921 0.999059 0
0.412741 -0.909851 0.0426086 -178.094 0.91051 0.413412 0.00793169 -82.0174 -0.0248315 0.0355218 0.99906 0
0.413766 -0.909384 0.042653 -178.019 0.909993 0.414506 0.00987527 -81.8726 -0.0266603 0.0347278 0.999041 0
0.415542 -0.908656 0.0408478 -177.972 0.909196 0.416245 0.010154 -81.6961 -0.0262292 0.0329192 0.999114 0
0.415637 -0.908728 0.0382045 -177.903 0.909128 0.416336 0.01225 -81.5534 -0.0270378 0.0296413 0.999195 0
0.413995 -0.909477 0.038223 -177.853 0.90984 0.414735 0.0136718 -81.4025 -0.0282866 0.0291168 0.999176 0
0.413133 -0.909688 0.0422986 -177.779 0.910205 0.413962 0.012766 -81.2797 -0.0291231 0.0332263 0.999023 0
0.414293 -0.909176 0.041952 -177.727 0.909587 0.415211 0.0158345 -81.1439 -0.0318153 0.0315989 0.998994 0
0.413423 -0.909636 0.0405333 -177.657 0.91 0.4143 0.0159658 -81.0008 -0.031316 0.0302846 0.999051 0
0.416452 -0.908321 0.0389969 -177.582 0.908786 0.417125 0.0107063 -80.8683 -0.0259913 0.0309812 0.999182 0
0.416417 -0.908291 0.0400417 -177.516 0.90875 0.417164 0.0121626 -80.7314 -0.0277511 0.0313232 0.999124 0
0.41443 -0.909207 0.0398718 -177.437 0.909645 0.41519 0.0127615 -80.587 -0.0281572 0.0309805 0.999123 0
0.411435 -0.910577 0.0396176 -177.369 0.910937 0.412263 0.01528 -80.4385 -0.0302465 0.0298024 0.999098 0
0.405371 -0.913237 0.0409031 -177.304 0.913584 0.40629 0.017081 -80.2865 -0.0322175 0.0304443 0.999017 0
0.398452 -0.916253 0.0414362 -177.254 0.916652 0.399358 0.016194 -80.1594 -0.0313857 0.0315301 0.99901 0
0.396955 -0.917025 0.0386288 -177.218 0.917351 0.397764 0.0158411 -80.06 -0.0298919 0.0291479 0.999128 0
0.397166 -0.917012 0.0367314 -177.166 0.91736 0.397842 0.0131195 -79.9204 -0.026644 0.0284853 0.999239 0
0.396573 -0.917266 0.0367925 -177.081 0.91761 0.397258 0.0133686 -79.759 -0.0268787 0.0284596 0.999233 0
0.395765 -0.917555 0.0382329 -177.017 0.917927 0.396505 0.013904 -79.6048 -0.0279172 0.0295923 0.999172 0
0.395377 -0.917616 0.0407223 -176.969 0.918092 0.396156 0.0129119 -79.4627 -0.0279805 0.0322817 0.999087 0
0.395259 -0.91768 0.0404097 -176.927 0.918182 0.395987 0.0116255 -79.3451 -0.0266702 0.0325084 0.999115 0
0.39458 -0.917869 0.0427057 -176.875 0.91841 0.395417 0.0129996 -79.2092 -0.0288185 0.034092 0.999003 0
0.395235 -0.917833 0.0370498 -176.814 0.918258 0.395842 0.0105104 -79.0614 -0.0243126 0.0298672 0.999258 0
0.396447 -0.917359 0.0358019 -176.737 0.917718 0.39706 0.0117142 -78.9477 -0.0249616 0.028212 0.99929 0
0.396011 -0.917499 0.0370269 -176.7 0.917818 0.396735 0.0145188 -78.8096 -0.0280108 0.0282344 0.999209 0
0.394922 -0.917921 0.0381842 -176.621 0.918185 0.395764 0.0175008 -78.6618 -0.0311763 0.0281487 0.999117 0
0.395313 -0.917682 0.03985 -176.559 0.917999 0.396204 0.0173546 -78.5096 -0.0317147 0.0297217 0.999055 0
0.395983 -0.917264 0.0427179 -176.489 0.91756 0.397067 0.0205299 -78.3714 -0.0357931 0.0310667 0.998876 0
0.398431 -0.916176 0.0433012 -176.441 0.91648 0.399543 0.0207377 -78.2286 -0.0363001 0.0314221 0.998847 0
0.398613 -0.916006 0.0451657 -176.371 0.916341 0.39982 0.0215237 -78.0644 -0.037774 0.0328075 0.998748 0
0.398728 -0.916096 0.0422455 -176.314 0.916354 0.399813 0.0210865 -77.9207 -0.0362075 0.0303041 0.998885 0
0.396728 -0.916907 0.043457 -176.259 0.917216 0.397846 0.0207825 -77.7768 -0.0363448 0.0316144 0.998839 0
0.395725 -0.917379 0.0426347 -176.154 0.917925 0.396551 0.0126949 -77.5287 -0.0285528 0.0341117 0.99901 0
0.394838 -0.917766 0.0425261 -176.084 0.918348 0.395613 0.0113184 -77.3744 -0.0272115 0.0345848 0.999031 0
0.39598 -0.917426 0.0391041 -176.004 0.917929 0.396621 0.00993564 -77.2467 -0.0246247 0.0319604 0.999186 0
0.397405 -0.916815 0.0389732 -175.951 0.917264 0.398104 0.0118697 -77.0941 -0.0263977 0.0310317 0.99917 0
0.398061 -0.9165 0.0396906 -175.891 0.916924 0.398832 0.0135474 -76.9481 -0.0282461 0.0310006 0.99912 0
0.397796 -0.916564 0.0408461 -175.826 0.917012 0.398614 0.0139822 -76.7921 -0.0290974 0.0318943 0.999068 0
0.397553 -0.916624 0.0418648 -175.77 0.917127 0.398376 0.013241 -76.6458 -0.0288149 0.0331313 0.999035 0
0.396991 -0.916707 0.0452463 -175.715 0.917304 0.397941 0.0140076 -76.5034 -0.0308462 0.0359438 0.998878 0
0.397244 -0.916634 0.0444911 -175.673 0.91719 0.398187 0.0144558 -76.4199 -0.0309664 0.0350644 0.998905 0
0.399335 -0.915938 0.0398593 -175.583 0.91632 0.40016 0.0151258 -76.2409 -0.0298044 0.0304837 0.999091 0
0.399521 -0.915926 0.0382413 -175.511 0.916253 0.400305 0.0153516 -76.096 -0.0293691 0.0289054 0.999151 0
0.398896 -0.916061 0.0414076 -175.465 0.916443 0.399817 0.0166831 -75.9726 -0.0318382 0.0312929 0.999003 0
0.399011 -0.91594 0.0429515 -175.399 0.916372 0.399981 0.0166675 -75.8591 -0.0324461 0.032709 0.998938 0
0.39851 -0.91615 0.0431104 -175.336 0.916584 0.399489 0.0168037 -75.7115 -0.0326169 0.0328179 0.998929 0
0.397998 -0.916418 0.0421314 -175.281 0.916924 0.398836 0.0134582 -75.5376 -0.0291369 0.0332749 0.999021 0
0.398756 -0.916099 0.041902 -175.213 0.916645 0.39953 0.0117354 -75.3737 -0.0274919 0.0337297 0.999053 0
0.399722 -0.915661 0.0422702 -175.189 0.916233 0.400489 0.0112038 -75.2688 -0.0271876 0.034251 0.999043 0
0.399145 -0.915951 0.0414431 -175.083 0.916411 0.399987 0.0141646 -75.0867 -0.0295508 0.0323251 0.99904 0
0.400262 -0.915454 0.0416433 -174.956 0.915933 0.401096 0.0137397 -74.8223 -0.029281 0.032643 0.999038 0
0.399701 -0.91569 0.0418422 -174.901 0.916213 0.400498 0.0124506 -74.6771 -0.0281586 0.0333598 0.999047 0
0.39932 -0.915868 0.0415909 -174.826 0.916364 0.400131 0.0130915 -74.5396 -0.0286318 0.0328847 0.999049 0
0.402418 -0.914565 0.0403768 -174.765 0.915054 0.403157 0.0118703 -74.4083 -0.0271344 0.0321701 0.999114 0
0.401396 -0.914863 0.0436686 -174.711 0.91544 0.402254 0.0126615 -74.2573 -0.0291494 0.0348937 0.998966 0
0.400414 -0.91527 0.0441531 -174.657 0.915784 0.401378 0.0153297 -74.1003 -0.0317529 0.0342964 0.998907 0
0.400563 -0.915138 0.0455272 -174.597 0.915778 0.401481 0.012821 -73.9422 -0.0300113 0.0365572 0.998881 0
0.400654 -0.915055 0.0463775 -174.537 0.915776 0.401535 0.0111358 -73.7946 -0.0288121 0.0380098 0.998862 0
0.402095 -0.914532 0.0441716 -174.45 0.915159 0.402928 0.0115389 -73.6428 -0.0283506 0.0357843 0.998957 0
0.4019 -0.91465 0.0434946 -174.391 0.915166 0.402816 0.0144839 -73.4889 -0.0307681 0.0339837 0.998949 0
0.402369 -0.914431 0.0437571 -174.33 0.914936 0.403315 0.0151269 -73.3622 -0.0314804 0.0339484 0.998928 0
0.402573 -0.914294 0.0447334 -174.265 0.914867 0.403511 0.0140195 -73.2201 -0.0308684 0.0352812 0.9989 0
0.402665 -0.914275 0.044301 -174.207 0.914878 0.403536 0.0124923 -73.0869 -0.0292984 0.0354998 0.99894 0
0.402513 -0.914278 0.0455906 -174.123 0.914872 0.403489 0.0143259 -72.948 -0.0314932 0.0359432 0.998857 0
0.403139 -0.913949 0.046652 -174.073 0.914563 0.404169 0.0148664 -72.7954 -0.0324424 0.0366729 0.998801 0
0.402617 -0.914206 0.0461165 -174.01 0.914799 0.403633 0.0149483 -72.6414 -0.0322799 0.0361689 0.998824 0
0.404109 -0.913651 0.0440129 -173.95 0.914267 0.404944 0.0116686 -72.4843 -0.0284838 0.0355242 0.998963 0
0.402402 -0.914527 0.0413977 -173.867 0.915019 0.403204 0.0129446 -72.324 -0.0285299 0.0326707 0.999059 0
0.402654 -0.914352 0.0427763 -173.808 0.914944 0.403431 0.011042 -72.1804 -0.0273536 0.0346918 0.999024 0
0.403152 -0.914016 0.0451935 -173.747 0.914734 0.403942 0.00956894 -72.0374 -0.0270017 0.0374823 0.998932 0
0.402657 -0.914282 0.044226 -173.672 0.914949 0.403442 0.0101426 -71.8777 -0.0271158 0.0363805 0.99897 0
0.403108 -0.914023 0.0454421 -173.641 0.914772 0.403875 0.0087811 -71.7857 -0.0263791 0.0380294 0.998928 0
0.404665 -0.91333 0.0455425 -173.522 0.913958 0.405597 0.0131023 -71.5764 -0.0304387 0.0363219 0.998876 0
0.404027 -0.913629 0.0452053 -173.423 0.914184 0.405019 0.0150779 -71.3573 -0.0320846 0.035234 0.998864 0
0.403554 -0.91394 0.0431147 -173.292 0.914579 0.404292 0.00967666 -71.0267 -0.0262748 0.0355268 0.999023 0
0.40275 -0.914462 0.0393771 -173.182 0.915173 0.40306 -8.72239e-05 -70.8426 -0.0157916 0.036072 0.999224 0
0.404462 -0.913784 0.0375426 -173.109 0.91452 0.404466 -0.00783317 -70.6727 -0.00802686 0.0375017 0.999264 0
0.403287 -0.914223 0.0394355 -173.055 0.914913 0.403648 0.00129788 -70.5101 -0.0171046 0.0355567 0.999221 0
0.403769 -0.913812 0.0437911 -172.974 0.914329 0.404704 0.0147498 -70.336 -0.031201 0.0340839 0.998932 0
0.402491 -0.914066 0.049847 -172.891 0.9145 0.403934 0.0229444 -70.145 -0.0411076 0.0363502 0.998493 0
0.400853 -0.914658 0.0521286 -172.792 0.915031 0.40252 0.0263914 -69.8996 -0.0451219 0.0371202 0.998292 0
0.403831 -0.913431 0.0506403 -172.703 0.913995 0.405212 0.0204164 -69.6876 -0.039169 0.0380402 0.998508 0
0.404495 -0.913285 0.0478991 -172.667 0.913861 0.405658 0.0173099 -69.6097 -0.0352396 0.0367713 0.998702 0
0.403239 -0.913942 0.045921 -172.554 0.914623 0.404135 0.0118594 -69.3345 -0.029397 0.0372182 0.998875 0
0.402104 -0.914517 0.0443984 -172.469 0.915099 0.403008 0.0133385 -69.1639 -0.0300912 0.0352655 0.998925 0
0.40262 -0.914203 0.0461462 -172.383 0.914801 0.403632 0.0148252 -68.9839 -0.0321793 0.0362457 0.998825 0
0.404603 -0.913261 0.0474386 -172.31 0.91388 0.405686 0.0155783 -68.7973 -0.0334722 0.0370501 0.998753 0
0.404885 -0.913208 0.0460274 -172.217 0.913751 0.405947 0.0163027 -68.6136 -0.0335724 0.0354569 0.998807 0
0.404765 -0.913171 0.0477976 -172.157 0.913878 0.405772 0.0132496 -68.3989 -0.0314941 0.0383182 0.998769 0
0.404579 -0.913161 0.0495332 -172.084 0.913941 0.405635 0.0130875 -68.2279 -0.0320434 0.0399755 0.998687 0
0.404014 -0.913545 0.0469852 -171.975 0.91418 0.405045 0.014589 -68.0472 -0.0323589 0.0370588 0.998789 0
0.406151 -0.912757 0.0437642 -171.898 0.913327 0.407023 0.0128883 -67.8653 -0.0295769 0.0347364 0.998959 0
0.405593 -0.913076 0.0422728 -171.834 0.913631 0.406377 0.0116222 -67.7137 -0.0277907 0.0339079 0.999038 0
0.406179 -0.912796 0.042678 -171.75 0.913454 0.406858 0.00826331 -67.5369 -0.0249066 0.035628 0.999055 0
0.404856 -0.913269 0.045073 -171.68 0.913946 0.40569 0.0108271 -67.3174 -0.0281737 0.0368109 0.998925 0
0.404857 -0.913244 0.0455758 -171.595 0.913914 0.405738 0.0116995 -67.1087 -0.0291763 0.0369157 0.998892 0
0.40552 -0.913064 0.0432103 -171.496 0.913636 0.40635 0.0121717 -66.9078 -0.0286721 0.0345426 0.998992 0
0.40456 -0.913611 0.0405855 -171.408 0.914087 0.405325 0.0124826 -66.7238 -0.0278546 0.0320487 0.999098 0
0.404214 -0.913692 0.0421776 -171.354 0.91423 0.405013 0.0121421 -66.592 -0.0281766 0.0336521 0.999036 0
0.404897 -0.913333 0.0433746 -171.275 0.913873 0.405777 0.0134684 -66.441 -0.0299015 0.0341855 0.998968 0
0.404706 -0.913312 0.045552 -171.193 0.913891 0.405694 0.0146767 -66.2772 -0.0318846 0.0356899 0.998854 0
0.406242 -0.912582 0.0464926 -171.112 0.913202 0.407253 0.0144182 -66.0903 -0.032092 0.0365998 0.998815 0
0.406599 -0.912546 0.0440129 -171.033 0.913024 0.407588 0.0160793 -65.8983 -0.0326122 0.033647 0.998901 0
0.406694 -0.912538 0.0432847 -170.949 0.912982 0.40767 0.0163932 -65.6983 -0.0326053 0.0328512 0.998928 0
0.406858 -0.91241 0.0444417 -170.858 0.912933 0.407829 0.0151436 -65.5268 -0.0319418 0.034411 0.998897 0
0.406303 -0.912654 0.0444961 -170.788 0.9132 0.407254 0.014509 -65.363 -0.0313629 0.0347388 0.998904 0
0.405957 -0.912902 0.0425334 -170.726 0.913407 0.406818 0.0136651 -65.1857 -0.0297783 0.0333029 0.999002 0
0.406899 -0.912602 0.0398788 -170.644 0.913032 0.407671 0.0132847 -65.0292 -0.0283811 0.031005 0.999116 0
0.406799 -0.912646 0.0398937 -170.568 0.913083 0.407564 0.0130423 -64.909 -0.0281623 0.0311207 0.999119 0
