0.471529 -0.881705 0.016021 1.06487 0.881844 0.471518 -0.00469306 1.52839 -0.00341629 0.0163409 0.999861 1.03843
0.469761 -0.882651 0.015874 1.48399 0.882789 0.469743 -0.00506712 2.33737 -0.00298419 0.0163937 0.999861 1.04939
0.46683 -0.884141 0.0190814 2.74463 0.884329 0.46685 -0.00363282 4.72829 -0.00569622 0.0185701 0.999811 1.07658
0.465195 -0.885019 0.0183085 3.16158 0.885195 0.465203 -0.00406063 5.56288 -0.00492344 0.0180956 0.999824 1.07831
0.464128 -0.885584 0.0180844 3.56392 0.885757 0.464128 -0.00443126 6.33171 -0.00446921 0.018075 0.999827 1.07522
0.46295 -0.886206 0.0177909 4.00041 0.886374 0.46295 -0.00437225 7.1638 -0.00436159 0.0177935 0.999832 1.08568
0.462751 -0.886327 0.0168789 4.43077 0.886464 0.462795 -0.00144801 7.99167 -0.00652807 0.0156326 0.999856 1.09974
0.46341 -0.885958 0.0181454 4.83644 0.886071 0.463538 0.00335873 8.78565 -0.0113868 0.0145216 0.99983 1.09919
0.464369 -0.885438 0.0190081 5.25281 0.885524 0.46455 0.00633035 9.59366 -0.0144354 0.0138925 0.999799 1.09039
0.465829 -0.884686 0.0182856 5.77027 0.884772 0.46599 0.00558467 10.5916 -0.0134616 0.0135771 0.999817 1.08286
0.467933 -0.883532 0.0202501 6.11901 0.883679 0.468083 0.00314966 11.2601 -0.0122616 0.0164208 0.99979 1.0642
0.469086 -0.882966 0.0181357 6.64404 0.883132 0.469116 -0.00286303 12.2648 -0.00597977 0.0173592 0.999831 1.06779
0.470183 -0.882435 0.0153777 7.01683 0.882554 0.470206 -0.00229101 12.974 -0.00520904 0.0146489 0.999879 1.07306
0.471053 -0.882016 0.0125309 7.44935 0.882094 0.471069 -0.00177316 13.7956 -0.00433899 0.0118887 0.99992 1.08277
0.469756 -0.882536 0.0214559 8.42785 0.882695 0.469932 0.00375219 15.6538 -0.0133943 0.0171764 0.999763 1.08703
0.468576 -0.882817 0.0327251 8.89775 0.883326 0.468753 -0.00251435 16.5409 -0.0131203 0.0300851 0.999461 1.09243
0.467391 -0.883223 0.0382378 9.33758 0.883971 0.467491 -0.00684287 17.3503 -0.0118321 0.0369994 0.999245 1.08182
0.466219 -0.883959 0.0354303 9.82209 0.884637 0.466168 -0.0102007 18.2301 -0.00749948 0.0360987 0.99932 1.07128
0.464789 -0.885009 0.0270282 10.2303 0.885408 0.464733 -0.00868026 19.0096 -0.00487878 0.0279654 0.999597 1.07182
0.463891 -0.885617 0.0220877 10.7897 0.885889 0.463811 -0.00894067 20.0759 -0.00232649 0.0237147 0.999716 1.0827
0.463021 -0.886003 0.0246961 11.1838 0.886307 0.463086 -0.00336561 20.8421 -0.00845445 0.0234466 0.999689 1.08623
0.461583 -0.886736 0.0253071 11.6767 0.88703 0.46171 -0.00090323 21.8139 -0.0108836 0.0228651 0.999679 1.08678
0.46104 -0.886981 0.026572 12.0964 0.887292 0.461208 0.000209447 22.6464 -0.012441 0.0234806 0.999647 1.08352
0.460602 -0.88721 0.0265279 12.632 0.887503 0.460799 0.00151404 23.6905 -0.0135673 0.0228462 0.999647 1.08449
0.459989 -0.887463 0.0286431 13.0533 0.887751 0.460298 0.00496478 24.5384 -0.0175904 0.0231442 0.999577 1.07991
0.459785 -0.887514 0.0302859 13.4847 0.88784 0.460126 0.00504081 25.3827 -0.0184091 0.0245713 0.999529 1.07076
0.460026 -0.887358 0.0311604 13.9984 0.887758 0.460306 0.0020671 26.3637 -0.0161776 0.0267119 0.999512 1.05562
0.460368 -0.88725 0.0291213 14.4401 0.887612 0.460591 0.00108146 27.2272 -0.0143725 0.0253506 0.999575 1.03719
0.459887 -0.88756 0.0272192 14.8485 0.887867 0.460097 0.00166455 28.0372 -0.0140009 0.0234016 0.999628 1.02923
0.458683 -0.888139 0.0286259 15.2799 0.888489 0.458897 0.00102876 28.9042 -0.01405 0.0249619 0.99959 1.02621
0.458096 -0.888364 0.030948 15.8133 0.888802 0.458289 -0.00095451 29.9457 -0.0133352 0.0279439 0.999521 1.02106
0.457671 -0.888466 0.034144 16.1832 0.888996 0.457914 -0.000803606 30.6464 -0.014921 0.0307217 0.999417 1.01552
0.457077 -0.889078 0.0249377 16.691 0.889386 0.457146 -0.00317013 31.6472 -0.0085817 0.0236282 0.999684 1.01042
0.456901 -0.889316 0.018938 17.1226 0.889497 0.456931 -0.00301104 32.5077 -0.0059756 0.0182211 0.999816 1.01809
0.456644 -0.889437 0.019421 17.5849 0.889623 0.45669 -0.00224206 33.4076 -0.00687523 0.0183012 0.999809 1.02951
0.456515 -0.889324 0.0263879 18.0036 0.889641 0.456661 -0.000553949 34.2217 -0.0115577 0.0237287 0.999652 1.04037
0.456482 -0.889241 0.0295888 18.5041 0.889629 0.456683 4.28902e-05 35.1996 -0.0135508 0.0263035 0.999562 1.04543
0.45617 -0.889327 0.0317282 18.8975 0.889781 0.456388 -0.000394328 35.9567 -0.0141297 0.028411 0.999496 1.04164
0.455764 -0.889533 0.0317687 19.362 0.890012 0.455932 -0.00216741 36.8621 -0.0125564 0.0292623 0.999493 1.04124
0.454897 -0.88995 0.0325213 19.7549 0.890457 0.455059 -0.00265478 37.6331 -0.0124365 0.0301665 0.999467 1.04408
0.454316 -0.890164 0.0347057 20.2408 0.890742 0.454499 -0.00284724 38.6087 -0.0132392 0.0322074 0.999393 1.05264
0.45339 -0.890439 0.039437 20.6608 0.891142 0.453725 -0.000523412 39.4384 -0.0174275 0.0353813 0.999222 1.06111
0.452723 -0.890651 0.0422152 21.0767 0.891394 0.453221 0.0025419 40.2696 -0.0213968 0.0364796 0.999105 1.06221
0.45205 -0.891017 0.0417124 21.5336 0.89177 0.452487 0.00117317 41.2002 -0.0199197 0.0366675 0.999129 1.04938
0.450618 -0.891903 0.0381164 21.9372 0.892597 0.450847 -0.00284508 41.9835 -0.0146471 0.0353047 0.999269 1.02471
0.449958 -0.892421 0.033494 22.3195 0.893001 0.450007 -0.00649555 42.7638 -0.00927576 0.0328329 0.999418 1.01594
0.448954 -0.893112 0.0281134 22.7315 0.893522 0.448983 -0.00564346 43.6256 -0.00758222 0.0276536 0.999589 1.02224
0.448467 -0.893455 0.0248233 23.1416 0.893763 0.448527 -0.003388 44.4601 -0.00810692 0.0237055 0.999686 1.03709
0.446356 -0.894548 0.0234831 23.9352 0.89481 0.446443 -0.00166429 46.0664 -0.00899509 0.0217558 0.999723 1.03151
0.445006 -0.895178 0.0250328 24.2374 0.895463 0.445135 -0.00045456 46.6665 -0.0107361 0.0226182 0.999686 1.0424
0.443518 -0.895915 0.0250764 24.6842 0.8962 0.443649 -0.000382801 47.5711 -0.0107821 0.0226432 0.999685 1.04914
0.442326 -0.896552 0.0232767 25.0448 0.896789 0.442458 0.000547248 48.3256 -0.0107896 0.0206322 0.999729 1.05547
0.441182 -0.897101 0.0238456 25.3683 0.897341 0.441336 0.00133727 48.9859 -0.0117236 0.0208076 0.999715 1.06338
0.440222 -0.8976 0.0227689 25.7607 0.897804 0.440387 0.00254682 49.8133 -0.0123132 0.0193208 0.999738 1.06427
0.438601 -0.89839 0.022887 26.0812 0.898526 0.438857 0.00742009 50.4815 -0.0167103 0.0173102 0.999711 1.06618
0.437095 -0.899153 0.0217397 26.41 0.899205 0.437388 0.0110691 51.1742 -0.0194615 0.0147102 0.999702 1.06928
0.435663 -0.89981 0.0232296 26.7472 0.89995 0.435927 0.00763486 51.8784 -0.0169963 0.0175792 0.999701 1.05832
0.434801 -0.900187 0.0247292 26.9945 0.900456 0.434947 0.000587055 52.4275 -0.0112844 0.0220123 0.999694 1.05782
0.433791 -0.900726 0.022777 27.3517 0.901006 0.433755 -0.0067618 53.2026 -0.0037891 0.0234554 0.999718 1.04735
0.43336 -0.901062 0.0168988 27.6114 0.90122 0.43331 -0.0067113 53.7716 -0.00127511 0.0181379 0.999835 1.06137
0.432808 -0.901389 0.0132317 27.9529 0.901478 0.432819 -0.00215713 54.4768 -0.0037825 0.0128617 0.99991 1.0728
0.431561 -0.901966 0.014578 28.235 0.902066 0.431597 -0.000724102 55.0917 -0.00563871 0.0134628 0.999893 1.08653
0.430662 -0.902316 0.0188458 28.4977 0.902496 0.43069 -0.0027881 55.6302 -0.00560094 0.018209 0.999819 1.08986
0.430645 -0.902224 0.0231671 28.7614 0.902519 0.430555 -0.00897952 56.1576 -0.00187319 0.0247758 0.999691 1.09382
0.431891 -0.90162 0.0234821 29.031 0.90192 0.431648 -0.01483 56.7094 0.00323503 0.0275839 0.999614 1.09956
0.434334 -0.900512 0.0207829 29.3107 0.900734 0.434061 -0.016434 57.3009 0.00577796 0.0258577 0.999649 1.10979
0.438149 -0.898743 0.0169185 29.534 0.898901 0.43803 -0.0103798 57.791 0.00191798 0.0197559 0.999803 1.12054
0.44225 -0.896754 0.0156948 29.8081 0.896892 0.442176 -0.00808738 58.3586 0.000312529 0.0176532 0.999844 1.12294
0.447014 -0.894284 0.0208563 30.0044 0.894512 0.447021 -0.00458775 58.7158 -0.00522044 0.020707 0.999772 1.12592
0.453859 -0.890693 0.0260409 30.2951 0.891034 0.453919 -0.00390191 59.2901 -0.00834508 0.0249743 0.999653 1.1367
0.462952 -0.885914 0.0288324 30.5157 0.886313 0.463079 -0.00249983 59.7643 -0.011137 0.0267118 0.999581 1.13842
0.476056 -0.87909 0.0239098 30.7696 0.879345 0.476185 -0.000328609 60.2114 -0.0110966 0.0211814 0.999714 1.13416
0.491524 -0.870653 0.0191843 31.0349 0.870799 0.491637 0.00138922 60.6506 -0.0106412 0.0160228 0.999815 1.12681
0.512301 -0.858585 0.0194809 31.2757 0.858723 0.512436 0.00234036 61.0054 -0.0119921 0.0155298 0.999807 1.12207
0.538419 -0.842324 0.0244072 31.5534 0.842572 0.538583 0.000170611 61.423 -0.013289 0.020473 0.999702 1.12228
0.564253 -0.825114 0.0283898 31.7389 0.825426 0.56451 0.00127201 61.7054 -0.0170758 0.0227159 0.999596 1.12163
0.591318 -0.80591 0.0291951 31.9995 0.806204 0.591631 0.00267269 62.0889 -0.0194267 0.0219568 0.99957 1.1294
0.620554 -0.78362 0.0291914 32.2559 0.783857 0.620923 0.00487481 62.4312 -0.0219456 0.0198568 0.999562 1.13141
0.656809 -0.753531 0.0281439 32.5515 0.753721 0.657173 0.00532346 62.7215 -0.0225068 0.0177162 0.99959 1.12008
0.692166 -0.721227 0.0271852 32.8554 0.721366 0.692528 0.0060472 62.9824 -0.0231879 0.0154248 0.999612 1.10107
0.728173 -0.684907 0.0258355 33.228 0.685024 0.7285 0.00536271 63.3016 -0.0224941 0.013793 0.999652 1.09565
0.764222 -0.644449 0.0255073 33.4756 0.64455 0.764545 0.00514997 63.4995 -0.0228204 0.012505 0.999661 1.089
0.800347 -0.599045 0.0242889 33.8431 0.599138 0.800636 0.00406401 63.7528 -0.0218811 0.0112998 0.999697 1.08861
0.836085 -0.548044 0.024675 34.1627 0.548122 0.836388 0.00409792 63.9193 -0.0228837 0.0100987 0.999687 1.0763
0.900136 -0.434949 0.023964 34.9002 0.435049 0.900406 0.00113147 64.2368 -0.0220695 0.00940706 0.999712 1.05386
0.92659 -0.375302 0.0240759 35.2219 0.375427 0.926852 -0.000724819 64.3598 -0.0220428 0.00971035 0.99971 1.04087
0.948549 -0.315658 0.0247833 35.6386 0.315783 0.948831 -0.00120841 64.4965 -0.0231337 0.00897237 0.999692 1.03773
0.966376 -0.255638 0.0276922 35.989 0.255706 0.966754 0.00112113 64.6156 -0.0270581 0.00599762 0.999616 1.03369
0.980422 -0.194724 0.0292516 36.4147 0.194728 0.980853 0.00274597 64.7317 -0.0292263 0.0030039 0.999568 1.03204
0.990446 -0.134551 0.0302234 36.7729 0.134578 0.990902 0.00112103 64.8057 -0.0300992 0.00295709 0.999543 1.02308
0.996675 -0.0759056 0.0296263 37.2167 0.0760157 0.997103 -0.00260545 64.8815 -0.0293427 0.00484884 0.999558 1.01949
0.999372 -0.0199152 0.0293214 37.6255 0.0200636 0.999787 -0.00477266 64.939 -0.0292201 0.00535795 0.999559 1.02072
0.998994 0.0338197 0.0294419 37.9973 -0.0337694 0.999427 -0.00220364 64.9778 -0.0294996 0.00120718 0.999564 1.01987
0.996204 0.082367 0.0281663 38.2904 -0.0824572 0.996592 0.00205561 64.7911 -0.027901 -0.00437032 0.999601 0.992662
0.991545 0.127234 0.0255022 38.5547 -0.127195 0.991873 -0.00316488 64.6232 -0.0256977 -0.000105641 0.99967 0.963984
0.985174 0.169715 0.025074 38.9672 -0.169478 0.985469 -0.0113109 64.4561 -0.0266293 0.00689373 0.999622 0.94753
0.978025 0.206654 0.0275756 39.3138 -0.206207 0.978339 -0.0182316 64.392 -0.0307459 0.0121446 0.999453 0.953246
0.97026 0.240328 0.0289543 39.7338 -0.239893 0.970638 -0.0177255 64.37 -0.032364 0.0102524 0.999424 0.969086
0.961941 0.271721 0.0289154 40.1319 -0.271464 0.962367 -0.0125611 64.3587 -0.0312403 0.00423351 0.999503 0.979598
0.953912 0.299037 0.0250722 40.5489 -0.299059 0.95423 -0.0029745 64.2938 -0.0248142 -0.00466066 0.999681 0.986079
0.945774 0.324125 0.0213124 40.927 -0.324252 0.945967 0.00266227 64.192 -0.0192979 -0.00942848 0.999769 0.972977
0.937766 0.346809 0.0178312 41.2891 -0.346911 0.937894 0.00284785 64.0694 -0.0157361 -0.00885645 0.999837 0.925515
0.930048 0.367204 0.0131385 41.7373 -0.367267 0.930111 0.00271879 63.9102 -0.0112219 -0.00735394 0.99991 0.855363
0.923294 0.384037 0.00656167 42.1139 -0.384049 0.923313 0.000611657 63.7257 -0.00582357 -0.00308474 0.999978 0.816212
0.916242 0.400624 0.00144898 42.5152 -0.400619 0.916241 -0.00259012 63.5004 -0.00236527 0.00179269 0.999996 0.815545
0.903617 0.428175 0.0118957 43.3393 -0.428161 0.903694 -0.00384103 63.0523 -0.0123947 -0.00162244 0.999922 0.846246
0.897588 0.440546 0.0159381 43.7265 -0.440521 0.897727 -0.00523745 62.8554 -0.0166154 -0.00232 0.999859 0.854302
0.892134 0.451572 0.0134225 44.2281 -0.451483 0.892232 -0.0092451 62.5734 -0.0161508 0.00218784 0.999867 0.857562
0.887167 0.4613 0.0117067 44.6795 -0.461158 0.887223 -0.012988 62.3212 -0.0163778 0.00612388 0.999847 0.849694
0.882635 0.469965 0.00939847 45.1656 -0.469816 0.882645 -0.0145602 62.0863 -0.0151383 0.00843584 0.99985 0.83998
0.87902 0.476715 0.00819261 45.683 -0.476597 0.879026 -0.01298 61.8373 -0.0133893 0.00750511 0.999882 0.835632
0.876411 0.481487 0.0086574 46.0947 -0.481401 0.87644 -0.0103266 61.6302 -0.0125598 0.00488266 0.999909 0.811913
0.874044 0.485793 0.00727491 46.6977 -0.485714 0.874057 -0.0103475 61.2786 -0.0113854 0.00551068 0.99992 0.802238
0.872161 0.489144 0.00861462 47.1551 -0.489058 0.87219 -0.0103349 61.0055 -0.0125688 0.00480064 0.99991 0.78026
0.870553 0.492001 0.0085329 47.7731 -0.491921 0.870583 -0.00995651 60.638 -0.0123272 0.00447015 0.999914 0.775035
0.868911 0.494869 0.00993332 48.2562 -0.494787 0.86896 -0.00969608 60.3455 -0.01343 0.00351015 0.999904 0.755184
0.868002 0.496502 0.00761678 48.909 -0.496439 0.868027 -0.00884661 59.9631 -0.0110039 0.00389761 0.999932 0.763337
0.867321 0.497678 0.00839609 49.4095 -0.497592 0.867348 -0.0104285 59.6857 -0.0124724 0.00486707 0.99991 0.748641
0.867206 0.497905 0.00673252 49.9459 -0.49781 0.867203 -0.0120172 59.3895 -0.0118219 0.00706988 0.999905 0.713055
0.868688 0.49536 0.000277704 50.6995 -0.495235 0.868481 -0.0219548 58.9765 -0.0111167 0.0189344 0.999759 0.691318
0.870368 0.492398 -0.00181661 51.3363 -0.492276 0.870058 -0.0257483 58.6368 -0.0110979 0.0233048 0.999667 0.677099
0.872367 0.488848 -0.00154246 51.9023 -0.488729 0.872076 -0.0250599 58.3334 -0.0109053 0.0226153 0.999685 0.646017
0.874535 0.484959 -0.00210388 52.6693 -0.484861 0.874253 -0.0243061 57.9239 -0.00994811 0.0222766 0.999702 0.634712
0.876753 0.480941 -3.14862e-05 53.2942 -0.480807 0.876506 -0.0237135 57.5867 -0.0113772 0.020806 0.999719 0.623586
0.878894 0.477013 0.00219204 53.9982 -0.476856 0.878706 -0.0220003 57.2151 -0.0124206 0.0182906 0.999756 0.608012
0.880959 0.473174 0.00426842 54.6362 -0.472999 0.88082 -0.0206787 56.8779 -0.0135443 0.0161981 0.999777 0.574562
0.882757 0.469816 0.00354895 55.4694 -0.469677 0.882638 -0.018822 56.4286 -0.0119753 0.0149484 0.999817 0.563945
0.884444 0.46664 0.00250326 56.1003 -0.466471 0.884245 -0.0227058 56.0717 -0.0128089 0.0189143 0.999739 0.550192
0.885582 0.46448 0.00154402 56.7732 -0.464356 0.885413 -0.0204459 55.7057 -0.0108638 0.0173896 0.99979 0.535937
0.885966 0.463748 0.00109207 57.5579 -0.463691 0.88589 -0.0137454 55.296 -0.00734188 0.0116716 0.999905 0.532412
0.885512 0.464606 0.00304905 58.1959 -0.464569 0.885497 -0.00833563 54.9938 -0.0065727 0.00596481 0.999961 0.53022
0.884962 0.465627 0.00582227 59.0711 -0.465619 0.884981 -0.00267861 54.5596 -0.00639983 -0.000340492 0.999979 0.531852
0.884975 0.465601 0.0059783 59.8056 -0.465591 0.884995 -0.0030304 54.1737 -0.00670172 -0.000101619 0.999978 0.537488
0.885164 0.465207 0.00823309 60.4198 -0.465206 0.8852 -0.0021663 53.8428 -0.00829571 -0.00191255 0.999964 0.541058
0.885557 0.464465 0.00780923 61.9369 -0.464477 0.885585 -0.000343427 53.0602 -0.00707524 -0.00332308 0.999969 0.538442
0.885255 0.465046 0.00749725 62.5711 -0.465052 0.885283 -0.00106795 52.7431 -0.00713383 -0.0025412 0.999971 0.536325
0.884409 0.466653 0.00748992 63.425 -0.46668 0.884423 0.0022394 52.3198 -0.00557924 -0.00547594 0.999969 0.536294
0.882738 0.469742 0.0107839 64.0245 -0.469808 0.882756 0.00467127 52.0253 -0.00732528 -0.00918989 0.999931 0.537885
0.880272 0.474262 0.013992 64.8821 -0.474401 0.880262 0.00909727 51.6039 -0.00800212 -0.0146459 0.999861 0.543957
0.876958 0.480248 0.0175243 65.5594 -0.480453 0.876961 0.010166 51.2442 -0.0104859 -0.0173347 0.999795 0.550454
0.87335 0.486783 0.0173816 66.3829 -0.486966 0.873382 0.00827119 50.7925 -0.0111545 -0.0156879 0.999815 0.555004
0.868941 0.494623 0.0169882 67.0436 -0.49476 0.869016 0.00480447 50.4092 -0.0123866 -0.0125799 0.999844 0.557457
0.863867 0.503458 0.0162211 67.7366 -0.503577 0.863941 0.00404071 49.9994 -0.0119798 -0.0116592 0.99986 0.554728
0.858616 0.512353 0.0164911 68.3498 -0.51249 0.858677 0.00525995 49.6488 -0.0114655 -0.0129678 0.99985 0.558164
0.852767 0.522021 0.0168375 69.1249 -0.522196 0.852784 0.00834217 49.189 -0.010004 -0.0159064 0.999823 0.55531
0.846445 0.532134 0.019096 69.7609 -0.532343 0.846492 0.00793372 48.7796 -0.0119428 -0.0168811 0.999786 0.558252
0.840384 0.541678 0.0184427 70.3435 -0.541843 0.840464 0.00516617 48.3997 -0.012702 -0.0143346 0.999817 0.567276
0.834537 0.550663 0.0178473 71.1477 -0.550812 0.834617 0.00447259 47.8762 -0.0124327 -0.013563 0.999831 0.564182
0.829144 0.558682 0.0198559 71.7444 -0.558884 0.829223 0.00620357 47.4751 -0.0129991 -0.0162408 0.999784 0.56584
0.823505 0.56695 0.0201798 72.4148 -0.567185 0.823547 0.00841303 47.0229 -0.0118493 -0.0183739 0.999761 0.566049
0.817204 0.576063 0.01814 72.9845 -0.576249 0.817243 0.00716376 46.6467 -0.010698 -0.0163074 0.99981 0.568495
0.811409 0.58428 0.0152255 73.6386 -0.584423 0.811416 0.00731755 46.2101 -0.00807873 -0.0148357 0.999857 0.563801
0.800725 0.598824 0.0158093 74.8038 -0.598981 0.800723 0.00806065 45.335 -0.00783199 -0.0159239 0.999843 0.575182
0.795883 0.605287 0.0140701 75.4294 -0.605402 0.795897 0.00595745 44.8354 -0.00759236 -0.0132595 0.999883 0.570597
0.792268 0.609973 0.0156113 75.9663 -0.610077 0.792338 0.00256933 44.4421 -0.0108022 -0.0115597 0.999875 0.5755
0.78989 0.613017 0.0168626 76.5214 -0.613092 0.790011 -0.00088688 44.0163 -0.0138653 -0.00963781 0.999857 0.578212
0.787678 0.615843 0.0173396 77.1152 -0.615883 0.787829 -0.00356901 43.5509 -0.0158586 -0.00786795 0.999843 0.574431
0.786249 0.61764 0.018281 77.6759 -0.617661 0.786428 -0.00511585 43.1191 -0.0175364 -0.00726911 0.99982 0.565529
0.785516 0.618611 0.0168732 78.2021 -0.618583 0.785684 -0.0074636 42.7114 -0.017874 -0.00457467 0.99983 0.556981
0.785652 0.618502 0.014396 78.7378 -0.618454 0.785779 -0.00806281 42.3055 -0.0162989 -0.00256872 0.999864 0.549166
0.788131 0.615363 0.0133432 79.1871 -0.615343 0.788236 -0.00605561 41.9208 -0.014244 -0.003438 0.999893 0.555168
0.791735 0.610795 0.0092524 79.7159 -0.610757 0.791789 -0.00681146 41.4875 -0.0114863 -0.000258104 0.999934 0.552013
0.795732 0.605614 0.00639403 80.153 -0.605543 0.795747 -0.0102148 41.1509 -0.0112743 0.00425642 0.999927 0.55439
0.801622 0.597828 0.00180004 80.5953 -0.597741 0.80155 -0.0149355 40.836 -0.0103717 0.0108967 0.999887 0.567356
0.808886 0.587952 -0.00409158 81.1171 -0.587901 0.808675 -0.0204179 40.4688 -0.00869595 0.0189212 0.999783 0.578161
0.818499 0.574468 -0.00677663 81.5167 -0.57446 0.818222 -0.0225544 40.1933 -0.00741198 0.0223536 0.999723 0.596056
0.83102 0.556195 -0.00729668 81.9811 -0.556229 0.830832 -0.0180977 39.8939 -0.00400354 0.0190982 0.99981 0.596412
0.84388 0.536491 -0.00661755 82.3662 -0.536525 0.843743 -0.0154468 39.6754 -0.00270354 0.0165857 0.999859 0.597404
0.858155 0.513354 -0.0061292 82.8085 -0.513391 0.858078 -0.0115187 39.4293 -0.000653822 0.0130315 0.999915 0.601796
0.8891 0.457679 -0.00559112 83.7927 -0.457713 0.88904 -0.0103364 38.9548 0.000239985 0.0117492 0.999931 0.608783
0.907019 0.421067 -0.00426219 84.3454 -0.421087 0.906945 -0.0116844 38.7625 -0.00105432 0.0123927 0.999923 0.626319
0.925729 0.378186 0.00088148 84.781 -0.378144 0.925658 -0.012849 38.6284 -0.00567524 0.0115613 0.999917 0.63478
0.943207 0.332157 0.00565629 85.2054 -0.332074 0.943177 -0.0120233 38.5324 -0.00932851 0.00946215 0.999912 0.631222
0.959349 0.282151 0.00639632 85.7692 -0.282071 0.959329 -0.0111206 38.4489 -0.00927385 0.00886428 0.999918 0.641991
0.973418 0.228923 0.00725718 86.1529 -0.228829 0.973394 -0.0118944 38.4 -0.00978698 0.00991754 0.999903 0.645697
0.985349 0.170473 0.00505525 86.6583 -0.17039 0.985279 -0.0138745 38.3575 -0.00734606 0.0128098 0.999891 0.651294
0.994289 0.106719 0.000737116 87.1661 -0.106692 0.994152 -0.0167123 38.3486 -0.00251633 0.0165382 0.99986 0.663859
0.999275 0.0378479 -0.00412081 87.5844 -0.0379191 0.999103 -0.018851 38.3735 0.00340364 0.0189935 0.999814 0.677309
0.999376 -0.0340191 -0.00953598 88.129 0.0338292 0.999239 -0.0194173 38.4398 0.0101893 0.0190825 0.999766 0.695602
0.994283 -0.106048 -0.01249 88.5769 0.105814 0.994222 -0.0180703 38.5239 0.0143341 0.0166453 0.999759 0.71494
0.983915 -0.177986 -0.015243 89.0653 0.177715 0.983924 -0.0176409 38.648 0.0181378 0.0146482 0.999728 0.732341
0.968804 -0.247387 -0.0147982 89.4691 0.247095 0.968803 -0.019101 38.7725 0.0190619 0.0148486 0.999708 0.744416
0.949314 -0.314093 -0.0121737 89.9666 0.313842 0.949287 -0.018904 38.9607 0.0174939 0.0141252 0.999747 0.75937
0.9259 -0.377728 -0.00549417 90.372 0.377601 0.925825 -0.0162805 39.1721 0.0112363 0.0129995 0.999852 0.766931
0.898476 -0.439021 0.0011325 90.8186 0.439001 0.898403 -0.0122346 39.4486 0.0043538 0.0114896 0.999925 0.773922
0.868873 -0.495005 0.00552643 91.1845 0.495035 0.868818 -0.00975013 39.6732 2.48952e-05 0.0112074 0.999937 0.788626
0.836944 -0.547222 0.00852573 91.6287 0.547273 0.836935 -0.00567052 39.9743 -0.00403244 0.00941181 0.999948 0.803132
0.805902 -0.591964 0.0100214 91.9561 0.591999 0.805938 -0.000636975 40.2319 -0.00769953 0.00644597 0.99995 0.803732
0.776267 -0.630325 0.0100124 92.2454 0.6303 0.776329 0.00588615 40.4659 -0.0114831 0.00174157 0.999933 0.811591
0.752522 -0.658539 0.00613469 92.641 0.658482 0.752541 0.00910254 40.7353 -0.010611 -0.00281028 0.99994 0.817671
0.737352 -0.675499 0.00367414 92.9887 0.67545 0.737349 0.00915427 41.0406 -0.00889282 -0.00426823 0.999951 0.815729
0.722882 -0.690959 0.00418204 93.3099 0.690923 0.722889 0.00756851 41.3517 -0.00825268 -0.00258168 0.999963 0.821359
0.711017 -0.703128 0.00814411 93.7188 0.703108 0.711061 0.00560318 41.7287 -0.00973071 0.00174223 0.999951 0.833797
0.702319 -0.71181 0.00858237 94.0537 0.71179 0.702369 0.00571682 42.0152 -0.0100973 0.00209381 0.999947 0.851348
0.696097 -0.717941 0.00318498 94.4356 0.717897 0.696093 0.008774 42.4236 -0.00851626 -0.00382107 0.999956 0.864296
0.691611 -0.722269 -0.000917614 94.7192 0.722214 0.691541 0.0133563 42.7785 -0.00901228 -0.00990009 0.99991 0.875715
0.688116 -0.725581 -0.00535955 95.0836 0.725568 0.687994 0.0146827 43.2274 -0.00696614 -0.0139921 0.999878 0.894746
0.68666 -0.726948 -0.00665597 95.407 0.726968 0.68657 0.0117827 43.5751 -0.00399565 -0.0129294 0.999908 0.922449
0.687785 -0.72589 -0.00594294 95.8114 0.725914 0.68776 0.00588503 43.9915 -0.000184574 -0.00836171 0.999965 0.963531
0.691599 -0.722256 -0.00614647 96.191 0.722273 0.691608 0.00086273 44.3962 0.00362783 -0.00503609 0.999981 0.995775
0.695212 -0.718756 -0.00836092 96.5008 0.718766 0.695248 -0.00220956 44.7196 0.00740104 -0.00447344 0.999963 1.00029
0.698803 -0.715184 -0.013651 96.9844 0.715248 0.69887 -0.000268473 45.2302 0.00973226 -0.00957623 0.999907 1.0241
0.702076 -0.711871 -0.0181134 97.3916 0.712064 0.702074 0.00756477 45.6483 0.00733178 -0.0182089 0.999807 1.03605
0.705167 -0.708895 -0.0144187 97.8845 0.709032 0.705115 0.00925254 46.1314 0.00360779 -0.0167479 0.999853 1.07252
0.708364 -0.705735 -0.0125871 98.314 0.705841 0.70817 0.0168351 46.5639 -0.00296732 -0.0208098 0.999779 1.10213
0.712249 -0.701833 -0.0114592 98.6987 0.701831 0.711787 0.0281422 46.9657 -0.0115946 -0.0280867 0.999538 1.10019
0.714805 -0.699232 -0.0113162 99.2137 0.699171 0.714218 0.0324437 47.4574 -0.0146035 -0.0311029 0.99941 1.11753
0.715624 -0.698405 -0.0106311 99.6647 0.698357 0.715116 0.0301128 47.8928 -0.0134284 -0.0289737 0.99949 1.10491
0.715245 -0.698736 -0.0138644 100.137 0.698843 0.714887 0.0235497 48.3427 -0.00654349 -0.0265328 0.999627 1.09065
0.71437 -0.699573 -0.0165291 100.659 0.699768 0.714186 0.0161936 48.8563 0.000476222 -0.0231348 0.999732 1.08158
0.712513 -0.701392 -0.0193547 101.155 0.701638 0.712433 0.0119849 49.3585 0.00538281 -0.0221194 0.999741 1.07461
0.710444 -0.703495 -0.0190911 101.603 0.703738 0.710348 0.0125743 49.8101 0.00471542 -0.0223685 0.999739 1.07027
0.708669 -0.705353 -0.0163015 102.138 0.705541 0.708477 0.0164889 50.3473 -8.12421e-05 -0.0231866 0.999731 1.07321
0.706773 -0.70731 -0.0136119 102.704 0.7074 0.706395 0.0243086 50.8998 -0.00757833 -0.0268097 0.999612 1.09041
0.705172 -0.708949 -0.0110847 103.174 0.708933 0.704718 0.0280316 51.3698 -0.0120613 -0.0276254 0.999546 1.09416
0.70442 -0.709597 -0.0162606 103.732 0.709736 0.703922 0.0277333 51.9606 -0.00823329 -0.0310766 0.999483 1.09407
0.702303 -0.711617 -0.0192775 104.167 0.711866 0.701877 0.0248041 52.4295 -0.00412057 -0.031143 0.999506 1.09116
0.699453 -0.714237 -0.0251122 104.765 0.714678 0.699045 0.0239062 53.0621 0.000479883 -0.0346684 0.999399 1.08805
0.696183 -0.717279 -0.0289843 105.346 0.71786 0.695748 0.0247104 53.6589 0.00244151 -0.0380096 0.999274 1.09669
0.693572 -0.719899 -0.0265378 105.894 0.720388 0.693111 0.0252567 54.2102 0.000211386 -0.0366349 0.999329 1.10717
0.691226 -0.722253 -0.0236181 106.428 0.722631 0.690697 0.0272273 54.7589 -0.00335198 -0.0358874 0.99935 1.11613
0.68976 -0.723723 -0.0213508 107.095 0.724018 0.689225 0.0276819 55.4538 -0.00531851 -0.0345523 0.999389 1.12911
0.689308 -0.724346 -0.0133247 107.569 0.724419 0.688929 0.0243894 55.9396 -0.0084866 -0.0264645 0.999614 1.13504
0.689504 -0.724166 -0.0129862 108.223 0.724227 0.689119 0.0247008 56.6313 -0.00893842 -0.0264363 0.999611 1.13746
0.689689 -0.724013 -0.0115672 108.756 0.724049 0.689349 0.0234466 57.2215 -0.00900179 -0.024546 0.999658 1.13416
0.690145 -0.7235 -0.0157536 109.306 0.723636 0.689732 0.0249169 57.8254 -0.00716157 -0.0285961 0.999565 1.13131
0.691024 -0.722529 -0.0209369 109.866 0.722816 0.690526 0.0266775 58.4395 -0.00481776 -0.0335683 0.999425 1.1319
0.692046 -0.721297 -0.0283309 110.483 0.721841 0.691268 0.0330922 59.1026 -0.00428505 -0.0433518 0.999051 1.13123
0.693875 -0.719381 -0.0320629 111.033 0.720066 0.692751 0.040016 59.6756 -0.00657518 -0.0508535 0.998685 1.13248
0.696343 -0.716889 -0.0343072 111.673 0.717694 0.695221 0.0397821 60.3518 -0.00466829 -0.0523241 0.998619 1.13245
0.698218 -0.715146 -0.0325248 112.201 0.715868 0.697165 0.0386566 60.9056 -0.00496996 -0.0502742 0.998723 1.1341
0.699927 -0.713652 -0.028339 112.804 0.714203 0.699141 0.0334146 61.5208 -0.00403346 -0.0436276 0.99904 1.14176
0.699491 -0.714232 -0.0241888 113.506 0.714632 0.698905 0.0288651 62.2346 -0.00371078 -0.037477 0.999291 1.15376
0.699703 -0.7141 -0.0218429 114.081 0.714419 0.69916 0.0279518 62.8193 -0.0046887 -0.0351629 0.999371 1.16137
0.701279 -0.712508 -0.0232437 114.741 0.712865 0.700627 0.0307403 63.501 -0.00561756 -0.0381271 0.999257 1.16366
0.702434 -0.711409 -0.0219929 115.273 0.711647 0.701474 0.0386351 64.0536 -0.0120579 -0.0427898 0.999011 1.16579
0.703172 -0.710672 -0.0222368 115.85 0.710829 0.701914 0.0451426 64.662 -0.0164732 -0.0475496 0.998733 1.17
0.703294 -0.710532 -0.0228256 116.53 0.710797 0.702287 0.0395083 65.3634 -0.0120418 -0.0440104 0.998959 1.15563
0.703997 -0.709784 -0.0244059 117.066 0.710201 0.703492 0.0266982 65.873 -0.00178056 -0.0361285 0.999346 1.13919
0.70289 -0.710821 -0.0260801 118.271 0.711283 0.702647 0.0190547 67.0721 0.00478065 -0.0319437 0.999478 1.1512
0.701697 -0.712235 -0.0185081 118.85 0.71243 0.701121 0.0295536 67.6684 -0.00807269 -0.0339234 0.999392 1.16997
0.69996 -0.714182 -0.000766616 119.566 0.713573 0.699318 0.0420547 68.4042 -0.0294986 -0.0299836 0.999115 1.1785
0.699512 -0.714621 -4.32506e-05 120.041 0.714038 0.698939 0.0404158 68.8833 -0.0288518 -0.0283022 0.999183 1.16934
0.698938 -0.715081 -0.0120521 120.628 0.714983 0.698246 0.0353948 69.5093 -0.0168948 -0.0333558 0.999301 1.13293
0.6982 -0.715636 -0.0195436 121.203 0.715895 0.697806 0.0236975 70.1016 -0.00332115 -0.0305368 0.999528 1.10518
0.696911 -0.71667 -0.0264581 121.707 0.717146 0.696634 0.0200682 70.6221 0.00404936 -0.03296 0.999448 1.11359
0.694756 -0.718805 -0.0251756 122.397 0.719245 0.694383 0.0227784 71.345 0.00110828 -0.0339329 0.999423 1.11899
0.691469 -0.722209 -0.016877 122.865 0.722394 0.691133 0.0219386 71.8558 -0.00418004 -0.0273617 0.999617 1.12938
0.689039 -0.724569 -0.0149937 123.515 0.724718 0.688798 0.018497 72.5422 -0.00307477 -0.0236114 0.999716 1.13376
0.68658 -0.726837 -0.017798 123.992 0.727049 0.686272 0.0207602 73.0618 -0.00287499 -0.0271936 0.999626 1.14367
0.684191 -0.729007 -0.0207744 124.605 0.729301 0.683832 0.0222212 73.7583 -0.00199324 -0.0303543 0.999537 1.14276
0.682732 -0.730376 -0.0206821 125.102 0.730649 0.682233 0.0266348 74.3032 -0.00534345 -0.0332958 0.999431 1.15046
0.681617 -0.731406 -0.0210558 125.707 0.731663 0.680973 0.0307346 74.9497 -0.008141 -0.036355 0.999306 1.15026
0.681248 -0.731807 -0.0189451 126.223 0.73197 0.680557 0.0325687 75.4778 -0.0109408 -0.0360546 0.99929 1.15222
0.679223 -0.733678 -0.0193041 126.746 0.733902 0.678726 0.0267913 76.0476 -0.00655397 -0.0323646 0.999455 1.16362
0.676232 -0.736414 -0.0201187 127.369 0.736688 0.675934 0.0200937 76.7358 -0.00119833 -0.0284092 0.999596 1.17332
0.671441 -0.740796 -0.0197102 127.845 0.741058 0.671201 0.0179561 77.2835 -7.22758e-05 -0.0266628 0.999644 1.17916
0.665339 -0.746312 -0.0184936 128.416 0.746539 0.665074 0.0188602 77.9623 -0.00177598 -0.0263546 0.999651 1.17697
0.660706 -0.750518 -0.0138191 128.885 0.750561 0.660244 0.0271352 78.5033 -0.0112415 -0.0283004 0.999536 1.1758
0.657212 -0.753685 -0.00554656 129.488 0.753362 0.656672 0.0350301 79.1589 -0.0227594 -0.0272008 0.999371 1.18048
0.654398 -0.75614 -0.00389476 129.989 0.755647 0.653766 0.0398389 79.7225 -0.0275776 -0.0290136 0.999199 1.18037
0.650864 -0.759176 -0.00534482 130.528 0.758773 0.650252 0.0378926 80.3727 -0.0252917 -0.0287184 0.999268 1.16096
0.645866 -0.763416 -0.007274 130.992 0.763222 0.645411 0.0306064 80.952 -0.0186707 -0.0253193 0.999505 1.1398
0.634586 -0.772693 -0.015655 132.028 0.772842 0.634343 0.0180117 82.254 -0.00398686 -0.0235288 0.999715 1.12084
0.628869 -0.777344 -0.0161018 132.55 0.777472 0.628495 0.0230421 82.9423 -0.00779175 -0.0270092 0.999605 1.10663
0.622739 -0.782285 -0.0150334 133.026 0.782361 0.622314 0.0252352 83.5687 -0.0103856 -0.0274765 0.999568 1.09304
0.615063 -0.788239 -0.0194139 133.471 0.788448 0.614639 0.0238302 84.1434 -0.00685133 -0.029964 0.999528 1.09854
0.600841 -0.799037 -0.0230179 134.537 0.799367 0.600538 0.0191386 85.5526 -0.00146935 -0.029899 0.999552 1.10246
0.595005 -0.80337 -0.023799 134.966 0.803684 0.594428 0.0273324 86.17 -0.00781119 -0.0353898 0.999343 1.11247
0.588288 -0.808292 -0.0240945 135.5 0.808558 0.587507 0.0326903 86.9322 -0.0122676 -0.0387131 0.999175 1.11363
0.581676 -0.813166 -0.0203388 135.945 0.813181 0.580717 0.038784 87.5536 -0.0197267 -0.0390989 0.999041 1.10907
0.576323 -0.817036 -0.0174121 136.383 0.816872 0.575322 0.0415274 88.1661 -0.0239118 -0.0381566 0.998986 1.10886
0.572307 -0.819846 -0.0177924 136.94 0.819723 0.571348 0.0402034 88.9592 -0.0227949 -0.0375935 0.999033 1.08389
0.569053 -0.821984 -0.0228283 137.365 0.822108 0.568099 0.0374541 89.5717 -0.0178179 -0.0400807 0.999038 1.07895
0.566191 -0.823671 -0.0315108 137.793 0.82422 0.565303 0.0330871 90.2103 -0.00943973 -0.0447054 0.998956 1.0787
0.56381 -0.825109 -0.0362424 138.311 0.825896 0.563064 0.0292311 90.979 -0.00371207 -0.0464133 0.998915 1.06916
0.56116 -0.82683 -0.0381021 138.734 0.827694 0.5603 0.0313974 91.6116 -0.00461173 -0.0491559 0.998781 1.07231
0.558967 -0.828393 -0.0363433 139.245 0.829106 0.55775 0.0387142 92.3948 -0.0118001 -0.0517725 0.998589 1.0683
0.556525 -0.830235 -0.0314582 139.636 0.830467 0.554764 0.0506079 92.9966 -0.0245645 -0.0542896 0.998223 1.07384
0.552292 -0.833227 -0.0265589 140.138 0.833216 0.550695 0.049866 93.7657 -0.0269238 -0.0496699 0.998403 1.062
0.547938 -0.836214 -0.0225668 140.526 0.836166 0.546724 0.0438186 94.346 -0.024304 -0.0428795 0.998785 1.04788
0.541868 -0.84013 -0.0236831 141.015 0.840362 0.541148 0.0308318 95.1117 -0.0130866 -0.0366091 0.999244 1.02491
0.536476 -0.843444 -0.0282173 141.407 0.843848 0.535711 0.0305666 95.7377 -0.0106649 -0.0402094 0.999134 1.02338
0.529991 -0.84742 -0.0314589 141.887 0.8479 0.528982 0.0352603 96.5395 -0.0132391 -0.0453616 0.998883 1.01591
0.523525 -0.851774 -0.0200733 142.302 0.851744 0.522627 0.037323 97.2198 -0.0212999 -0.0366369 0.999102 1.01892
0.512773 -0.858523 0.00151002 143.198 0.858131 0.512591 0.0293556 98.6776 -0.0259764 -0.0137569 0.999568 0.990498
0.50746 -0.861652 0.0062876 143.569 0.861374 0.507462 0.022762 99.2966 -0.0228036 -0.00613483 0.999721 0.988236
0.50264 -0.864461 0.00780727 144.051 0.864402 0.502698 0.0101651 100.093 -0.0127121 0.00163921 0.999918 0.957759
0.497139 -0.867639 0.00748905 144.409 0.867651 0.497168 0.00254231 100.665 -0.00592912 0.00523399 0.999969 0.96061
0.491198 -0.871041 -0.00342307 144.896 0.871029 0.491158 0.00856767 101.494 -0.00578153 -0.00719002 0.999957 0.960032
0.486474 -0.87368 -0.00509534 145.25 0.873467 0.486206 0.0256553 102.152 -0.0199371 -0.0169313 0.999658 0.971671
0.481348 -0.876529 -0.00047794 145.741 0.876026 0.481053 0.0341601 103.068 -0.0297124 -0.0168616 0.999416 0.968348
0.477518 -0.878613 0.003942 146.092 0.877978 0.477335 0.0361417 103.75 -0.0336362 -0.0137973 0.999339 0.966517
0.475826 -0.879536 -0.0022622 146.537 0.879269 0.475615 0.0259902 104.606 -0.0217834 -0.0143559 0.99966 0.921872
0.474792 -0.880027 -0.0111774 146.854 0.88 0.474511 0.020965 105.222 -0.0131459 -0.0197902 0.999718 0.90155
0.473233 -0.88077 -0.0171702 147.228 0.880917 0.472998 0.0160776 105.966 -0.00603918 -0.0227339 0.999723 0.908284
0.471948 -0.881505 -0.0145959 147.617 0.881601 0.471744 0.0154099 106.693 -0.00669838 -0.0201405 0.999775 0.926989
0.471429 -0.881826 -0.0117076 148.036 0.881809 0.471142 0.0209297 107.456 -0.0129404 -0.0201907 0.999712 0.94016
0.471024 -0.882066 -0.00978519 148.497 0.881897 0.470627 0.0277023 108.331 -0.01983 -0.021678 0.999568 0.943969
0.469795 -0.88277 -0.00321787 148.829 0.882388 0.469478 0.0313283 108.986 -0.026145 -0.0175573 0.999504 0.935493
0.467596 -0.883939 0.0023779 149.259 0.883724 0.467539 0.0209526 109.807 -0.0196326 -0.00769594 0.999778 0.909004
0.466323 -0.884589 0.00666053 149.644 0.88459 0.466353 0.00396816 110.5 -0.00661635 0.00404139 0.99997 0.900001
0.465578 -0.884944 0.0105547 150.036 0.885005 0.465524 -0.00729299 111.203 0.00154041 0.0127364 0.999918 0.912485
0.4653 -0.885117 0.00794916 150.417 0.885146 0.46524 -0.0082993 111.902 0.00364758 0.0108978 0.999934 0.932546
0.464231 -0.885707 0.00352601 150.884 0.885708 0.464239 0.00173353 112.78 -0.00317231 0.00231825 0.999992 0.945509
0.461469 -0.887131 0.0067887 151.234 0.887047 0.461518 0.0121948 113.481 -0.0139515 0.000394376 0.999903 0.963308
0.459299 -0.888175 0.0137588 151.661 0.888139 0.459447 0.0108055 114.388 -0.0159186 0.00725674 0.999847 0.964306
0.459866 -0.887913 0.0115914 151.983 0.887936 0.459941 0.00484498 115.041 -0.00963327 0.00806433 0.999921 0.957853
0.460715 -0.887534 0.00497999 152.395 0.887534 0.460732 0.0030952 115.884 -0.00504154 0.0029939 0.999983 0.951831
0.460711 -0.887549 0.00138939 152.733 0.887532 0.460711 0.0056358 116.541 -0.00564216 -0.00136335 0.999983 0.956808
0.460459 -0.887681 -0.000445159 153.162 0.887661 0.460446 0.00693273 117.361 -0.00594908 -0.00358739 0.999976 0.956497
0.45901 -0.888429 -0.00199097 153.453 0.888316 0.458913 0.0171321 117.92 -0.014307 -0.00963243 0.999851 0.963413
0.458146 -0.888876 -0.00122347 153.887 0.88874 0.458051 0.0181807 118.804 -0.0156 -0.00941676 0.999834 0.961952
0.457362 -0.889279 0.00180311 154.213 0.889177 0.457338 0.01436 119.487 -0.0135946 -0.00496442 0.999895 0.966292
0.45713 -0.889397 0.00247866 154.558 0.889373 0.457136 0.00651383 120.201 -0.00692647 -0.000773212 0.999976 0.973653
0.455787 -0.890034 -0.00989121 155.353 0.890048 0.455632 0.0146391 121.727 -0.00852257 -0.015476 0.999844 0.960572
0.453533 -0.891236 -0.00237357 155.722 0.890976 0.453333 0.0255141 122.428 -0.021663 -0.0136863 0.999672 0.966951
0.45212 -0.891934 0.00638481 156.063 0.891574 0.452124 0.0260859 123.105 -0.0261537 -0.00610144 0.999639 0.985465
0.451726 -0.892129 0.0070031 156.404 0.891902 0.451771 0.0203516 123.794 -0.02132 -0.00294727 0.999768 1.01001
0.452364 -0.89183 0.00263223 156.742 0.891726 0.452353 0.0141663 124.47 -0.0138246 -0.00406108 0.999896 1.02792
0.453351 -0.891329 -0.00220009 157.066 0.891298 0.453311 0.00981238 125.135 -0.00774874 -0.00640939 0.999949 1.0551
0.454304 -0.890792 -0.00990678 157.374 0.890836 0.454216 0.00994235 125.758 -0.00435674 -0.0133422 0.999901 1.07672
0.456646 -0.88958 -0.0110725 157.671 0.889647 0.456589 0.00733538 126.358 -0.00146981 -0.0132003 0.999912 1.10352
0.460242 -0.88772 -0.0114209 157.965 0.887793 0.460201 0.00617706 126.946 -0.000227581 -0.0129824 0.999916 1.13685
0.465138 -0.885179 -0.0102358 158.259 0.88523 0.465055 0.00951875 127.535 -0.00366558 -0.0134886 0.999902 1.16824
0.470656 -0.882288 -0.00709418 158.56 0.88225 0.470507 0.0160524 128.12 -0.0108249 -0.013814 0.999846 1.19855
0.475732 -0.879565 -0.00664232 158.872 0.879402 0.47546 0.0242926 128.712 -0.0182088 -0.0173981 0.999683 1.23158
0.481054 -0.87665 -0.00850708 159.182 0.876507 0.480731 0.0251487 129.297 -0.017957 -0.0195544 0.999648 1.26471
0.487106 -0.873285 -0.0100828 159.482 0.873277 0.486894 0.0179366 129.872 -0.0107545 -0.0175421 0.999788 1.30011
0.493594 -0.869602 -0.0125178 159.781 0.869691 0.493518 0.00883196 130.441 -0.00150255 -0.015246 0.999883 1.33578
0.500244 -0.865695 -0.0181002 160.12 0.865867 0.500257 0.00409191 131.07 0.0055124 -0.0177193 0.999828 1.38552
0.506717 -0.861911 -0.0186273 160.37 0.862103 0.506694 0.00626627 131.49 0.00403736 -0.0192339 0.999807 1.39577
0.512235 -0.85873 -0.0140401 160.804 0.858845 0.512175 0.00785611 132.171 0.00044469 -0.0160824 0.999871 1.46523
0.517567 -0.855597 -0.00877626 161.157 0.855629 0.517474 0.0109632 132.653 -0.00483861 -0.0131834 0.999901 1.47785
0.522745 -0.852483 -0.003133 161.59 0.852454 0.522686 0.0109893 133.27 -0.00773062 -0.00841533 0.999935 1.52432
0.526152 -0.85039 -0.00139206 161.884 0.850326 0.526091 0.0132228 133.74 -0.0105121 -0.00814089 0.999912 1.52184
0.525934 -0.850515 -0.00416316 162.23 0.850468 0.525836 0.0141619 134.319 -0.00985579 -0.0109889 0.999891 1.52472
0.526253 -0.850328 0.00102855 162.873 0.85018 0.526183 0.0180507 135.482 -0.0158902 -0.00862478 0.999837 1.54062
0.526404 -0.850234 0.00034819 163.197 0.850077 0.526314 0.0190442 136.03 -0.0163753 -0.00972898 0.999819 1.48647
0.526024 -0.850423 -0.00892288 163.597 0.850395 0.52581 0.0187657 136.7 -0.0112671 -0.0174592 0.999784 1.44056
0.525405 -0.850705 -0.0158378 163.894 0.850828 0.525161 0.0172339 137.194 -0.00634353 -0.0225301 0.999726 1.37166
0.523609 -0.851762 -0.018325 164.242 0.851954 0.523559 0.00780392 137.774 0.00294716 -0.0196983 0.999802 1.29731
0.520264 -0.853859 -0.0158321 164.548 0.853967 0.520327 0.000190895 138.254 0.00807489 -0.0136195 0.999875 1.25134
0.516547 -0.856117 -0.0156031 164.934 0.856236 0.516581 0.00210173 138.889 0.00626094 -0.0144456 0.999876 1.21489
0.512951 -0.858301 -0.0141855 165.226 0.858408 0.512793 0.0134069 139.446 -0.00423294 -0.0190541 0.999809 1.18852
0.509509 -0.860449 -0.00524985 165.573 0.860268 0.509252 0.0245058 140.064 -0.0184125 -0.0170022 0.999686 1.17794
0.506018 -0.862513 0.00422698 165.994 0.862039 0.505892 0.031023 140.773 -0.0288961 -0.0120544 0.99951 1.14912
0.50378 -0.863821 0.00444053 166.276 0.863328 0.503655 0.0315629 141.226 -0.0295012 -0.0120671 0.999492 1.12053
0.501933 -0.864906 2.05468e-05 166.7 0.86461 0.501762 0.0261368 141.948 -0.0226162 -0.0131012 0.999658 1.06584
0.499399 -0.866367 -0.00291589 166.99 0.866208 0.499237 0.0211072 142.454 -0.0168309 -0.0130667 0.999773 1.04163
0.496984 -0.867759 -0.00123976 167.399 0.8677 0.496932 0.012446 143.166 -0.010184 -0.00726119 0.999922 0.997587
0.495889 -0.86836 0.00668408 167.723 0.868322 0.495931 0.00831909 143.724 -0.0105388 0.00167858 0.999943 0.988057
0.495059 -0.868719 0.0156193 168.047 0.868741 0.495209 0.00761242 144.282 -0.0143479 0.00980055 0.999849 0.994184
