0.475949 -0.879334 0.0156446 1.10278 0.879472 0.475887 -0.0077492 1.32335 -0.000630922 0.0174472 0.999848 0.789584
0.474573 -0.880123 0.0128152 1.52608 0.880216 0.474523 -0.00688101 2.10291 -2.49515e-05 0.0145457 0.999894 0.790911
0.471355 -0.881841 0.013416 2.81262 0.881921 0.471396 -7.63438e-05 4.48205 -0.00625694 0.0118678 0.99991 0.803232
0.469519 -0.882894 0.00703996 3.39144 0.882921 0.469519 -0.00181762 5.58313 -0.00170063 0.00706913 0.999974 0.808728
0.469259 -0.883044 0.00541061 3.65628 0.883037 0.469282 0.00445266 6.11104 -0.006471 0.00268832 0.999975 0.812903
0.46865 -0.883384 0.000602417 4.15436 0.883364 0.468644 0.00636601 7.10615 -0.00590595 -0.00245128 0.99998 0.820771
0.46879 -0.883277 -0.00766177 4.60924 0.883309 0.468761 0.00531269 8.05158 -0.00110104 -0.00925825 0.999957 0.834973
0.469813 -0.882641 -0.0148759 5.01122 0.882754 0.469827 0.00278811 8.91044 0.00452819 -0.0144417 0.999885 0.850918
0.472029 -0.881506 -0.0116977 5.25867 0.881546 0.471845 0.0154413 9.44675 -0.00809209 -0.0176008 0.999812 0.862594
0.476994 -0.878836 -0.0111516 6.17258 0.878866 0.476811 0.0156737 11.3351 -0.00845742 -0.017277 0.999815 0.881503
0.479776 -0.877365 -0.00676658 6.53215 0.877246 0.479543 0.0218559 12.0627 -0.0159308 -0.0164219 0.999738 0.901747
0.482449 -0.875866 -0.0100647 7.08299 0.875924 0.482405 0.00650631 13.1725 -0.00084338 -0.0119549 0.999928 0.936473
0.484467 -0.874792 -0.00548033 7.46442 0.87481 0.484459 0.00287549 13.9164 0.000139531 -0.00618733 0.999981 0.977284
0.486272 -0.873706 0.0133469 8.29674 0.873575 0.486438 0.0156301 15.5428 -0.0201485 0.00405906 0.999789 1.04012
0.484921 -0.874296 0.0214218 8.90142 0.874525 0.484969 -0.00323205 16.6882 -0.00756314 0.0203012 0.999765 1.08324
0.48369 -0.874617 0.0329961 9.22642 0.87506 0.48401 0.00200644 17.2706 -0.0177253 0.0279031 0.999453 1.09241
0.481721 -0.875593 0.0358007 9.79299 0.876281 0.481702 -0.00972645 18.3258 -0.00872884 0.0360569 0.999312 1.10928
0.47989 -0.876327 0.0418994 10.1821 0.877205 0.480077 -0.006147 19.0468 -0.0147281 0.0397042 0.999103 1.1198
0.477489 -0.877198 0.0502836 11.1445 0.878314 0.478083 -0.000228185 20.8821 -0.0238396 0.0442737 0.998735 1.16008
0.475439 -0.87869 0.0431505 11.7448 0.87974 0.475078 -0.0189194 22.0195 -0.00387557 0.0469563 0.998889 1.17086
0.473692 -0.879769 0.0402799 12.1717 0.880682 0.472993 -0.0259968 22.8307 0.00381906 0.0477883 0.99885 1.1651
0.471961 -0.880284 0.0485104 12.9784 0.88142 0.47231 -0.00470062 24.3925 -0.0187741 0.0449766 0.998812 1.16742
0.471271 -0.880867 0.0444679 13.537 0.881865 0.47145 -0.00703009 25.4741 -0.0147718 0.0425278 0.998986 1.15045
0.469923 -0.881435 0.0473804 14.3858 0.882413 0.470475 0.000583509 27.1088 -0.0228056 0.0415349 0.998877 1.12186
0.469549 -0.881978 0.040484 14.9263 0.882822 0.469646 -0.00767155 28.159 -0.012247 0.0393423 0.999151 1.10026
0.467213 -0.883088 0.0432102 15.3009 0.883904 0.467669 0.000495436 28.8975 -0.0206456 0.0379621 0.999066 1.08769
0.46667 -0.883695 0.0360786 15.8766 0.884414 0.466525 -0.0128671 30.0146 -0.00546103 0.0379132 0.999266 1.07594
0.464893 -0.884547 0.0380966 16.1938 0.885268 0.465054 -0.00508193 30.633 -0.0132218 0.0360882 0.999261 1.06013
0.465209 -0.884932 0.0217943 16.799 0.885085 0.464608 -0.0276462 31.8167 0.0143392 0.0321511 0.99938 1.04945
0.464229 -0.885551 0.0170313 17.1651 0.885508 0.463619 -0.0305614 32.5428 0.0191676 0.0292688 0.999388 1.05143
0.461958 -0.886584 0.0237389 17.496 0.886901 0.461755 -0.0137485 33.1929 0.00122758 0.0274053 0.999624 1.05506
0.461039 -0.886994 0.026181 18.0537 0.887377 0.460913 -0.0109958 34.2777 -0.00231399 0.0283018 0.999597 1.06129
0.460532 -0.887272 0.0256577 18.5096 0.887643 0.460369 -0.0122862 35.1704 -0.000910818 0.028433 0.999595 1.05633
0.458908 -0.887889 0.0325092 18.8373 0.888367 0.459133 -0.000593707 35.8113 -0.0143989 0.0291526 0.999471 1.04713
0.458731 -0.888065 0.0301297 19.4092 0.888566 0.458616 -0.0110058 36.9237 -0.00404414 0.031821 0.999485 1.03861
0.456692 -0.888894 0.0360508 19.7243 0.889451 0.457028 0.00123424 37.5446 -0.0175734 0.0315018 0.999349 1.03837
0.455543 -0.889486 0.0359806 20.2677 0.890078 0.455808 -0.000952015 38.6187 -0.0155534 0.0324593 0.999352 1.04091
0.454756 -0.889865 0.0365644 20.7092 0.89049 0.454998 -0.00187339 39.4946 -0.0149697 0.0334122 0.99933 1.04626
0.453674 -0.890348 0.038217 21.0866 0.890884 0.454194 0.00575151 40.2549 -0.0224788 0.0314376 0.999253 1.04543
0.452598 -0.891038 0.034734 21.5261 0.891479 0.45303 0.00532941 41.1488 -0.0204842 0.0285526 0.999382 1.03021
0.450858 -0.891837 0.0368015 21.8611 0.892186 0.451517 0.0117075 41.8198 -0.0270577 0.0275554 0.999254 1.01108
0.449827 -0.892614 0.0299502 22.3501 0.892969 0.450108 0.00303716 42.8118 -0.0161918 0.0253784 0.999547 0.996995
0.448889 -0.893292 0.0230046 22.7713 0.893507 0.449045 0.00187545 43.6828 -0.0120054 0.0197129 0.999734 0.999775
0.447176 -0.89406 0.0262907 23.0986 0.894082 0.447639 0.0153704 44.3581 -0.0255108 0.0166328 0.999536 1.01061
0.446134 -0.894817 0.0163491 23.9805 0.89491 0.446236 0.00304837 46.1728 -0.0100233 0.013271 0.999862 1.01964
0.445185 -0.895301 0.0156945 24.3055 0.895408 0.445246 0.000475422 46.831 -0.00741355 0.0138413 0.999877 1.02486
0.441373 -0.897094 0.0202972 24.9915 0.89713 0.441635 0.0108077 48.2429 -0.0186595 0.013439 0.999736 1.03759
0.44056 -0.897522 0.0189815 25.4142 0.897644 0.440704 0.00398879 49.1061 -0.0119452 0.0152813 0.999812 1.04449
0.43973 -0.897951 0.0179359 25.7463 0.898066 0.439849 0.00314636 49.7969 -0.0107144 0.014724 0.999834 1.05056
0.439415 -0.898159 0.0150265 26.1214 0.898263 0.439457 -0.000514468 50.5794 -0.00614141 0.0137238 0.999887 1.05454
0.438888 -0.898471 0.0112681 26.4519 0.898542 0.438864 -0.00464939 51.2727 -0.000767833 0.0121654 0.999926 1.05706
0.437531 -0.899153 0.00951916 26.7288 0.899203 0.437508 -0.00451546 51.8533 -0.000104622 0.0105353 0.999945 1.05154
0.435422 -0.900164 0.0106247 26.9768 0.900212 0.435451 0.000563069 52.3904 -0.00513339 0.0093193 0.999943 1.04283
0.434905 -0.900465 0.00452919 27.3736 0.900416 0.434811 -0.0138155 53.2403 0.0104711 0.0100866 0.999894 1.03376
0.434266 -0.900781 0.00261766 27.6468 0.900688 0.434174 -0.0159595 53.8326 0.0132395 0.00928837 0.999869 1.04406
0.432451 -0.901638 0.00595501 27.908 0.901646 0.432403 -0.00780833 54.3852 0.00446532 0.00874603 0.999952 1.05994
0.429538 -0.902978 0.0112558 28.152 0.902993 0.429617 0.00574639 54.9127 -0.0100245 0.00769558 0.99992 1.07574
0.428094 -0.903624 0.0140894 28.4915 0.903675 0.428193 0.00477598 55.6313 -0.0103487 0.0106877 0.999889 1.08614
0.426987 -0.904023 0.0206098 28.7387 0.904188 0.427126 0.00268848 56.138 -0.0112334 0.0174872 0.999784 1.09061
0.426419 -0.904126 0.0268794 28.9942 0.904436 0.426607 0.00141881 56.6612 -0.0127497 0.0237057 0.999638 1.09585
0.431195 -0.901961 0.0231696 29.3369 0.902259 0.431063 -0.0106648 57.3748 -0.00036836 0.0255036 0.999675 1.10952
0.432182 -0.901465 0.0240889 29.4962 0.901749 0.432252 -0.00246368 57.715 -0.00819155 0.0227869 0.999707 1.11736
0.438528 -0.898427 0.022835 29.8138 0.898694 0.438559 -0.0039036 58.373 -0.0065074 0.0222335 0.999732 1.12802
0.441754 -0.896676 0.0287503 30.0181 0.897053 0.441922 -0.000569354 58.7619 -0.0121949 0.0260421 0.999586 1.13593
0.446611 -0.894014 0.0357513 30.2509 0.894484 0.447066 0.00550753 59.2144 -0.020907 0.0295193 0.999346 1.14342
0.457443 -0.88854 0.0352533 30.5424 0.888987 0.457898 0.00567455 59.7934 -0.0211845 0.0287439 0.999362 1.14728
0.470787 -0.881719 0.0305239 30.7909 0.882076 0.471095 0.00337053 60.2579 -0.0173515 0.0253376 0.999528 1.1443
0.481148 -0.876088 0.0310952 30.9817 0.876359 0.481589 0.00821532 60.5908 -0.0221725 0.0232978 0.999483 1.14016
0.503382 -0.863527 0.0304752 31.2917 0.863851 0.503728 0.00447341 61.091 -0.0192142 0.0240742 0.999525 1.13632
0.521027 -0.852872 0.0337772 31.5016 0.853306 0.521404 0.00281994 61.4024 -0.0200166 0.027353 0.999425 1.13245
0.55253 -0.832875 0.0320889 31.8052 0.8334 0.552633 -0.00637042 61.8381 -0.0124276 0.0302628 0.999465 1.13009
0.574207 -0.818083 0.0320384 32.0016 0.818616 0.574296 -0.00728851 62.1058 -0.0124369 0.0304122 0.99946 1.13061
0.60919 -0.792491 0.029078 32.3042 0.792969 0.60917 -0.0105741 62.4935 -0.00933362 0.0294996 0.999521 1.12993
0.647713 -0.761474 0.025015 32.6121 0.761882 0.647452 -0.0185095 62.8238 -0.0021015 0.0310474 0.999516 1.12221
0.672724 -0.739315 0.0292331 32.8349 0.739871 0.672485 -0.0188362 63.0217 -0.00573293 0.0343003 0.999395 1.11302
0.721156 -0.692357 0.0239979 33.2316 0.692773 0.720734 -0.0246547 63.3603 -0.000226224 0.034405 0.999408 1.10066
0.757516 -0.652524 0.0195534 33.5253 0.652807 0.756999 -0.0282148 63.5737 0.00360895 0.0341377 0.999411 1.09542
0.784725 -0.619448 0.0221492 33.7747 0.619844 0.784264 -0.026906 63.7327 -0.000703951 0.0348429 0.999393 1.0908
0.856558 -0.5155 0.0238171 34.4922 0.516024 0.856069 -0.029414 64.0977 -0.00522614 0.0374849 0.999283 1.05795
0.899437 -0.436739 0.0165051 34.9461 0.437051 0.898841 -0.0327336 64.2621 -0.000539358 0.0366554 0.999328 1.04037
0.918162 -0.395685 0.0203144 35.209 0.396145 0.917714 -0.0294992 64.3464 -0.0069704 0.0351324 0.999358 1.03114
0.961599 -0.273234 0.0258897 35.9822 0.273724 0.961645 -0.0177183 64.5454 -0.0200555 0.0241245 0.999508 1.01267
0.979646 -0.199104 0.0255266 36.428 0.199286 0.97993 -0.00477401 64.6479 -0.0240637 0.00976392 0.999663 1.00354
0.988232 -0.149863 0.0306469 36.7618 0.149854 0.988705 0.00258927 64.7168 -0.0306888 0.00203377 0.999527 0.995948
0.99657 -0.0769988 0.0303213 37.2348 0.0767736 0.997012 0.00852478 64.7794 -0.0308871 -0.00616766 0.999504 0.988677
0.998842 -0.0326425 0.035338 37.5663 0.0321166 0.999366 0.0153509 64.8286 -0.0358167 -0.0141982 0.999258 0.986557
0.998459 0.0474562 0.0287653 38.0966 -0.0483874 0.998297 0.0325906 64.8698 -0.0271696 -0.0339322 0.999055 0.986034
0.996573 0.0790789 0.0242458 38.2988 -0.0797292 0.996447 0.0271444 64.8169 -0.0220131 -0.0289844 0.999337 0.982217
0.991275 0.130838 0.0159648 38.6539 -0.131105 0.991222 0.0170359 64.711 -0.0135957 -0.0189804 0.999727 0.967473
0.98415 0.177029 0.0104688 39.0111 -0.177033 0.984205 -0.000547748 64.5816 -0.0104004 -0.00131427 0.999945 0.955748
0.976061 0.217297 0.00932277 39.3732 -0.217168 0.976045 -0.0132064 64.4536 -0.0119692 0.0108657 0.999869 0.950453
0.964961 0.262345 0.00494014 39.8077 -0.262316 0.964964 -0.00588535 64.3375 -0.00631105 0.00438326 0.99997 0.950172
0.958461 0.285075 0.00927086 40.0918 -0.285132 0.958472 0.00560795 64.292 -0.00728717 -0.00801842 0.999941 0.953342
0.947508 0.319555 0.0106104 40.5367 -0.319723 0.9472 0.0242798 64.1971 -0.00229145 -0.0263978 0.999649 0.951911
0.938274 0.345723 0.0108505 40.9304 -0.34589 0.937679 0.0334473 64.1049 0.00138925 -0.0351359 0.999382 0.941414
0.93229 0.361357 0.0159996 41.246 -0.361695 0.931751 0.0318909 64.024 -0.00338363 -0.0355185 0.999363 0.905679
0.922894 0.38491 0.0104982 41.7172 -0.385049 0.922411 0.0299267 63.8794 0.00183547 -0.0316615 0.999497 0.841182
0.917237 0.398268 0.00766774 42.0598 -0.398332 0.916909 0.0246814 63.7464 0.00279919 -0.025693 0.999666 0.811833
0.910029 0.414515 0.00488224 42.4807 -0.414529 0.909834 0.019189 63.5573 0.00351209 -0.0194863 0.999804 0.815478
0.894805 0.446415 0.00615792 43.3999 -0.446457 0.894733 0.0113827 63.1204 -0.000428265 -0.0129346 0.999916 0.842588
0.890675 0.454527 0.0101871 43.7396 -0.454556 0.890718 0.00065022 62.9238 -0.00877825 -0.00520973 0.999948 0.854672
0.884365 0.466736 0.00752581 44.2473 -0.466671 0.884386 -0.00891547 62.6354 -0.0108169 0.00437244 0.999932 0.855177
0.880009 0.474908 0.00686628 44.6895 -0.474737 0.879949 -0.0177233 62.3761 -0.0144589 0.012337 0.999819 0.84963
0.876424 0.481476 0.00779394 45.1542 -0.481217 0.876316 -0.0223769 62.1203 -0.0176039 0.0158611 0.999719 0.840391
0.874057 0.48569 0.0114036 45.6089 -0.48531 0.873971 -0.0254849 61.8766 -0.0223442 0.016741 0.99961 0.827803
0.870343 0.492446 -0.000253262 46.2687 -0.492357 0.870176 -0.0194207 61.5222 -0.00934327 0.0170274 0.999811 0.809668
0.869398 0.49409 0.00481801 46.5917 -0.493868 0.869232 -0.0230326 61.3387 -0.0155682 0.0176451 0.999723 0.799101
0.866529 0.499125 0.00135832 47.2439 -0.498954 0.866297 -0.0239724 60.9665 -0.0131419 0.020095 0.999712 0.786565
0.865578 0.500765 0.00297773 47.7258 -0.50051 0.8653 -0.0273143 60.6844 -0.0162547 0.0221523 0.999622 0.777475
0.862976 0.505237 0.00281173 48.8716 -0.504902 0.862582 -0.0320306 60.0137 -0.0186084 0.026222 0.999483 0.748269
0.863004 0.505151 0.00685761 49.3942 -0.504618 0.862585 -0.03617 59.7082 -0.0241866 0.0277544 0.999322 0.728038
0.863021 0.505157 -0.00322908 50.1177 -0.504962 0.86247 -0.034034 59.2896 -0.0144075 0.0310027 0.999415 0.700827
0.864217 0.503028 -0.0096229 50.7384 -0.503063 0.863673 -0.0315641 58.9401 -0.0075666 0.0321192 0.999455 0.677203
0.866356 0.499298 -0.0113463 51.3376 -0.499398 0.865836 -0.0305 58.6125 -0.00540461 0.0320902 0.99947 0.656743
0.86889 0.495 -0.00222895 51.8399 -0.494778 0.868348 -0.034163 58.3431 -0.0149751 0.0307867 0.999414 0.641028
0.871833 0.489804 -0.000110803 52.6088 -0.489516 0.871313 -0.0344552 57.9322 -0.0167797 0.0300934 0.999406 0.620461
0.874346 0.485301 -0.00148758 53.3234 -0.485088 0.873861 -0.0325088 57.5561 -0.0144766 0.0291456 0.99947 0.604177
0.876734 0.480968 -0.0027465 54.0447 -0.48084 0.876337 -0.028752 57.183 -0.0114219 0.0265285 0.999583 0.585334
0.878736 0.477267 0.00624502 54.6114 -0.47688 0.878427 -0.0308581 56.8911 -0.0202133 0.024138 0.999504 0.567783
0.881506 0.472151 -0.00455508 55.5461 -0.472114 0.881202 -0.0243032 56.4077 -0.00746081 0.0235739 0.999694 0.5415
0.883068 0.469059 -0.0132055 56.2007 -0.469242 0.882816 -0.0211631 56.0588 0.00173131 0.0248851 0.999689 0.526716
0.883978 0.467126 -0.0194066 56.8717 -0.467437 0.883866 -0.016866 55.7037 0.00927432 0.0239805 0.999669 0.51886
0.884166 0.466204 -0.0300766 57.6518 -0.466674 0.884364 -0.0107325 55.2959 0.0215952 0.0235253 0.99949 0.519935
0.884499 0.465955 -0.0234204 58.2335 -0.466289 0.884559 -0.0114244 55.0004 0.0153934 0.0210255 0.99966 0.527771
0.884663 0.466063 -0.0125517 58.9652 -0.466209 0.884565 -0.0139485 54.6274 0.00460192 0.0181915 0.999824 0.534249
0.884769 0.465997 -0.00546475 59.6911 -0.466016 0.884596 -0.017847 54.2511 -0.00348252 0.0183371 0.999826 0.540719
0.884906 0.465768 0.00110787 60.4183 -0.465644 0.88472 -0.0211009 53.8699 -0.0108083 0.0181565 0.999777 0.546246
0.885647 0.464344 -0.00386839 61.9925 -0.464343 0.885513 -0.0158663 53.0564 -0.00394188 0.0158482 0.999867 0.546825
0.885279 0.464988 0.00817461 62.5313 -0.464773 0.885214 -0.0195532 52.7775 -0.0163283 0.0135107 0.999775 0.547527
0.884439 0.466653 0.00134523 63.4823 -0.466611 0.884391 -0.0112316 52.2927 -0.00643096 0.00930596 0.999936 0.548226
0.883262 0.46872 0.0122267 63.9926 -0.468576 0.883328 -0.0129515 52.0367 -0.0168708 0.00571044 0.999841 0.551549
0.881 0.472748 0.018648 64.8222 -0.472619 0.881197 -0.011072 51.6193 -0.0216668 0.000941058 0.999765 0.560728
0.875218 0.482603 0.0329883 66.2586 -0.482376 0.875835 -0.0150576 50.8638 -0.0361592 -0.00273405 0.999342 0.572433
0.870738 0.490987 0.0273319 67.1004 -0.490826 0.871164 -0.0127793 50.398 -0.030085 -0.00228775 0.999545 0.578049
0.866201 0.49918 0.0226936 67.7729 -0.499017 0.866498 -0.012758 50.01 -0.0260325 -0.000273498 0.999661 0.576834
0.861734 0.506794 0.0239599 68.3846 -0.506585 0.862067 -0.0145387 49.6543 -0.0280232 0.000390773 0.999607 0.575789
0.854602 0.519108 0.0135081 69.2201 -0.519029 0.854708 -0.00908145 49.156 -0.0162597 0.000749935 0.999867 0.578445
0.848816 0.528636 0.00746688 69.8414 -0.528586 0.848844 -0.007785 48.7636 -0.0104537 0.00266114 0.999942 0.585979
0.84424 0.535833 0.0118959 70.3777 -0.535699 0.844312 -0.01277 48.414 -0.0168864 0.00440828 0.999848 0.587959
0.837021 0.547095 0.00916709 71.149 -0.54698 0.837053 -0.0124477 47.9062 -0.0144834 0.0054048 0.99988 0.585407
0.83053 0.556958 0.0042467 71.8184 -0.556902 0.83052 -0.00979719 47.4502 -0.0089836 0.00577186 0.999943 0.584443
0.826069 0.563501 0.00878792 72.3405 -0.563388 0.826098 -0.0124802 47.0887 -0.0142923 0.00535849 0.999883 0.584805
0.819071 0.573676 0.00433139 73.0598 -0.573635 0.819072 -0.00794235 46.5893 -0.00810406 0.00402071 0.999959 0.58317
0.813193 0.581993 0.000932133 73.6422 -0.581988 0.813191 -0.00321133 46.1836 -0.00262697 0.00206894 0.999994 0.579676
0.806795 0.590823 -0.00313151 74.2596 -0.590819 0.806801 0.00223963 45.7414 0.00384973 4.32264e-05 0.999993 0.58449
0.802401 0.596785 0.000589823 74.7613 -0.596785 0.802401 -0.000749967 45.367 -0.000920841 0.000249775 1 0.587933
0.796888 0.604126 0.00105882 75.4133 -0.604122 0.796887 -0.00277888 44.8657 -0.00252255 0.0015748 0.999996 0.595307
0.793273 0.608837 0.00595689 75.947 -0.608797 0.793293 -0.00726634 44.4568 -0.00914957 0.00213765 0.999956 0.594793
0.789854 0.613281 0.00399802 76.5813 -0.61324 0.789854 -0.00817217 43.9607 -0.00816969 0.00400308 0.999959 0.588844
0.787677 0.616087 0.00129691 77.1457 -0.616065 0.787663 -0.0070896 43.5148 -0.00538933 0.00478534 0.999974 0.577537
0.78623 0.617934 -0.000479957 77.6979 -0.61793 0.786221 -0.00445961 43.0822 -0.00237839 0.00380286 0.99999 0.562886
0.784812 0.619666 0.00914308 78.6505 -0.619595 0.784864 -0.00954902 42.3415 -0.0130933 0.00182918 0.999913 0.543364
0.7869 0.617074 0.00278975 79.2493 -0.617053 0.7869 -0.00585571 41.8597 -0.00580866 0.00288643 0.999979 0.538965
0.790353 0.612647 -0.00248478 79.7286 -0.612651 0.79035 -0.0021064 41.4788 0.000673378 0.0031871 0.999995 0.540208
0.794663 0.607043 -0.00302471 80.1687 -0.607048 0.794665 -0.000688258 41.1389 0.00198583 0.00238308 0.999995 0.546836
0.798257 0.602303 0.00417736 80.5338 -0.602283 0.798266 -0.00518682 40.8709 -0.00645868 0.00162446 0.999978 0.561899
0.809051 0.587738 0.00118935 81.1344 -0.587736 0.809051 -0.00140254 40.4383 -0.00178657 0.000435696 0.999998 0.58062
0.813745 0.581164 0.00819494 81.4341 -0.581128 0.813786 -0.00649941 40.2341 -0.0104462 0.000526556 0.999945 0.598597
0.836752 0.547477 0.0106919 82.3181 -0.54749 0.83681 -0.00193435 39.6667 -0.0100061 -0.00423516 0.999941 0.607686
0.855425 0.517899 0.00530407 82.8461 -0.517924 0.855407 0.00576522 39.3694 -0.00155133 -0.00767883 0.999969 0.614388
0.874083 0.485772 0.00235298 83.3299 -0.485768 0.874024 0.0105901 39.1259 0.0030878 -0.0103996 0.999941 0.63102
0.886658 0.462278 0.0117019 83.7173 -0.462381 0.886641 0.00844718 38.9553 -0.00647047 -0.0129005 0.999896 0.646037
0.900174 0.434763 0.0258477 84.1517 -0.435045 0.900387 0.00622976 38.7912 -0.0205645 -0.0168528 0.999646 0.659068
0.923872 0.381412 0.0313862 84.7738 -0.381851 0.924178 0.00922944 38.5828 -0.0254862 -0.0205117 0.999465 0.66769
0.935574 0.350765 0.0408234 85.1352 -0.35148 0.936122 0.0116903 38.4987 -0.0341152 -0.0252858 0.999098 0.664155
0.956505 0.288508 0.0431549 85.742 -0.289523 0.956975 0.0193505 38.3878 -0.0357153 -0.0310032 0.998881 0.667479
0.969549 0.240817 0.0445218 86.1787 -0.242004 0.969992 0.0234506 38.3414 -0.0375385 -0.033511 0.998733 0.671128
0.983276 0.177745 0.0396761 86.6923 -0.178765 0.983604 0.0238092 38.3111 -0.0347936 -0.0305037 0.998929 0.675566
0.991384 0.125534 0.0373908 87.1042 -0.126461 0.991692 0.0235435 38.3151 -0.0341247 -0.0280692 0.999023 0.683871
0.998796 0.0428675 0.0238369 87.6772 -0.0433627 0.998846 0.0206598 38.3565 -0.0229237 -0.0216685 0.999502 0.699619
0.999733 -0.0120204 0.0197502 88.0665 0.0116195 0.999727 0.0202913 38.4172 -0.0199888 -0.0200564 0.999599 0.714825
0.994923 -0.100264 0.008652 88.6421 0.100092 0.994807 0.0184783 38.5393 -0.0104598 -0.0175185 0.999792 0.732135
0.985786 -0.167977 0.00325854 89.087 0.167912 0.98569 0.014829 38.6638 -0.00570285 -0.0140711 0.999885 0.744115
0.970483 -0.241168 -0.00094842 89.5568 0.241168 0.97045 0.0080864 38.8206 -0.00102979 -0.00807645 0.999967 0.754384
0.951948 -0.306258 -0.000519522 89.9749 0.306258 0.951944 0.00281009 38.9884 -0.000366056 -0.00283418 0.999996 0.764685
0.929257 -0.369422 0.00300959 90.3875 0.369418 0.929262 0.00165531 39.1932 -0.0034082 -0.000426414 0.999994 0.774639
0.900396 -0.435019 0.00680736 90.8293 0.435014 0.900421 0.00216877 39.4549 -0.00707295 0.00100855 0.999974 0.784384
0.878649 -0.477254 0.0142834 91.1605 0.477223 0.878764 0.00570386 39.6647 -0.0152739 0.00180468 0.999882 0.788301
0.840765 -0.541098 0.0180782 91.6344 0.541109 0.840939 0.00466585 40.004 -0.0177274 0.0058594 0.999826 0.80152
0.806532 -0.590998 0.0150486 92.0106 0.591068 0.806622 -0.00018425 40.3077 -0.0120296 0.00904333 0.999887 0.807341
0.783282 -0.621505 0.0141745 92.283 0.621573 0.783356 -0.000530926 40.5368 -0.0107737 0.00922635 0.999899 0.808871
0.729765 -0.68363 0.00968321 92.9932 0.683698 0.729696 -0.010025 41.1757 -0.000212441 0.0139363 0.999903 0.805808
0.706697 -0.707428 0.0111974 93.3637 0.707457 0.706345 -0.0241105 41.5057 0.00914722 0.0249605 0.999647 0.805962
0.693626 -0.72014 0.0167715 93.6822 0.72024 0.692967 -0.0324081 41.7885 0.0117162 0.0345586 0.999334 0.814656
0.680305 -0.732714 0.0177626 94.0836 0.732653 0.679183 -0.0439342 42.1548 0.0201272 0.0429025 0.998877 0.833211
0.675157 -0.737434 0.0188459 94.3713 0.737483 0.674178 -0.040046 42.4342 0.0168257 0.0409358 0.99902 0.847314
0.669576 -0.742642 0.0123038 94.7472 0.742499 0.668838 -0.0367593 42.837 0.0190697 0.0337487 0.999248 0.863529
0.668214 -0.743938 0.00679691 95.0463 0.743755 0.667776 -0.0300522 43.1704 0.0178182 0.0251366 0.999525 0.884929
0.667863 -0.744283 -0.0013856 95.4622 0.743879 0.66756 -0.0317336 43.6154 0.0245438 0.020163 0.999495 0.923556
0.670215 -0.74216 -0.00322052 95.8002 0.741698 0.669939 -0.0326387 43.9658 0.0263807 0.0194863 0.999462 0.961521
0.674098 -0.738633 -0.0036757 96.1572 0.738147 0.67382 -0.0332438 44.3392 0.0270317 0.0196963 0.99944 0.988644
0.678646 -0.734449 -0.00500298 96.5591 0.73391 0.678382 -0.0342717 44.754 0.0285647 0.0195866 0.9994 1.01174
0.682966 -0.730429 -0.00549159 96.942 0.730087 0.682844 -0.0264039 45.1528 0.0230361 0.0140236 0.999636 1.03378
0.687019 -0.726639 0.000705445 97.3079 0.726603 0.686975 -0.0106771 45.5306 0.00727376 0.00784794 0.999943 1.04682
0.692331 -0.721545 0.00716384 97.7989 0.721558 0.692354 0.00104669 46.018 -0.00571514 0.00444447 0.999974 1.07809
0.696013 -0.717822 0.0172514 98.219 0.717701 0.69622 0.0135183 46.4345 -0.0217145 0.00297248 0.99976 1.09752
0.700643 -0.71322 0.0204116 98.7632 0.712912 0.700941 0.0209435 46.9761 -0.0292447 -0.000122273 0.999572 1.11084
0.70438 -0.709498 0.0214929 99.1952 0.7091 0.704706 0.0238202 47.3975 -0.0320465 -0.00153784 0.999485 1.10578
0.706444 -0.707201 0.0283705 99.6007 0.706569 0.707012 0.0299064 47.7927 -0.0412081 -0.00108147 0.99915 1.08633
0.707972 -0.70582 0.0243859 100.183 0.705354 0.708391 0.0256376 48.3525 -0.0353702 -0.000950003 0.999374 1.07258
0.708741 -0.70505 0.0243004 100.586 0.704481 0.709151 0.0284936 48.7512 -0.037322 -0.00307541 0.999299 1.06045
0.70831 -0.705795 0.0122288 101.19 0.705384 0.708348 0.0259867 49.3523 -0.0270035 -0.00978065 0.999587 1.04981
0.707845 -0.706222 0.0143732 101.589 0.705582 0.707871 0.0327529 49.7565 -0.0333052 -0.0130425 0.99936 1.04539
0.707048 -0.70693 0.0182503 102.115 0.705982 0.707122 0.0395996 50.2865 -0.0408993 -0.0151145 0.999049 1.04504
0.705375 -0.708648 0.016271 102.743 0.707615 0.705322 0.042448 50.9163 -0.041557 -0.0184282 0.998966 1.05753
0.704184 -0.709951 0.00969209 103.23 0.709047 0.70387 0.0426645 51.4138 -0.0371117 -0.0231715 0.999042 1.06027
0.7039 -0.710264 0.0070568 103.66 0.70924 0.703358 0.0476154 51.8657 -0.038783 -0.0285115 0.998841 1.05989
0.701216 -0.712908 -0.00762443 104.285 0.71255 0.700426 0.0409413 52.5257 -0.0238471 -0.0341415 0.999132 1.05941
0.698771 -0.715214 -0.0137237 104.791 0.715139 0.69798 0.0374073 53.062 -0.0171753 -0.0359536 0.999206 1.05936
0.697744 -0.716289 -0.00914833 105.257 0.715963 0.696895 0.0416483 53.5521 -0.0234568 -0.0356098 0.99909 1.06392
0.694672 -0.719265 -0.00943725 105.926 0.719034 0.693955 0.0376401 54.2522 -0.0205241 -0.0329332 0.999247 1.07452
0.694149 -0.719828 -0.00215559 106.392 0.719242 0.693456 0.0425406 54.7387 -0.0291271 -0.0310799 0.999092 1.08404
0.69197 -0.721894 -0.00687318 107.117 0.721654 0.691416 0.0340474 55.5043 -0.0198263 -0.0285198 0.999397 1.09508
0.692437 -0.721474 0.00253369 107.531 0.72089 0.69201 0.0379341 55.9307 -0.0291218 -0.0244404 0.999277 1.1023
0.691803 -0.722086 -0.000193765 108.243 0.721718 0.691441 0.0321373 56.6823 -0.0230719 -0.0223725 0.999483 1.10195
0.692356 -0.721553 0.00206352 108.686 0.720981 0.691915 0.0379352 57.1578 -0.0288 -0.0247769 0.999278 1.09815
0.692811 -0.72109 -0.00650498 109.321 0.720761 0.692154 0.0377715 57.8485 -0.0227342 -0.0308571 0.999265 1.09462
0.693621 -0.720272 -0.00990409 109.854 0.719959 0.69274 0.0420825 58.4282 -0.0234499 -0.0363198 0.999065 1.09433
0.694675 -0.718883 -0.0251854 110.535 0.719247 0.693664 0.0388975 59.1688 -0.0104925 -0.0451357 0.998926 1.09424
0.696666 -0.717002 -0.0237661 111.006 0.71723 0.695411 0.0445552 59.6698 -0.015419 -0.0480859 0.998724 1.09146
0.698592 -0.714737 -0.0334777 111.706 0.715516 0.697648 0.0363919 60.4141 -0.00265499 -0.0493769 0.998777 1.09099
0.700146 -0.713375 -0.0298582 112.17 0.71397 0.699125 0.0383617 60.8996 -0.00649162 -0.0481767 0.998818 1.09697
0.701664 -0.711873 -0.0300701 112.913 0.712504 0.701176 0.0262804 61.665 0.00237612 -0.039865 0.999202 1.11381
0.701971 -0.711713 -0.0264933 113.483 0.71219 0.701718 0.019441 62.2403 0.00475444 -0.0325153 0.99946 1.12754
0.702646 -0.71137 -0.0155231 113.981 0.71151 0.70225 0.0244666 62.743 -0.00650374 -0.0282362 0.99958 1.13635
0.703771 -0.710166 -0.0192551 114.724 0.710424 0.703432 0.0219216 63.5042 -0.00202335 -0.0291071 0.999574 1.14849
0.704598 -0.709348 -0.0191649 115.295 0.709586 0.704113 0.026683 64.0915 -0.00543326 -0.0323999 0.99946 1.15258
0.705406 -0.708587 -0.0175054 115.872 0.708695 0.704651 0.0349117 64.6876 -0.0124028 -0.0370329 0.999237 1.15213
0.706042 -0.707861 -0.0209039 116.492 0.708116 0.705316 0.0331804 65.3254 -0.00874327 -0.0382291 0.999231 1.14538
0.706136 -0.707894 -0.0160532 116.972 0.707994 0.705527 0.0312516 65.8017 -0.0107968 -0.0334334 0.999383 1.13242
0.705275 -0.708616 -0.0212261 118.299 0.708884 0.705266 0.00919624 67.1283 0.00845344 -0.0215327 0.999732 1.14332
0.704532 -0.709652 -0.00527753 118.79 0.709546 0.704248 0.0240742 67.6217 -0.0133677 -0.0207057 0.999696 1.15523
0.703182 -0.710948 0.0093378 119.545 0.710218 0.702959 0.0379387 68.386 -0.0335365 -0.0200459 0.999236 1.16734
0.702209 -0.711811 0.0150544 120.003 0.71069 0.702057 0.0451047 68.8482 -0.0426751 -0.020974 0.998869 1.15632
0.701499 -0.712654 -0.00470332 120.674 0.71238 0.70101 0.0331675 69.5458 -0.0203399 -0.0266175 0.999439 1.12533
0.700268 -0.71368 -0.0169173 121.216 0.713864 0.699894 0.0233881 70.1063 -0.0048513 -0.0284546 0.999583 1.11129
0.6988 -0.714965 -0.0224398 121.806 0.715299 0.698662 0.0147957 70.7159 0.00509945 -0.0263904 0.999639 1.11566
0.697131 -0.71674 -0.0170958 122.325 0.716937 0.696817 0.0211456 71.2572 -0.00324325 -0.0269979 0.99963 1.12418
0.694499 -0.719253 -0.0186156 122.923 0.719488 0.694164 0.0217355 71.8937 -0.00271107 -0.028489 0.99959 1.13086
0.691191 -0.722445 -0.0181191 123.473 0.722661 0.690823 0.0229113 72.4794 -0.00403513 -0.02893 0.999573 1.14105
0.68783 -0.725356 -0.0273684 124.084 0.725859 0.687554 0.0199674 73.1445 0.00433378 -0.0335997 0.999426 1.1494
0.685391 -0.727042 -0.040598 124.663 0.728021 0.685328 0.0176487 73.7974 0.0149916 -0.0416524 0.99902 1.15832
0.684834 -0.72798 -0.0323593 125.009 0.728699 0.68419 0.029701 74.1845 0.000518153 -0.0439204 0.999035 1.16311
0.683357 -0.729554 -0.0278283 125.659 0.730053 0.682481 0.0352367 74.9008 -0.00671476 -0.0443954 0.998991 1.16847
0.68261 -0.730561 -0.0179893 126.149 0.730555 0.681577 0.0417235 75.4261 -0.0182205 -0.0416231 0.998967 1.16851
0.680578 -0.732456 -0.017921 126.802 0.732534 0.679762 0.0362997 76.139 -0.0144059 -0.0378325 0.99918 1.1759
0.676908 -0.735732 -0.0222481 127.397 0.736066 0.676521 0.0229559 76.7886 -0.00183812 -0.0319151 0.999489 1.18665
0.674132 -0.738448 -0.0155001 127.772 0.738554 0.673674 0.0264663 77.206 -0.00910202 -0.0292894 0.99953 1.19029
0.668035 -0.743991 -0.0143662 128.403 0.744058 0.667578 0.0267791 77.9289 -0.0103329 -0.0285787 0.999538 1.19172
0.664184 -0.747545 -0.00603248 128.856 0.747217 0.663601 0.0360508 78.4525 -0.0229464 -0.0284519 0.999332 1.18222
0.659536 -0.751661 0.00414706 129.464 0.750917 0.65911 0.0412026 79.1458 -0.0337037 -0.0240605 0.999142 1.18396
0.656499 -0.754264 0.0097126 129.951 0.753078 0.656098 0.0490819 79.7058 -0.0433931 -0.0249079 0.998748 1.1778
0.652518 -0.75777 0.00231874 130.538 0.756889 0.651901 0.0463088 80.4026 -0.036603 -0.0284623 0.998924 1.16048
0.647713 -0.761863 -0.00575851 131.027 0.761459 0.647079 0.0383346 80.9888 -0.0254795 -0.0292147 0.999248 1.13884
0.64165 -0.766889 -0.0129485 131.553 0.766908 0.641224 0.0261512 81.6328 -0.0117522 -0.0267103 0.999574 1.12666
0.636571 -0.771101 -0.0134379 132.045 0.771158 0.636209 0.0235125 82.2487 -0.0095812 -0.0253302 0.999633 1.12248
0.630115 -0.776296 -0.0178546 132.568 0.776434 0.62959 0.027699 82.9275 -0.0102615 -0.0313165 0.999457 1.11275
0.621274 -0.782906 -0.0328082 133.136 0.783584 0.620928 0.0211069 83.6805 0.00384681 -0.0388211 0.999239 1.0967
0.615455 -0.787379 -0.0353614 133.515 0.788155 0.615121 0.0209344 84.1829 0.00526824 -0.0407545 0.999155 1.08966
0.601388 -0.798244 -0.0337354 134.505 0.798944 0.601081 0.0197339 85.5166 0.00452527 -0.0388204 0.999236 1.09271
0.597463 -0.801493 -0.0254554 134.909 0.801796 0.596583 0.0348227 86.0859 -0.0127239 -0.0412153 0.999069 1.09754
0.587825 -0.80847 -0.0289383 135.53 0.808895 0.586838 0.0362059 86.9741 -0.0122893 -0.0446907 0.998925 1.10307
0.584255 -0.811289 -0.0213457 135.866 0.811172 0.582943 0.04666 87.4497 -0.0254114 -0.0445763 0.998683 1.10035
0.57629 -0.816954 -0.021827 136.463 0.816939 0.575138 0.0427328 88.3051 -0.0223572 -0.0424578 0.998848 1.0887
0.571917 -0.820031 -0.0214566 136.909 0.820072 0.570922 0.0391326 88.9466 -0.0198399 -0.0399766 0.999004 1.07333
0.569635 -0.821723 -0.0169668 137.289 0.821439 0.568507 0.0451383 89.495 -0.0274454 -0.0396496 0.998837 1.06999
0.565139 -0.824588 -0.0259261 137.836 0.824801 0.564045 0.0394502 90.3078 -0.0179067 -0.0436787 0.998885 1.05995
0.563161 -0.825946 -0.0257376 138.229 0.82612 0.562003 0.0409646 90.8889 -0.01937 -0.044332 0.998829 1.05832
0.559663 -0.828236 -0.0283235 138.78 0.828594 0.558652 0.0366055 91.7081 -0.014495 -0.0439555 0.998928 1.06058
0.558316 -0.829306 -0.0231257 139.161 0.829201 0.556915 0.047661 92.282 -0.0266465 -0.0457858 0.998596 1.0634
0.555364 -0.831309 -0.022272 139.718 0.831029 0.55378 0.0521432 93.1263 -0.0310133 -0.0474671 0.998391 1.06513
0.551133 -0.834032 -0.0253638 140.176 0.834103 0.549837 0.0441711 93.8171 -0.0228941 -0.0455002 0.998702 1.05575
0.548281 -0.836051 -0.0201955 140.508 0.835941 0.547187 0.0422953 94.3153 -0.0243103 -0.0400719 0.998901 1.03946
0.541374 -0.8405 -0.0217974 141.045 0.840741 0.54091 0.0238792 95.1348 -0.00828002 -0.0312535 0.999477 1.02357
0.536898 -0.843414 -0.0198402 141.403 0.843521 0.536262 0.0299329 95.702 -0.0146063 -0.0328066 0.999355 1.01962
0.529108 -0.848227 -0.023564 141.932 0.848456 0.528421 0.0298821 96.5671 -0.0128951 -0.0358039 0.999276 1.01336
0.522883 -0.852183 -0.0194322 142.346 0.85223 0.522178 0.0321572 97.249 -0.0172568 -0.0333752 0.999294 1.01407
0.512002 -0.858955 -0.0070501 143.207 0.858752 0.511656 0.0274637 98.6746 -0.0199829 -0.0201158 0.999598 0.994007
0.50821 -0.861233 -0.000584086 143.55 0.860801 0.507933 0.0320323 99.2593 -0.0272906 -0.0167819 0.999487 0.985852
0.500499 -0.865732 -0.00296994 144.067 0.865701 0.500444 0.0107847 100.134 -0.00785034 -0.00796881 0.999937 0.972707
0.494697 -0.86906 0.00317941 144.469 0.86906 0.494677 -0.00545316 100.796 0.00316634 0.00546076 0.99998 0.970286
0.490599 -0.871316 0.0109934 144.815 0.871358 0.490645 0.00179094 101.387 -0.00695434 0.00870055 0.999938 0.97285
0.484464 -0.874771 0.00835329 145.321 0.874661 0.484535 0.0138868 102.303 -0.0161953 0.000578623 0.999869 0.975459
0.477595 -0.878484 0.0129596 146.05 0.877491 0.477686 0.0427205 103.668 -0.0437199 -0.00903118 0.999003 0.971272
0.474747 -0.880106 0.00535262 146.53 0.879668 0.474689 0.0292365 104.579 -0.028272 -0.00917141 0.999558 0.937977
0.472977 -0.881059 -0.00531395 146.87 0.880844 0.472705 0.0257672 105.239 -0.0201905 -0.016868 0.999654 0.914863
0.470825 -0.882057 -0.0173212 147.296 0.882214 0.470621 0.0146335 106.072 -0.00475584 -0.0221708 0.999743 0.915729
0.469288 -0.882944 -0.0133444 147.64 0.883024 0.469119 0.0139789 106.722 -0.0060825 -0.0183435 0.999813 0.93329
0.468671 -0.883359 -0.00507066 148.005 0.883174 0.468435 0.0239081 107.404 -0.0187441 -0.0156833 0.999701 0.947679
0.468806 -0.883248 -0.0097107 148.54 0.883234 0.468607 0.0174486 108.425 -0.010861 -0.0167568 0.999801 0.951926
0.468737 -0.883331 -0.00346147 148.783 0.882988 0.468438 0.0299736 108.896 -0.0248551 -0.0171062 0.999545 0.940977
0.467174 -0.88415 -0.00522795 149.249 0.883982 0.466949 0.0231257 109.787 -0.0180054 -0.0154251 0.999719 0.918278
0.465354 -0.885113 -0.00455393 149.66 0.885124 0.465342 0.00347094 110.547 -0.000953046 -0.00564601 0.999984 0.911482
0.463639 -0.886022 0.00198657 150.046 0.885986 0.463597 -0.0103441 111.248 0.00824414 0.00655601 0.999945 0.925233
0.462929 -0.88634 0.0098689 150.385 0.886395 0.462899 -0.00532904 111.868 0.000155037 0.0112147 0.999937 0.945725
0.462153 -0.886742 0.0101827 150.872 0.886784 0.462183 0.000637042 112.782 -0.00527117 0.00873546 0.999948 0.961201
0.46104 -0.887248 0.0152609 151.197 0.887098 0.461259 0.0172327 113.408 -0.0223289 0.00559294 0.999735 0.97273
0.460032 -0.88782 0.012146 151.678 0.887678 0.46018 0.0162076 114.357 -0.0199787 0.00332573 0.999795 0.979702
0.459469 -0.888097 0.0131218 151.98 0.887823 0.459654 0.0220933 114.963 -0.0256525 0.00149863 0.99967 0.966464
0.45984 -0.887994 0.00367224 152.427 0.887829 0.459828 0.0178587 115.862 -0.017547 -0.00495183 0.999834 0.964949
0.459597 -0.888125 0.00208988 152.743 0.887826 0.459501 0.0249808 116.5 -0.0231464 -0.00962568 0.999686 0.96745
0.459827 -0.887963 -0.00894795 153.238 0.887971 0.459692 0.0138315 117.477 -0.00816858 -0.0143056 0.999864 0.976182
0.459376 -0.888215 -0.00688011 153.474 0.88809 0.459141 0.0220135 117.945 -0.0163938 -0.0162227 0.999734 0.977668
0.458816 -0.888397 -0.0154776 154.274 0.888473 0.458518 0.0194108 119.555 -0.0101477 -0.0226574 0.999692 0.980608
0.458009 -0.888825 -0.0147618 154.572 0.888831 0.457617 0.023798 120.174 -0.014397 -0.0240205 0.999608 0.981944
0.457109 -0.889179 -0.0202843 155.002 0.8894 0.456872 0.0153734 121.044 -0.00440241 -0.0250682 0.999676 0.986576
0.455819 -0.889919 -0.0165238 155.313 0.88998 0.455426 0.0228761 121.659 -0.0128325 -0.0251332 0.999602 0.972996
0.455109 -0.890315 -0.0146871 155.69 0.890287 0.454669 0.0257911 122.398 -0.0162844 -0.0248135 0.999559 0.977545
0.454871 -0.890441 -0.0143964 156.055 0.89042 0.454458 0.0248784 123.113 -0.0156102 -0.0241353 0.999587 0.994748
0.455026 -0.890348 -0.0152342 156.412 0.890378 0.454652 0.0227665 123.82 -0.0133439 -0.0239236 0.999625 1.01577
0.455593 -0.890018 -0.0173961 156.761 0.890148 0.455301 0.0183655 124.511 -0.00842522 -0.0238523 0.99968 1.02452
0.456544 -0.889439 -0.0215929 157.097 0.8897 0.45638 0.0122767 125.186 -0.00106481 -0.0248161 0.999691 1.0422
0.457714 -0.888646 -0.0283943 157.414 0.889028 0.457849 0.00194346 125.825 0.0112732 -0.0261328 0.999595 1.04812
0.459172 -0.887631 -0.0356721 157.716 0.887975 0.459772 -0.0104747 126.434 0.0256987 -0.0268663 0.999309 1.05759
0.46108 -0.886365 -0.0419661 158.01 0.886486 0.462208 -0.0224846 127.022 0.0393267 -0.0268352 0.998866 1.0728
0.463541 -0.884864 -0.0463223 158.301 0.884724 0.465087 -0.0309315 127.602 0.0489141 -0.0266444 0.998448 1.07979
0.466649 -0.883153 -0.0477553 158.595 0.882781 0.468401 -0.0360391 128.175 0.0541967 -0.0253398 0.998209 1.08024
0.470339 -0.881273 -0.0462493 158.899 0.880829 0.47202 -0.0365618 128.75 0.0540515 -0.0235413 0.998261 1.08119
0.474532 -0.879101 -0.0447288 159.2 0.878663 0.47611 -0.0356606 129.319 0.052645 -0.0223794 0.998363 1.07809
0.479365 -0.87651 -0.0440382 159.495 0.876067 0.480896 -0.0352829 129.877 0.0521036 -0.021667 0.998407 1.07599
0.484747 -0.873595 -0.0430319 159.79 0.87315 0.486212 -0.034739 130.43 0.0512704 -0.0207337 0.99847 1.07181
0.494541 -0.868542 -0.032611 160.395 0.868339 0.495354 -0.0247345 131.499 0.0376369 -0.0160852 0.999162 1.08889
0.501932 -0.86465 -0.0210749 160.803 0.864398 0.502324 -0.02207 132.166 0.0296692 -0.00713951 0.999534 1.09737
0.505683 -0.862709 -0.0042933 161.088 0.862669 0.505701 -0.00824812 132.605 0.00928685 0.000467235 0.999957 1.09711
0.511746 -0.859068 0.0108936 161.503 0.859137 0.511715 -0.00567242 133.24 -0.000701404 0.0122619 0.999925 1.09071
0.514838 -0.85707 0.0193406 161.804 0.857193 0.514985 0.00324759 133.699 -0.0127435 0.0149066 0.999808 1.07549
0.517081 -0.85572 0.0192499 162.192 0.85577 0.517293 0.00808492 134.301 -0.0168763 0.012293 0.999782 1.04772
0.517304 -0.855527 0.0216851 162.511 0.855366 0.517683 0.0187863 134.809 -0.0272982 0.00883045 0.999588 1.03221
0.517083 -0.855795 0.0155166 162.972 0.855632 0.517297 0.0172381 135.547 -0.022779 0.00436298 0.999731 1.01018
0.517021 -0.855729 0.0204012 163.194 0.855176 0.517421 0.0308126 135.916 -0.0369232 0.0015159 0.999317 1.01273
0.517055 -0.855833 0.0143083 163.604 0.855081 0.517211 0.0364605 136.591 -0.0386045 -0.0066173 0.999233 0.982753
0.517127 -0.855867 0.00844011 163.903 0.854969 0.516996 0.0417497 137.094 -0.0400957 -0.0143738 0.999092 0.958212
0.515633 -0.8568 -0.0038859 164.304 0.85648 0.515305 0.0300382 137.763 -0.0237343 -0.0188169 0.999541 0.928849
0.513867 -0.857861 -0.00394756 164.588 0.85763 0.513609 0.026019 138.235 -0.0202932 -0.0167559 0.999654 0.939124
0.509164 -0.860641 -0.00708229 164.995 0.860592 0.50899 0.017613 138.92 -0.0115536 -0.0150629 0.99982 0.952796
0.505534 -0.862712 -0.0127852 165.299 0.862651 0.505107 0.0264579 139.481 -0.0163676 -0.0244045 0.999568 0.976257
0.50249 -0.864557 -0.00670165 165.623 0.864044 0.501888 0.0391841 140.065 -0.0305135 -0.0254802 0.99921 1.00205
0.497588 -0.867411 0.00188752 166.029 0.866646 0.497238 0.040968 140.774 -0.0364747 -0.0187494 0.999159 1.01472
0.497175 -0.867574 0.0115184 166.263 0.866226 0.497076 0.0506782 141.178 -0.0496926 -0.0152184 0.998649 1.01062
0.49421 -0.86933 0.00467146 166.708 0.868495 0.493959 0.0414894 141.968 -0.0383755 -0.0164474 0.999128 0.979978
0.493486 -0.86972 0.00762967 166.961 0.868696 0.4933 0.0449769 142.414 -0.042881 -0.0155676 0.998959 0.970302
0.490166 -0.871598 0.00732103 167.397 0.871184 0.490167 0.027844 143.18 -0.0278573 -0.00727023 0.999585 0.944871
0.489541 -0.871854 0.0148307 167.709 0.871524 0.489764 0.0240157 143.722 -0.0282018 0.00116862 0.999602 0.948516
0.488397 -0.872289 0.0240854 168.081 0.872158 0.488852 0.0191076 144.37 -0.0284416 0.0116741 0.999527 0.959112
0.487436 -0.872611 0.0309343 168.426 0.872656 0.488051 0.0166313 144.964 -0.0296101 0.0188883 0.999383 0.970729
0.48731 -0.872466 0.0365074 168.736 0.872536 0.488163 0.0194363 145.507 -0.0347791 0.0223825 0.999144 0.971177
0.48687 -0.872727 0.0361205 169.145 0.87321 0.487324 0.00445502 146.217 -0.0214904 0.0293717 0.999338 0.957547
0.486752 -0.872542 0.0417441 169.442 0.873312 0.487162 -0.000401435 146.72 -0.0199859 0.036651 0.999128 0.954686
0.486488 -0.872802 0.0393203 169.891 0.873685 0.486093 -0.0196881 147.501 -0.00192957 0.0439316 0.999033 0.958834
0.486496 -0.872779 0.0397387 170.173 0.873682 0.486024 -0.0214449 147.999 -0.000597326 0.0451518 0.99898 0.973343
0.486367 -0.872773 0.0414147 170.523 0.873755 0.485832 -0.0228112 148.605 -0.000211563 0.0472809 0.998882 0.975314
0.485837 -0.872734 0.0479332 170.779 0.873959 0.485843 -0.0123114 149.05 -0.0125435 0.047873 0.998775 0.966908
0.487084 -0.872269 0.0435429 171.22 0.873355 0.486455 -0.0247416 149.822 0.000399637 0.0500796 0.998745 0.945297
0.486926 -0.872348 0.0437277 171.444 0.87344 0.486444 -0.0217742 150.235 -0.00227644 0.048796 0.998806 0.928629
