0.35254 -0.935777 0.00599026 0 0.935644 0.352591 0.0158112 0 -0.0169078 3.06723e-05 0.999857 0
0.352509 -0.93579 0.00596812 0.00113162 0.935656 0.352559 0.0158236 0.000996638 -0.0169117 6.14506e-06 0.999857 -0.0041
0.352482 -0.935799 0.00596518 0.00174888 0.935666 0.352533 0.0158014 -0.000332213 -0.0168899 1.17077e-05 0.999857 -0.0049
0.352562 -0.935769 0.00597412 0.001646 0.935635 0.352613 0.0158353 -0.0017718 -0.0169248 6.6649e-06 0.999857 -0.0094
0.35254 -0.935778 0.00597379 0.00349775 0.935644 0.352591 0.015816 -0.00199328 -0.0169066 1.35542e-05 0.999857 -0.0089
0.352488 -0.935798 0.00589109 0.004115 0.935665 0.352537 0.0157866 -0.000553688 -0.0168499 -5.25164e-05 0.999858 -0.0098
0.35251 -0.93579 0.00583912 0.00349775 0.935657 0.352558 0.0157777 -0.000332212 -0.0168232 -9.83702e-05 0.999858 -0.0104
0.352487 -0.935799 0.00583087 0.00298338 0.935665 0.352535 0.0157937 -0.00254696 -0.0168353 -0.000111319 0.999858 -0.0003
0.352453 -0.935811 0.00582023 0.001646 0.935678 0.352501 0.0157889 -0.00298991 -0.0168271 -0.000118998 0.999858 -0.000199999
0.352434 -0.935819 0.00579602 0.0061725 0.935685 0.352482 0.0158095 -0.00298991 -0.0168378 -0.000148558 0.999858 0.0011
0.352409 -0.935828 0.00578483 0.00812712 0.935695 0.352457 0.0157903 0.00188254 -0.0168159 -0.000151805 0.999859 -0.0063
0.352425 -0.935822 0.0057702 0.00843575 0.935689 0.352473 0.0158012 0.00132885 -0.016821 -0.000169644 0.999858 -0.0088
0.352408 -0.935829 0.00576248 0.00668687 0.935695 0.352455 0.0158307 -0.00243623 -0.0168458 -0.000186927 0.999858 -0.0112
0.352388 -0.935836 0.00576083 0.0108019 0.935702 0.352435 0.0158379 -0.00188254 -0.016852 -0.000190668 0.999858 -0.0079
0.35235 -0.935851 0.00572525 0.00895012 0.935716 0.352397 0.0158611 0.000110737 -0.0168612 -0.000231437 0.999858 -0.0134
0.352345 -0.935853 0.00573628 0.00565812 0.935718 0.352392 0.0158804 -0.00155033 -0.0168831 -0.000227841 0.999857 -0.0041
0.352238 -0.935893 0.00571981 0.00473225 0.935758 0.352284 0.0158743 -0.000664425 -0.0168716 -0.000239156 0.999858 -0.0036
0.352312 -0.935865 0.00571088 0.005761 0.93573 0.352358 0.0158835 -0.00210401 -0.0168771 -0.000252098 0.999858 -0.0033
0.35234 -0.935855 0.00572522 0.00545238 0.935719 0.352386 0.0159085 -0.00476171 -0.0169055 -0.000247995 0.999857 -0.0041
0.352359 -0.935847 0.00574937 0.005761 0.935711 0.352406 0.0159415 -0.00365434 -0.016945 -0.000237397 0.999856 -0.0068
0.352357 -0.935848 0.00574098 0.0101846 0.935713 0.352403 0.0159127 0.0008859 -0.016915 -0.000235032 0.999857 -0.0084
0.352341 -0.935854 0.00578398 0.00606963 0.935719 0.352388 0.0158816 -0.000775162 -0.016901 -0.00018354 0.999857 -0.0105
0.35234 -0.935854 0.00586777 0.00678975 0.935718 0.352388 0.0159178 -0.0017718 -0.0169644 -0.000117879 0.999856 -0.0083
0.352423 -0.935822 0.0058953 0.00596675 0.935687 0.352473 0.0159 -0.00254696 -0.0169575 -8.73666e-05 0.999856 -0.0128
0.352396 -0.935832 0.00592405 0.00360062 0.935697 0.352446 0.0158797 -0.00232549 -0.0169487 -5.28325e-05 0.999856 -0.0086
0.35238 -0.935838 0.00594243 0.00565812 0.935704 0.35243 0.01587 -0.000664425 -0.0169461 -3.19344e-05 0.999856 -0.0062
0.352362 -0.935844 0.00599222 0.00432075 0.93571 0.352413 0.0158447 -0.00454024 -0.0169399 2.39013e-05 0.999857 -0.0052
0.35239 -0.935834 0.0059859 0.00267475 0.9357 0.35244 0.0158597 -0.00254696 -0.0169518 1.22022e-05 0.999856 -0.0056
0.35238 -0.935838 0.00599512 0.00853863 0.935703 0.352431 0.0158646 -0.00287918 -0.0169596 1.92793e-05 0.999856 -0.0078
0.352412 -0.935826 0.0060281 0.00596675 0.935691 0.352463 0.0158681 -0.0026577 -0.0169744 4.83368e-05 0.999856 -0.0144
0.352347 -0.935849 0.00609071 0.00596675 0.935715 0.3524 0.0158663 -0.00343286 -0.0169949 0.000108705 0.999856 -0.0115
0.352351 -0.935848 0.00612486 0.0053495 0.935713 0.352404 0.0158634 -0.00431876 -0.0170041 0.00014165 0.999855 -0.0065
0.352301 -0.935867 0.00612983 0.006584 0.935732 0.352355 0.0158619 -0.00387581 -0.0170045 0.000147727 0.999855 -0.007
0.352295 -0.935869 0.0061075 0.00678975 0.935735 0.352348 0.0158485 -0.00609056 -0.0169841 0.000131665 0.999856 -0.0075
0.352244 -0.935888 0.00612463 0.00884725 0.935755 0.352298 0.0158056 -0.00465098 -0.01695 0.00016371 0.999856 -0.011
0.352279 -0.935875 0.00615414 0.013168 0.935741 0.352333 0.0158021 -0.00476171 -0.0169571 0.000191943 0.999856 -0.0111
0.352251 -0.935885 0.00615539 0.0128594 0.935752 0.352305 0.015818 -0.0026577 -0.0169724 0.000188007 0.999856 -0.0097
0.352262 -0.935881 0.00614673 0.013991 0.935748 0.352315 0.0158123 -0.00841605 -0.016964 0.000181733 0.999856 -0.009
0.352253 -0.935885 0.00614577 0.0133738 0.935752 0.352307 0.0157721 -0.00221475 -0.0169261 0.000195142 0.999857 -0.0058
0.350311 -0.936619 0.00519504 0.0121393 0.93648 0.350349 0.0161481 -0.00232549 -0.0169447 -0.000791807 0.999856 -0.0032
0.350758 -0.936444 0.00644361 0.0259245 0.936315 0.350817 0.015554 0.0269092 -0.016826 0.00057755 0.999858 0.0067
0.350827 -0.936422 0.00581837 0.0348746 0.936266 0.350874 0.0171352 0.0709828 -0.0180873 -0.000563955 0.999836 0.015
0.350736 -0.936458 0.0056007 0.047734 0.936306 0.35078 0.0168398 0.112177 -0.0177343 -0.000662351 0.999843 0.0122
0.349726 -0.936829 0.00660976 0.066663 0.936661 0.349789 0.0177079 0.167546 -0.0189013 -1.80873e-06 0.999821 0.016
0.349932 -0.93675 0.00686439 0.0933076 0.936598 0.349999 0.0168865 0.233103 -0.0182209 0.000520061 0.999834 0.0125
0.349262 -0.936988 0.00839732 0.124787 0.93685 0.349356 0.0161925 0.305968 -0.0181058 0.00221161 0.999834 0.012
0.348362 -0.937337 0.00665546 0.160485 0.937201 0.348425 0.0159664 0.386695 -0.0172848 0.000675412 0.99985 0.0122
0.347833 -0.937537 0.00602554 0.194742 0.937427 0.347884 0.0144026 0.4775 -0.0155991 0.000638816 0.999878 0.00859998
0.346418 -0.938063 0.00569369 0.230543 0.937956 0.346465 0.014144 0.569855 -0.0152406 0.000440692 0.999884 0.00639997
0.345518 -0.938389 0.00651311 0.263257 0.93829 0.345577 0.0137284 0.669962 -0.0151334 0.00136778 0.999885 0.0167
0.345018 -0.938568 0.0072047 0.300704 0.938456 0.345089 0.0145962 0.763646 -0.0161858 0.00172536 0.999867 0.0306999
0.345137 -0.938523 0.00736851 0.334447 0.938399 0.345212 0.015375 0.869843 -0.0169735 0.00160811 0.999855 0.0295999
0.345102 -0.938532 0.00792696 0.377037 0.938374 0.345189 0.0172643 0.968511 -0.0189394 0.00148052 0.99982 0.0215999
0.344862 -0.938605 0.00956167 0.417158 0.93845 0.344982 0.0172791 1.06751 -0.0195169 0.00301424 0.999805 0.0014999
0.343916 -0.938948 0.00997055 0.45409 0.938785 0.344045 0.0177528 1.16496 -0.0200992 0.00325476 0.999793 0.00639988
0.343287 -0.939178 0.00995854 0.492154 0.939011 0.343416 0.0180072 1.25798 -0.0203319 0.00316954 0.999788 0.0222999
0.342862 -0.939344 0.00888887 0.515712 0.939177 0.34297 0.0178372 1.35044 -0.0198039 0.00223251 0.999801 0.0114998
0.341769 -0.939739 0.00918821 0.560772 0.939571 0.341884 0.0179223 1.45432 -0.0199836 0.00250767 0.999797 0.0146998
0.34126 -0.939926 0.00899361 0.594 0.939759 0.34137 0.0178552 1.55797 -0.0198527 0.00235857 0.9998 0.0311998
0.341129 -0.939978 0.00846206 0.638236 0.939816 0.341229 0.0175548 1.66372 -0.0193886 0.00196433 0.99981 0.0259997
0.3413 -0.939918 0.00825367 0.670745 0.939742 0.341397 0.0182678 1.7594 -0.019988 0.00152151 0.999799 0.0176997
0.340808 -0.940096 0.00832562 0.715804 0.939919 0.340906 0.0183096 1.86382 -0.0200511 0.00158534 0.999798 0.0205997
0.340841 -0.940084 0.00829047 0.757263 0.939861 0.340941 0.0205111 1.96681 -0.0221087 0.000800861 0.999755 0.0355996
0.341099 -0.93999 0.00840449 0.804791 0.939778 0.341201 0.0200079 2.06991 -0.0216748 0.00107369 0.999765 0.0284996
0.340432 -0.940227 0.00885401 0.835962 0.940007 0.340544 0.020393 2.17035 -0.0221892 0.00138042 0.999753 0.0403996
0.339764 -0.940473 0.0083478 0.880095 0.940253 0.339866 0.0203895 2.27865 -0.0220129 0.000921416 0.999757 0.0407995
0.338406 -0.940972 0.00733151 0.930196 0.940795 0.338485 0.018237 2.39038 -0.0196421 0.000725945 0.999807 0.0485995
0.338065 -0.941073 0.00968741 0.97937 0.940921 0.338188 0.017202 2.50112 -0.0194645 0.00329971 0.999805 0.0303994
0.337939 -0.941121 0.00942517 1.02463 0.940977 0.338055 0.0167407 2.62083 -0.0189413 0.00321153 0.999815 0.0420994
0.338736 -0.940823 0.0104882 1.0627 0.940692 0.338871 0.0162856 2.72425 -0.018876 0.00434962 0.999812 0.0334993
0.338257 -0.941011 0.00897504 1.10776 0.940843 0.338368 0.0179524 2.83765 -0.0199302 0.00237159 0.999799 0.0579993
0.337887 -0.941132 0.0101091 1.14911 0.940974 0.33802 0.0176195 2.94584 -0.0199994 0.00355899 0.999794 0.0711992
0.337369 -0.94131 0.0108375 1.19572 0.941139 0.33752 0.0183966 3.06079 -0.0209747 0.00399313 0.999772 0.0636991
0.337112 -0.941401 0.0109494 1.23481 0.941259 0.337258 0.0169674 3.17617 -0.0196659 0.00458633 0.999796 0.0454991
0.336427 -0.941655 0.0101887 1.28059 0.941518 0.336557 0.0165397 3.29655 -0.0190037 0.00402849 0.999811 0.058899
0.336309 -0.941695 0.0103833 1.32308 0.941585 0.336436 0.0150997 3.40274 -0.0177126 0.0046986 0.999832 0.0742989
0.335565 -0.941943 0.0117863 1.36083 0.941846 0.335717 0.0148707 3.51647 -0.0179642 0.00611082 0.99982 0.0718989
0.335707 -0.941916 0.00979849 1.39848 0.941812 0.335822 0.0146028 3.63717 -0.0170452 0.00432607 0.999845 0.0564988
0.337039 -0.941429 0.0108102 1.45445 0.941301 0.337179 0.0162057 3.74426 -0.0189015 0.00471369 0.99981 0.0448987
0.336912 -0.941472 0.0109575 1.49272 0.941344 0.337056 0.0162857 3.86795 -0.0190258 0.00482794 0.999807 0.0709986
0.336537 -0.941586 0.0125783 1.53716 0.941418 0.336726 0.0186498 3.98522 -0.0217958 0.00556514 0.999747 0.0829986
0.335628 -0.941921 0.0117867 1.58623 0.941787 0.33579 0.0168173 4.1046 -0.0197984 0.0054562 0.999789 0.0683985
0.335118 -0.942099 0.0120704 1.63695 0.941974 0.335284 0.0164194 4.22309 -0.0195157 0.00586752 0.999792 0.0798984
0.334533 -0.942313 0.0115221 1.68653 0.94219 0.334688 0.0162082 4.349 -0.0191295 0.00543382 0.999802 0.0933983
0.334529 -0.942297 0.0129033 1.73159 0.942201 0.334703 0.0151929 4.46449 -0.018635 0.00707503 0.999801 0.0927982
0.334589 -0.942274 0.0130406 1.78221 0.942165 0.334771 0.0159064 4.58564 -0.0193537 0.00696429 0.999788 0.0971981
0.335577 -0.941916 0.01351 1.82665 0.941824 0.335763 0.0152088 4.70712 -0.0188615 0.00762038 0.999793 0.072498
0.336162 -0.941701 0.0139646 1.87479 0.941622 0.336351 0.0146728 4.8296 -0.0185144 0.00821698 0.999795 0.0648979
0.335816 -0.941788 0.0162091 1.91625 0.941721 0.336053 0.0151766 4.96957 -0.0197402 0.0101679 0.999753 0.0601978
0.336401 -0.941582 0.0160666 1.9644 0.941569 0.336603 0.0120681 5.09149 -0.0167712 0.0110681 0.999798 0.0522977
0.336284 -0.941638 0.0151825 2.02242 0.941623 0.336467 0.0116578 5.21087 -0.0160859 0.0103758 0.999817 0.0396975
0.336172 -0.941664 0.0160745 2.07046 0.941723 0.336315 0.00714741 5.33655 -0.0121365 0.012735 0.999845 0.0644974
0.336336 -0.941622 0.0150289 2.1183 0.941672 0.336463 0.00678797 5.44917 -0.0114484 0.0118693 0.999864 0.0710973
0.33664 -0.941549 0.0126335 2.16531 0.941571 0.336742 0.00696624 5.5773 -0.0108133 0.00955017 0.999896 0.0677972
0.337193 -0.941334 0.013835 2.22148 0.941377 0.3373 0.00619028 5.71295 -0.0104936 0.0109366 0.999885 0.050097
0.336659 -0.941566 0.010635 2.26634 0.941603 0.33671 0.003343 5.83686 -0.00672857 0.00888852 0.999938 0.0497969
0.337038 -0.941407 0.0125787 2.30728 0.941444 0.337125 0.00554688 5.96565 -0.00946245 0.0099726 0.999906 0.0592968
0.337815 -0.941166 0.00931441 2.36221 0.941206 0.337834 0.000414759 6.09023 -0.00353708 0.00862666 0.999957 0.0650966
0.337371 -0.94133 0.00881482 2.41067 0.941371 0.337369 -0.00183276 6.22057 -0.00124861 0.00891634 0.999959 0.0639965
0.336925 -0.9415 0.00768393 2.46704 0.94153 0.336899 -0.00454521 6.35888 0.00169061 0.00876604 0.99996 0.0482963
0.337568 -0.941266 0.00811571 2.51642 0.941299 0.337535 -0.00514091 6.48158 0.00209963 0.00937471 0.999954 0.0597962
0.337027 -0.94147 0.00690093 2.5622 0.941486 0.336982 -0.00691631 6.6014 0.00418601 0.00882811 0.999952 0.064096
0.337723 -0.941221 0.00687588 2.60953 0.941236 0.337677 -0.0070439 6.73517 0.00430804 0.00885071 0.999952 0.0796959
0.337109 -0.941429 0.00826095 2.66436 0.941445 0.337031 -0.00954279 6.8654 0.00619966 0.0109942 0.99992 0.0620957
0.336549 -0.941609 0.0103774 2.70942 0.94163 0.336418 -0.0124914 6.99429 0.00827084 0.0139757 0.999868 0.0732956
0.337146 -0.94139 0.0108351 2.7733 0.941356 0.336925 -0.0182058 7.13382 0.0134882 0.0163377 0.999776 0.0740954
0.337146 -0.941412 0.00870205 2.81497 0.941381 0.336993 -0.0153962 7.25486 0.0115616 0.0133827 0.999844 0.0659952
0.335936 -0.941873 0.0047301 2.86188 0.941761 0.335806 -0.0179182 7.38143 0.0152882 0.010474 0.999828 0.0515951
0.337838 -0.941189 0.00541721 2.90858 0.94113 0.337734 -0.0145181 7.50579 0.0118347 0.0100031 0.99988 0.0680949
0.338884 -0.940819 0.00404932 2.95457 0.94072 0.338777 -0.0165798 7.62262 0.0142268 0.00942791 0.999854 0.0765947
0.339362 -0.940636 0.0062013 3.0165 0.940621 0.339285 -0.0108107 7.75838 0.00806493 0.00950181 0.999922 0.0569945
0.338707 -0.940861 0.00758735 3.06434 0.940827 0.338579 -0.0144356 7.89171 0.011013 0.0120278 0.999867 0.0690944
0.339099 -0.94072 0.00762773 3.10487 0.940691 0.338975 -0.0139881 8.01175 0.0105732 0.0119187 0.999873 0.0643942
0.338557 -0.940903 0.00897835 3.14869 0.940881 0.338407 -0.0149621 8.13954 0.0110396 0.0135131 0.999848 0.085194
0.3387 -0.940859 0.00813677 3.19416 0.940838 0.338573 -0.0138301 8.27542 0.0102573 0.0123396 0.999871 0.0890938
0.339498 -0.940586 0.00626197 3.2491 0.94054 0.339387 -0.0141909 8.39867 0.0112225 0.0107074 0.99988 0.0802936
0.339833 -0.940452 0.0079319 3.30126 0.940422 0.339701 -0.0144675 8.52923 0.0109115 0.0123759 0.999864 0.0815934
0.33949 -0.940594 0.0054175 3.34385 0.940576 0.339425 -0.0103314 8.66377 0.00787882 0.00860298 0.999932 0.0812932
0.337992 -0.941117 0.00775693 3.40763 0.941104 0.337884 -0.012591 8.80452 0.00922868 0.0115557 0.999891 0.089293
0.338579 -0.940917 0.00631056 3.47234 0.940883 0.33848 -0.0130329 8.94571 0.0101268 0.0103501 0.999895 0.0729927
0.339249 -0.940676 0.00620079 3.52048 0.940646 0.339155 -0.0126186 9.10152 0.00976699 0.0101136 0.999901 0.0672925
0.339155 -0.940715 0.00545731 3.59445 0.940667 0.339059 -0.013579 9.25223 0.0109236 0.0097389 0.999893 0.0597922
0.339421 -0.940625 0.00416156 3.64846 0.940585 0.339354 -0.0118208 9.4025 0.00970674 0.00792653 0.999922 0.055692
0.339916 -0.940439 0.0055795 3.69805 0.940425 0.33985 -0.0101577 9.55521 0.00765648 0.00869985 0.999933 0.0674917
0.338707 -0.940882 0.0043037 3.76224 0.940852 0.338647 -0.0107886 9.70692 0.0086934 0.00770333 0.999933 0.0818915
0.339167 -0.940724 0.00203478 3.81234 0.940677 0.339126 -0.0109651 9.85919 0.00962507 0.00563307 0.999938 0.0810912
0.338173 -0.941082 0.00200882 3.88157 0.94102 0.338124 -0.012387 10.0129 0.010978 0.00607929 0.999921 0.0739909
0.338989 -0.940787 0.0023645 3.94114 0.940733 0.33894 -0.011858 10.1711 0.0103545 0.00624411 0.999927 0.0756906
0.338732 -0.94088 0.00224941 3.99525 0.940828 0.338685 -0.0116001 10.3236 0.0101524 0.00604562 0.99993 0.0970903
0.339452 -0.940618 0.00320911 4.06798 0.940568 0.339393 -0.012031 10.4908 0.0102275 0.00710235 0.999922 0.09179
0.339064 -0.940757 0.00351389 4.11685 0.940702 0.338997 -0.0126477 10.6518 0.0107072 0.00759391 0.999914 0.0955897
0.339348 -0.940656 0.00306704 4.17724 0.940603 0.339289 -0.0122063 10.8012 0.0104413 0.00702705 0.999921 0.0916894
0.338926 -0.940789 0.00674924 4.23896 0.940734 0.338796 -0.0153564 10.9638 0.0121606 0.0115539 0.999859 0.108389
0.338721 -0.940859 0.00716589 4.30202 0.940833 0.33861 -0.013301 11.1155 0.0100879 0.0112472 0.999886 0.108489
0.340055 -0.940386 0.00596827 4.36663 0.940353 0.339963 -0.0126998 11.2688 0.00991372 0.00993092 0.999902 0.104488
0.340623 -0.940161 0.00859599 4.4192 0.940156 0.340505 -0.0127341 11.4339 0.00904516 0.0124191 0.999882 0.0964882
0.341067 -0.940011 0.0073186 4.48113 0.940004 0.340977 -0.0112526 11.5854 0.00808206 0.0107174 0.99991 0.108188
0.341333 -0.939904 0.00852347 4.54265 0.939881 0.341193 -0.0145378 11.7345 0.010756 0.0129733 0.999858 0.101688
0.340579 -0.940193 0.00663689 4.60931 0.940139 0.340452 -0.0152105 11.8968 0.0120413 0.01142 0.999862 0.0979872
0.3401 -0.940364 0.00697065 4.66229 0.940302 0.339958 -0.0161139 12.047 0.0127832 0.0120348 0.999846 0.0983869
0.34088 -0.940072 0.00804069 4.72062 0.940014 0.340714 -0.0169466 12.199 0.0131915 0.0133351 0.999824 0.0994865
0.341369 -0.939879 0.00972037 4.78523 0.939863 0.341203 -0.015414 12.3622 0.0111707 0.0143977 0.999834 0.0926862
0.340419 -0.940227 0.00936302 4.83749 0.940207 0.340258 -0.0153551 12.5215 0.0112515 0.0140304 0.999838 0.0933858
0.340772 -0.940109 0.00835468 4.90096 0.940071 0.340619 -0.0156739 12.6642 0.0118894 0.0131952 0.999842 0.0990855
0.340304 -0.940273 0.00890489 4.96155 0.940233 0.340134 -0.0164566 12.8158 0.0124448 0.0139729 0.999825 0.0837851
0.34067 -0.940163 0.00605221 5.03449 0.940055 0.340511 -0.0186706 12.9613 0.0154926 0.0120499 0.999807 0.0811848
0.341226 -0.939958 0.0066463 5.07585 0.939877 0.341075 -0.0173249 13.1202 0.0140178 0.0121584 0.999828 0.107684
0.342152 -0.939626 0.00585347 5.14107 0.93957 0.34204 -0.0147618 13.272 0.0118685 0.0105505 0.999874 0.091884
0.340947 -0.940048 0.00808954 5.20722 0.939998 0.340788 -0.0163471 13.4298 0.0126102 0.0131776 0.999834 0.0880837
0.340587 -0.940185 0.00725426 5.26689 0.940116 0.340431 -0.0169884 13.5781 0.0135026 0.0126059 0.999829 0.104483
0.341164 -0.939965 0.00857021 5.32655 0.939909 0.340986 -0.0173073 13.7318 0.0133459 0.0139598 0.999813 0.102783
0.341047 -0.940014 0.00784989 5.37984 0.93994 0.34087 -0.0178974 13.8788 0.014148 0.0134823 0.999809 0.101183
0.341965 -0.93968 0.00778621 5.44363 0.939613 0.341796 -0.0173964 14.03 0.0136858 0.013265 0.999818 0.108082
0.342726 -0.939418 0.00578285 5.50257 0.939352 0.342607 -0.0154607 14.1805 0.0125428 0.0107309 0.999864 0.121482
0.342957 -0.939322 0.00741385 5.56265 0.939272 0.342815 -0.0156802 14.3237 0.0121872 0.0123413 0.99985 0.106781
0.343721 -0.939056 0.00547516 5.63343 0.938922 0.343556 -0.0198571 14.4844 0.0167659 0.011966 0.999788 0.111081
0.343774 -0.939031 0.00629977 5.67551 0.938947 0.343628 -0.0172576 14.6443 0.0140407 0.0118479 0.999831 0.107281
0.342144 -0.939631 0.00551946 5.73486 0.939517 0.341992 -0.0186932 14.7917 0.0156771 0.0115814 0.99981 0.11508
0.341657 -0.939824 0.00130594 5.78939 0.939624 0.341555 -0.0211185 14.9315 0.0194017 0.00844239 0.999776 0.11018
0.344813 -0.938654 0.00568869 5.85389 0.938538 0.344656 -0.0189186 15.0941 0.0157973 0.0118624 0.999805 0.102979
0.344624 -0.938689 0.00982603 5.9116 0.938645 0.34442 -0.0178877 15.258 0.0134067 0.0153877 0.999792 0.0948789
0.344226 -0.938858 0.00732606 5.9686 0.938774 0.344053 -0.0182123 15.4017 0.0145782 0.0131467 0.999807 0.0900785
0.344279 -0.938846 0.00632633 6.02898 0.938736 0.344109 -0.0190851 15.554 0.0157411 0.0125094 0.999798 0.102778
0.343973 -0.938967 0.00481883 6.09235 0.938847 0.343834 -0.0185907 15.7069 0.0157992 0.0109188 0.999816 0.0845776
0.343855 -0.93901 0.00492709 6.15552 0.938861 0.343693 -0.02039 15.8565 0.017453 0.011637 0.99978 0.0813772
0.345573 -0.938384 0.00378383 6.20593 0.938258 0.345453 -0.018297 16.0067 0.0158625 0.00987316 0.999825 0.0787768
0.345636 -0.938345 0.00664443 6.27403 0.938257 0.345476 -0.0178944 16.1699 0.0144956 0.0124191 0.999818 0.0814763
0.344876 -0.938618 0.00750769 6.32794 0.938542 0.344706 -0.0177623 16.3166 0.0140841 0.0131721 0.999814 0.0848759
0.345273 -0.938491 0.0047139 6.39758 0.938337 0.345114 -0.0204933 16.4694 0.0176059 0.011499 0.999779 0.0877754
0.34435 -0.938813 0.00736639 6.44717 0.938696 0.344148 -0.0202777 16.6282 0.0165018 0.0138974 0.999767 0.093875
0.34419 -0.938885 0.00524808 6.50015 0.938735 0.34402 -0.0206415 16.7753 0.0175746 0.0120312 0.999773 0.0983745
0.344868 -0.938621 0.00753007 6.56167 0.938505 0.344662 -0.0203857 16.9215 0.0165391 0.0140974 0.999764 0.0860741
0.345423 -0.938426 0.0062854 6.61887 0.938317 0.345256 -0.0189605 17.0803 0.015623 0.0124471 0.999801 0.0889736
0.345365 -0.938454 0.00528217 6.68769 0.938327 0.345209 -0.019309 17.2293 0.0162972 0.0116251 0.9998 0.0870731
0.345931 -0.938225 0.00813149 6.73903 0.938138 0.345733 -0.0191315 17.3789 0.0151383 0.0142466 0.999784 0.0876726
0.346199 -0.938146 0.00530255 6.79931 0.938014 0.346039 -0.0196694 17.5383 0.0166178 0.0117834 0.999792 0.0864721
0.345206 -0.938501 0.00694655 6.87009 0.938369 0.345002 -0.0209187 17.68 0.0172357 0.0137397 0.999757 0.0850717
0.347294 -0.937749 0.00377299 6.92183 0.937614 0.347168 -0.018798 17.8348 0.0163179 0.010066 0.999816 0.0745712
0.34752 -0.937665 0.00381536 6.96967 0.937558 0.347412 -0.0170087 17.9941 0.014623 0.00948798 0.999848 0.0859707
0.34663 -0.937977 0.0068434 7.03222 0.937858 0.34644 -0.0200411 18.1352 0.0164273 0.013365 0.999776 0.0946702
0.3474 -0.937697 0.00608254 7.09672 0.937532 0.347195 -0.0221071 18.2925 0.0186179 0.0133826 0.999737 0.0843697
0.347364 -0.937709 0.00637155 7.1675 0.937552 0.347157 -0.0218842 18.4418 0.0183091 0.0135754 0.99974 0.0890692
0.346396 -0.938076 0.00487811 7.21688 0.937902 0.346218 -0.0217516 18.5952 0.0187157 0.0121098 0.999752 0.0858687
0.346844 -0.937921 0.00160737 7.28406 0.937725 0.346735 -0.021139 18.742 0.0192694 0.0088392 0.999775 0.107368
0.347516 -0.937671 0.00235765 7.34681 0.937507 0.347406 -0.0197362 18.8996 0.017687 0.00906898 0.999802 0.103968
0.347122 -0.937807 0.00493161 7.40545 0.937679 0.346974 -0.0191416 19.0482 0.01624 0.0112687 0.999805 0.0968671
0.347661 -0.937617 0.00240499 7.46861 0.937459 0.347553 -0.0194428 19.1905 0.017394 0.00901407 0.999808 0.118467
0.346604 -0.937993 0.00592231 7.52293 0.937865 0.346431 -0.0198541 19.3574 0.0165713 0.0124358 0.999785 0.115366
0.346243 -0.938131 0.00510147 7.56748 0.937977 0.346072 -0.0208297 19.5043 0.0177755 0.0119972 0.99977 0.125866
0.346897 -0.937888 0.0053174 7.63784 0.937739 0.346725 -0.0206824 19.6498 0.0175541 0.012161 0.999772 0.130265
0.347457 -0.937678 0.00586623 7.69823 0.937547 0.347283 -0.019985 19.8165 0.0167023 0.0124438 0.999783 0.117564
0.347813 -0.937524 0.00866913 7.7615 0.937461 0.347623 -0.0180148 19.9784 0.0138757 0.0143927 0.9998 0.117464
0.347981 -0.93744 0.0107678 7.8117 0.937399 0.347749 -0.018814 20.1272 0.0138924 0.0166407 0.999765 0.112263
0.348339 -0.937368 0.00126398 7.87682 0.937215 0.348258 -0.0185823 20.2681 0.0169783 0.00765757 0.999827 0.0948628
0.347712 -0.9376 0.00178843 7.94451 0.9374 0.347598 -0.0213738 20.4288 0.0194184 0.0091084 0.99977 0.111162
0.34902 -0.937115 0.000450865 7.98875 0.937013 0.348975 -0.0149246 20.5842 0.0138287 0.00563146 0.999889 0.106062
0.349138 -0.937068 0.00233182 8.05274 0.936921 0.349036 -0.0188026 20.7415 0.0168055 0.00874945 0.99982 0.102061
0.348547 -0.937286 0.00314057 8.11076 0.937153 0.348436 -0.0183496 20.8942 0.0161045 0.00933888 0.999827 0.0971604
0.348223 -0.937407 0.00291622 8.16343 0.937283 0.348122 -0.0176771 21.0392 0.0155555 0.00888891 0.999839 0.0968599
0.348101 -0.937443 0.00520701 8.22402 0.9373 0.347936 -0.0202101 21.1938 0.0171341 0.0119157 0.999782 0.0996593
0.348711 -0.937226 0.00290211 8.28935 0.937066 0.348591 -0.0197758 21.3468 0.0175227 0.0096155 0.9998 0.108659
0.348781 -0.937197 0.0035701 8.34243 0.937075 0.348667 -0.0179537 21.4957 0.0155814 0.00960736 0.999832 0.109758
0.349803 -0.936823 0.000327107 8.40374 0.93669 0.349747 -0.0169971 21.6442 0.0158089 0.00625205 0.999855 0.0954575
0.350397 -0.936595 0.00328297 8.46958 0.93648 0.350294 -0.0172928 21.8097 0.0150464 0.0091338 0.999845 0.0985569
0.350269 -0.936647 0.0021414 8.52863 0.936516 0.35018 -0.0176444 21.959 0.0157767 0.00818574 0.999842 0.117156
0.350792 -0.936445 0.00383979 8.58635 0.936312 0.350665 -0.0188097 22.1174 0.0162678 0.0101936 0.999816 0.110956
0.350417 -0.936591 0.00238678 8.64715 0.936425 0.350305 -0.0198603 22.2604 0.0177649 0.00919444 0.9998 0.103255
0.350546 -0.936524 0.00640678 8.70825 0.936402 0.350364 -0.0199091 22.4142 0.0164007 0.0129784 0.999781 0.113854
0.352385 -0.93585 0.00312403 8.76401 0.935702 0.352265 -0.0192699 22.5613 0.0169332 0.00971358 0.999809 0.110054
0.351812 -0.936056 0.00516779 8.81411 0.935933 0.351661 -0.0191011 22.7256 0.0160624 0.0115567 0.999804 0.100953
0.351509 -0.93618 0.00305085 8.87254 0.936058 0.351406 -0.0175617 22.8766 0.0153688 0.00902887 0.999841 0.111853
0.35102 -0.936358 0.00442379 8.93386 0.936199 0.350863 -0.0206499 23.0312 0.0177835 0.0113901 0.999777 0.109752
0.350525 -0.936531 0.00642344 8.99538 0.936366 0.350309 -0.022406 23.1727 0.0187337 0.0138685 0.999728 0.0979513
0.352242 -0.935909 0.000638991 9.06502 0.935717 0.352155 -0.0205225 23.3261 0.0189822 0.0078268 0.999789 0.0869507
0.352572 -0.935772 0.00486535 9.11234 0.935653 0.35243 -0.0186296 23.4902 0.0157183 0.0111205 0.999815 0.11515
0.353315 -0.935499 0.00315342 9.1787 0.93538 0.35321 -0.0175393 23.6262 0.0152942 0.00914654 0.999841 0.105049
0.352444 -0.935807 0.00693844 9.23919 0.935707 0.352265 -0.0190064 23.7849 0.0153422 0.013191 0.999795 0.0944487
0.352707 -0.935707 0.00706807 9.30421 0.935617 0.352534 -0.0184879 23.9313 0.0148076 0.0131338 0.999804 0.0974481
0.352588 -0.935744 0.00806472 9.36068 0.935627 0.352362 -0.0210549 24.0825 0.0168603 0.0149693 0.999746 0.103547
0.353127 -0.935548 0.00717362 9.42344 0.935432 0.352929 -0.0201873 24.228 0.0163544 0.0138391 0.99977 0.100747
0.353563 -0.935396 0.00521613 9.47477 0.935274 0.35341 -0.0190797 24.3804 0.0160037 0.0116244 0.999804 0.117146
0.354076 -0.935206 0.00436787 9.53187 0.935099 0.353954 -0.0175149 24.5378 0.0148341 0.010286 0.999837 0.120145
0.353963 -0.93524 0.00602684 9.59287 0.93517 0.353833 -0.0161353 24.6935 0.0129579 0.0113474 0.999852 0.122845
0.353676 -0.935358 0.00420117 9.65038 0.935231 0.353544 -0.0186699 24.8403 0.0159777 0.0105322 0.999817 0.114944
0.353262 -0.93549 0.00796093 9.71066 0.935402 0.353066 -0.0191545 24.9978 0.0151081 0.0142132 0.999785 0.117743
0.353682 -0.935358 0.00377424 9.77177 0.935238 0.353564 -0.0179482 25.1348 0.0154535 0.00987775 0.999832 0.117843
0.355252 -0.934757 0.00498198 9.84049 0.934648 0.355115 -0.0180621 25.2864 0.0151145 0.011073 0.999824 0.116542
0.355707 -0.934574 0.00666996 9.89491 0.934488 0.355547 -0.0178654 25.438 0.014325 0.0125878 0.999818 0.116441
0.355661 -0.934582 0.00788065 9.95767 0.934526 0.355499 -0.0167882 25.5958 0.0128884 0.0133356 0.999828 0.101541
0.354831 -0.934908 0.00653322 10.0152 0.934812 0.354666 -0.0184264 25.7437 0.0149099 0.0126456 0.999809 0.0926399
0.354604 -0.935005 0.00468465 10.0725 0.934897 0.354474 -0.0177523 25.8913 0.0149379 0.0106747 0.999831 0.0857392
0.353999 -0.935232 0.0050475 10.1405 0.935109 0.35385 -0.0189811 26.034 0.0159657 0.0114393 0.999807 0.0898385
0.354296 -0.935127 0.00358085 10.1915 0.934977 0.354164 -0.0196223 26.1819 0.0170811 0.0103001 0.999801 0.0959378
0.355787 -0.934552 0.00527832 10.2527 0.934424 0.355628 -0.0195047 26.3257 0.016351 0.0118717 0.999796 0.0996372
0.356204 -0.934396 0.00472825 10.3071 0.93427 0.35606 -0.0189999 26.4742 0.0160699 0.0111853 0.999808 0.0975364
0.355163 -0.934785 0.00598157 10.375 0.934675 0.355001 -0.018888 26.6256 0.0155328 0.0122992 0.999804 0.107836
0.356389 -0.934323 0.00513042 10.4298 0.934195 0.356234 -0.0193964 26.7739 0.0162949 0.0117055 0.999799 0.107835
0.354515 -0.935014 0.00819912 10.4808 0.934898 0.354285 -0.0211838 26.9176 0.0169023 0.0151753 0.999742 0.112434
0.354929 -0.934871 0.00645383 10.5304 0.934751 0.354747 -0.0198698 27.0634 0.0162862 0.0130851 0.999782 0.107634
0.355667 -0.934601 0.00463522 10.5881 0.934488 0.355534 -0.0181117 27.2113 0.0152792 0.0107733 0.999825 0.110533
0.356346 -0.934349 0.00312203 10.6452 0.934227 0.35624 -0.0176974 27.3595 0.0154234 0.00922308 0.999839 0.125932
0.356068 -0.934456 0.0028283 10.7007 0.934353 0.35598 -0.0162045 27.5141 0.0141356 0.00841254 0.999865 0.118731
0.354565 -0.935031 5.85625e-05 10.7617 0.934891 0.354511 -0.01734 27.6594 0.0161927 0.00620291 0.99985 0.116231
0.354619 -0.93501 0.00124271 10.826 0.934897 0.354555 -0.0160553 27.8107 0.0145712 0.0068553 0.99987 0.11483
0.354515 -0.93505 0.000223749 10.8775 0.934931 0.354466 -0.0160701 27.9586 0.014947 0.00590626 0.999871 0.118829
0.355309 -0.934748 0.00101051 10.9294 0.934637 0.35525 -0.0158774 28.1111 0.0144824 0.00658584 0.999873 0.125628
0.356019 -0.934475 0.00248452 10.9891 0.934398 0.355952 -0.0140727 28.2598 0.0122662 0.00733169 0.999898 0.111928
0.363116 -0.931739 0.00307041 11.0542 0.931683 0.363053 -0.0126066 28.4107 0.0106313 0.0074383 0.999916 0.115927
0.364016 -0.931388 0.00302664 11.1172 0.931321 0.363945 -0.0135762 28.5536 0.0115432 0.00776073 0.999903 0.110426
0.376484 -0.926417 0.00331973 11.1784 0.926333 0.376395 -0.0152917 28.71 0.012917 0.00883227 0.999878 0.103025
0.379259 -0.925289 0.00145094 11.2437 0.925191 0.379195 -0.0152803 28.8487 0.0135885 0.0071376 0.999882 0.121825
0.388317 -0.921526 0.000362725 11.3009 0.921455 0.388283 -0.012568 28.9899 0.0114409 0.0052146 0.999921 0.115624
0.393961 -0.919127 0.00110384 11.377 0.91907 0.393923 -0.0115987 29.1329 0.0102258 0.00558392 0.999932 0.115223
0.399394 -0.916767 0.00471527 11.4415 0.916721 0.399305 -0.0133688 29.2797 0.0103733 0.00966201 0.9999 0.122322
0.40391 -0.914784 0.00513786 11.5046 0.914736 0.40381 -0.0139853 29.4273 0.0107188 0.0103486 0.999889 0.122521
0.409507 -0.912295 0.00465972 11.5751 0.91225 0.409419 -0.0132991 29.5712 0.0102249 0.00969692 0.999901 0.126121
0.411908 -0.911182 0.00886525 11.6454 0.911163 0.411747 -0.0156946 29.7205 0.0106504 0.0145424 0.999838 0.12322
0.414979 -0.909791 0.00847115 11.7154 0.909758 0.41481 -0.0165479 29.8531 0.0115412 0.0145737 0.999827 0.125819
0.416595 -0.909037 0.0100627 11.7869 0.909041 0.416428 -0.015233 29.9984 0.00965696 0.0154934 0.999833 0.113618
0.420132 -0.907407 0.0100874 11.8419 0.907422 0.419981 -0.0141643 30.1382 0.00861624 0.0151044 0.999849 0.111817
0.420512 -0.907226 0.0104909 11.9084 0.907248 0.420359 -0.0140846 30.2904 0.00836795 0.0154406 0.999846 0.109917
0.41942 -0.907753 0.00839047 11.9809 0.907737 0.419275 -0.0148875 30.4255 0.00999626 0.0138605 0.999854 0.121416
0.420838 -0.907075 0.0104874 12.0521 0.907066 0.420635 -0.0172292 30.5668 0.0112169 0.0167635 0.999797 0.126815
0.420152 -0.907375 0.011985 12.1201 0.907384 0.419918 -0.0180016 30.7165 0.0113014 0.0184384 0.999766 0.119514
0.421389 -0.906787 0.0130096 12.1872 0.906804 0.421123 -0.0190246 30.8597 0.0117726 0.0198139 0.999734 0.118713
0.423612 -0.90579 0.00986612 12.2558 0.905775 0.423421 -0.016891 30.9941 0.0111222 0.0160917 0.999809 0.108113
0.424052 -0.905594 0.00894663 12.3249 0.905577 0.423888 -0.0157999 31.1303 0.0105159 0.0148018 0.999835 0.109712
0.423037 -0.906108 0.00266581 12.3961 0.906011 0.422944 -0.0161854 31.2684 0.0135382 0.00926226 0.999865 0.126411
0.422885 -0.906182 0.00122911 12.4679 0.906069 0.42281 -0.0164734 31.4043 0.0144082 0.00808002 0.999864 0.13381
0.423175 -0.906048 -0.00025808 12.5316 0.90592 0.42312 -0.0166695 31.5348 0.0152126 0.00682032 0.999861 0.127909
0.423945 -0.905687 -0.00124597 12.5907 0.90554 0.4239 -0.0175015 31.6802 0.016379 0.00629139 0.999846 0.130108
0.425163 -0.905117 0.000829212 12.6599 0.904952 0.425067 -0.0195043 31.8188 0.0173012 0.00904288 0.999809 0.130908
0.426803 -0.904343 -0.00188419 12.7285 0.904212 0.426775 -0.0162464 31.9638 0.0154965 0.00523032 0.999866 0.112607
0.426223 -0.904617 0.00150847 12.7899 0.904545 0.426166 -0.0134016 32.1055 0.0114805 0.00707656 0.999909 0.107206
0.42526 -0.905069 0.00188677 12.8673 0.904933 0.425157 -0.0183711 32.2444 0.0158249 0.00951987 0.999829 0.120505
0.426875 -0.904296 0.00503877 12.9338 0.904177 0.42671 -0.0195815 32.3845 0.0155574 0.0129148 0.999796 0.113604
0.427173 -0.90415 0.00595425 12.9979 0.90404 0.426991 -0.0197665 32.53 0.0153294 0.0138266 0.999787 0.119003
0.426595 -0.904421 0.00632747 13.0719 0.904331 0.426422 -0.0186914 32.6708 0.0142067 0.0136958 0.999805 0.128503
0.429498 -0.903066 0.00164983 13.1361 0.902964 0.42942 -0.015973 32.8105 0.0137162 0.00835012 0.999871 0.137002
0.427541 -0.903991 0.00298616 13.1995 0.903867 0.427422 -0.0183093 32.9557 0.0152751 0.0105271 0.999828 0.130901
0.427382 -0.904069 0.00191627 13.273 0.903968 0.427301 -0.0159677 33.0965 0.013617 0.00855654 0.999871 0.1458
0.424468 -0.905419 0.00655575 13.3303 0.905308 0.424269 -0.0203104 33.2296 0.015608 0.0145561 0.999772 0.130999
0.420358 -0.907334 0.0067081 13.3886 0.907223 0.420155 -0.0204044 33.3617 0.0156951 0.0146629 0.999769 0.120298
0.411631 -0.911344 0.00332872 13.4622 0.911192 0.411489 -0.0201175 33.4967 0.0169643 0.0113141 0.999792 0.115797
0.411804 -0.911265 0.00364932 13.5115 0.911161 0.411688 -0.0172904 33.6187 0.0142537 0.0104454 0.999844 0.118697
0.411505 -0.911397 0.00444623 13.5771 0.911318 0.411392 -0.0160214 33.7758 0.0127727 0.0106448 0.999862 0.117896
0.410562 -0.911829 0.00273917 13.6384 0.911761 0.41049 -0.013767 33.9144 0.0114288 0.00814968 0.999901 0.111695
0.409538 -0.912289 0.0028896 13.7049 0.912204 0.409451 -0.015319 34.0496 0.0127922 0.00890961 0.999878 0.127694
0.410149 -0.912017 0.00154349 13.7583 0.9119 0.410067 -0.0168571 34.1797 0.014741 0.00832142 0.999857 0.119493
0.410029 -0.912071 0.00176281 13.8267 0.911958 0.409947 -0.0166331 34.3272 0.0144479 0.00842765 0.99986 0.123492
0.409584 -0.912261 0.00457459 13.885 0.912145 0.409438 -0.0187612 34.4618 0.0152421 0.011857 0.999814 0.127591
0.410703 -0.911769 -0.000545153 13.9445 0.911693 0.410676 -0.0126667 34.5856 0.0117729 0.00470522 0.99992 0.12879
0.412585 -0.910917 0.00185298 14.0135 0.910835 0.412518 -0.0144348 34.7332 0.0123845 0.00764333 0.999894 0.12649
0.411484 -0.911393 0.00667172 14.0794 0.911349 0.411352 -0.0152657 34.8806 0.0111686 0.0123619 0.999861 0.126789
0.411249 -0.911496 0.00705997 14.1386 0.911445 0.411101 -0.0162388 35.014 0.0118992 0.013113 0.999843 0.125688
0.411703 -0.911302 0.00539754 14.2028 0.911233 0.411576 -0.0161049 35.1461 0.012455 0.0115489 0.999856 0.127987
0.412469 -0.910938 0.00784645 14.276 0.91088 0.412289 -0.0177647 35.2879 0.0129475 0.0144745 0.999811 0.117786
0.413002 -0.910672 0.0102999 14.3372 0.91065 0.41279 -0.0178893 35.4235 0.0120396 0.0167679 0.999787 0.114385
0.41415 -0.910097 0.0142677 14.4015 0.91012 0.413839 -0.0204863 35.5753 0.01274 0.0214697 0.999688 0.113684
0.41487 -0.909805 0.0117118 14.4659 0.909808 0.414639 -0.0180138 35.7221 0.0115329 0.0181289 0.999769 0.111483
0.41336 -0.910513 0.0100101 14.5315 0.910469 0.413128 -0.0192863 35.8552 0.013425 0.0170861 0.999764 0.127182
0.413543 -0.910479 0.00317882 14.5878 0.910354 0.413422 -0.0183962 35.9701 0.0154351 0.0105015 0.999826 0.122781
0.413346 -0.910569 0.00310785 14.6599 0.910441 0.413225 -0.0185049 36.1286 0.0155657 0.0104784 0.999824 0.11118
0.413002 -0.910728 0.00184641 14.7122 0.910601 0.412909 -0.0176376 36.2613 0.0153007 0.00896572 0.999843 0.131379
0.413433 -0.910534 -0.00118048 14.7775 0.910418 0.413401 -0.0154307 36.4117 0.0145382 0.00530485 0.99988 0.121078
0.414962 -0.909836 0.00227343 14.8371 0.909704 0.414857 -0.0182202 36.5738 0.0156342 0.00962884 0.999831 0.130677
0.414731 -0.909931 0.00488651 14.9145 0.909833 0.41459 -0.0178792 36.6916 0.014243 0.011861 0.999828 0.126976
0.415176 -0.909727 0.00501011 14.9865 0.909624 0.415028 -0.0183188 36.8165 0.0145857 0.0121628 0.99982 0.114876
0.41595 -0.909382 0.00334496 15.0507 0.909239 0.415812 -0.0196387 36.9663 0.0164682 0.0112101 0.999802 0.108075
0.415519 -0.909567 0.00557584 15.1148 0.909416 0.415316 -0.0218082 37.102 0.0175203 0.0141325 0.999747 0.103574
0.415915 -0.909396 0.00381875 15.1769 0.909264 0.415773 -0.0192861 37.2466 0.0159509 0.0114936 0.999807 0.122473
0.416974 -0.908901 0.005591 15.2443 0.90879 0.416803 -0.019419 37.3949 0.0153197 0.0131783 0.999796 0.126772
0.417664 -0.908588 0.00494272 15.3098 0.908503 0.417533 -0.0169841 37.5401 0.0133678 0.0115841 0.999844 0.129871
0.41652 -0.909107 0.00588637 15.3794 0.908977 0.416325 -0.0208451 37.6686 0.0164997 0.014033 0.999765 0.12607
0.417601 -0.908623 0.0036527 15.4455 0.908487 0.417461 -0.0194485 37.816 0.0161465 0.0114401 0.999804 0.136969
0.41771 -0.908554 0.00694695 15.5094 0.908421 0.417482 -0.0218935 37.9519 0.0169912 0.0154559 0.999736 0.138768
0.418065 -0.908413 0.00260902 15.576 0.908257 0.417935 -0.0199722 38.0842 0.0170526 0.0107193 0.999797 0.135967
0.418831 -0.90806 0.00286627 15.6356 0.907913 0.418701 -0.019565 38.2292 0.0165661 0.0107968 0.999804 0.139366
0.420297 -0.907383 0.00243818 15.7088 0.907252 0.420187 -0.0183695 38.364 0.0156437 0.00993268 0.999828 0.142165
0.41966 -0.907663 0.00583561 15.757 0.907553 0.419484 -0.0195103 38.5187 0.0152608 0.0134838 0.999793 0.129164
0.41935 -0.907815 0.00423695 15.8161 0.907695 0.419207 -0.018843 38.644 0.0153298 0.0117477 0.999813 0.128863
0.41995 -0.907524 0.00649084 15.9021 0.907401 0.419743 -0.02095 38.7918 0.0162881 0.0146877 0.999759 0.141362
0.420697 -0.9072 0.00145175 15.9537 0.907046 0.420595 -0.0191662 38.9136 0.016777 0.00937997 0.999815 0.151561
0.420926 -0.907091 0.00255348 16.0249 0.906965 0.420817 -0.0181116 39.0737 0.0153543 0.00993955 0.999833 0.13976
0.422608 -0.906311 0.00154085 16.0758 0.906198 0.422527 -0.0166203 39.2343 0.0144121 0.00842019 0.999861 0.128358
0.421799 -0.90668 0.00418092 16.1463 0.906578 0.421671 -0.0176012 39.3769 0.0141957 0.0112145 0.999836 0.144057
0.421663 -0.90674 0.00484955 16.2169 0.906628 0.42151 -0.0188546 39.5072 0.0150521 0.012347 0.99981 0.146856
0.422882 -0.906182 0.00244834 16.2804 0.906025 0.422755 -0.0198982 39.6541 0.0169963 0.0106329 0.999799 0.143155
0.421927 -0.906617 0.00470456 16.3424 0.906461 0.421743 -0.021456 39.7921 0.0174683 0.0133174 0.999759 0.155154
0.422535 -0.906338 0.00400227 16.4116 0.906205 0.422386 -0.0195742 39.9481 0.0160503 0.0118976 0.9998 0.165153
0.423885 -0.905709 0.00349234 16.4748 0.905577 0.42375 -0.0191271 40.1033 0.0158437 0.0112703 0.999811 0.170252
0.424518 -0.905416 0.00243307 16.545 0.90528 0.424405 -0.0186575 40.2405 0.0158602 0.0101231 0.999823 0.166951
0.423374 -0.905951 0.00274918 16.6033 0.905797 0.423241 -0.0199765 40.3912 0.0169341 0.0109477 0.999797 0.16815
0.424704 -0.905331 0.00162415 16.6704 0.905163 0.424589 -0.0200966 40.524 0.0175045 0.0100052 0.999797 0.168949
0.425051 -0.905159 0.00429249 16.7383 0.904969 0.424853 -0.0230267 40.6727 0.0190191 0.0136721 0.999726 0.174548
0.425938 -0.904745 0.00374512 16.8037 0.904543 0.425746 -0.0233032 40.821 0.019489 0.0133133 0.999721 0.180847
0.425312 -0.905043 0.00244437 16.8737 0.904838 0.425154 -0.0226235 40.965 0.019436 0.0118338 0.999741 0.182045
0.426715 -0.904385 0.00170351 16.9623 0.90421 0.426594 -0.0205338 41.0916 0.0178437 0.0103024 0.999788 0.150344
0.42608 -0.904685 0.0007564 17.0266 0.904522 0.425987 -0.0193532 41.2317 0.0171863 0.00893019 0.999812 0.139243
0.426099 -0.904677 -0.000149104 17.0963 0.904475 0.426008 -0.0210325 41.3679 0.0190911 0.00882705 0.999779 0.147742
0.426975 -0.904262 -0.00170683 17.1759 0.904027 0.426906 -0.0220704 41.5379 0.0206861 0.00788052 0.999755 0.144141
0.42615 -0.904653 -0.000127392 17.2447 0.904403 0.426036 -0.0234152 41.6932 0.0212369 0.00986316 0.999726 0.15374
0.426932 -0.904282 -0.00162801 17.3332 0.90405 0.426862 -0.0219716 41.8599 0.0205634 0.00790857 0.999757 0.155938
0.428356 -0.903607 0.00254102 17.4195 0.903396 0.428191 -0.0229557 42.0342 0.0196549 0.0121288 0.999733 0.157237
0.427981 -0.903771 0.00552013 17.4913 0.903608 0.427765 -0.0225811 42.2145 0.0180468 0.0146523 0.99973 0.165436
0.427945 -0.903804 0.00106564 17.5737 0.903572 0.427807 -0.0231905 42.3805 0.0205037 0.0108871 0.99973 0.158134
0.427909 -0.903807 -0.00519544 17.6636 0.903571 0.427919 -0.0210667 42.551 0.0212634 0.00432018 0.999765 0.159933
0.42785 -0.903817 -0.00762821 17.7453 0.903648 0.427918 -0.0175175 42.7167 0.0190968 0.000601629 0.999817 0.150232
0.429306 -0.903045 -0.0143582 17.8275 0.902969 0.429488 -0.0137068 42.8914 0.0185445 -0.00708055 0.999803 0.17233
0.429657 -0.902949 -0.00883011 17.9075 0.902817 0.429745 -0.0155308 43.0934 0.0178182 -0.00129905 0.99984 0.174229
0.430264 -0.902701 0.00200674 17.9895 0.902522 0.430133 -0.0209646 43.2909 0.0180616 0.0108314 0.999778 0.172427
0.428528 -0.903467 0.0105371 18.0951 0.903339 0.42817 -0.0254739 43.4786 0.0185032 0.0204349 0.99962 0.166825
