0.49631 -0.867614 0.0303774 0.702898 0.867966 0.496615 0.00296635 0.545579 -0.0176595 0.0248943 0.999534 0.777115
0.494559 -0.868648 0.0293618 1.09927 0.868988 0.494827 0.00219082 1.30813 -0.0164321 0.0244316 0.999566 0.779171
0.492806 -0.869677 0.0283495 1.49565 0.870006 0.493038 0.00141111 2.07072 -0.0152046 0.0239688 0.999597 0.781225
0.49105 -0.870703 0.0273402 1.89211 0.871019 0.491248 0.000627138 2.83342 -0.0139769 0.0235059 0.999626 0.783279
0.48929 -0.871724 0.0263339 2.28866 0.872028 0.489456 -0.000161165 3.59631 -0.0127488 0.0230428 0.999653 0.785332
0.487528 -0.87274 0.0253312 2.68512 0.873031 0.487663 -0.00095341 4.35903 -0.011521 0.0225798 0.999679 0.787382
0.485763 -0.873752 0.024332 3.08149 0.87403 0.485869 -0.00174955 5.12155 -0.0102935 0.0221168 0.999702 0.789431
0.483996 -0.874759 0.0233359 3.47794 0.875023 0.484074 -0.00254997 5.88424 -0.00906569 0.0216536 0.999724 0.791479
0.482225 -0.875762 0.0223431 3.87439 0.876012 0.482277 -0.00335446 6.64692 -0.00783787 0.0211904 0.999745 0.793525
0.480565 -0.87665 0.0232866 4.27017 0.876925 0.48061 -0.00401009 7.40658 -0.0076763 0.0223477 0.999721 0.79444
0.478683 -0.87775 0.0204598 4.66709 0.877971 0.478688 -0.00496788 8.17178 -0.0054333 0.0203412 0.999778 0.797559
0.477284 -0.878556 0.0184031 5.0667 0.878745 0.477243 -0.00686302 8.9446 -0.00275319 0.0194472 0.999807 0.800596
0.475569 -0.879562 0.0143053 5.46637 0.879678 0.475521 -0.0068145 9.72951 -0.000808696 0.0158249 0.999874 0.805054
0.474329 -0.880248 0.0132121 5.87343 0.880347 0.474292 -0.00604467 10.5222 -0.000945582 0.0144984 0.999894 0.809323
0.472888 -0.881008 0.0142354 6.2845 0.881119 0.472871 -0.00474069 11.3231 -0.00255493 0.0147849 0.999887 0.814662
0.471519 -0.881732 0.0147828 6.70128 0.881847 0.471523 -0.00340713 12.1281 -0.00396623 0.0146427 0.999885 0.818625
0.470459 -0.882287 0.0154489 7.11736 0.882411 0.47047 -0.00315605 12.9394 -0.00448371 0.0151171 0.999876 0.820975
0.468958 -0.883093 0.0150211 7.53702 0.883212 0.468959 -0.0036732 13.7527 -0.0038005 0.0149894 0.99988 0.823144
0.468012 -0.88358 0.0158237 7.95767 0.883718 0.467989 -0.00541075 14.5691 -0.00262447 0.016516 0.99986 0.825616
0.467262 -0.883958 0.016851 8.38343 0.88411 0.467258 -0.00440531 15.3928 -0.00397967 0.0169566 0.999848 0.827709
0.467129 -0.884019 0.0173616 8.80925 0.884154 0.467196 -0.000274735 16.2251 -0.00786838 0.0154786 0.999849 0.832492
0.467689 -0.8837 0.0184801 9.23855 0.883817 0.467821 0.00335548 17.0596 -0.0116106 0.0147637 0.999824 0.837869
0.468863 -0.88303 0.0206372 9.67293 0.883155 0.469052 0.00525927 17.8967 -0.014324 0.01576 0.999773 0.838426
0.470097 -0.882356 0.021373 10.1089 0.882479 0.470312 0.00615442 18.7366 -0.0154824 0.015968 0.999753 0.834851
0.47122 -0.881788 0.02003 10.5464 0.881917 0.471386 0.00429228 19.5781 -0.0132268 0.0156422 0.99979 0.830051
0.472196 -0.881337 0.0166164 10.986 0.881456 0.472266 0.000316469 20.4241 -0.0081263 0.0144972 0.999862 0.826625
0.473348 -0.880743 0.0152862 11.4307 0.880864 0.47336 -0.00306271 21.2741 -0.00453841 0.0149148 0.999878 0.824683
0.474016 -0.880337 0.0177972 11.8821 0.880499 0.474035 -0.00340213 22.1315 -0.00544148 0.0172831 0.999836 0.825587
0.47371 -0.880411 0.0217918 12.3371 0.880621 0.473821 -0.000107113 22.9958 -0.0102311 0.0192411 0.999763 0.825591
0.472828 -0.880752 0.026643 12.7939 0.881038 0.47304 0.00194493 23.8633 -0.0143162 0.0225539 0.999643 0.824962
0.471953 -0.880993 0.0333507 13.2572 0.881509 0.472164 -0.00172676 24.7262 -0.0142257 0.0302139 0.999442 0.819693
0.470705 -0.881635 0.0340171 13.7148 0.882231 0.470771 -0.00652686 25.5933 -0.01026 0.0330832 0.9994 0.812276
0.469498 -0.882378 0.0313101 14.1681 0.882914 0.469427 -0.0100568 26.4677 -0.0058239 0.0323657 0.999459 0.809056
0.467851 -0.883298 0.0300035 14.6308 0.883797 0.467738 -0.0111058 27.3656 -0.004224 0.0317128 0.999488 0.81864
0.466834 -0.883798 0.0311064 15.1139 0.884322 0.466785 -0.0092602 28.3072 -0.00633585 0.0318311 0.999473 0.851974
0.465799 -0.884386 0.0298722 15.5875 0.884841 0.465866 -0.00510241 29.24 -0.0094039 0.0288088 0.999541 0.877585
0.464629 -0.884993 0.030127 16.0621 0.885444 0.464729 -0.00401181 30.1713 -0.0104505 0.0285398 0.999538 0.901372
0.463646 -0.885495 0.0305236 16.5328 0.885931 0.463814 -0.00173826 31.0936 -0.0126181 0.0278478 0.999533 0.916
0.463423 -0.885526 0.0329029 17.0042 0.885985 0.463712 0.00131853 32.019 -0.0164251 0.0285404 0.999458 0.930287
0.462932 -0.885929 0.0286987 17.4603 0.886209 0.463255 0.00543462 32.9366 -0.0181095 0.0229172 0.999573 0.934329
0.462953 -0.885937 0.0281228 17.9194 0.886189 0.463282 0.00620278 33.8525 -0.0185241 0.0220505 0.999585 0.937953
0.46288 -0.885992 0.0275842 18.3767 0.886261 0.463164 0.00460866 34.7563 -0.0168593 0.0223135 0.999609 0.936064
0.463145 -0.885952 0.0242028 18.8269 0.88617 0.463349 0.00327668 35.658 -0.0141173 0.0199302 0.999702 0.938817
0.462366 -0.886363 0.0240424 19.2803 0.886582 0.462561 0.00300533 36.5523 -0.0137849 0.019926 0.999706 0.945612
0.461154 -0.886922 0.0265771 19.736 0.887189 0.461394 0.00338187 37.4447 -0.0152619 0.0220193 0.999641 0.949955
0.460352 -0.88733 0.0268639 20.1844 0.887589 0.460617 0.00431695 38.3357 -0.0162045 0.0218567 0.99963 0.956636
0.460141 -0.887535 0.0235066 20.6239 0.887731 0.460346 0.00388124 39.2211 -0.0142659 0.0190816 0.999716 0.961649
0.459651 -0.887864 0.0204658 21.0607 0.888053 0.45974 -0.000399462 40.0993 -0.00905427 0.0183583 0.99979 0.964215
0.459248 -0.888094 0.019517 21.5017 0.888273 0.459314 -0.00121411 40.978 -0.0078862 0.017894 0.999809 0.966196
0.458886 -0.888239 0.0213241 21.9455 0.888427 0.459015 0.00132014 41.8565 -0.0109607 0.0183392 0.999772 0.975436
0.458531 -0.88832 0.0252141 22.3874 0.888568 0.458737 0.00272737 42.7292 -0.0139894 0.0211538 0.999678 0.979437
0.458249 -0.888417 0.0268981 22.8257 0.888697 0.458485 0.00300995 43.598 -0.0150065 0.022525 0.999634 0.981949
0.458141 -0.888401 0.0291571 23.2621 0.888766 0.45836 0.000960606 44.4583 -0.0142179 0.0254737 0.999574 0.981385
0.457725 -0.888543 0.0313008 23.7028 0.889006 0.45789 -0.00209638 45.3176 -0.0124696 0.0287862 0.999508 0.980003
0.456669 -0.889023 0.0330363 24.137 0.88954 0.456852 -0.00220577 46.1741 -0.0131317 0.0303944 0.999452 0.978992
0.455556 -0.889412 0.0376093 24.5742 0.890038 0.455886 0.000222034 47.0342 -0.017343 0.0333726 0.999292 0.975675
0.454854 -0.889582 0.0418448 25.005 0.890275 0.455403 0.0041447 47.896 -0.0227433 0.0353682 0.999116 0.967731
0.454281 -0.889879 0.0417669 25.4263 0.890507 0.45492 0.00677398 48.7525 -0.0250286 0.0341165 0.999104 0.959395
0.453043 -0.890625 0.0392323 25.8462 0.891203 0.453573 0.00535717 49.5972 -0.022566 0.0325369 0.999216 0.952947
0.45201 -0.891361 0.0341054 26.2621 0.891895 0.452241 -0.00105802 50.4256 -0.0144808 0.0308967 0.999418 0.946331
0.451231 -0.891887 0.0304644 26.675 0.892368 0.45127 -0.00598573 51.2453 -0.00840908 0.0298864 0.999518 0.944643
0.450045 -0.892618 0.0263001 27.0756 0.892959 0.450128 -0.00301713 52.0665 -0.00914528 0.0248428 0.99965 0.947154
0.449159 -0.893112 0.0246607 27.4742 0.893373 0.449315 0.000907575 52.8754 -0.011891 0.0216235 0.999695 0.955047
0.447878 -0.893798 0.0230344 27.8648 0.893989 0.448072 0.00382902 53.6717 -0.0137435 0.0188776 0.999727 0.963037
0.446794 -0.894354 0.0225002 28.2502 0.894544 0.446968 0.00311507 54.4531 -0.0128428 0.0187356 0.999742 0.965614
0.445318 -0.895111 0.0216298 28.6269 0.89527 0.445503 0.00440795 55.2248 -0.0135817 0.0174016 0.999756 0.96827
0.443951 -0.895809 0.020807 28.9973 0.895938 0.444144 0.00553715 55.9848 -0.0142016 0.0161836 0.999768 0.973021
0.442482 -0.896523 0.0213889 29.363 0.89665 0.442695 0.00631708 56.7327 -0.0151322 0.0163832 0.999751 0.976596
0.441153 -0.897158 0.0221658 29.7234 0.897293 0.441385 0.00668022 57.47 -0.0157769 0.0169423 0.999732 0.977851
0.439833 -0.897828 0.0212625 30.0735 0.897899 0.440096 0.009632 58.1967 -0.0180054 0.0148552 0.999728 0.979473
0.438648 -0.898394 0.0218323 30.4184 0.898378 0.438989 0.0143436 58.9165 -0.0224703 0.0133219 0.999659 0.979448
0.436914 -0.899266 0.020642 30.7593 0.89917 0.437262 0.0171682 59.6181 -0.0244647 0.0110597 0.99964 0.982923
0.435588 -0.899999 0.0162684 31.0827 0.899898 0.435821 0.015592 60.3015 -0.0211229 0.00784821 0.999746 0.986879
0.434618 -0.900536 0.0119226 31.3985 0.90051 0.434731 0.00955262 60.9647 -0.0137856 0.00658466 0.999883 0.991131
0.43336 -0.901165 0.0100176 31.7057 0.901184 0.433416 0.00419068 61.6107 -0.0081183 0.00721165 0.999941 0.992348
0.432949 -0.901381 0.00827237 32.0038 0.901401 0.43298 0.00234436 62.2434 -0.00569494 0.00644174 0.999963 0.997837
0.432221 -0.901735 0.00770757 32.2915 0.901725 0.432268 0.00607215 62.8602 -0.00880721 0.00432559 0.999952 1.00967
0.431014 -0.902307 0.00832684 32.5728 0.902265 0.43108 0.0093422 63.4565 -0.0120191 0.0034864 0.999922 1.02708
0.429868 -0.902842 0.00952912 32.8479 0.902843 0.42993 0.00580331 64.0289 -0.00933633 0.00610865 0.999938 1.03898
0.42986 -0.902785 0.0141517 33.1208 0.902884 0.429881 -0.00172662 64.5804 -0.00452479 0.0135196 0.999898 1.04835
0.430764 -0.902334 0.0153412 33.3816 0.902464 0.430681 -0.00849074 65.1165 0.00105433 0.0175024 0.999846 1.06056
0.433308 -0.901141 0.0137773 33.6316 0.901244 0.433224 -0.00870676 65.645 0.00187737 0.0161894 0.999867 1.07287
0.436694 -0.899553 0.0101459 33.874 0.899609 0.436682 -0.00348129 66.1644 -0.00129892 0.0106476 0.999942 1.08706
0.440705 -0.897562 0.0127338 34.1205 0.89764 0.440727 -0.00119749 66.6643 -0.0045373 0.0119581 0.999918 1.09779
0.445267 -0.895205 0.0185749 34.3731 0.895356 0.44535 0.000340282 67.147 -0.00857696 0.0164797 0.999827 1.10971
0.452154 -0.891609 0.0243031 34.6212 0.891845 0.452335 0.00226452 67.6172 -0.0130122 0.0206507 0.999702 1.12221
0.461278 -0.88698 0.0221267 34.8581 0.88716 0.461451 0.00315721 68.073 -0.0130108 0.0181736 0.99975 1.13013
0.474135 -0.880286 0.0170924 35.0856 0.880356 0.474281 0.0055673 68.5208 -0.0130074 0.0124077 0.999838 1.13684
0.489774 -0.871752 0.0130602 35.3181 0.871736 0.489897 0.00877715 68.9511 -0.0140496 0.00708621 0.999876 1.14206
0.508188 -0.861129 0.0141989 35.5629 0.861115 0.508329 0.00909049 69.3578 -0.0150458 0.0076072 0.999858 1.14455
0.529879 -0.847886 0.0178119 35.8169 0.847909 0.530073 0.00855287 69.7442 -0.0166935 0.0105709 0.999805 1.14865
0.553939 -0.832316 0.0200388 36.0771 0.832341 0.554183 0.00946649 70.1168 -0.0189843 0.0114352 0.999754 1.15191
0.580416 -0.81404 0.0213811 36.3448 0.814039 0.580705 0.0110241 70.4767 -0.0213902 0.0110065 0.999711 1.15405
0.609773 -0.792268 0.0221172 36.6236 0.792239 0.61009 0.0121427 70.8195 -0.0231138 0.0101178 0.999682 1.15398
0.641585 -0.766729 0.0222424 36.9118 0.766673 0.64191 0.0128038 71.1468 -0.0240947 0.00883793 0.999671 1.15155
0.675202 -0.737279 0.0228317 37.212 0.737202 0.675542 0.0132873 71.4523 -0.0252202 0.00786001 0.999651 1.15061
0.710393 -0.703498 0.0208086 37.5213 0.703373 0.710682 0.0140418 71.7344 -0.0246667 0.004661 0.999685 1.15208
0.747152 -0.664378 0.0191339 37.8421 0.664251 0.747392 0.0132648 71.992 -0.0231134 0.00279893 0.999729 1.15248
0.784168 -0.620273 0.0185068 38.1733 0.620148 0.784384 0.012545 72.2232 -0.0222978 0.00163962 0.99975 1.14877
0.82016 -0.571861 0.0176762 38.5131 0.571728 0.82035 0.0123397 72.4281 -0.0215572 -1.45333e-05 0.999768 1.14205
0.854501 -0.519177 0.0168189 38.8605 0.519048 0.854666 0.0116326 72.6061 -0.020414 -0.00121026 0.999791 1.13446
0.886216 -0.462951 0.017243 39.2168 0.462865 0.886384 0.00890949 72.7529 -0.0194086 8.54516e-05 0.999812 1.12881
0.91411 -0.40509 0.0174733 39.5768 0.405008 0.914277 0.00817745 72.8766 -0.019288 -0.000398272 0.999814 1.1272
0.938021 -0.346022 0.0196061 39.9434 0.345923 0.938226 0.00834818 72.9774 -0.0212836 -0.00104857 0.999773 1.12491
0.957908 -0.286232 0.021983 40.3178 0.286058 0.958152 0.0107739 73.0552 -0.0241469 -0.00403206 0.9997 1.11865
0.973808 -0.226135 0.0236832 40.6932 0.225932 0.974082 0.010957 73.108 -0.0255472 -0.00531921 0.999659 1.1106
0.985751 -0.166518 0.0237963 41.0722 0.166369 0.98603 0.00810082 73.1302 -0.0248128 -0.00402643 0.999684 1.10159
0.993769 -0.108801 0.0241835 41.4484 0.108776 0.994063 0.00235731 73.1292 -0.0242964 0.000287963 0.999705 1.09394
0.998289 -0.0534752 0.0236633 41.8227 0.0533979 0.998566 0.00388742 73.116 -0.0238372 -0.0026172 0.999712 1.08906
0.999726 0.000700234 0.0233924 42.1992 -0.000901151 0.999963 0.00857954 73.0904 -0.0233855 -0.00859827 0.99969 1.08276
0.998427 0.0513613 0.0225048 42.5754 -0.0516055 0.998613 0.0104046 73.0445 -0.0219392 -0.0115496 0.999693 1.07579
0.995 0.0975045 0.0216142 42.9456 -0.0976229 0.995213 0.00449212 72.9707 -0.0210727 -0.0065797 0.999756 1.06802
0.989938 0.139744 0.0222327 43.3185 -0.139551 0.990164 -0.0100372 72.8697 -0.0234167 0.00683357 0.999702 1.05646
0.983969 0.176771 0.0236049 43.6893 -0.176421 0.984182 -0.016183 72.7664 -0.0260923 0.0117592 0.99959 1.04696
0.977418 0.210212 0.0215639 44.0634 -0.209961 0.977619 -0.013331 72.6695 -0.0238836 0.00850241 0.999679 1.03986
0.970272 0.241178 0.0201108 44.4403 -0.241197 0.970475 -0.00154721 72.5757 -0.0198902 -0.00334945 0.999797 1.03995
0.962809 0.269513 0.0190298 44.8179 -0.269661 0.962939 0.00564699 72.4643 -0.0168026 -0.0105686 0.999803 1.04345
0.955514 0.294455 0.0169702 45.1989 -0.294583 0.95561 0.00549768 72.3286 -0.0145981 -0.0102522 0.999841 1.04239
0.94818 0.317448 0.0134872 45.5801 -0.317486 0.948263 0.000724108 72.1741 -0.0125595 -0.00496857 0.999909 1.03803
0.94152 0.336934 0.00383876 45.9661 -0.336915 0.941523 -0.00477382 72.0025 -0.00522274 0.00320131 0.999981 1.01824
0.934693 0.35543 -0.00438652 46.3612 -0.355446 0.93469 -0.00358807 71.8327 0.00282473 0.00491292 0.999984 1.00004
0.928186 0.372088 -0.00458592 46.7749 -0.372094 0.928195 -0.000557145 71.6574 0.00404932 0.00222353 0.999989 0.99494
0.922286 0.386504 0.00167935 47.2036 -0.386505 0.922287 0.000442812 71.4686 -0.0013777 -0.00105748 0.999999 1.00061
0.91649 0.400022 0.00527562 47.634 -0.400023 0.916505 -0.000873649 71.2635 -0.00518461 -0.00130968 0.999986 1.00609
0.910944 0.412478 0.00659334 48.0699 -0.412463 0.910967 -0.00353964 71.0451 -0.00746634 0.000504901 0.999972 1.00827
0.90594 0.423367 0.00577645 48.5122 -0.423326 0.90595 -0.00711225 70.8134 -0.00824427 0.00399795 0.999958 1.00615
0.901426 0.432916 0.0038176 48.966 -0.432865 0.901407 -0.00966894 70.5716 -0.00762704 0.00706333 0.999946 1.0041
0.897647 0.44071 0.00223751 49.4329 -0.440661 0.897604 -0.01123 70.321 -0.00695757 0.00909459 0.999934 1.00248
0.894941 0.446182 0.00121058 49.9142 -0.446134 0.894878 -0.0125573 70.0604 -0.00668617 0.010698 0.99992 0.999327
0.892315 0.451414 -0.000414951 50.4091 -0.451379 0.892233 -0.0132829 69.7918 -0.00562584 0.0120398 0.999912 0.993727
0.889428 0.457074 -0.00139389 50.9215 -0.457051 0.889345 -0.0130421 69.5128 -0.00472156 0.0122371 0.999914 0.986391
0.887265 0.461253 -0.00249977 51.4505 -0.461235 0.88715 -0.0150448 69.2203 -0.00472177 0.0145017 0.999884 0.981256
0.885608 0.464423 -0.00316325 51.9886 -0.464408 0.885466 -0.0165855 68.9139 -0.00490176 0.0161573 0.999857 0.975121
0.883972 0.467527 -0.00332678 52.5449 -0.467509 0.883812 -0.0176289 68.5996 -0.00530173 0.0171387 0.999839 0.970099
0.882472 0.470351 -0.0035266 53.1133 -0.470327 0.882283 -0.0192181 68.271 -0.00592781 0.0186181 0.999809 0.964135
0.881764 0.471659 -0.00544906 53.6948 -0.471651 0.881479 -0.0232392 67.933 -0.00615774 0.0230615 0.999715 0.957698
0.881821 0.47153 -0.00713158 54.2878 -0.471541 0.881437 -0.0267935 67.5843 -0.00634791 0.02699 0.999616 0.949771
0.882598 0.470059 -0.00803764 54.9006 -0.470084 0.882156 -0.0286666 67.2321 -0.00638456 0.0290795 0.999557 0.942408
0.884037 0.467319 -0.00953922 55.5295 -0.467379 0.883523 -0.03073 66.8754 -0.0059326 0.0316249 0.999482 0.935752
0.885769 0.464022 -0.00985964 56.1752 -0.464089 0.885224 -0.0316099 66.5122 -0.00593969 0.0325748 0.999452 0.929492
0.88752 0.460681 -0.00907652 56.8405 -0.460709 0.886911 -0.0336883 66.148 -0.00746949 0.0340807 0.999391 0.927037
0.889304 0.457249 -0.0078632 57.5203 -0.457232 0.888677 -0.0345282 65.7816 -0.00880015 0.0343014 0.999373 0.925097
0.891152 0.45368 -0.00465068 58.2198 -0.453572 0.8906 -0.0332324 65.415 -0.010935 0.0317246 0.999437 0.920747
0.892964 0.450118 -0.00308567 58.9253 -0.449967 0.89244 -0.0328716 65.0469 -0.0120423 0.0307416 0.999455 0.915248
0.894754 0.446551 -0.0026992 59.6407 -0.44642 0.894306 -0.0304281 64.68 -0.0111738 0.0284306 0.999533 0.911659
0.896258 0.443509 -0.00452746 60.3601 -0.44346 0.895881 -0.0272158 64.3149 -0.00801441 0.0264002 0.999619 0.910595
0.896887 0.4422 -0.0073302 61.086 -0.442255 0.896671 -0.0197674 63.9529 -0.00216837 0.020971 0.999778 0.909759
0.896741 0.44247 -0.00868852 61.8145 -0.442555 0.896597 -0.016114 63.5842 0.000660128 0.0182952 0.999832 0.90926
0.896771 0.442427 -0.0077292 62.5464 -0.442494 0.896664 -0.0138651 63.2137 0.000796214 0.0158539 0.999874 0.916513
0.896735 0.44255 -0.00391315 63.2803 -0.442563 0.896651 -0.0124756 62.8432 -0.00201234 0.0129191 0.999915 0.927809
0.896665 0.442693 -0.00372975 64.0097 -0.442701 0.896569 -0.013429 62.4688 -0.00260096 0.0136925 0.999903 0.936475
0.896743 0.442549 -0.00169503 64.7398 -0.442536 0.896669 -0.012117 62.0952 -0.0038425 0.011616 0.999925 0.945914
0.8966 0.442841 -0.000802178 65.4676 -0.442823 0.896545 -0.0106759 61.7203 -0.00400853 0.00992723 0.999943 0.958574
0.896632 0.442777 -0.000283848 66.1943 -0.442764 0.896602 -0.00809987 61.3507 -0.00333193 0.00738828 0.999967 0.967417
0.896103 0.443845 0.000117461 66.9197 -0.443839 0.896093 -0.00494368 60.9811 -0.00229949 0.00437792 0.999988 0.975729
0.894887 0.446291 0.0015705 67.6449 -0.446287 0.894887 -0.00238076 60.6115 -0.00246793 0.00142961 0.999996 0.984573
0.893168 0.449705 0.00407367 68.3681 -0.449707 0.893176 -0.000547683 60.2385 -0.0038848 -0.00134278 0.999992 0.993878
0.890962 0.454016 0.00744037 69.0907 -0.454031 0.890986 0.000273789 59.8622 -0.00650496 -0.00362209 0.999972 1.0044
0.888063 0.459598 0.0106591 69.8091 -0.459634 0.888108 0.00111529 59.4798 -0.00895388 -0.00588975 0.999943 1.01338
0.884616 0.466183 0.0113023 70.5197 -0.466229 0.884662 0.00172546 59.0917 -0.00919434 -0.00679583 0.999935 1.0207
0.880521 0.473882 0.0108824 71.2219 -0.473936 0.880555 0.0028671 58.7005 -0.00822384 -0.00768208 0.999937 1.02591
0.875687 0.482772 0.0101297 71.9174 -0.482821 0.875714 0.0029231 58.299 -0.00745955 -0.00745056 0.999944 1.03055
0.87068 0.491739 0.010435 72.6061 -0.491781 0.870717 0.00175286 57.8933 -0.00822397 -0.00665791 0.999944 1.03661
0.8653 0.501103 0.0123362 73.287 -0.501161 0.865352 0.00196827 57.485 -0.00968888 -0.00788559 0.999922 1.04304
0.859634 0.510755 0.0125957 73.9616 -0.510804 0.859697 0.000765655 57.0669 -0.0104374 -0.00709211 0.99992 1.04563
0.853883 0.520312 0.0126059 74.6268 -0.520359 0.853947 0.000536795 56.6439 -0.0104855 -0.00701796 0.99992 1.04816
0.84805 0.529776 0.0121735 75.2823 -0.529824 0.848107 0.000893767 56.2185 -0.00985092 -0.00720776 0.999925 1.05162
0.842287 0.538906 0.0115776 75.9303 -0.538959 0.84233 0.00186268 55.7884 -0.00874834 -0.00780875 0.999931 1.05451
0.836642 0.547649 0.0105071 76.5674 -0.547695 0.836676 0.00194065 55.355 -0.00772822 -0.0073783 0.999943 1.05699
0.831328 0.555699 0.00961705 77.1934 -0.555737 0.831356 0.00175505 54.9189 -0.00701991 -0.00680358 0.999952 1.06058
0.825912 0.563726 0.00907351 77.8085 -0.563761 0.825937 0.0015821 54.4795 -0.00660227 -0.00642196 0.999958 1.06573
0.820487 0.571596 0.00884968 78.4149 -0.571627 0.820512 0.00125124 54.0404 -0.00654607 -0.00608535 0.99996 1.06976
0.81544 0.578779 0.00848566 79.0098 -0.578801 0.815469 8.59601e-05 53.5981 -0.00687004 -0.0049816 0.999964 1.07501
0.811016 0.584957 0.00883114 79.5956 -0.584966 0.811056 -0.00187593 53.1552 -0.00825989 -0.0036445 0.999959 1.08041
0.807808 0.589382 0.00867291 80.1699 -0.58936 0.807854 -0.00509857 52.7138 -0.0100114 -0.000992799 0.999949 1.08765
0.805348 0.59274 0.00859273 80.7387 -0.592679 0.805392 -0.00871525 52.2731 -0.0120864 0.00192609 0.999925 1.091
0.803554 0.595168 0.00872433 81.2984 -0.595077 0.803593 -0.0110433 51.8394 -0.0135834 0.00368226 0.999901 1.09286
0.802451 0.596648 0.00906671 81.8452 -0.596544 0.802492 -0.0118776 51.4162 -0.0143627 0.00412247 0.999888 1.09455
0.801807 0.597518 0.00882531 82.3823 -0.59741 0.801843 -0.0122068 51.0001 -0.0143703 0.0045152 0.999887 1.09554
0.802159 0.597064 0.00737066 82.9043 -0.596961 0.802174 -0.0123962 50.5941 -0.0133139 0.00554377 0.999896 1.09639
0.803792 0.594883 0.00574245 83.4137 -0.594787 0.803784 -0.0126595 50.2006 -0.0121466 0.0067601 0.999903 1.09751
0.806624 0.591044 0.00494145 83.9127 -0.590957 0.806609 -0.0123398 49.8226 -0.0112792 0.00703338 0.999912 1.09925
0.811067 0.584934 0.00477193 84.4001 -0.584857 0.811055 -0.0115412 49.4635 -0.0106212 0.00656983 0.999922 1.10193
0.817271 0.576232 0.00489457 84.8766 -0.576163 0.817265 -0.0106769 49.1207 -0.0101526 0.00590589 0.999931 1.10587
0.824868 0.565305 0.00485421 85.3405 -0.565239 0.824862 -0.0103981 48.7964 -0.00988212 0.00583324 0.999934 1.11058
0.834152 0.551519 0.00416128 85.7953 -0.551471 0.834147 -0.00890796 48.4965 -0.00838402 0.00513577 0.999952 1.11495
0.845233 0.534392 0.00236268 86.2507 -0.534368 0.845225 -0.00666431 48.2143 -0.00555835 0.00437036 0.999975 1.12296
0.857705 0.514142 0.000253802 86.7066 -0.514137 0.857699 -0.00384318 47.9478 -0.00219362 0.00316582 0.999993 1.13131
0.871652 0.490125 -0.000804 87.1669 -0.490126 0.87165 -0.00188358 47.694 -0.000222384 0.00203589 0.999998 1.13806
0.887029 0.461714 -0.000495813 87.6334 -0.461715 0.887028 -0.00108784 47.4563 -6.24734e-05 0.00119387 0.999999 1.14512
0.903569 0.42844 0.00130972 88.1054 -0.428437 0.903569 -0.00195541 47.2371 -0.0020212 0.00120572 0.999997 1.15268
0.920583 0.390519 0.00465931 88.5848 -0.390511 0.920595 -0.00258072 47.0419 -0.00529715 0.000556252 0.999986 1.16135
0.937074 0.349002 0.00952013 89.0684 -0.348992 0.937122 -0.00276528 46.8724 -0.00988661 -0.000731178 0.999951 1.16965
0.952783 0.303323 0.0141407 89.5597 -0.303339 0.952882 -0.00104164 46.7256 -0.0137904 -0.00329696 0.9999 1.17796
0.967247 0.253282 0.0167878 90.0508 -0.253335 0.967378 0.00112241 46.6143 -0.0159559 -0.0053386 0.999858 1.18697
0.979909 0.198713 0.0171003 90.5375 -0.198769 0.980045 0.00164964 46.5291 -0.0164312 -0.0050155 0.999852 1.19053
0.990183 0.139008 0.0146313 91.0202 -0.139004 0.990291 -0.00132917 46.47 -0.014674 -0.000717681 0.999892 1.19395
0.997147 0.0748363 0.00990862 91.496 -0.0748113 0.997194 -0.00287524 46.4463 -0.010096 0.00212576 0.999947 1.19764
0.999957 0.00835264 0.00403121 91.9674 -0.00832947 0.999949 -0.00573106 46.4551 -0.00407887 0.00569723 0.999975 1.20189
0.998233 -0.059423 -0.00021208 92.4333 0.0594216 0.998224 -0.00423819 46.5041 0.00046355 0.0042181 0.999991 1.20471
0.991856 -0.127315 -0.00353001 92.8926 0.127305 0.991859 -0.00292385 46.5867 0.00387352 0.00245065 0.999989 1.20789
0.980802 -0.194918 -0.00579607 93.3446 0.194896 0.980815 -0.00410918 46.698 0.00648582 0.00290067 0.999975 1.21275
0.965359 -0.260874 -0.00519441 93.7884 0.260842 0.965362 -0.00617384 46.8377 0.00662508 0.00460505 0.999967 1.22072
0.945643 -0.325204 -0.00100281 94.2221 0.325193 0.94563 -0.00584929 47.009 0.00285049 0.00520523 0.999982 1.23063
0.921687 -0.3879 0.00526859 94.6426 0.387923 0.921681 -0.00446139 47.2118 -0.00312539 0.00615581 0.999976 1.24191
0.894489 -0.446978 0.0100199 95.0479 0.447017 0.894523 -0.00197804 47.4461 -0.00807887 0.00624839 0.999948 1.25153
0.865052 -0.501445 0.0154429 95.4427 0.501491 0.865162 0.000964941 47.7045 -0.0138445 0.00690976 0.99988 1.25741
0.835033 -0.549892 0.0183836 95.8242 0.549886 0.835219 0.00581752 47.9885 -0.0185533 0.00525106 0.999814 1.26458
0.806082 -0.591504 0.0188457 96.1911 0.591439 0.806295 0.00942449 48.2921 -0.0207698 0.0035492 0.999778 1.26769
0.779605 -0.626058 0.0163748 96.5478 0.625848 0.779773 0.0164056 48.6223 -0.0230395 -0.00254172 0.999731 1.26401
0.755764 -0.654731 0.012219 96.8935 0.654506 0.755841 0.0180287 48.9586 -0.0210396 -0.00562805 0.999763 1.25503
0.733915 -0.679172 0.00974195 97.2393 0.678953 0.733946 0.0185945 49.3034 -0.0197789 -0.00703245 0.99978 1.24521
0.717347 -0.696588 0.0133609 97.5897 0.696453 0.717471 0.0136905 49.6473 -0.0191227 -0.000515616 0.999817 1.23864
0.70578 -0.708254 0.0158225 97.9381 0.708162 0.705952 0.0118032 50.0009 -0.0195296 0.00287446 0.999805 1.23712
0.69637 -0.717566 0.012937 98.2838 0.717434 0.69649 0.013806 50.3703 -0.0189172 -0.000332619 0.999821 1.23003
0.689197 -0.724519 0.00892816 98.6332 0.724325 0.689231 0.0177148 50.7535 -0.0189883 -0.00574207 0.999803 1.21652
0.684581 -0.72893 0.0030194 98.9846 0.728722 0.684474 0.0214567 51.1443 -0.0177071 -0.0124885 0.999765 1.20928
0.682447 -0.730926 -0.00361035 99.3444 0.730801 0.68222 0.0224837 51.5412 -0.0139709 -0.0179824 0.999741 1.20679
0.681774 -0.731536 -0.00625766 99.7158 0.731467 0.681522 0.0219774 51.9404 -0.0118125 -0.0195609 0.999739 1.20826
0.683368 -0.730039 -0.00716525 100.099 0.730018 0.68316 0.0191219 52.343 -0.0090647 -0.018298 0.999791 1.20803
0.686464 -0.727103 -0.00938817 100.493 0.72716 0.686364 0.01191 52.7483 -0.00221612 -0.0150025 0.999885 1.20316
0.689542 -0.724148 -0.0119116 100.893 0.724239 0.689512 0.00712988 53.1618 0.00305009 -0.0135432 0.999904 1.19933
0.69272 -0.721049 -0.015069 101.302 0.721203 0.692637 0.0110067 53.5955 0.00250092 -0.0184924 0.999826 1.20194
0.696815 -0.717082 -0.0155479 101.721 0.717249 0.696608 0.0170418 54.039 -0.00138954 -0.0230267 0.999734 1.20684
0.700382 -0.71368 -0.0112102 102.16 0.713744 0.700141 0.0192934 54.4809 -0.0059206 -0.021514 0.999751 1.21155
0.703079 -0.711095 -0.00484355 102.613 0.711014 0.702853 0.0213612 54.9266 -0.0117855 -0.0184624 0.99976 1.21483
0.705561 -0.70865 -0.00018847 103.072 0.708453 0.705359 0.0237199 55.3806 -0.0166762 -0.0168694 0.999719 1.21587
0.70786 -0.706343 0.00373056 103.538 0.706123 0.707754 0.0217751 55.8381 -0.018021 -0.0127795 0.999756 1.21173
0.708311 -0.705884 0.00494245 104.012 0.705734 0.708278 0.0168115 56.2978 -0.0153676 -0.00841972 0.999846 1.20731
0.708178 -0.706029 0.00256894 104.489 0.705971 0.708158 0.0108213 56.7653 -0.00945941 -0.00584984 0.999938 1.20345
0.707778 -0.70643 -0.00272882 104.968 0.706434 0.707763 0.00486143 57.2437 -0.00150291 -0.00536854 0.999985 1.19984
0.706125 -0.708045 -0.00777853 105.456 0.708081 0.706123 0.00351422 57.7363 0.00300437 -0.00798931 0.999964 1.19736
0.704315 -0.709869 -0.00505805 105.959 0.709887 0.70429 0.00596045 58.2413 -0.000668811 -0.00778868 0.999969 1.19739
0.703044 -0.711144 0.00189985 106.476 0.711102 0.703028 0.00924437 58.7571 -0.00790972 -0.00514821 0.999955 1.2025
0.701173 -0.71297 0.00553636 106.995 0.712838 0.701162 0.0152713 59.2838 -0.0147699 -0.00676132 0.999868 1.20825
0.699795 -0.714337 0.003183 107.512 0.714196 0.699733 0.0172501 59.8178 -0.0145496 -0.00979824 0.999846 1.20817
0.698437 -0.715663 -0.00355265 108.03 0.715603 0.698292 0.017337 60.3608 -0.00992669 -0.0146511 0.999843 1.20455
0.69584 -0.718159 -0.00742252 108.559 0.718183 0.695724 0.0134722 60.9065 -0.00451117 -0.0147052 0.999882 1.19984
0.692861 -0.721018 -0.00872216 109.096 0.72107 0.692791 0.00991408 61.4623 -0.0011056 -0.0131584 0.999913 1.19775
0.690097 -0.723688 -0.00650103 109.644 0.723713 0.690033 0.00972389 62.0308 -0.00255114 -0.0114153 0.999932 1.2002
0.687464 -0.726214 -0.00261907 110.198 0.726208 0.68743 0.0079381 62.605 -0.00396433 -0.00735914 0.999965 1.20511
0.68604 -0.727564 5.62416e-05 110.758 0.727532 0.68601 0.00937414 63.1922 -0.00685887 -0.00639012 0.999956 1.21022
0.684879 -0.728648 0.00373273 111.329 0.728596 0.684878 0.00951302 63.7952 -0.00948811 -0.00379561 0.999948 1.21024
0.684369 -0.729088 0.00837699 111.904 0.729055 0.684419 0.00698828 64.3965 -0.0108284 0.00132473 0.99994 1.20906
0.683894 -0.72953 0.00862039 112.479 0.72948 0.683948 0.00856963 65.0088 -0.0121477 0.000427687 0.999926 1.20986
0.684245 -0.729239 0.00433499 113.049 0.729178 0.684248 0.0102493 65.625 -0.0104404 -0.00385205 0.999938 1.21018
0.684698 -0.728824 -0.00182606 113.622 0.728791 0.684637 0.0116759 66.2456 -0.00725946 -0.00932525 0.99993 1.20978
0.685245 -0.728265 -0.00833413 114.198 0.72829 0.685088 0.0157777 66.8696 -0.00578074 -0.0168812 0.999841 1.20851
0.687103 -0.726438 -0.0133172 114.778 0.726532 0.6868 0.0213873 67.501 -0.00639032 -0.0243706 0.999683 1.2114
0.689482 -0.724164 -0.0141945 115.365 0.724245 0.689047 0.0261361 68.1308 -0.00914616 -0.0283006 0.999558 1.21672
0.691292 -0.722424 -0.0147982 115.96 0.722524 0.690855 0.0260375 68.7543 -0.00858669 -0.0286916 0.999551 1.21964
0.6928 -0.720943 -0.0164204 116.557 0.72111 0.692431 0.0232377 69.3791 -0.00538312 -0.02794 0.999595 1.2179
0.693528 -0.72035 -0.0106609 117.169 0.720402 0.693297 0.0189984 70.0111 -0.00629433 -0.0208561 0.999763 1.20861
0.69384 -0.720106 -0.00582413 117.781 0.720103 0.693724 0.014104 70.6363 -0.00611601 -0.0139799 0.999884 1.20468
0.694905 -0.719087 -0.00456677 118.386 0.719075 0.694812 0.0129308 71.264 -0.00612531 -0.0122695 0.999906 1.20407
0.695651 -0.718355 -0.00595578 118.988 0.718336 0.695494 0.016784 71.8982 -0.00791468 -0.0159541 0.999841 1.20124
0.696309 -0.717729 -0.00431309 119.591 0.717623 0.696071 0.0223875 72.533 -0.0130659 -0.0186838 0.99974 1.19778
0.696999 -0.717062 -0.00367498 120.193 0.716816 0.696605 0.0302499 73.1631 -0.019131 -0.0237184 0.999536 1.19889
0.697919 -0.716149 -0.00639375 120.789 0.716053 0.697604 0.0248192 73.7651 -0.013314 -0.0219001 0.999671 1.20539
0.698273 -0.715745 -0.0111355 121.386 0.715832 0.69819 0.0107618 74.3517 7.19628e-05 -0.0154858 0.99988 1.21323
0.69799 -0.715968 -0.0141238 121.986 0.71602 0.698077 -0.0018156 74.9373 0.0111594 -0.00884568 0.999899 1.22238
0.697376 -0.716638 -0.00981773 122.591 0.716685 0.697395 0.00194336 75.542 0.00545415 -0.00839147 0.99995 1.2351
0.696416 -0.717614 0.0058805 123.204 0.717457 0.696401 0.016788 76.1596 -0.0161425 -0.00747242 0.999842 1.24924
0.695195 -0.718606 0.0175905 123.81 0.718019 0.695368 0.0302113 76.7733 -0.0339419 -0.00837239 0.999389 1.26253
0.694823 -0.719057 0.0133444 124.397 0.718586 0.694884 0.0277578 77.3665 -0.0292322 -0.00969763 0.999526 1.25488
0.6942 -0.719781 -0.000658718 124.972 0.719653 0.694059 0.0194993 77.9505 -0.013578 -0.0140105 0.99981 1.23614
0.693442 -0.720485 -0.00626794 125.555 0.720499 0.69335 0.0121499 78.5327 -0.00440793 -0.0129413 0.999907 1.21968
0.692099 -0.721789 -0.00440367 126.144 0.721798 0.692057 0.00805139 79.1181 -0.00276381 -0.00875092 0.999958 1.21988
0.690135 -0.723677 -0.00226695 126.722 0.723654 0.690079 0.0107228 79.7173 -0.00619546 -0.00904066 0.99994 1.22048
0.687582 -0.726101 -0.00281763 127.291 0.726092 0.687539 0.00895109 80.3115 -0.00456217 -0.00820048 0.999956 1.20945
0.68406 -0.729413 -0.0043834 127.856 0.729423 0.684026 0.00715087 80.9028 -0.00221758 -0.00808898 0.999965 1.19452
0.681703 -0.731593 -0.00725304 128.413 0.731622 0.681619 0.011148 81.5031 -0.00321196 -0.0129061 0.999912 1.19049
0.68005 -0.733051 -0.0129808 128.966 0.733165 0.679909 0.0139196 82.1036 -0.00137797 -0.0189831 0.999819 1.18347
0.67867 -0.734322 -0.013339 129.525 0.734434 0.678455 0.0174679 82.7043 -0.00377715 -0.0216516 0.999758 1.18253
0.677612 -0.735358 -0.00947762 130.087 0.735371 0.677363 0.020222 83.3018 -0.00845059 -0.0206722 0.999751 1.18167
0.676648 -0.736261 -0.00823342 130.644 0.736251 0.676417 0.0198697 83.8954 -0.00906002 -0.0195066 0.999769 1.18069
0.674779 -0.737967 -0.0087657 131.196 0.737999 0.674625 0.0154428 84.4894 -0.0054827 -0.0168895 0.999842 1.17841
0.671479 -0.740991 -0.00698662 131.745 0.741019 0.671412 0.00985901 85.0762 -0.00261454 -0.0117973 0.999927 1.17246
0.66664 -0.745359 -0.00556148 132.29 0.74538 0.666615 0.00574431 85.6754 -0.000574209 -0.0079748 0.999968 1.17156
0.661583 -0.749868 -0.00250283 132.829 0.749856 0.661544 0.00866516 86.2878 -0.00484199 -0.00760949 0.999959 1.17463
0.656858 -0.754005 0.00365328 133.368 0.75389 0.65683 0.0149625 86.9053 -0.0136814 -0.00707409 0.999881 1.17883
0.653505 -0.756834 0.0115769 133.899 0.756588 0.653595 0.0197003 87.5276 -0.0224765 -0.00411524 0.999739 1.174
0.650338 -0.759597 0.00849391 134.416 0.759183 0.650292 0.027575 88.1534 -0.0264695 -0.0114847 0.999584 1.16639
0.647029 -0.762458 0.00331521 134.925 0.762155 0.646884 0.0257152 88.7731 -0.0217514 -0.0141118 0.999664 1.15668
0.641802 -0.766867 -0.00232575 135.437 0.766783 0.64168 0.0170475 89.3846 -0.0115808 -0.0127245 0.999852 1.14462
0.636788 -0.771031 -0.00365604 135.951 0.771024 0.636737 0.00939882 90.0041 -0.00491884 -0.00880395 0.999949 1.13201
0.631632 -0.775265 -0.00238205 136.466 0.775252 0.631595 0.00853822 90.6363 -0.00511489 -0.0072397 0.999961 1.12836
0.625585 -0.780135 -0.00563969 136.972 0.780105 0.625445 0.0159821 91.2846 -0.00894086 -0.0143977 0.999856 1.13256
0.619425 -0.784982 -0.0107686 137.469 0.785014 0.619193 0.0187637 91.9338 -0.00806135 -0.0200762 0.999766 1.13173
0.611647 -0.790969 -0.0159761 137.967 0.791127 0.611457 0.0154804 92.5762 -0.00247586 -0.0221077 0.999753 1.12775
0.604769 -0.796231 -0.0164353 138.463 0.796401 0.604651 0.0119505 93.2223 0.000422265 -0.0203164 0.999794 1.12021
0.598301 -0.801115 -0.0158089 138.957 0.80127 0.598161 0.0130043 93.8811 -0.000961743 -0.0204477 0.99979 1.11681
0.591972 -0.805822 -0.0148115 139.439 0.80592 0.591666 0.0205886 94.5551 -0.00782725 -0.0241247 0.999678 1.11265
0.585459 -0.810574 -0.0143841 139.916 0.810587 0.584986 0.0271954 95.2353 -0.0136294 -0.0275813 0.999527 1.11167
0.579275 -0.815044 -0.0119648 140.39 0.814943 0.578763 0.0300314 95.9114 -0.0175522 -0.0271471 0.999477 1.10824
0.57404 -0.818751 -0.0111549 140.861 0.818603 0.573512 0.0311866 96.5878 -0.0191366 -0.0270338 0.999451 1.10244
0.570412 -0.82128 -0.0113484 141.327 0.82116 0.569917 0.029825 97.2666 -0.018027 -0.0263314 0.999491 1.09749
0.566748 -0.823695 -0.0179687 141.784 0.823804 0.566239 0.0268245 97.946 -0.0119206 -0.0300054 0.999479 1.09375
0.5638 -0.82548 -0.026702 142.23 0.825887 0.563242 0.025871 98.6303 -0.00631631 -0.0366389 0.999309 1.08716
0.561522 -0.826938 -0.0294335 142.679 0.827457 0.561046 0.0232704 99.3163 -0.0027296 -0.0374218 0.999296 1.07861
0.55894 -0.828737 -0.027945 143.138 0.829165 0.558246 0.0291214 100.014 -0.00853376 -0.0394481 0.999185 1.07075
0.55712 -0.830057 -0.0249427 143.595 0.830239 0.556092 0.0382733 100.719 -0.0178986 -0.0420312 0.998956 1.06172
0.554379 -0.831986 -0.021538 144.051 0.831852 0.553104 0.0457986 101.421 -0.026191 -0.0433062 0.998718 1.05354
0.550436 -0.834614 -0.0209936 144.501 0.834527 0.549301 0.0428198 102.111 -0.0242062 -0.0410892 0.998862 1.04075
0.546114 -0.837544 -0.0167311 144.954 0.837561 0.545528 0.0298439 102.789 -0.0158683 -0.0303114 0.999415 1.02508
0.540354 -0.841288 -0.0158664 145.4 0.841394 0.540039 0.020314 103.474 -0.00852149 -0.0243266 0.999668 1.00484
0.534517 -0.844957 -0.0184232 145.833 0.845099 0.534094 0.0234955 104.179 -0.010013 -0.0281281 0.999554 0.99041
0.528255 -0.848963 -0.0144644 146.27 0.848954 0.527795 0.0266323 104.89 -0.0149756 -0.0263483 0.999541 0.980699
0.521929 -0.852946 -0.00859364 146.711 0.85276 0.521529 0.028426 105.601 -0.019764 -0.0221647 0.999559 0.96951
0.51696 -0.856009 -0.000296134 147.151 0.855725 0.516779 0.0259549 106.317 -0.0220646 -0.013671 0.999663 0.953381
0.51174 -0.859131 0.00403089 147.586 0.858834 0.511677 0.0243098 107.039 -0.0229478 -0.00897842 0.999696 0.940843
0.506534 -0.862209 0.00424136 148.01 0.862041 0.506523 0.0178718 107.759 -0.0175576 -0.00539645 0.999831 0.928603
0.500526 -0.865702 0.00573945 148.431 0.86569 0.500554 0.0052588 108.473 -0.00742546 0.00233641 0.99997 0.912899
0.494549 -0.869065 0.0121541 148.857 0.86915 0.494495 -0.00733257 109.188 0.000362338 0.01419 0.999899 0.902902
0.488947 -0.872196 0.0143234 149.272 0.872282 0.489004 0.000489938 109.931 -0.00743152 0.0122545 0.999897 0.896128
0.484198 -0.874875 0.0120987 149.674 0.874721 0.484343 0.016573 110.693 -0.0203592 0.00255833 0.999789 0.891425
0.479777 -0.877323 0.0109338 150.073 0.876904 0.479888 0.0273332 111.451 -0.0292271 -0.00352594 0.999567 0.886742
0.476318 -0.879212 0.0103522 150.47 0.878839 0.47642 0.0258161 112.197 -0.0276298 -0.00319875 0.999613 0.87242
0.474836 -0.880064 0.00415049 150.86 0.879906 0.474833 0.0172775 112.938 -0.0171761 -0.00455196 0.999842 0.855526
0.472514 -0.881267 -0.00997238 151.239 0.881294 0.472376 0.013436 113.686 -0.00712994 -0.0151373 0.99986 0.843302
0.470778 -0.882171 -0.0119553 151.631 0.882244 0.470676 0.0104341 114.438 -0.00357755 -0.0154597 0.999874 0.835576
0.468357 -0.883526 -0.00480714 152.04 0.883512 0.468292 0.0104458 115.191 -0.00697799 -0.00913952 0.999934 0.833487
0.46793 -0.883766 -0.000426438 152.441 0.883621 0.467844 0.0183311 115.955 -0.0160009 -0.00895446 0.999832 0.830536
0.468145 -0.883651 0.00103067 152.838 0.883369 0.468025 0.0247344 116.723 -0.022339 -0.0106689 0.999694 0.829519
0.466708 -0.88441 0.001432 153.237 0.884161 0.466614 0.0230248 117.481 -0.0210315 -0.00947974 0.999734 0.826886
0.464982 -0.885319 -0.00158716 153.63 0.885216 0.464899 0.0161551 118.234 -0.0135645 -0.00891679 0.999868 0.82326
0.46319 -0.886257 0.0016607 154.032 0.886257 0.463192 0.00141763 118.977 -0.00202561 0.000815174 0.999998 0.818479
0.461251 -0.887222 0.00919413 154.439 0.887263 0.461183 -0.00858834 119.722 0.00337958 0.012119 0.999921 0.818796
0.460148 -0.887785 0.0100835 154.835 0.887842 0.460131 -0.00409455 120.487 -0.00100464 0.0108366 0.999941 0.823684
0.45892 -0.88842 0.0100996 155.225 0.888417 0.458992 0.0064946 121.258 -0.0104056 0.00599215 0.999928 0.833871
0.457335 -0.889231 0.0106718 155.61 0.889147 0.457445 0.0126955 122.018 -0.016171 0.00368274 0.999862 0.839393
0.45652 -0.889649 0.0107018 155.996 0.889627 0.456611 0.00839398 122.764 -0.0123542 0.00568855 0.999907 0.837721
0.456528 -0.889679 0.00734032 156.381 0.889689 0.456558 0.00293701 123.507 -0.00596427 0.00518978 0.999969 0.834242
0.456336 -0.889807 0.000539306 156.755 0.889797 0.456334 0.00443392 124.26 -0.00419143 -0.00154349 0.99999 0.833563
0.45591 -0.890026 -0.000249171 157.134 0.889986 0.455887 0.0095805 125.013 -0.0084133 -0.00458961 0.999954 0.836881
0.455137 -0.890419 -0.00193889 157.512 0.890348 0.455071 0.013846 125.763 -0.0114464 -0.00802812 0.999902 0.840842
0.454811 -0.890582 -0.00324869 157.889 0.890472 0.454689 0.0178245 126.511 -0.014397 -0.0109996 0.999836 0.839087
0.454343 -0.890801 -0.00681376 158.258 0.890712 0.454148 0.0195141 127.258 -0.0142887 -0.0149352 0.999786 0.836902
0.453837 -0.891061 -0.00641902 158.629 0.891002 0.453686 0.0168648 127.997 -0.0121154 -0.0133732 0.999837 0.835269
0.452993 -0.891446 -0.0109976 158.992 0.891492 0.45286 0.012609 128.726 -0.00625988 -0.015516 0.99986 0.830539
0.451892 -0.891984 -0.0125562 159.352 0.892058 0.451758 0.0121378 129.457 -0.00515431 -0.0166858 0.999847 0.824132
0.454407 -0.890701 -0.0128984 159.675 0.890783 0.454281 0.0116399 130.091 -0.00450817 -0.0167789 0.999849 0.817808
0.457095 -0.88932 -0.0131985 159.997 0.88941 0.456976 0.0111262 130.721 -0.00386334 -0.0168246 0.999851 0.811492
0.459778 -0.887931 -0.013502 160.32 0.888028 0.459667 0.0106143 131.352 -0.00321832 -0.0168704 0.999852 0.805174
0.462457 -0.886534 -0.0138086 160.642 0.886638 0.462354 0.0101044 131.982 -0.00257346 -0.0169161 0.999854 0.798857
0.465131 -0.885129 -0.0141184 160.964 0.88524 0.465036 0.00959657 132.612 -0.00192865 -0.0169618 0.999854 0.79254
0.467801 -0.883716 -0.0144314 161.286 0.883833 0.467715 0.00909056 133.242 -0.00128368 -0.0170075 0.999855 0.786222
0.470467 -0.882294 -0.0147476 161.608 0.882417 0.470389 0.00858652 133.872 -0.000638714 -0.0170532 0.999854 0.779902
0.473128 -0.880865 -0.015067 161.93 0.880993 0.473059 0.00808447 134.502 6.27642e-06 -0.0170989 0.999854 0.773583
0.475785 -0.879427 -0.0153896 162.252 0.879561 0.475725 0.00758443 135.132 0.000651268 -0.0171446 0.999853 0.767262
0.478438 -0.877981 -0.0157153 162.574 0.87812 0.478387 0.00708641 135.762 0.00129627 -0.0171903 0.999851 0.760942
0.481086 -0.876527 -0.0160441 162.896 0.876671 0.481044 0.00659044 136.392 0.00194125 -0.017236 0.99985 0.754621
