0.498057 -0.866575 0.0313963 0.704795 0.866938 0.498401 0.00373787 0.544794 -0.0188871 0.025357 0.9995 0.775947
0.493954 -0.868933 0.0310553 1.13034 0.869291 0.494287 0.0036162 1.15408 -0.0184925 0.0252099 0.999511 0.76191
0.489903 -0.871337 0.0276899 1.46232 0.871601 0.490194 0.00450038 1.90671 -0.0174948 0.0219298 0.999606 0.745042
0.486089 -0.87349 0.0270828 1.847 0.873725 0.48639 0.00548776 2.61013 -0.0179663 0.0209954 0.999618 0.750451
0.482371 -0.875545 0.0271912 2.23161 0.87572 0.48274 0.0087719 3.33636 -0.0208065 0.0195806 0.999592 0.744755
0.47927 -0.877162 0.0297946 2.62994 0.877368 0.479717 0.00982031 4.05531 -0.022907 0.0214343 0.999508 0.716495
0.47671 -0.878558 0.0297093 3.00993 0.878761 0.477158 0.00998191 4.77041 -0.0229457 0.0213489 0.999509 0.681469
0.475051 -0.879455 0.0297682 3.39211 0.879668 0.475491 0.00960067 5.48724 -0.0225979 0.0216253 0.999511 0.668992
0.473363 -0.880325 0.030908 3.79352 0.880589 0.473804 0.00852783 6.2323 -0.0221516 0.0231805 0.999486 0.677362
0.471282 -0.881412 0.0317178 4.19135 0.881692 0.471745 0.00873722 6.97912 -0.0226638 0.0238477 0.999459 0.655753
0.469953 -0.882011 0.0346661 4.59253 0.882399 0.470445 0.00724815 7.7675 -0.0227015 0.0271831 0.999373 0.635258
0.468594 -0.882785 0.0333261 4.99084 0.883165 0.469023 0.00603624 8.55787 -0.0209594 0.0266039 0.999426 0.617754
0.467401 -0.883524 0.0303643 5.39437 0.883857 0.467734 0.00458886 9.325 -0.0182568 0.0246929 0.999528 0.607038
0.466251 -0.884272 0.0259534 5.80004 0.884484 0.466533 0.0058224 10.114 -0.0172567 0.0202407 0.999646 0.592798
0.464184 -0.885408 0.0241825 6.20476 0.88557 0.464456 0.006826 10.915 -0.0172755 0.0182467 0.999684 0.574342
0.463375 -0.885805 0.0251607 6.62199 0.885971 0.463678 0.00765806 11.7086 -0.01845 0.0187431 0.999654 0.559819
0.462139 -0.886427 0.0259799 7.02877 0.886589 0.462477 0.00862657 12.5314 -0.0196619 0.0190468 0.999625 0.564905
0.461266 -0.886867 0.0264588 7.44343 0.887036 0.461617 0.00883176 13.3458 -0.0200464 0.0193961 0.999611 0.560354
0.459894 -0.887575 0.0266053 7.85275 0.887763 0.460232 0.00799907 14.1414 -0.0193444 0.0199405 0.999614 0.546852
0.458916 -0.888076 0.026784 8.28013 0.888278 0.459245 0.00747529 14.9536 -0.018939 0.0203611 0.999613 0.532194
0.45795 -0.888547 0.0276586 8.72453 0.888745 0.45832 0.00860523 15.7894 -0.0203226 0.0206407 0.99958 0.506751
0.457809 -0.888641 0.0269745 9.14551 0.888737 0.458243 0.0126746 16.6064 -0.0236241 0.0181707 0.999556 0.470982
0.458464 -0.888242 0.0289407 9.5611 0.888309 0.458994 0.0151863 17.4665 -0.0267727 0.0187459 0.999466 0.486846
0.460226 -0.887323 0.029164 10.0141 0.887306 0.460818 0.0182809 18.292 -0.0296604 0.0174641 0.999407 0.458453
0.461357 -0.886607 0.0328429 10.4155 0.886672 0.462053 0.0178913 19.1345 -0.0310377 0.0208666 0.9993 0.478122
0.462907 -0.885775 0.0334758 10.8393 0.885928 0.463568 0.0153655 19.9634 -0.0291286 0.0225444 0.999321 0.459992
0.464146 -0.885243 0.0302161 11.2749 0.885415 0.464646 0.0119949 20.8028 -0.0246582 0.0211864 0.999471 0.436226
0.465217 -0.884731 0.0286971 11.7483 0.884934 0.465625 0.00928283 21.6782 -0.0215749 0.0210765 0.999545 0.383493
0.465951 -0.884431 0.0259085 12.1848 0.884524 0.466345 0.0118172 22.5241 -0.0225338 0.0174105 0.999594 0.308324
0.466052 -0.88434 0.0271913 12.6259 0.88434 0.466556 0.0163931 23.4053 -0.0271833 0.0164064 0.999496 0.301916
0.464839 -0.884662 0.0360273 13.0842 0.884867 0.465582 0.015599 24.272 -0.0305736 0.0246283 0.999229 0.373954
0.463997 -0.884708 0.04471 13.5765 0.885314 0.464866 0.0108983 25.1174 -0.030426 0.0345256 0.998941 0.384549
0.463082 -0.885047 0.0473951 13.9957 0.885882 0.463866 0.0064778 26.0146 -0.0277181 0.0389867 0.998855 0.33121
0.461617 -0.885772 0.0481476 14.4545 0.886756 0.462233 0.00188275 26.8908 -0.0239231 0.0418261 0.998838 0.303794
0.459694 -0.887168 0.0401738 14.9135 0.887805 0.460202 0.00392871 27.7786 -0.0219735 0.0338605 0.999185 0.186465
0.458933 -0.887644 0.0383244 15.4237 0.888152 0.459496 0.0069622 28.6583 -0.0237899 0.0308427 0.999241 0.166425
0.457953 -0.888061 0.0403216 15.814 0.888585 0.458626 0.00886177 29.5548 -0.0263623 0.0317709 0.999147 0.214348
0.456943 -0.888634 0.0391529 16.2669 0.889067 0.457647 0.0109229 30.4551 -0.0276247 0.0298184 0.999174 0.223362
0.455838 -0.889132 0.0406992 16.755 0.889568 0.456632 0.0124628 31.3918 -0.0296656 0.0305237 0.999094 0.158542
0.455368 -0.889444 0.0390965 17.2461 0.889673 0.456259 0.0176004 32.247 -0.0334927 0.0267684 0.99908 0.0856902
0.45481 -0.889601 0.0419274 17.6561 0.889877 0.455825 0.0185333 33.1616 -0.0355988 0.0288811 0.998949 0.211525
0.455239 -0.889348 0.042621 18.1317 0.889653 0.456271 0.0182788 34.0478 -0.035703 0.0295967 0.998924 0.194597
0.455016 -0.889366 0.0445995 18.5473 0.88982 0.456039 0.0157536 34.964 -0.0343498 0.0325174 0.998881 0.162087
0.455685 -0.889287 0.0389894 19.0511 0.889563 0.456531 0.0160611 35.8403 -0.0320828 0.0273647 0.999111 0.0993436
0.455109 -0.889604 0.0384677 19.4045 0.889878 0.455928 0.0156891 36.7501 -0.0314956 0.0270913 0.999137 0.0409143
0.453573 -0.890323 0.0399635 19.8548 0.890628 0.454449 0.0160493 37.6403 -0.0324505 0.0283131 0.999072 -0.00170989
0.452821 -0.89051 0.0441009 20.3718 0.890971 0.453806 0.0151758 38.5068 -0.0335275 0.0324208 0.998912 0.0107123
0.452329 -0.890761 0.0440756 20.8049 0.891259 0.453277 0.014062 39.3864 -0.0325043 0.0329221 0.998929 0.0790721
0.452263 -0.89108 0.037875 21.2324 0.891474 0.452936 0.011128 40.2521 -0.0270708 0.0287318 0.999221 0.148839
0.452255 -0.891088 0.037783 21.6665 0.891532 0.452866 0.00908634 41.1336 -0.0252074 0.0295755 0.999245 -0.118971
0.451655 -0.89151 0.0349043 22.0821 0.891767 0.452302 0.013192 42.0359 -0.0275481 0.0251683 0.999304 -0.240783
0.451238 -0.891644 0.0368303 22.5517 0.891831 0.452042 0.0171768 42.8829 -0.0319644 0.0250956 0.999174 -0.134883
0.450914 -0.891695 0.0394469 22.9941 0.891974 0.451786 0.0165164 43.7699 -0.0325491 0.0277381 0.999085 0.0886448
0.451392 -0.891317 0.0424107 23.462 0.891741 0.452307 0.0147319 44.6193 -0.0323135 0.0311694 0.998992 -0.0254322
0.450815 -0.891463 0.045395 23.8086 0.892091 0.451712 0.0113797 45.5072 -0.0306501 0.0353663 0.998904 -0.00405735
0.449568 -0.892047 0.0462679 24.2472 0.89271 0.45049 0.0113281 46.3542 -0.0309484 0.0362111 0.998865 -0.1965
0.4489 -0.892127 0.0509713 24.761 0.892936 0.450013 0.0123609 47.1885 -0.0339653 0.0399653 0.998624 -0.238852
0.447901 -0.892343 0.0557636 25.1395 0.893219 0.449338 0.0159622 48.0712 -0.0393005 0.0426596 0.998316 -0.309771
0.44693 -0.892993 0.0530804 25.5718 0.893601 0.448419 0.0199192 48.9309 -0.0415899 0.0385303 0.998392 -0.0832621
0.446304 -0.893224 0.054443 26.0384 0.893989 0.44775 0.0174425 49.7596 -0.0399569 0.0408868 0.998365 0.0489177
0.445062 -0.894137 0.0493897 26.3485 0.894886 0.446122 0.0124333 50.6096 -0.0331509 0.0386645 0.998702 0.0740633
0.444191 -0.894726 0.0464803 26.8122 0.895541 0.444932 0.00649242 51.3854 -0.0264895 0.0387411 0.998898 -0.131421
0.443266 -0.895513 0.0396615 27.2091 0.896009 0.443934 0.00953521 52.2422 -0.026146 0.0313105 0.999168 -0.576746
0.442904 -0.895963 0.0329729 27.6312 0.896047 0.443602 0.0178232 53.0665 -0.0305958 0.0216513 0.999297 -0.605564
0.441941 -0.896466 0.0321959 27.936 0.89648 0.442651 0.0195946 53.8662 -0.0318174 0.0202033 0.99929 -0.0694913
0.440347 -0.897193 0.0337613 28.3421 0.897302 0.441065 0.0176402 54.6903 -0.0307175 0.0225263 0.999274 -0.0348069
0.439187 -0.897673 0.036016 28.7227 0.897856 0.43996 0.0170265 55.405 -0.0311298 0.0248593 0.999206 -0.315461
0.437911 -0.898267 0.0367452 29.076 0.898454 0.438719 0.0174993 56.168 -0.0318398 0.0253507 0.999171 -0.291898
0.436582 -0.899036 0.0336158 29.4368 0.899083 0.437338 0.0196039 56.9159 -0.0323261 0.0216647 0.999243 -0.274223
0.435512 -0.899448 0.0363808 29.8365 0.899579 0.436344 0.019007 57.6495 -0.0329704 0.0244496 0.999157 -0.287629
0.434433 -0.900068 0.0338478 30.1584 0.900046 0.435245 0.0218886 58.4293 -0.0344333 0.0209554 0.999187 -0.390463
0.433266 -0.900774 0.0297999 30.4941 0.900452 0.434043 0.0281687 59.1423 -0.038308 0.0146288 0.999159 -0.528649
0.43174 -0.901476 0.0306779 30.8041 0.901079 0.432586 0.0304352 59.8081 -0.0407074 0.0145031 0.999066 -0.304337
0.431011 -0.901863 0.0295391 31.1821 0.901514 0.431788 0.0288437 60.4913 -0.0387677 0.014198 0.999147 -0.040359
0.429538 -0.902573 0.0293143 31.392 0.902496 0.430184 0.0210295 61.1935 -0.0315912 0.0174231 0.999349 0.0167902
0.428409 -0.903322 0.021821 31.7506 0.903233 0.428791 0.0175632 61.8264 -0.0252218 0.0121852 0.999608 -0.332426
0.428078 -0.903512 0.0203888 32.0989 0.903419 0.428419 0.0170864 62.4401 -0.0241727 0.0111054 0.999646 -0.726545
0.427658 -0.903791 0.0164575 32.3392 0.903524 0.427942 0.0225884 63.0985 -0.0274581 0.00520966 0.999609 -0.851864
0.426561 -0.904288 0.0175392 32.5729 0.903932 0.426895 0.0258524 63.7285 -0.0308654 0.00482663 0.999512 -0.531965
0.425554 -0.9045 0.0279734 32.9212 0.904484 0.426114 0.0183302 64.2749 -0.0284995 0.017501 0.999441 -0.0720566
0.425989 -0.904249 0.0294436 33.2529 0.904466 0.426424 0.010206 64.8147 -0.0217842 0.0222831 0.999514 0.131963
0.427047 -0.903619 0.0332144 33.4817 0.904074 0.427366 0.00281788 65.3651 -0.016741 0.028825 0.999444 -0.374404
0.429762 -0.902419 0.0307283 33.7995 0.902789 0.430067 0.00379652 65.8185 -0.0166413 0.0261095 0.999521 -0.69227
0.433562 -0.900719 0.0269953 34.0451 0.900924 0.433902 0.00809101 66.34 -0.0190011 0.0208127 0.999603 -0.821713
0.438033 -0.898386 0.0321006 34.2379 0.898648 0.438541 0.0106635 66.8682 -0.0236574 0.0241762 0.999428 -0.77126
0.442723 -0.895903 0.0368099 34.5088 0.896222 0.443415 0.0130248 67.4322 -0.027991 0.0272234 0.999237 -0.572404
0.449361 -0.892308 0.0431383 34.8439 0.892821 0.450233 0.012695 67.8283 -0.0307502 0.0328102 0.998988 -0.439122
0.45869 -0.887687 0.0401971 35.1477 0.888035 0.459539 0.0147654 68.2394 -0.0315791 0.0289237 0.999083 -0.46968
0.471402 -0.881209 0.0353624 35.4953 0.881343 0.472164 0.0172222 68.6661 -0.0318732 0.0230479 0.999226 -0.543857
0.485885 -0.873473 0.0309959 35.8122 0.873402 0.486571 0.0204551 69.0723 -0.0329487 0.017133 0.99931 -0.632277
0.504571 -0.862805 0.0312505 36.1965 0.862688 0.50528 0.0214634 69.4059 -0.034309 0.0161297 0.999281 -0.588552
0.526606 -0.849406 0.0345751 36.3704 0.849357 0.527416 0.0206376 69.8461 -0.0357651 0.0184987 0.999189 -0.58785
0.55085 -0.833807 0.0364755 36.7649 0.833764 0.55173 0.0207571 70.141 -0.0374321 0.0189779 0.999119 -0.635205
0.577381 -0.815589 0.0380287 37.0358 0.815446 0.578365 0.0232587 70.4889 -0.040964 0.0175813 0.999006 -0.791095
0.607907 -0.793064 0.0387251 37.4417 0.792887 0.608917 0.0234688 70.786 -0.0421926 0.0164378 0.998974 -0.456546
0.639985 -0.76743 0.0383575 37.8503 0.767183 0.640979 0.0240015 71.0347 -0.0430058 0.0140666 0.998976 -0.513436
0.674018 -0.737665 0.0393621 38.1763 0.737357 0.675053 0.0246713 71.307 -0.0447706 0.012395 0.99892 -0.617939
0.710151 -0.702997 0.0384769 38.4184 0.702617 0.711132 0.024917 71.6088 -0.0448787 0.00933973 0.998949 -0.491579
0.748132 -0.662543 0.036543 38.799 0.662119 0.749 0.0244346 71.8363 -0.0435597 0.00591547 0.999033 -0.508623
0.78539 -0.617938 0.0362815 39.209 0.617461 0.786221 0.0244819 71.9866 -0.0436536 0.00317453 0.999042 -0.644963
0.821647 -0.568835 0.0363721 39.5624 0.568319 0.822452 0.0242339 72.1958 -0.0436993 0.000759252 0.999044 -0.564053
0.856127 -0.515565 0.0351898 39.8598 0.515036 0.856848 0.0234395 72.4284 -0.0422369 -0.00194319 0.999106 -0.523646
0.887983 -0.458519 0.0353194 40.1617 0.458047 0.888682 0.0209239 72.5677 -0.0409817 -0.00240216 0.999157 -0.542994
0.915814 -0.400058 0.0351891 40.4454 0.39953 0.916474 0.021237 72.7051 -0.0407459 -0.00538999 0.999155 -0.784468
0.939368 -0.340936 0.0367463 40.7716 0.340372 0.94006 0.020847 72.8586 -0.0416512 -0.00707558 0.999107 -0.596725
0.959033 -0.280487 0.0397727 41.2256 0.279785 0.959802 0.0223611 72.9116 -0.0444459 -0.0103172 0.998959 -0.794762
0.974775 -0.219427 0.0408177 41.5515 0.218667 0.975545 0.0222773 72.995 -0.0447077 -0.0127898 0.998918 -0.462982
0.986332 -0.159632 0.0408227 41.8009 0.158955 0.987096 0.0193367 73.0836 -0.0433827 -0.0125835 0.998979 -0.391877
0.993993 -0.101568 0.0407683 42.1097 0.101032 0.99477 0.0150278 73.1418 -0.0420814 -0.0108186 0.999056 -0.44122
0.998154 -0.0451466 0.0406224 42.5218 0.044471 0.998859 0.0173842 73.1186 -0.0413609 -0.0155455 0.999023 -1.00615
0.999138 0.00972005 0.0403593 42.9584 -0.0105502 0.999736 0.0204067 73.0934 -0.0401503 -0.0208149 0.998977 -0.614352
0.997396 0.0608632 0.0386868 43.206 -0.0616698 0.997896 0.020009 73.1243 -0.0373875 -0.0223427 0.999051 -0.231322
0.993332 0.108836 0.038042 43.5883 -0.1095 0.993861 0.0158282 73.0631 -0.0360858 -0.0198882 0.999151 -0.392765
0.987482 0.152995 0.0383687 43.9202 -0.153197 0.988193 0.00236266 73.0128 -0.0375542 -0.00821106 0.999261 -0.0280108
0.980845 0.190635 0.0400185 43.8628 -0.190661 0.981651 -0.00318131 73.144 -0.0398907 -0.00450961 0.999194 -0.733322
0.973554 0.2256 0.0360266 44.53 -0.225681 0.974199 -0.0018674 72.9319 -0.0355183 -0.00631249 0.999349 -0.38157
0.965826 0.256072 0.0400916 44.8048 -0.256539 0.966509 0.00689336 72.9141 -0.0369837 -0.0169428 0.999172 -0.964095
0.957398 0.28649 0.0362151 45.6758 -0.287209 0.957727 0.0164031 72.5831 -0.0299848 -0.0261056 0.999209 -0.37694
0.949744 0.311217 0.0336117 45.6059 -0.311838 0.950017 0.0150089 72.6912 -0.0272606 -0.024736 0.999322 0.322123
0.942109 0.333945 0.0301826 46.2955 -0.334384 0.942376 0.0107442 72.3466 -0.0248553 -0.0202148 0.999487 -0.214451
0.935072 0.35385 0.0207683 46.591 -0.354032 0.935215 0.00577147 72.24 -0.0173806 -0.0127494 0.999768 -0.189573
0.928164 0.371854 0.0153382 47.0962 -0.371976 0.928224 0.00591469 71.9877 -0.0120378 -0.0111952 0.999865 -1.0663
0.921357 0.388367 0.016525 47.4027 -0.388533 0.921397 0.00835739 71.869 -0.0119803 -0.0141206 0.999829 -1.46486
0.915039 0.402859 0.020221 47.8375 -0.403069 0.915139 0.0075275 71.6925 -0.0154725 -0.0150384 0.999767 -0.868223
0.908779 0.41663 0.0232544 48.3049 -0.416825 0.908978 0.00406641 71.4815 -0.0194435 -0.0133885 0.999721 -0.784085
0.903789 0.427495 0.0203583 48.5931 -0.427646 0.903939 0.00358271 71.2986 -0.0168711 -0.0119442 0.999786 -0.580959
0.898667 0.438244 0.0184347 49.1271 -0.438307 0.898825 -0.000648615 71.0268 -0.0168538 -0.00749717 0.99983 -0.374632
0.89418 0.447364 0.0175566 49.4518 -0.447404 0.89433 -0.00178947 70.8374 -0.016502 -0.0062548 0.999844 -0.878516
0.89012 0.455345 0.0186303 50.0497 -0.455212 0.890314 -0.0110848 70.5837 -0.0216343 0.00138608 0.999765 -0.445033
0.887612 0.460374 0.0141991 50.3457 -0.460223 0.887713 -0.0126895 70.4399 -0.0184466 0.00472859 0.999819 -0.833745
0.885105 0.465224 0.0124881 51.0377 -0.465111 0.885184 -0.0109993 70.0507 -0.0161714 0.00392713 0.999862 -0.971776
0.882117 0.470842 0.0133228 51.6725 -0.47072 0.882209 -0.0113709 69.7132 -0.0171074 0.00375921 0.999847 -0.961935
0.880404 0.473976 0.0153748 51.9101 -0.473994 0.880524 -0.00266417 69.563 -0.0148007 -0.00494204 0.999878 -1.36839
0.878714 0.477192 0.0122186 52.669 -0.477059 0.878785 -0.0123023 69.1738 -0.0166081 0.0049812 0.99985 0.588105
0.877249 0.479798 0.0151309 53.1327 -0.479733 0.877379 -0.0078637 68.8827 -0.0170485 -0.000360357 0.999855 -0.728259
0.875969 0.482127 0.0152595 53.7181 -0.4821 0.876098 -0.00559654 68.573 -0.0160671 -0.00245424 0.999868 -0.421913
0.875852 0.482444 0.0114156 54.2549 -0.482279 0.875897 -0.0145424 68.3047 -0.0170148 0.00723147 0.999829 1.52845
0.87648 0.481293 0.0118555 54.711 -0.481123 0.876531 -0.0146366 68.0797 -0.0174362 0.00712475 0.999823 0.671485
0.877225 0.479986 0.00943558 55.6148 -0.479775 0.8772 -0.0183121 67.481 -0.0170664 0.0115369 0.999788 -0.331024
0.878964 0.476785 0.00992083 56.0979 -0.476566 0.878944 -0.0184778 67.2604 -0.0175298 0.0115133 0.99978 -0.813696
0.881338 0.472391 0.00949714 56.842 -0.472165 0.881302 -0.0191428 66.8506 -0.0174127 0.012387 0.999772 -0.279837
0.883074 0.469071 0.0123705 57.667 -0.468782 0.883074 -0.0205994 66.3666 -0.0205867 0.0123917 0.999711 0.29504
0.884766 0.465836 0.013632 58.3552 -0.465471 0.884756 -0.0233234 66.0151 -0.0229259 0.0142904 0.999635 0.506339
0.886889 0.461759 0.0143733 58.9946 -0.461386 0.886896 -0.0232142 65.7238 -0.023467 0.0139567 0.999627 0.137263
0.889028 0.457713 0.0113021 59.7255 -0.457128 0.888739 -0.0343124 65.3398 -0.0257498 0.0253382 0.999347 0.58618
0.891128 0.453425 0.0172114 60.2666 -0.453214 0.891278 -0.0148741 65.1215 -0.0220844 0.00545428 0.999741 -1.262
0.892697 0.450314 0.0175834 61.1506 -0.450166 0.892867 -0.0118348 64.6558 -0.021029 0.00264943 0.999775 0.242331
0.892843 0.45013 0.0146319 62.0009 -0.450078 0.892963 -0.00685226 64.1971 -0.0161501 -0.000467495 0.999869 1.38775
0.892737 0.45027 0.016673 62.7392 -0.450362 0.892844 0.00205753 63.8123 -0.0139599 -0.00934572 0.999859 0.795896
0.893146 0.449422 0.0176165 63.318 -0.44952 0.893268 0.00188222 63.6244 -0.0148904 -0.00960009 0.999843 0.862486
0.892988 0.449547 0.0219175 64.1556 -0.449724 0.89316 0.00369639 63.1576 -0.0179142 -0.0131577 0.999753 0.541774
0.893314 0.449 0.0197383 64.7953 -0.449049 0.893505 -0.00213785 62.8949 -0.0185962 -0.0069537 0.999803 1.1385
0.893284 0.44892 0.0226737 65.6152 -0.449061 0.8935 0.00126635 62.4786 -0.0196905 -0.0113131 0.999742 0.255955
0.893173 0.449527 0.0129183 66.3558 -0.449417 0.893259 -0.0105834 62.1142 -0.0162969 0.00364709 0.999861 1.00352
0.893448 0.448778 0.0186914 66.9344 -0.448796 0.893628 -0.00340815 61.8724 -0.0182326 -0.00534362 0.99982 -1.00691
0.893083 0.449375 0.0215539 67.7759 -0.449492 0.893284 0.000674001 61.3649 -0.0189509 -0.0102903 0.999767 -0.598878
0.891471 0.452436 0.0241133 68.7172 -0.452718 0.891621 0.00759276 60.8327 -0.0180647 -0.0176852 0.99968 0.0251654
0.889766 0.455062 0.035145 69.2904 -0.455937 0.889721 0.0227507 60.6601 -0.0209163 -0.0362668 0.999123 -0.0682811
0.887238 0.460018 0.0345347 70.3064 -0.460729 0.887393 0.0161933 59.9869 -0.0231966 -0.0302784 0.999272 2.21735
0.884656 0.464964 0.0345331 71.1186 -0.465667 0.884819 0.0158057 59.6199 -0.0232064 -0.0300635 0.999279 1.79597
0.880182 0.474632 -0.00201697 72.1396 -0.47461 0.880171 0.00673034 58.8247 0.00496971 -0.00496666 0.999975 3.91057
0.875583 0.483053 -0.00374082 72.9317 -0.483029 0.875584 0.0059118 58.4972 0.00613112 -0.00336935 0.999976 0.82035
0.869885 0.493232 -0.00471116 73.823 -0.49321 0.869895 0.00511798 57.9898 0.00662257 -0.00212846 0.999976 0.769594
0.864937 0.501858 -0.00474238 74.3093 -0.501837 0.864948 0.00491711 57.8197 0.0065696 -0.00187309 0.999977 0.747976
0.859111 0.511779 -0.00322782 75.1045 -0.511757 0.859111 0.00579445 57.3192 0.00573853 -0.00332622 0.999978 0.628896
0.853382 0.52128 -0.00249259 75.685 -0.521263 0.853379 0.00538983 56.9745 0.00493674 -0.00330029 0.999982 1.00135
0.847615 0.530602 -0.00315564 76.4038 -0.530586 0.847618 0.00478106 56.5368 0.00521162 -0.00237816 0.999984 1.09657
0.841584 0.540121 -0.00251072 77.0581 -0.540104 0.841582 0.00525175 56.1423 0.00494955 -0.00306374 0.999983 0.819136
0.835863 0.548937 -0.00128781 77.6625 -0.548914 0.835846 0.00742867 55.7752 0.00515428 -0.00550245 0.999972 0.798285
0.830265 0.557368 -0.00106555 78.3154 -0.557338 0.830238 0.00884066 55.3227 0.00581216 -0.00674622 0.99996 1.08363
0.824524 0.565816 -0.0035091 78.963 -0.565788 0.824524 0.00667461 54.8883 0.00666994 -0.00351797 0.999972 1.44279
0.819163 0.57355 -0.00350931 79.5239 -0.573512 0.819157 0.00806144 54.5485 0.00749832 -0.004591 0.999961 0.653925
0.813921 0.580957 -0.00454562 80.1453 -0.580942 0.813934 0.00432383 54.0737 0.0062118 -0.00087852 0.99998 1.39371
0.80873 0.588132 -0.00748518 80.7971 -0.588111 0.808765 0.00494218 53.6297 0.00896041 0.00040523 0.99996 0.746153
0.804337 0.594168 -0.00258638 81.2981 -0.59416 0.80434 0.00340583 53.3013 0.00410396 -0.00120271 0.999991 0.45052
0.800938 0.598633 -0.0116953 81.8947 -0.598702 0.800965 -0.00335124 52.8561 0.00736133 0.00968612 0.999926 2.31422
0.799182 0.600897 0.0152037 82.3618 -0.601041 0.799184 0.00744439 52.6629 -0.00767722 -0.0150874 0.999857 -1.6205
0.797912 0.602641 0.0126776 82.9388 -0.602697 0.79797 0.000736708 52.3034 -0.00967239 -0.00822859 0.999919 1.78732
0.797358 0.603061 0.0231801 83.4845 -0.60337 0.797406 0.00940639 51.8216 -0.0128114 -0.0214865 0.999687 0.450354
0.797967 0.602254 0.0232012 83.9203 -0.602587 0.797973 0.0113162 51.4928 -0.0116988 -0.0230107 0.999667 1.70245
0.798587 0.601611 0.0179684 84.509 -0.601794 0.79862 0.00702952 51.0193 -0.0101209 -0.016427 0.999814 2.49673
0.800443 0.59923 0.0146393 84.8732 -0.599358 0.800455 0.00652073 50.8528 -0.00781068 -0.0139937 0.999872 1.37942
0.803568 0.594876 0.0200249 85.3982 -0.595148 0.803523 0.0122419 50.4026 -0.00880806 -0.021755 0.999725 -0.573426
0.807682 0.5896 0.00457555 85.9761 -0.589591 0.807695 -0.00337198 50.0263 -0.00568377 2.57824e-05 0.999984 1.37412
0.816079 0.577934 -0.00285029 86.1717 -0.577936 0.816082 -3.98126e-05 50.2946 0.00230306 0.00167978 0.999996 -0.398769
0.823826 0.56683 -0.00393958 86.6723 -0.56684 0.823825 -0.00229604 49.8652 0.00194406 0.00412465 0.99999 -0.692729
0.83072 0.556677 -0.00371229 87.4391 -0.55669 0.830708 -0.00454862 49.1359 0.000551713 0.00584522 0.999983 -0.552702
0.842252 0.53907 -0.00381509 87.4883 -0.539078 0.842254 -0.00160754 49.6255 0.0023467 0.00341059 0.999991 -0.733272
0.85444 0.51952 -0.00555703 88.2601 -0.519524 0.854456 0.000985961 48.7372 0.00526046 0.00204456 0.999984 -0.34695
0.86923 0.494383 -0.00502207 88.5608 -0.494377 0.869244 0.00233872 48.8562 0.00552163 0.000449917 0.999985 -0.627336
0.884771 0.465977 -0.00675366 89.2133 -0.465975 0.884796 0.00198313 48.37 0.0068997 0.00139243 0.999975 -0.150398
0.901712 0.432288 -0.00654276 89.4973 -0.432289 0.901734 0.00126773 48.6116 0.00644785 0.00168524 0.999978 -0.365277
0.91923 0.393698 -0.00435394 90.0258 -0.393703 0.919237 -0.000479116 48.3471 0.00381367 0.00215458 0.99999 -0.344846
0.936366 0.35102 0.00171565 90.6127 -0.351022 0.936366 0.00106864 48.0326 -0.00123136 -0.00160287 0.999998 -0.691395
0.952476 0.304587 0.00399347 91.0229 -0.304594 0.952482 0.00123024 48.1321 -0.003429 -0.00238816 0.999991 -0.175727
0.967091 0.25416 0.0116979 91.501 -0.254243 0.967121 0.0062044 48.1068 -0.00973639 -0.00897433 0.999912 -1.30678
0.979842 0.199536 0.00976895 92.0244 -0.199593 0.979865 0.00524362 48.1001 -0.00852596 -0.00708773 0.999939 0.631092
0.990212 0.139248 0.00945064 92.3132 -0.139276 0.990251 0.00232953 48.5563 -0.00903412 -0.00362297 0.999953 0.615088
0.997288 0.0733552 0.00600387 92.8129 -0.0733666 0.997304 0.00168963 48.5013 -0.00586374 -0.00212553 0.999981 0.870291
0.999982 0.00590081 0.000571834 93.5045 -0.00589994 0.999981 -0.00150929 48.1378 -0.000580729 0.00150589 0.999999 0.990655
0.997946 -0.0639989 -0.00287991 93.8974 0.0639996 0.99795 0.000164814 48.3351 0.00286346 -0.000348788 0.999996 0.239601
0.990982 -0.133992 -0.000140093 94.3911 0.133991 0.990971 0.00475177 48.4108 -0.00049787 -0.00472769 0.999989 -0.229124
0.979108 -0.203333 -0.00169259 94.8829 0.203339 0.979094 0.0052967 48.467 0.000580213 -0.00553021 0.999985 1.1965
0.962615 -0.270875 0.000165854 95.3596 0.270871 0.962605 0.0045931 48.5094 -0.00140381 -0.00437646 0.999989 0.865527
0.941637 -0.336627 -0.0013707 95.8018 0.33663 0.941632 0.0032106 48.686 0.000209923 -0.00348464 0.999994 1.01564
0.917098 -0.398582 0.00801064 96.3027 0.39855 0.917131 0.00532726 48.7666 -0.00947016 -0.00169298 0.999954 -0.0744595
0.888818 -0.458217 0.00631038 96.681 0.458206 0.88884 0.00323537 49.0214 -0.00709142 1.5796e-05 0.999975 1.35094
0.857855 -0.513795 0.0100028 97.165 0.513752 0.857913 0.00665708 49.0995 -0.0120019 -0.000571871 0.999928 0.469674
0.827297 -0.561092 0.0274784 97.7862 0.561119 0.827702 0.00743378 48.9412 -0.026915 0.00926872 0.999595 -0.948065
0.797658 -0.602493 0.0272654 98.4733 0.602479 0.798076 0.00965488 48.7186 -0.0275769 0.00872556 0.999582 0.804967
0.770372 -0.637125 0.024463 99.1419 0.636983 0.770746 0.0142293 48.3903 -0.0279207 0.00462067 0.999599 0.951201
0.745868 -0.665754 0.0212787 99.4805 0.665551 0.746169 0.016567 48.7305 -0.0269071 0.00180528 0.999636 0.961777
0.724192 -0.68938 0.0173551 99.7155 0.689165 0.724399 0.0172174 49.1428 -0.0244413 -0.000508131 0.999701 0.913599
0.708666 -0.705239 0.0207678 100.27 0.705154 0.708946 0.0123984 49.077 -0.0234671 0.00585821 0.999707 0.287539
0.696926 -0.716805 0.0220146 100.895 0.716775 0.697223 0.0106287 48.8533 -0.0229678 0.00837215 0.999701 0.344879
0.687508 -0.725891 0.0203918 101.136 0.725789 0.687787 0.0133748 49.4659 -0.0237338 0.00560483 0.999703 0.380421
0.680194 -0.732804 0.0183057 101.442 0.732659 0.680432 0.0149371 49.898 -0.0234018 0.00325167 0.999721 0.401478
0.675361 -0.737353 0.0140696 101.948 0.737139 0.675505 0.0178442 50.0137 -0.0226616 -0.00167998 0.999742 0.517495
0.672738 -0.739856 0.00603356 102.224 0.739659 0.672714 0.0190082 50.4672 -0.0181222 -0.00832479 0.999801 0.812104
0.672813 -0.739809 0.0024217 102.639 0.739638 0.672721 0.0195519 50.7917 -0.0160938 -0.0113636 0.999806 -0.151878
0.674551 -0.738208 0.00552654 103.127 0.738132 0.674565 0.0111381 51.0104 -0.0119502 -0.00343388 0.999923 -0.364608
0.678079 -0.734978 0.0039202 103.506 0.73491 0.678075 0.0109811 51.3945 -0.0107291 -0.00456508 0.999932 0.0552263
0.684388 -0.729094 0.00597213 103.822 0.729042 0.684412 0.0088299 51.9185 -0.0105252 -0.00168914 0.999943 0.000174388
0.687273 -0.726398 0.00107051 103.949 0.726325 0.687224 0.0132336 52.9278 -0.0103485 -0.00831753 0.999912 0.395859
0.695478 -0.718539 0.00349174 104.785 0.718384 0.695415 0.0179554 52.3974 -0.0153298 -0.00997915 0.999833 -0.652821
0.692626 -0.721293 -0.0026572 104.304 0.721228 0.692503 0.0164404 54.8935 -0.0100182 -0.0133035 0.999861 0.949766
0.691066 -0.722779 -0.00427108 104.153 0.722721 0.690903 0.0180788 56.3049 -0.0101161 -0.0155804 0.999827 0.137351
0.692787 -0.721142 0.0001732 104.894 0.72102 0.692673 0.0182776 56.2986 -0.0133007 -0.0125376 0.999833 -0.384746
0.692575 -0.721308 -0.00744095 105.162 0.721222 0.692228 0.025668 56.7534 -0.0133637 -0.0231436 0.999643 0.549045
0.694235 -0.719663 0.0111419 105.683 0.719502 0.694319 0.0154276 57.389 -0.0188387 -0.00269374 0.999819 -1.09906
0.694609 -0.719368 0.0052652 106.025 0.719311 0.694623 0.00954548 58.1373 -0.010524 -0.00284306 0.999941 1.36832
0.69398 -0.719994 -4.17869e-05 106.42 0.719988 0.693975 0.00399813 58.7949 -0.00284963 -0.00280471 0.999992 1.19126
0.692082 -0.721803 -0.00484124 106.844 0.721819 0.692074 0.00344456 59.3776 0.000864203 -0.00587842 0.999982 0.931015
0.691723 -0.722147 -0.00470441 107.503 0.722162 0.691711 0.00414019 59.6531 0.000264266 -0.00626122 0.99998 0.205943
0.688208 -0.724961 -0.028308 107.642 0.725485 0.688003 0.0179922 60.7854 0.00643236 -0.0329194 0.999437 1.64544
0.686128 -0.727031 -0.0255892 108.234 0.72748 0.685738 0.0231527 60.9995 0.000714789 -0.0345013 0.999404 -0.809587
0.684316 -0.728622 -0.028652 108.784 0.729185 0.683803 0.0265026 61.4945 0.000281892 -0.0390288 0.999238 -0.0120151
0.683047 -0.730294 0.0108101 109.475 0.730308 0.68311 0.00338409 61.9019 -0.00985587 0.00558321 0.999936 -1.95981
0.679727 -0.733446 0.00531384 109.867 0.73345 0.679741 0.00157557 62.7995 -0.00476763 0.00282648 0.999985 1.9969
0.676856 -0.736112 0.00250439 110.387 0.736116 0.67685 -0.00281827 63.3527 0.000379465 0.00375108 0.999993 1.75777
0.675847 -0.73696 -0.0109779 111.014 0.737031 0.675843 0.0046115 63.7681 0.00402085 -0.0112077 0.999929 1.91329
0.672827 -0.739772 -0.00643104 111.398 0.739798 0.672821 0.00334764 64.758 0.00185044 -0.00701005 0.999974 0.338839
0.669945 -0.741674 -0.0330567 111.965 0.742352 0.669787 0.0172764 65.0387 0.00932747 -0.0361139 0.999304 1.96251
0.669134 -0.742469 -0.0316157 112.772 0.743121 0.668829 0.0209441 65.3577 0.00559517 -0.0375087 0.999281 -0.757293
0.667955 -0.743554 -0.0310344 113.307 0.744186 0.667627 0.0214627 66.024 0.00476072 -0.0374316 0.999288 -0.415645
0.668591 -0.743014 -0.0302702 114.02 0.743625 0.668173 0.023776 66.3736 0.00255984 -0.0384062 0.999259 -0.842062
0.668178 -0.743336 -0.0314663 114.394 0.743996 0.66773 0.0246233 67.2264 0.00270762 -0.0398636 0.999201 -0.440314
0.671015 -0.741434 -0.00384904 114.903 0.741358 0.670848 0.0187452 67.6717 -0.0113162 -0.0154318 0.999817 -2.1423
0.671404 -0.741039 -0.00885236 115.261 0.741025 0.671135 0.0214495 68.8027 -0.00995376 -0.0209611 0.999731 1.1712
0.672675 -0.739235 -0.0322508 115.973 0.739928 0.67225 0.0242112 69.3043 0.00378279 -0.0401496 0.999187 4.04725
0.67487 -0.737112 -0.0348613 116.674 0.737932 0.67428 0.0283535 69.8127 0.00260659 -0.0448602 0.99899 1.47026
0.675167 -0.735112 -0.0613167 117.133 0.737613 0.673769 0.0442891 70.655 0.00875588 -0.0751305 0.997135 1.38093
0.678219 -0.734192 -0.03133 118.035 0.734843 0.677881 0.0219879 70.7544 0.0050947 -0.0379352 0.999267 -2.6144
0.679282 -0.733401 -0.0264375 118.592 0.733861 0.679066 0.0178167 71.6922 0.00488607 -0.031504 0.999492 -0.906753
0.684917 -0.728407 -0.0176726 119.49 0.728331 0.683758 0.044821 71.7348 -0.0205642 -0.0435702 0.998839 -2.37
0.686238 -0.727187 -0.0166124 119.701 0.727098 0.685163 0.0433658 73.2738 -0.0201528 -0.041838 0.998921 0.769481
0.686954 -0.726471 -0.0183048 120.208 0.726392 0.685709 0.0464513 74.0561 -0.0211937 -0.0452064 0.998753 0.709521
0.687866 -0.725676 -0.0153448 120.948 0.725329 0.686439 0.0519489 74.4978 -0.0271648 -0.0468639 0.998532 -0.0481699
0.688101 -0.725452 -0.0153683 121.442 0.725503 0.687469 0.0321084 75.2012 -0.0127278 -0.0332436 0.999366 1.61469
0.68941 -0.724184 -0.0164964 122.125 0.724292 0.688817 0.0305277 75.6579 -0.0107447 -0.0329943 0.999398 0.317385
0.688548 -0.724749 -0.025319 122.425 0.725094 0.688606 0.00773155 76.6214 0.0118314 -0.0236822 0.99965 1.97146
0.687902 -0.72531 -0.0267678 123.041 0.725631 0.688074 0.00357842 77.1387 0.0158228 -0.0218852 0.999635 -0.41111
0.687276 -0.725993 -0.024203 123.626 0.726287 0.687368 0.00559567 77.6844 0.012574 -0.0214241 0.999691 -1.42443
0.687162 -0.726446 -0.00925487 124.252 0.72645 0.686898 0.0210349 78.1998 -0.00892355 -0.0211776 0.999736 -3.97228
0.686063 -0.727538 0.00266098 124.809 0.727188 0.685838 0.0287159 79.0126 -0.0227169 -0.0177659 0.999584 -2.97283
0.685605 -0.727254 0.0323627 125.48 0.7259 0.68633 0.0449495 79.2404 -0.0549012 -0.00732552 0.998465 -4.79169
0.686394 -0.726937 0.0206408 126.138 0.726042 0.686619 0.0376597 80.0761 -0.0415486 -0.0108633 0.999077 2.23958
0.685096 -0.728338 0.0129281 126.379 0.727723 0.685097 0.0325732 81.019 -0.0325813 -0.0129077 0.999386 1.5294
0.684901 -0.727985 0.0307876 127.409 0.728433 0.685097 -0.00531586 80.9971 -0.0172226 0.0260675 0.999512 0.514822
0.685643 -0.727937 0.00146795 127.826 0.727895 0.685578 -0.0123169 81.7213 0.0079595 0.00951348 0.999923 2.97168
0.683029 -0.72995 0.0253602 128 0.730365 0.682883 -0.0153801 82.9709 -0.00609131 0.0290273 0.99956 -3.87855
0.680385 -0.732676 0.0161782 128.756 0.732436 0.680576 0.0187752 83.3322 -0.0247667 -0.000924853 0.999693 -3.49316
0.671237 -0.741 0.0189881 128.576 0.741243 0.671041 -0.0162105 85.2645 -0.000729783 0.0249559 0.999688 0.0892346
0.66691 -0.742889 0.0578522 130.422 0.745024 0.666154 -0.034325 83.5299 -0.0130388 0.065993 0.997735 -3.05935
0.667411 -0.742229 0.0604898 131.226 0.744441 0.667083 -0.028436 84.212 -0.0192457 0.0640096 0.997764 0.230788
0.670851 -0.73733 0.079394 131.582 0.741154 0.670283 -0.0375853 84.8425 -0.0255037 0.0840572 0.996135 0.528631
0.664465 -0.744896 0.060143 131.155 0.747041 0.664259 -0.0262436 87.4464 -0.0204018 0.0623673 0.997845 4.10048
0.662657 -0.746576 0.0592436 132.373 0.748734 0.66219 -0.030021 87.1095 -0.0168176 0.0642514 0.997792 2.77794
0.659529 -0.750403 0.0437807 133.23 0.751537 0.659417 -0.0190028 87.0178 -0.0146099 0.0454357 0.99886 1.0507
0.652402 -0.757761 0.0130323 133.301 0.757836 0.652105 -0.0210438 88.2208 0.00744771 0.0236054 0.999694 3.35105
0.650118 -0.757659 0.0574346 133.79 0.759653 0.649751 -0.0274139 88.9764 -0.0165478 0.0614526 0.997973 -5.95229
0.645366 -0.761231 0.0634831 134.316 0.7635 0.645418 -0.0224393 89.9297 -0.0238917 0.0629509 0.997731 -1.61686
0.640346 -0.76413 0.0778608 135.007 0.76763 0.640164 -0.0305726 90.1675 -0.0264822 0.0793453 0.996495 2.6544
0.636472 -0.767785 0.0735472 135.451 0.771071 0.635704 -0.0364583 90.7085 -0.0187621 0.0799148 0.996625 5.42367
0.632811 -0.771032 0.0711369 136.035 0.774169 0.631752 -0.0393813 91.368 -0.0145767 0.0799929 0.996689 4.92918
0.627435 -0.776551 0.0573921 136.176 0.778276 0.627754 -0.0145536 92.4563 -0.0247265 0.0537983 0.998246 3.16964
0.625081 -0.7791 0.0477127 137.353 0.780482 0.624714 -0.0240886 92.0958 -0.0110393 0.0522962 0.998571 5.31744
0.61985 -0.783348 0.0463965 137.614 0.784653 0.619487 -0.0235591 93.319 -0.0102871 0.0510083 0.998645 3.27313
0.615026 -0.788475 0.00712624 138.01 0.788176 0.614482 -0.0345101 93.9474 0.0228314 0.0268414 0.999379 7.34305
0.608973 -0.793189 0.00171944 138.641 0.792844 0.608641 -0.0308981 94.8867 0.0234615 0.0201794 0.999521 1.35529
0.605421 -0.795897 0.00373043 139.118 0.792795 0.602635 -0.091141 95.3746 0.0702907 0.0581362 0.995831 4.7348
0.594608 -0.804003 -0.00445303 138.702 0.803336 0.594324 -0.037819 97.4306 0.0330531 0.0189102 0.999275 -2.18968
0.587954 -0.808881 -0.00468999 139.531 0.808241 0.587702 -0.0367833 97.697 0.0325096 0.0178362 0.999312 1.90412
0.583512 -0.811521 0.0307735 140.872 0.811619 0.581434 -0.0566409 97.1967 0.0280725 0.058027 0.99792 2.09817
0.577412 -0.815815 0.0322684 141.165 0.816123 0.575602 -0.0512492 98.1424 0.0232361 0.0559269 0.998164 4.49188
0.570261 -0.81981 0.0521004 141.538 0.821371 0.570003 -0.021136 98.9977 -0.0123699 0.0548468 0.998418 0.022328
0.564864 -0.825174 0.00405861 141.153 0.825019 0.564645 -0.0228104 100.465 0.0165309 0.0162332 0.999732 10.512
0.561053 -0.827771 0.00373149 142.236 0.827603 0.560835 -0.0231855 101.001 0.0170995 0.0160965 0.999724 3.66339
0.5564 -0.830895 -0.00578847 141.979 0.83061 0.55637 -0.0232188 102.315 0.0225129 0.00811097 0.999714 -0.635265
0.549618 -0.83541 0.00312682 142.357 0.835415 0.549605 -0.00413229 103.225 0.00173364 0.00488337 0.999987 -3.30785
0.546972 -0.83715 0.00114913 143.342 0.837144 0.546961 -0.00480163 103.301 0.00339116 0.00358834 0.999988 0.208086
0.549438 -0.835511 -0.00620666 144.618 0.834963 0.549322 -0.0328992 102.793 0.0308971 0.0128938 0.999439 7.05389
0.547175 -0.837009 -0.00386746 143.394 0.836795 0.54713 -0.0205487 105.88 0.0193155 0.00800747 0.999781 5.37901
0.544551 -0.838727 -0.00108966 143.829 0.83863 0.544508 -0.0144906 106.669 0.0127469 0.00697703 0.999894 5.97266
0.540069 -0.841615 0.00319237 144.14 0.841488 0.539913 -0.0197875 107.562 0.0149298 0.0133729 0.999799 6.35163
0.536129 -0.844111 0.00653244 144.652 0.843837 0.535717 -0.0307631 108.106 0.0224679 0.0220053 0.999505 7.09434
0.530356 -0.847771 0.00272322 144.8 0.847301 0.529949 -0.0351462 109.249 0.0283528 0.0209474 0.999378 6.74779
0.521447 -0.85327 -0.00482455 144.956 0.852715 0.521298 -0.0335485 110.34 0.031141 0.0133798 0.999425 6.5491
0.517451 -0.85571 0.0022859 146.33 0.855348 0.517151 -0.0305646 109.835 0.0249722 0.0177709 0.99953 4.41621
0.50834 -0.861045 0.0138641 146.593 0.86067 0.507445 -0.0417959 110.333 0.0289529 0.0331789 0.99903 3.38866
0.494613 -0.867628 0.0507871 146.77 0.867932 0.49005 -0.0809054 111.162 0.0453076 0.0840966 0.995427 2.77748
0.490565 -0.870842 0.0312974 148.517 0.869652 0.486986 -0.080936 109.892 0.0552411 0.0669223 0.996228 7.18128
0.490519 -0.870744 0.0345882 149.377 0.870579 0.487899 -0.0636205 110.323 0.0385216 0.0613188 0.997375 2.37228
0.486012 -0.873437 -0.0299832 148.051 0.873951 0.485764 0.0155591 113.471 0.000974842 -0.0337657 0.999429 0.464438
0.538059 -0.842703 -0.0185662 153.046 0.84283 0.537579 0.0254384 108.419 -0.0114562 -0.0293355 0.999504 -1.92881
0.569014 -0.822293 0.00755687 151.299 0.821612 0.568877 0.0364979 109.249 -0.0343109 -0.014559 0.999305 -1.30157
0.553868 -0.832046 0.0304944 147.214 0.831727 0.554594 0.0255957 116.777 -0.0382088 0.0111864 0.999207 3.75477
0.544834 -0.838129 0.026383 147.135 0.83783 0.545398 0.0241052 119.5 -0.0345925 0.00897121 0.999361 6.8489
0.542502 -0.839603 0.0275398 148.547 0.839395 0.543083 0.0218159 119.047 -0.0332731 0.0112816 0.999383 6.16035
0.541512 -0.840372 0.02322 149.115 0.840357 0.54187 0.013311 119.506 -0.0237684 0.012305 0.999642 7.68578
0.540533 -0.841275 0.0089772 149.439 0.841209 0.540605 0.0106413 120.32 -0.0138054 0.00179973 0.999903 8.40555
0.537345 -0.843355 0.0036706 149.791 0.843289 0.53735 0.0108625 121.387 -0.0111333 -0.00274151 0.999934 5.97854
0.535207 -0.844654 0.0106489 150.469 0.844611 0.535298 0.00943076 121.909 -0.0136661 0.0039468 0.999899 4.45754
0.535314 -0.844481 0.0170446 151.236 0.844436 0.535525 0.0118661 122.292 -0.0191485 0.00804096 0.999784 4.03652
0.53535 -0.844243 0.0255634 151.408 0.844213 0.535792 0.0152087 123.431 -0.0265366 0.013439 0.999557 3.99055
0.534032 -0.844966 0.0290051 151.622 0.845086 0.534506 0.0115872 124.371 -0.0252942 0.0183238 0.999512 5.58284
0.531499 -0.846771 0.0221 151.83 0.84678 0.531813 0.0118064 125.3 -0.0217504 0.0124387 0.999686 7.01431
0.529667 -0.847958 0.0204803 152.46 0.848132 0.529785 0.000404312 125.784 -0.011193 0.0171558 0.99979 7.59798
0.524139 -0.851631 0.00178285 152.206 0.85151 0.524098 0.0159022 127.306 -0.0144772 -0.00681683 0.999872 6.35591
0.525019 -0.851084 -0.00332658 153.62 0.850892 0.524808 0.0236683 126.878 -0.0183979 -0.0152568 0.999714 5.28889
0.46002 -0.887597 0.0235205 147.62 0.887908 0.459831 -0.0132039 134.391 0.000904306 0.0269581 0.999636 4.63388
0.471188 -0.86012 0.195386 150.839 0.882025 0.460407 -0.100285 130.637 -0.00369944 0.219588 0.975586 -9.52044
0.471235 -0.859434 0.198271 150.582 0.882007 0.45948 -0.104601 132.8 -0.00120387 0.224168 0.97455 6.01113
0.471619 -0.859208 0.198336 150.586 0.881802 0.459376 -0.106765 133.638 0.000622876 0.225246 0.974302 6.15431
0.471733 -0.860096 0.194175 151.307 0.881733 0.459162 -0.108251 134.406 0.00394864 0.222276 0.974976 6.65431
0.471238 -0.860531 0.193447 151.658 0.882002 0.459087 -0.106353 135.283 0.00271127 0.220738 0.975329 5.6388
0.470819 -0.859194 0.20029 152.172 0.882219 0.457409 -0.111651 135.928 0.00431512 0.229267 0.973354 5.70507
0.469125 -0.860435 0.198933 152.246 0.883131 0.45741 -0.104192 136.979 -0.00134341 0.224563 0.974459 5.39044
0.468094 -0.860978 0.19901 152.755 0.883678 0.45634 -0.104245 137.472 -0.00106379 0.224657 0.974437 6.22645
0.46916 -0.85916 0.204285 153.627 0.883111 0.455952 -0.110557 137.71 0.00184213 0.232275 0.972648 6.53961
0.470366 -0.859802 0.198735 153.657 0.88246 0.457146 -0.110822 138.929 0.00443392 0.227503 0.973767 7.72651
0.469348 -0.86064 0.19751 153.705 0.882998 0.45615 -0.110639 140.036 0.00512619 0.226329 0.974037 7.052
0.466722 -0.870929 0.153796 153.775 0.884403 0.459274 -0.0830664 140.891 0.0017103 0.174787 0.984605 8.6028
0.464188 -0.871269 0.159433 154.51 0.885724 0.457567 -0.0782661 141.429 -0.00476062 0.177544 0.984101 3.86128
0.462847 -0.870387 0.167928 155.09 0.88642 0.455689 -0.0812875 141.932 -0.00577133 0.186478 0.982442 4.49891
0.46089 -0.872282 0.163415 155.18 0.887347 0.455851 -0.0693885 142.674 -0.0139666 0.176986 0.984114 5.64116
0.460775 -0.872712 0.161433 155.898 0.88743 0.455592 -0.0700319 142.865 -0.0124299 0.175529 0.984396 7.06609
0.463447 -0.871717 0.159144 156.652 0.886085 0.4576 -0.073866 143.065 -0.0084343 0.175248 0.984488 7.4976
0.467206 -0.868617 0.164993 156.827 0.88414 0.459828 -0.0827958 144.06 -0.0039505 0.18456 0.982813 6.64795
0.468668 -0.865621 0.176211 156.328 0.883345 0.457595 -0.101532 145.351 0.00725539 0.20324 0.979102 6.41035
0.477376 -0.862155 0.169709 158.451 0.878635 0.466014 -0.104078 144.153 0.0106443 0.198796 0.979983 6.30936
0.469982 -0.866565 0.167876 156.661 0.882646 0.459821 -0.097472 147.44 0.00727288 0.193985 0.980977 4.76872
0.470836 -0.866799 0.164232 156.898 0.882218 0.463089 -0.0850898 147.825 -0.00229816 0.184951 0.982745 4.19341
0.477997 -0.861609 0.170729 158.42 0.878323 0.470687 -0.0836826 147.47 -0.00825843 0.189955 0.981758 4.57702
0.483848 -0.858624 0.169279 159.325 0.875096 0.476861 -0.08252 147.16 -0.0098691 0.188063 0.982107 7.78623
