0.35254 -0.935777 0.00599026 0 0.935644 0.352591 0.0158112 0 -0.0169078 3.06723e-05 0.999857 0
0.352145 -0.93592 0.00692139 -0.0099145 0.935784 0.352212 0.0159553 0.00774562 -0.0173706 0.000858361 0.999849 -0.000729054
0.35214 -0.935924 0.00664554 -0.00973262 0.935784 0.352202 0.0161767 -0.00283268 -0.0174808 0.000522314 0.999847 0.00171372
0.352752 -0.935695 0.00642406 -0.00753511 0.935559 0.35281 0.0159558 0.000309354 -0.0171962 0.000381647 0.999852 -0.000483284
0.351523 -0.936154 0.00687156 -0.00742258 0.936021 0.351589 0.015832 -0.000704917 -0.0172372 0.000866609 0.999851 -0.00121389
0.354706 -0.934957 0.00631892 -0.00625542 0.934814 0.354762 0.0163382 -0.000850931 -0.0175172 0.000111775 0.999847 0.000710733
0.349984 -0.936727 0.0073696 -0.00771647 0.936605 0.350058 0.0151642 0.00326567 -0.0167845 0.00159516 0.999858 0.00177722
0.352884 -0.935645 0.00639044 -0.00857233 0.935512 0.352941 0.0157944 -0.00120536 -0.0170334 0.00040475 0.999855 0.0020503
0.352511 -0.935783 0.00684843 -0.0124459 0.935652 0.352576 0.0156957 0.00331383 -0.0171023 0.000874859 0.999853 0.00352849
0.352768 -0.935685 0.00701294 -0.00739145 0.935549 0.352836 0.0159533 0.00485782 -0.0174017 0.00093312 0.999848 0.00372668
0.352387 -0.935831 0.00658689 -0.013515 0.935697 0.352448 0.015858 0.00581417 -0.017162 0.000575168 0.999852 0.000935832
0.35274 -0.935697 0.00675044 -0.00850087 0.935562 0.352804 0.0158776 0.0155887 -0.0172382 0.000714806 0.999851 0.00206483
0.352481 -0.935797 0.00645243 -0.00545482 0.935661 0.35254 0.0159539 0.00501217 -0.0172043 0.00041385 0.999852 4.87283e-05
0.352264 -0.935876 0.00677905 -0.00933446 0.935736 0.352328 0.0161855 0.00441968 -0.0175361 0.000641827 0.999846 0.00161621
0.352098 -0.935939 0.00668822 -0.00587718 0.935805 0.352161 0.0158416 -0.0018317 -0.0171821 0.00068108 0.999852 0.00116816
0.351494 -0.936169 0.0062729 -0.00682466 0.936033 0.35155 0.0159696 0.00189535 -0.0171555 0.000258418 0.999853 0.0003155
0.352459 -0.935807 0.00621735 -0.00679386 0.93567 0.352514 0.015993 0.00639533 -0.0171581 0.000180516 0.999853 0.00105417
0.351193 -0.936279 0.00674711 -0.0072398 0.936149 0.351257 0.0156115 0.000479739 -0.0169867 0.000833639 0.999855 0.00380701
0.354596 -0.935 0.00605118 -0.00783374 0.934857 0.354648 0.016358 0.00512206 -0.0174407 -0.000143491 0.999848 0.00101553
0.350402 -0.936574 0.00684915 -0.00940013 0.936446 0.350468 0.0155021 -0.000298878 -0.0169193 0.000981891 0.999856 0.000665209
0.354604 -0.934997 0.00606119 -0.0099929 0.934855 0.354655 0.016311 -0.00684232 -0.0174004 -0.00011761 0.999849 0.00112602
0.352835 -0.935661 0.00671254 -0.0101379 0.935523 0.352899 0.0161136 -0.00194411 -0.0174457 0.000594296 0.999848 0.00189187
0.352969 -0.935614 0.00632607 -0.0104154 0.935484 0.353026 0.0155503 0.00488619 -0.0167823 0.00042916 0.999859 0.000359203
0.351934 -0.936 0.00682721 -0.0107853 0.935859 0.352 0.0162454 -0.00122339 -0.0176088 0.000672008 0.999845 -0.00117391
0.352394 -0.935834 0.00581467 -0.00638266 0.935714 0.352442 0.0149599 0.00591395 -0.0160493 0.000169107 0.999871 -0.000597833
0.35234 -0.935843 0.00739726 -0.0126054 0.935705 0.352415 0.0161216 0.00392936 -0.0176942 0.00124138 0.999843 0.000156547
0.352169 -0.935918 0.00591433 -0.00636054 0.935784 0.352218 0.0158099 0.00312335 -0.0168799 -3.32291e-05 0.999858 -0.000102169
0.351831 -0.936032 0.00767644 -0.00875393 0.935899 0.351911 0.0158806 0.00394621 -0.0175661 0.0015971 0.999844 0.00298746
0.352796 -0.935685 0.00533426 -0.00117523 0.93554 0.352835 0.0165094 0.00466633 -0.0173297 -0.000834039 0.999849 0.000346286
0.350946 -0.936366 0.00745233 -0.00857559 0.936232 0.351022 0.0158875 0.00611854 -0.0174924 0.00140146 0.999846 0.00168754
0.35249 -0.935793 0.0064603 -0.00434036 0.935657 0.352549 0.0159544 0.00745376 -0.0172075 0.00042088 0.999852 -0.000710931
0.351066 -0.936326 0.00682483 -0.00783029 0.93619 0.351131 0.0159562 0.000612937 -0.0173366 0.000787661 0.999849 0.00135355
0.352725 -0.935709 0.00579202 -0.00322183 0.935577 0.352773 0.0157434 0.00204564 -0.0167746 -0.00013423 0.999859 -0.00124863
0.351456 -0.936178 0.00699148 -0.00893409 0.936049 0.351524 0.0155729 0.00472352 -0.0170367 0.00107118 0.999854 0.000261369
0.352457 -0.935807 0.0062996 -0.00574842 0.935671 0.352514 0.015947 0.00197535 -0.017144 0.000273725 0.999853 -0.000983168
0.349371 -0.936961 0.00659929 -0.00986752 0.936829 0.349433 0.0157813 0.00248463 -0.0170924 0.000668888 0.999854 0.00140246
0.352337 -0.935849 0.00669823 -0.00688138 0.935716 0.3524 0.0157975 0.0103265 -0.0171445 0.000701611 0.999853 -0.000219061
0.352209 -0.935899 0.00640427 -0.00927026 0.935765 0.352267 0.0158704 0.00716606 -0.0171092 0.000403172 0.999854 0.000586085
0.351822 -0.936044 0.00654636 -0.0131067 0.935907 0.351882 0.016034 -0.0256432 -0.017312 0.000485695 0.99985 -0.000196129
0.349611 -0.936871 0.00665746 -0.00141172 0.936737 0.349674 0.015884 0.00842377 -0.0172092 0.00068307 0.999852 0.00122062
0.353414 -0.935443 0.00670968 0.0132107 0.935298 0.353478 0.0164514 0.0515056 -0.017761 0.000461404 0.999842 -0.00151069
0.352103 -0.935939 0.00645481 0.000348127 0.935799 0.352162 0.0161858 0.0628205 -0.0174221 0.000341338 0.999848 0.00082042
0.350904 -0.936388 0.00655566 -0.00995562 0.936248 0.350965 0.0162402 0.103229 -0.0175079 0.000438987 0.999847 0.00483552
0.351182 -0.93628 0.0071741 0.0087998 0.936141 0.351254 0.0161281 0.159087 -0.0176203 0.00105209 0.999844 0.00380984
0.350733 -0.93645 0.00692258 0.0491077 0.93631 0.350801 0.0162227 0.230259 -0.0176202 0.000791831 0.999844 0.00352474
0.34984 -0.936782 0.00714263 0.0899422 0.93664 0.349911 0.0163714 0.285493 -0.0178358 0.000962695 0.99984 0.00457553
0.348484 -0.937288 0.00708518 0.155686 0.937146 0.348554 0.0163204 0.336645 -0.0177665 0.000952442 0.999842 0.00201785
0.34716 -0.937782 0.00665675 0.193057 0.937643 0.347224 0.0161527 0.402662 -0.0174591 0.000634091 0.999847 0.00238862
0.347278 -0.937738 0.00674329 0.243174 0.937603 0.347342 0.0159183 0.558987 -0.0172695 0.000794454 0.999851 0.00279938
0.345868 -0.938262 0.00624572 0.277595 0.938118 0.345925 0.0164288 0.669684 -0.017575 0.000177041 0.999846 -0.00105594
0.345342 -0.938454 0.00656234 0.267731 0.938324 0.345404 0.0156218 0.76553 -0.016927 0.000762732 0.999856 0.00374061
0.346446 -0.938051 0.00597536 0.297579 0.937925 0.346497 0.0153735 0.882451 -0.0164915 0.000278377 0.999864 -0.000691618
0.345982 -0.938226 0.00539315 0.33769 0.938091 0.346024 0.0159049 0.952047 -0.0167885 -0.00044353 0.999859 -0.00501066
0.344325 -0.938837 0.00499357 0.381027 0.938679 0.344359 0.0172594 1.07262 -0.0179233 -0.00125548 0.999839 -0.00931075
0.345405 -0.938441 0.00485791 0.419925 0.938298 0.345438 0.0164017 1.204 -0.0170701 -0.00110707 0.999854 -0.00691102
0.343702 -0.939065 0.00511301 0.465405 0.938928 0.343739 0.0160315 1.29769 -0.0168121 -0.000709288 0.999858 -0.00843323
0.342839 -0.939382 0.00476159 0.490744 0.939259 0.342871 0.0152141 1.41685 -0.0159244 -0.00074361 0.999873 -0.0138587
0.342042 -0.939675 0.00434579 0.552713 0.939562 0.342069 0.0145488 1.54822 -0.0151577 -0.000893144 0.999885 -0.00869629
0.342951 -0.939343 0.00435604 0.586556 0.939235 0.342978 0.0142536 1.65795 -0.0148831 -0.000796943 0.999889 -0.00910786
0.343135 -0.939277 0.00405922 0.614583 0.939171 0.343158 0.01418 1.72925 -0.0147119 -0.00105335 0.999891 -0.00854486
0.342919 -0.939357 0.00395002 0.645916 0.939251 0.34294 0.0141008 1.82234 -0.0146003 -0.00112538 0.999893 -0.00781733
0.343131 -0.939282 0.00314322 0.687984 0.93918 0.343141 0.01397 1.93115 -0.0142003 -0.0018415 0.999897 -0.00989656
0.342515 -0.939508 0.00296989 0.712644 0.939408 0.342522 0.0138329 2.02816 -0.0140134 -0.00194805 0.9999 -0.0119965
0.342086 -0.939664 0.00296488 0.747147 0.939567 0.342094 0.0136546 2.1342 -0.013845 -0.00188535 0.999902 -0.0124804
0.341774 -0.939778 0.00282231 0.784684 0.939683 0.34178 0.0134618 2.25265 -0.0136157 -0.0019488 0.999905 -0.0152346
0.341196 -0.939988 0.00283256 0.836485 0.9399 0.341203 0.012968 2.36991 -0.0131563 -0.00176232 0.999912 -0.0109721
0.339637 -0.940547 0.00413718 0.884053 0.940448 0.339662 0.0136758 2.48008 -0.014268 -0.000754002 0.999898 -0.0149933
0.339501 -0.940598 0.00376167 0.913643 0.940504 0.339521 0.0133556 2.58713 -0.0138394 -0.000996387 0.999904 -0.0132217
0.338634 -0.940913 0.00308504 0.979957 0.940819 0.338644 0.0134391 2.71097 -0.0136898 -0.00164847 0.999905 -0.0193242
0.339403 -0.940636 0.00319805 1.0191 0.940545 0.339415 0.0131542 2.84188 -0.0134588 -0.00145667 0.999908 -0.0122358
0.33956 -0.94058 0.00263467 1.0664 0.940489 0.339565 0.0132796 2.9446 -0.0133852 -0.00203136 0.999908 -0.0165064
0.33876 -0.940869 0.00279656 1.10058 0.940778 0.338766 0.0131776 3.07173 -0.0133458 -0.00183309 0.999909 -0.0190431
0.338242 -0.941055 0.00286141 1.14929 0.940965 0.338249 0.0131263 3.1768 -0.0133205 -0.00174739 0.99991 -0.0195012
0.337461 -0.941336 0.00271693 1.17935 0.941245 0.337467 0.013159 3.24994 -0.0133039 -0.00188335 0.99991 -0.0228933
0.336702 -0.941607 0.00276938 1.24504 0.941516 0.336708 0.0132591 3.35052 -0.0134174 -0.00185695 0.999908 -0.0256586
0.336413 -0.94171 0.00296417 1.28429 0.941618 0.336422 0.0132706 3.47673 -0.0134942 -0.00167327 0.999908 -0.0236468
0.33742 -0.94135 0.00295916 1.31759 0.941263 0.337429 0.0128581 3.58098 -0.0131025 -0.00155324 0.999913 -0.0269768
0.338126 -0.941097 0.00263277 1.3483 0.941009 0.338131 0.0130403 3.71656 -0.0131624 -0.0019318 0.999911 -0.0232364
0.338478 -0.940971 0.00250164 1.39753 0.940886 0.338481 0.0128224 3.83846 -0.0129123 -0.00198634 0.999915 -0.0228568
0.337932 -0.941167 0.00240317 1.42935 0.941081 0.337934 0.0129554 3.99601 -0.0130053 -0.00211647 0.999913 -0.0219939
0.337603 -0.941285 0.00245705 1.48621 0.941201 0.337606 0.012748 4.10248 -0.012829 -0.00199119 0.999916 -0.0219434
0.33613 -0.941811 0.0030314 1.51903 0.941725 0.33614 0.0127601 4.24119 -0.0130366 -0.00143431 0.999914 -0.0244893
0.335691 -0.941967 0.00307789 1.56532 0.941881 0.335702 0.0127818 4.34981 -0.0130733 -0.00139174 0.999914 -0.0217055
0.33536 -0.942085 0.00295225 1.59588 0.942002 0.33537 0.0126336 4.46463 -0.012892 -0.00145577 0.999916 -0.0266852
0.335688 -0.941967 0.00347104 1.64485 0.94188 0.335704 0.0128102 4.60389 -0.013232 -0.00103092 0.999912 -0.0260823
0.336947 -0.941519 0.00286975 1.67477 0.941437 0.336956 0.0125487 4.72081 -0.0127818 -0.00152656 0.999917 -0.0264344
0.337629 -0.941275 0.0027627 1.73914 0.941191 0.337636 0.0127249 4.85505 -0.0129104 -0.00169605 0.999915 -0.0292024
0.337619 -0.941279 0.00268546 1.77677 0.941193 0.337624 0.0128727 4.98065 -0.0130235 -0.00181853 0.999914 -0.0326746
0.338066 -0.941117 0.00338473 1.83789 0.941027 0.33808 0.0130495 5.108 -0.0134255 -0.00122648 0.999909 -0.0300675
0.337336 -0.941377 0.00370564 1.87979 0.941291 0.337355 0.0127823 5.23123 -0.0132831 -0.000823833 0.999911 -0.0255774
0.337241 -0.94141 0.00397792 1.93048 0.941326 0.337264 0.0125756 5.33796 -0.0131804 -0.000496487 0.999913 -0.0331094
0.337609 -0.941276 0.00430407 1.98889 0.941188 0.337637 0.0128824 5.46348 -0.0135791 -0.000298273 0.999908 -0.0336253
0.338038 -0.941114 0.0059191 2.03152 0.941029 0.338088 0.0126711 5.60687 -0.0139261 0.00128674 0.999902 -0.0310178
0.338526 -0.940936 0.00621711 2.07789 0.940851 0.33858 0.0127476 5.73403 -0.0140996 0.001534 0.999899 -0.0336183
0.337567 -0.941262 0.00859575 2.13308 0.941193 0.337653 0.0121151 5.86179 -0.0143059 0.00400059 0.99989 -0.0218808
0.338108 -0.941077 0.00748523 2.1751 0.940997 0.33818 0.012592 5.98081 -0.0143814 0.00278612 0.999893 -0.0292646
0.339217 -0.940642 0.0111088 2.23228 0.94059 0.339338 0.011808 6.12071 -0.0148768 0.00644334 0.999869 -0.0123543
0.339637 -0.940452 0.0140282 2.28226 0.940432 0.339797 0.0112183 6.24849 -0.015317 0.00938245 0.999839 -0.0135826
0.339005 -0.940623 0.0174212 2.33076 0.940646 0.339215 0.010884 6.38452 -0.0161473 0.0126975 0.999789 -0.00726848
0.339769 -0.940322 0.0187562 2.3833 0.940364 0.339999 0.0107834 6.51635 -0.0165169 0.0139738 0.999766 -0.012566
0.339198 -0.940487 0.0207215 2.42533 0.940563 0.339457 0.0104893 6.63328 -0.0168991 0.015932 0.99973 -0.014899
0.338923 -0.940564 0.0216688 2.46041 0.940656 0.339198 0.0105051 6.77407 -0.0172307 0.0168225 0.99971 -0.0143154
0.338424 -0.940688 0.0239763 2.50299 0.940819 0.338742 0.0106368 6.89719 -0.0181277 0.0189576 0.999656 -0.00872045
0.338486 -0.940538 0.028554 2.55142 0.94074 0.338919 0.0118885 7.02197 -0.0208591 0.0228378 0.999521 -0.0146992
0.338546 -0.940443 0.0308826 2.60452 0.940703 0.339026 0.01177 7.16139 -0.021539 0.0250667 0.999454 -0.0164963
0.337912 -0.940707 0.0297721 2.64693 0.940928 0.338382 0.0123316 7.28353 -0.0216747 0.0238464 0.999481 -0.00965772
0.337073 -0.940879 0.033592 2.68835 0.94128 0.337519 0.0084751 7.40893 -0.019312 0.0287628 0.9994 -0.0109132
0.339046 -0.940283 0.0302761 2.73076 0.94059 0.339434 0.00863065 7.53584 -0.018392 0.0255512 0.999504 -0.014811
0.339048 -0.940218 0.0322118 2.80753 0.940615 0.339413 0.00648887 7.67175 -0.0170341 0.0280989 0.99946 -0.0221552
0.341365 -0.939501 0.028423 2.83354 0.939766 0.341715 0.00838923 7.81237 -0.0175943 0.0238471 0.999561 -0.0159466
0.340667 -0.93971 0.0298457 2.88204 0.940005 0.341049 0.00867938 7.96242 -0.018335 0.0250984 0.999517 -0.013757
0.340092 -0.939908 0.0301794 2.91185 0.940222 0.340466 0.00807234 8.07211 -0.0178623 0.02563 0.999512 -0.0198096
0.339707 -0.940004 0.0314807 2.95674 0.940348 0.340111 0.00837083 8.19174 -0.0185756 0.0267592 0.999469 -0.0223571
0.340321 -0.939876 0.0285238 3.00505 0.940157 0.340656 0.00767522 8.31232 -0.0169305 0.0242048 0.999564 -0.0207732
0.341921 -0.939257 0.0297807 3.06008 0.939571 0.342272 0.00745689 8.43879 -0.017197 0.0254314 0.999529 -0.0177377
0.341493 -0.939403 0.0300833 3.11278 0.939724 0.341851 0.00752569 8.56423 -0.0173537 0.0257 0.999519 -0.0151416
0.341517 -0.939482 0.0271889 3.14964 0.939745 0.341809 0.0068092 8.71471 -0.0156905 0.0232252 0.999607 -0.0255976
0.340396 -0.939864 0.0280426 3.20662 0.940127 0.34073 0.00803066 8.85273 -0.0171027 0.02363 0.999574 -0.0163992
0.339742 -0.94013 0.0270223 3.24874 0.940386 0.340036 0.00698654 8.98131 -0.0157568 0.0230378 0.99961 -0.022627
0.33984 -0.940001 0.0300981 3.31222 0.940332 0.340186 0.00706767 9.14146 -0.0168826 0.0259003 0.999522 -0.0217994
0.340299 -0.939925 0.0271637 3.36558 0.94019 0.340586 0.00660925 9.29556 -0.0154638 0.0232899 0.999609 -0.0319631
0.339942 -0.940035 0.0278152 3.41025 0.940323 0.340227 0.00612129 9.44699 -0.0152177 0.0240744 0.999594 -0.0247177
0.340569 -0.939855 0.0261574 3.47553 0.94011 0.340822 0.00576692 9.59413 -0.0143351 0.0226268 0.999641 -0.0412741
0.339394 -0.940308 0.0251361 3.52741 0.94054 0.339633 0.00581045 9.76761 -0.0140007 0.0216695 0.999667 -0.0336694
0.339784 -0.940141 0.0261105 3.58561 0.94041 0.34001 0.00464676 9.89481 -0.0132464 0.0229756 0.999648 -0.0374868
0.339474 -0.940216 0.0274284 3.6474 0.940513 0.339723 0.00485084 10.052 -0.0138789 0.0241501 0.999612 -0.0302624
0.339156 -0.94035 0.026733 3.69669 0.94064 0.339379 0.00416311 10.1924 -0.0129874 0.0237342 0.999634 -0.0352226
0.339715 -0.940161 0.0262668 3.76143 0.940436 0.33994 0.00449468 10.3543 -0.0131549 0.0231753 0.999645 -0.0359432
0.340259 -0.939974 0.0259362 3.80646 0.940241 0.34048 0.0045412 10.5326 -0.0130994 0.0228411 0.999653 -0.033116
0.339038 -0.940409 0.0261662 3.86347 0.940678 0.339268 0.00479714 10.6949 -0.0133886 0.0229876 0.999646 -0.0251794
0.34111 -0.939651 0.0264661 3.92214 0.939925 0.341347 0.00489029 10.8575 -0.0136293 0.023208 0.999638 -0.0288891
0.337879 -0.940773 0.0280212 3.9953 0.94108 0.338144 0.00521253 11.0511 -0.014379 0.0246089 0.999594 -0.0211421
0.338152 -0.940682 0.0277538 4.04453 0.940984 0.338412 0.00512963 11.1877 -0.0142176 0.0243812 0.999602 -0.0233194
0.340421 -0.939879 0.0272247 4.09605 0.940162 0.340682 0.00549935 11.3373 -0.0144437 0.0237235 0.999614 -0.0195713
0.338342 -0.940605 0.0280717 4.15251 0.940899 0.338631 0.00615127 11.4875 -0.0152919 0.0243314 0.999587 -0.0180009
0.34076 -0.939764 0.0269349 4.1983 0.940033 0.341031 0.00603373 11.645 -0.0148559 0.0232636 0.999619 -0.0143989
0.341044 -0.939574 0.0298214 4.27178 0.939912 0.341362 0.00615596 11.8145 -0.0159639 0.02593 0.999536 -0.015898
0.340629 -0.939726 0.0297649 4.32867 0.940078 0.34092 0.00514245 11.9505 -0.0149799 0.0262297 0.999544 -0.0230628
0.339929 -0.939956 0.0305149 4.39402 0.940321 0.340242 0.00555626 12.1193 -0.0156051 0.0268051 0.999519 -0.022114
0.339455 -0.940129 0.0304629 4.43709 0.940498 0.339759 0.00525648 12.2794 -0.0152918 0.026866 0.999522 -0.0302957
0.340247 -0.939822 0.0310995 4.49417 0.940202 0.340571 0.00561264 12.4448 -0.0158665 0.0273301 0.999501 -0.0202883
0.339605 -0.940064 0.0307987 4.55262 0.940423 0.339945 0.0064141 12.5977 -0.0164995 0.0267856 0.999505 -0.0118822
0.339544 -0.940034 0.0323257 4.6073 0.940457 0.339874 0.00515633 12.7442 -0.0158338 0.0286502 0.999464 -0.019634
0.34076 -0.939608 0.0319206 4.66573 0.940007 0.341104 0.00588772 12.8985 -0.0164204 0.0279993 0.999473 -0.0162998
0.338752 -0.940302 0.0328459 4.71967 0.940745 0.33908 0.00480811 13.0511 -0.0156585 0.0292709 0.999449 -0.0161021
0.34069 -0.939653 0.0313552 4.78286 0.940053 0.340996 0.00481549 13.196 -0.0152169 0.0278349 0.999497 -0.0241461
0.340006 -0.939924 0.030645 4.83734 0.940307 0.340295 0.00460207 13.3738 -0.0147539 0.027251 0.99952 -0.0237162
0.339434 -0.940112 0.0312274 4.88334 0.940502 0.339748 0.00521442 13.5268 -0.0155116 0.0275995 0.999499 -0.0143173
0.339911 -0.939899 0.0324223 4.94193 0.940334 0.340223 0.00447647 13.6746 -0.0152382 0.0289662 0.999464 -0.0171187
0.338616 -0.940358 0.0326586 4.98217 0.940799 0.338935 0.00459773 13.8215 -0.0153927 0.0291683 0.999456 -0.0187811
0.339121 -0.940176 0.0326486 5.05115 0.940613 0.339447 0.0048496 13.9778 -0.0156419 0.0290651 0.999455 -0.0191095
0.338421 -0.940525 0.0297273 5.11363 0.940889 0.338687 0.0043005 14.1086 -0.014113 0.0265147 0.999549 0.0484706
0.337726 -0.940796 0.0290528 5.15729 0.94115 0.337969 0.00376104 14.2898 -0.0133573 0.0260729 0.999571 0.0727068
0.337084 -0.941047 0.028367 5.21242 0.941359 0.337361 0.00547678 14.4364 -0.0147238 0.0248574 0.999582 0.0478475
0.341196 -0.939482 0.0309593 5.26805 0.939883 0.341474 0.00403654 14.6036 -0.0143641 0.0277209 0.999512 0.0799292
0.342138 -0.939175 0.0298591 5.33215 0.939534 0.342422 0.00481928 14.7176 -0.0147506 0.0264047 0.999542 0.0876204
0.340492 -0.939821 0.0282943 5.40385 0.940154 0.340729 0.00385216 14.8918 -0.013261 0.0252893 0.999592 0.106087
0.338528 -0.940504 0.0291801 5.46939 0.94088 0.338733 0.00224605 15.0694 -0.0119967 0.0266946 0.999572 0.0929486
0.340271 -0.93985 0.0299425 5.50485 0.940253 0.340472 0.00172886 15.2338 -0.0118195 0.0275652 0.99955 0.066849
0.343148 -0.938789 0.0304198 5.54561 0.939169 0.343428 0.00437119 15.3792 -0.0145506 0.0270694 0.999528 0.0777372
0.341269 -0.939412 0.032265 5.58512 0.939816 0.341627 0.00612333 15.5278 -0.0167749 0.0282334 0.999461 0.0832023
0.338755 -0.940197 0.03571 5.62569 0.940701 0.339177 0.00633228 15.6683 -0.0180656 0.0314474 0.999342 0.0761557
0.338155 -0.940453 0.0346247 5.66947 0.940947 0.338516 0.00498009 15.8308 -0.0164046 0.030896 0.999388 0.0864379
0.338033 -0.940463 0.035544 5.72443 0.940976 0.338428 0.00555272 15.9714 -0.0172512 0.031569 0.999353 0.0757652
0.339355 -0.94003 0.0343824 5.78857 0.940514 0.339716 0.00509284 16.1051 -0.0164677 0.0306088 0.999396 0.0863576
0.339711 -0.939943 0.0332298 5.86002 0.940419 0.340002 0.00337453 16.2579 -0.0144701 0.0301036 0.999442 0.0926754
0.338967 -0.940194 0.0337257 5.9078 0.940671 0.339294 0.00430639 16.4311 -0.0154917 0.030265 0.999422 0.100869
0.338604 -0.940263 0.035401 5.96733 0.940822 0.338894 0.00234114 16.5298 -0.0141985 0.0325133 0.99937 0.0905484
0.337548 -0.940659 0.034949 6.01145 0.94119 0.337861 0.00329856 16.6828 -0.0149107 0.0317802 0.999384 0.0874801
0.337674 -0.940638 0.034283 6.07967 0.941162 0.337948 0.00235339 16.8904 -0.0137996 0.0314712 0.999409 0.0886791
0.337805 -0.94057 0.0348618 6.15828 0.941104 0.338104 0.00290828 17.0693 -0.0145224 0.0318262 0.999388 0.0743898
0.339522 -0.939979 0.0341353 6.18776 0.940466 0.33986 0.00446573 17.1605 -0.0157989 0.0305869 0.999407 0.0739371
0.33759 -0.940649 0.0348113 6.24452 0.941178 0.337896 0.00313893 17.2988 -0.0147152 0.031704 0.999389 0.0687417
0.338113 -0.940502 0.0336909 6.30361 0.940974 0.338448 0.00462045 17.4588 -0.0157482 0.03014 0.999422 0.0587926
0.338348 -0.940422 0.0335732 6.33937 0.940898 0.338665 0.00405717 17.6282 -0.0151855 0.0302162 0.999428 0.0875544
0.3386 -0.940276 0.0350815 6.43682 0.940813 0.338912 0.00317083 17.8251 -0.014871 0.0319315 0.999379 0.0677361
0.339538 -0.93995 0.0347584 6.47644 0.940487 0.339821 0.00237551 17.9719 -0.0140445 0.0318833 0.999393 0.0591763
0.339591 -0.939952 0.0341946 6.53173 0.940477 0.339852 0.0019569 18.116 -0.0134605 0.0314947 0.999413 0.0625822
0.339633 -0.939886 0.0355585 6.60122 0.940462 0.339897 0.00147836 18.2605 -0.0134757 0.0329393 0.999367 0.0562714
0.338173 -0.940304 0.0382918 6.64489 0.940972 0.338481 0.00165523 18.4239 -0.0145174 0.0354717 0.999265 0.0510405
0.339653 -0.939762 0.0385157 6.69493 0.940418 0.340009 0.00290932 18.5875 -0.0158298 0.0352327 0.999254 0.0513086
0.337561 -0.940553 0.0375851 6.72662 0.941204 0.337838 0.001088 18.74 -0.013721 0.035008 0.999293 0.0656556
0.338361 -0.940304 0.0366195 6.80664 0.940928 0.338607 0.000561606 18.8434 -0.0129277 0.0342662 0.999329 0.0734776
0.338849 -0.940204 0.0346171 6.87359 0.940774 0.339034 -0.000540973 19.0463 -0.0112278 0.0327502 0.9994 0.0975299
0.33848 -0.940407 0.0326458 6.94283 0.940881 0.338731 0.00231403 19.2405 -0.0132343 0.0299326 0.999464 0.0678998
0.337897 -0.940585 0.0335396 6.98186 0.941103 0.338119 0.00100452 19.4041 -0.0122852 0.0312248 0.999437 0.0723701
0.339152 -0.940098 0.0345303 7.04574 0.940648 0.339382 0.000850143 19.5312 -0.0125182 0.0321925 0.999403 0.0805719
0.337324 -0.940732 0.0351492 7.08251 0.94127 0.337638 0.00326613 19.6715 -0.0149403 0.0319831 0.999377 0.0751423
0.338813 -0.940202 0.0350114 7.14603 0.940748 0.339099 0.00240289 19.7787 -0.0141315 0.0321228 0.999384 0.0944766
0.338489 -0.940273 0.0362311 7.16704 0.940853 0.338803 0.00273015 19.9317 -0.0148423 0.033164 0.99934 0.081471
0.338307 -0.94043 0.0337526 7.23577 0.940916 0.338618 0.00380242 20.0678 -0.0150052 0.030472 0.999423 0.0695119
0.337745 -0.940632 0.0337638 7.3111 0.941068 0.338149 0.00687813 20.2273 -0.017887 0.029451 0.999406 0.046412
0.338555 -0.940259 0.0359624 7.39017 0.940825 0.338879 0.00315524 20.4157 -0.0151536 0.0327661 0.999348 0.0410038
0.339868 -0.939647 0.039409 7.4351 0.940341 0.340224 0.00249286 20.5947 -0.0157503 0.0362107 0.99922 0.0432095
0.3396 -0.939959 0.0339092 7.47493 0.940487 0.339828 0.00103953 20.7245 -0.0125004 0.0315381 0.999424 0.0515199
0.339662 -0.93995 0.0335096 7.52475 0.940471 0.339873 0.000616603 20.8566 -0.0119686 0.0313054 0.999438 0.067901
0.339105 -0.940148 0.0336137 7.59853 0.940672 0.339317 0.000671158 21.0526 -0.0120367 0.0313919 0.999435 0.0578302
0.339615 -0.940086 0.030004 7.66253 0.940482 0.339834 0.00238183 21.1589 -0.0124355 0.0274093 0.999547 0.0324177
0.340276 -0.939797 0.0315267 7.73219 0.940212 0.340565 0.0041611 21.2861 -0.0146475 0.0282259 0.999494 0.0138246
0.340946 -0.939419 0.0353186 7.7574 0.939992 0.341195 0.00110072 21.5023 -0.0130846 0.0328239 0.999376 0.0544895
0.340625 -0.939566 0.0344849 7.8079 0.940093 0.340908 0.00249813 21.6154 -0.0141033 0.0315681 0.999402 0.0462001
0.337984 -0.94053 0.0342075 7.84714 0.941101 0.338121 -0.00187391 21.8314 -0.00980379 0.0328261 0.999413 0.0622855
0.340346 -0.939724 0.0329154 7.87597 0.940241 0.340509 -0.000701288 21.9435 -0.010549 0.0311871 0.999458 0.0580226
0.340651 -0.939651 0.031811 7.96656 0.94013 0.340816 -0.000246726 22.0553 -0.0106099 0.0299905 0.999494 0.0667712
0.339863 -0.939921 0.0322893 8.00896 0.940421 0.340012 -0.000915614 22.2252 -0.0101181 0.0306767 0.999478 0.0769397
0.341403 -0.939382 0.031727 8.07447 0.939866 0.341543 -0.00106062 22.3691 -0.0098398 0.0301812 0.999496 0.0860366
0.339934 -0.939899 0.0321572 8.14945 0.940383 0.340119 0.000296393 22.5333 -0.0112158 0.0301393 0.999483 0.0713528
0.3425 -0.938989 0.0315265 8.2058 0.939444 0.342702 0.00107179 22.6815 -0.0118106 0.0292503 0.999502 0.0583606
0.340952 -0.93951 0.0327525 8.27507 0.940015 0.341133 -4.3218e-05 22.8352 -0.0111324 0.0308026 0.999463 0.04802
0.341487 -0.939328 0.0324055 8.31752 0.939831 0.34164 -0.000863447 22.9895 -0.0102599 0.0307505 0.999474 0.0512886
0.340486 -0.939676 0.0328325 8.38071 0.940194 0.340637 -0.00106003 23.1424 -0.0101879 0.0312298 0.99946 0.0656086
0.340955 -0.939436 0.0347886 8.43887 0.940017 0.341125 -0.00111532 23.2761 -0.0108195 0.0330822 0.999394 0.0560958
0.341047 -0.939379 0.0354031 8.48246 0.940005 0.341145 -0.00344106 23.4257 -0.00884511 0.0344526 0.999367 0.0656763
0.342828 -0.938836 0.0325103 8.52958 0.939346 0.342968 -0.00133357 23.5938 -0.00989801 0.0309957 0.999471 0.0529917
0.343393 -0.938673 0.0312074 8.58063 0.939148 0.343507 -0.00180475 23.7394 -0.00902589 0.0299281 0.999511 0.0624859
0.342806 -0.938873 0.0316604 8.6462 0.939337 0.342996 0.000624386 23.8815 -0.0114456 0.0295257 0.999498 0.0513683
0.342102 -0.939084 0.0329937 8.71563 0.93958 0.342328 0.00129906 24.0334 -0.0125146 0.0305558 0.999455 0.0645482
0.341042 -0.939316 0.0370984 8.75839 0.939921 0.341378 0.0029445 24.2172 -0.0154304 0.0338654 0.999307 0.0582183
0.340257 -0.939597 0.0371882 8.7912 0.94022 0.340561 0.00196527 24.3595 -0.0145114 0.0342964 0.999306 0.0588319
0.341978 -0.93899 0.0367281 8.82939 0.939611 0.342243 0.000979628 24.4975 -0.0134898 0.0341752 0.999325 0.0622537
0.342663 -0.938827 0.034437 8.9438 0.939391 0.342846 -0.000631553 24.6261 -0.0112137 0.0325663 0.999407 0.0500444
0.341942 -0.939178 0.0319363 8.99347 0.939638 0.342165 0.00164841 24.8319 -0.0124756 0.0294449 0.999489 0.0551291
0.343023 -0.938734 0.0333716 9.05012 0.939247 0.343241 0.000866558 24.9978 -0.012268 0.0310469 0.999443 0.0519951
0.342012 -0.939067 0.0343652 9.09658 0.939576 0.342323 0.00342729 25.1505 -0.0149825 0.0311166 0.999403 0.0636491
0.343008 -0.938721 0.0339008 9.13652 0.939244 0.343249 0.00137885 25.2836 -0.0129308 0.0313682 0.999424 0.0658341
0.343781 -0.938487 0.032502 9.20729 0.938971 0.343994 0.00101352 25.4386 -0.0121317 0.03017 0.999471 0.0518185
0.344602 -0.938183 0.0325771 9.23585 0.93865 0.344862 0.0025718 25.5827 -0.0136475 0.0296923 0.999466 0.035175
0.343076 -0.93872 0.0332124 9.2645 0.939208 0.343341 0.00243687 25.7301 -0.0136907 0.0303573 0.999445 0.0504003
0.341688 -0.939156 0.0351415 9.33185 0.939689 0.342011 0.00346723 25.8816 -0.0152751 0.0318374 0.999376 0.0766844
0.341889 -0.939179 0.0324778 9.40726 0.939641 0.342151 0.00269738 26.0223 -0.0136456 0.0295953 0.999469 0.0693041
0.341581 -0.939282 0.0327313 9.48454 0.939763 0.341821 0.00187598 26.1811 -0.0129503 0.0301189 0.999462 0.055791
0.342499 -0.938878 0.0346731 9.52539 0.939426 0.342749 0.00134974 26.3302 -0.0131514 0.0321105 0.999398 0.0910871
0.342815 -0.938743 0.0352004 9.56229 0.939315 0.343054 0.000816705 26.468 -0.0128423 0.0327843 0.99938 0.088074
0.34442 -0.938165 0.0349552 9.61614 0.938725 0.344665 0.00103878 26.6491 -0.0130224 0.0324556 0.999388 0.0834126
0.343688 -0.93842 0.0353071 9.66243 0.938994 0.343933 0.000923685 26.7863 -0.0130101 0.0328357 0.999376 0.0954889
0.341918 -0.939041 0.0359731 9.70333 0.939648 0.342142 7.75868e-05 26.8877 -0.0123808 0.0337755 0.999353 0.0811001
0.341565 -0.939186 0.0355495 9.78496 0.939751 0.341853 0.00218474 27.0528 -0.0142046 0.0326614 0.999366 0.122089
0.341825 -0.93917 0.0333854 9.83787 0.939668 0.34208 0.00206871 27.1885 -0.0133634 0.0306641 0.99944 0.117495
0.342048 -0.939096 0.0332022 9.89347 0.939597 0.342279 0.00135148 27.3586 -0.0126336 0.0307344 0.999448 0.099081
0.343601 -0.938513 0.0336428 9.941 0.939054 0.343767 -0.000910569 27.5157 -0.0107107 0.0319053 0.999434 0.0961051
0.342819 -0.938864 0.0317734 9.9892 0.93935 0.342959 -0.00111822 27.6603 -0.00984712 0.0302297 0.999494 0.077577
0.342297 -0.939071 0.031283 10.0772 0.939539 0.342441 -0.000824018 27.8219 -0.00993877 0.0296737 0.99951 0.0477687
0.341056 -0.939508 0.0317123 10.1502 0.939991 0.341199 -0.000938653 27.998 -0.00993834 0.0301294 0.999497 0.0460281
0.341892 -0.939233 0.0308237 10.1665 0.939695 0.34201 -0.00151975 28.1007 -0.00911462 0.0294844 0.999524 0.0491547
0.342092 -0.939205 0.029439 10.2265 0.939626 0.342201 -0.00138587 28.2118 -0.00877243 0.0281357 0.999566 0.0636609
0.343574 -0.938587 0.0317973 10.2937 0.939077 0.343703 -0.00146525 28.3957 -0.00955359 0.0303636 0.999493 0.0605635
0.348071 -0.936978 0.0303032 10.3573 0.937432 0.348161 -0.00244832 28.5588 -0.00825637 0.0292594 0.999538 0.0557679
0.353751 -0.934856 0.0300907 10.4169 0.9353 0.353851 -0.0021192 28.6987 -0.00866646 0.0288935 0.999545 0.0450405
0.360897 -0.932143 0.0293597 10.4808 0.932568 0.360988 -0.0023278 28.8716 -0.00842864 0.02822 0.999566 0.04791
0.367424 -0.929507 0.0318836 10.498 0.930003 0.367547 -0.00213398 28.9869 -0.00973516 0.0304359 0.999489 0.0696068
0.373354 -0.927248 0.0286069 10.5841 0.927649 0.373445 -0.0022636 29.1566 -0.00858418 0.0273823 0.999588 0.0635571
0.379913 -0.924576 0.0287358 10.6416 0.92498 0.380008 -0.00229737 29.2959 -0.00879573 0.0274529 0.999584 0.0672757
0.383349 -0.923158 0.0286672 10.7246 0.923564 0.383436 -0.0026183 29.4597 -0.00857495 0.0274798 0.999586 0.0735661
0.390219 -0.920218 0.0304622 10.7763 0.920665 0.39035 -0.00176921 29.632 -0.0102628 0.0287358 0.999534 0.0946438
0.394819 -0.918237 0.0309618 10.8552 0.918697 0.394958 -0.00174141 29.8035 -0.0106296 0.0291321 0.999519 0.0871448
0.398119 -0.916828 0.0304528 10.8981 0.91723 0.398354 0.00184567 29.8829 -0.0138232 0.0271974 0.999534 0.091282
0.401956 -0.915115 0.0315432 10.9695 0.915515 0.402265 0.00386108 30.0283 -0.016222 0.0273263 0.999495 0.0758547
0.403993 -0.914166 0.0330111 11.0345 0.914533 0.404436 0.00776804 30.1981 -0.0204521 0.0270515 0.999425 0.0639392
0.407528 -0.912611 0.0326031 11.0968 0.912981 0.407942 0.00698633 30.3252 -0.019676 0.0269189 0.999444 0.0400388
0.407067 -0.91285 0.0316285 11.1663 0.913283 0.407322 0.00178525 30.4966 -0.0145126 0.028159 0.999498 0.0506498
0.406704 -0.913025 0.031273 11.2239 0.913406 0.407025 0.00442871 30.6338 -0.0167724 0.0267638 0.999501 0.0329488
0.406029 -0.913334 0.0310153 11.2905 0.913702 0.406356 0.00482269 30.7781 -0.017008 0.0263806 0.999507 0.0533278
0.404177 -0.91408 0.0331376 11.3574 0.914448 0.404626 0.00791575 30.9339 -0.020644 0.0271033 0.999419 0.0748207
0.404919 -0.913753 0.0331123 11.4041 0.914044 0.405457 0.0112809 31.0561 -0.0237336 0.0256983 0.999388 0.0406232
0.407896 -0.912423 0.033242 11.4946 0.912781 0.408363 0.00844446 31.1997 -0.0212797 0.0268982 0.999412 0.0429501
0.409688 -0.911645 0.0325514 11.5405 0.912055 0.410041 0.00474954 31.3009 -0.0176773 0.0277428 0.999459 0.0312701
0.409469 -0.911802 0.030855 11.6499 0.912223 0.409693 0.00104583 31.4476 -0.0135947 0.0277184 0.999523 0.0204956
0.408996 -0.912044 0.0299688 11.722 0.912457 0.409172 -0.000296401 31.6664 -0.011992 0.0274664 0.999551 0.00451861
0.410273 -0.911479 0.0296987 11.8154 0.911902 0.410403 -0.00185992 31.8304 -0.0104932 0.0278454 0.999557 0.0341095
0.410712 -0.911322 0.0284124 11.8324 0.911705 0.410843 -0.00132186 31.9498 -0.0104684 0.0264466 0.999595 0.0311713
0.410109 -0.911541 0.0300555 11.908 0.911974 0.410243 -0.00184018 32.0363 -0.0106527 0.0281645 0.999547 0.0505073
0.413499 -0.910058 0.0285059 11.9643 0.910449 0.413618 -0.00187895 32.1879 -0.0100806 0.0267301 0.999592 0.0315444
0.413842 -0.909876 0.029325 11.9997 0.910277 0.414 -0.000761914 32.3439 -0.0114473 0.0270092 0.99957 0.0348121
0.412173 -0.910623 0.0296496 12.0649 0.911017 0.412367 0.000478923 32.4702 -0.0126626 0.0268139 0.99956 0.070429
0.411571 -0.910803 0.0323477 12.1627 0.911293 0.411756 -0.00101498 32.5916 -0.0123949 0.029896 0.999476 0.0607915
0.412165 -0.910507 0.033124 12.1906 0.911013 0.412378 -0.000460761 32.7465 -0.0132401 0.0303663 0.999451 0.0639113
0.412594 -0.910361 0.0317541 12.2358 0.910843 0.41275 -0.001804 32.9078 -0.0114642 0.0296673 0.999494 0.062281
0.412372 -0.910565 0.0286414 12.3173 0.910956 0.4125 -0.00158433 33.0529 -0.0103719 0.0267444 0.999588 0.0637114
0.414489 -0.909586 0.0291934 12.4075 0.909988 0.414632 -0.00125562 33.2063 -0.0109624 0.0270861 0.999573 0.0685709
0.412791 -0.910303 0.0308616 12.4616 0.910769 0.412907 -0.00284284 33.3418 -0.0101551 0.0292813 0.99952 0.0553967
0.41097 -0.911112 0.0312956 12.5261 0.911577 0.411126 -0.00154796 33.4786 -0.0114561 0.0291645 0.999509 0.0599651
0.404249 -0.914111 0.0313584 12.5605 0.91455 0.404471 0.000801613 33.5671 -0.0134163 0.0283548 0.999508 0.068604
0.396639 -0.917464 0.0306019 12.6239 0.917896 0.396821 -0.000145216 33.6802 -0.0120102 0.0281469 0.999532 0.0866864
0.396242 -0.917643 0.0303838 12.6804 0.918081 0.396392 -0.00118271 33.8623 -0.0109586 0.0283634 0.999538 0.0766056
0.395228 -0.918153 0.028115 12.7641 0.91854 0.395322 -0.0023729 34.0069 -0.00893578 0.0267626 0.999602 0.06482
0.395447 -0.91807 0.0277314 12.8172 0.918428 0.395588 -0.000418407 34.1531 -0.0105861 0.0256348 0.999615 0.0724501
0.395066 -0.918227 0.0279559 12.8888 0.918597 0.395194 -0.00104109 34.2792 -0.010092 0.0260915 0.999609 0.0682193
0.394235 -0.918553 0.0289756 12.9404 0.918966 0.394327 -0.00270038 34.4248 -0.00894544 0.0276922 0.999576 0.0641398
0.393714 -0.918799 0.0282364 12.9874 0.919191 0.393804 -0.00253789 34.5422 -0.0087878 0.0269538 0.999598 0.0597152
0.391748 -0.919602 0.0294102 13.0458 0.920013 0.391886 -0.00115165 34.6873 -0.0104664 0.0275089 0.999567 0.0804411
0.393833 -0.918768 0.0275926 13.1032 0.919151 0.393891 -0.00353949 34.7775 -0.00761652 0.0267558 0.999613 0.0771469
0.394908 -0.918323 0.0270312 13.1842 0.918673 0.395016 -0.00144084 34.9568 -0.00935459 0.0254018 0.999634 0.0953408
0.395618 -0.918008 0.0273453 13.2372 0.918365 0.395732 -0.00132782 35.1131 -0.00960246 0.0256382 0.999625 0.0637812
0.394004 -0.918702 0.0273278 13.2967 0.919033 0.394178 0.00108027 35.2171 -0.0117645 0.0246895 0.999626 0.0614235
0.395382 -0.918074 0.0285152 13.3386 0.918451 0.395534 -0.000323728 35.3579 -0.0109815 0.0263178 0.999593 0.072177
0.392482 -0.919152 0.0334432 13.3803 0.919625 0.392787 0.00283805 35.5135 -0.0157447 0.0296413 0.999437 0.103311
0.393177 -0.918675 0.0380566 13.4304 0.919279 0.39359 0.00372154 35.6629 -0.0183976 0.0335214 0.999269 0.106957
0.394141 -0.918164 0.0403325 13.4913 0.918813 0.394656 0.00537852 35.8243 -0.0208558 0.0349381 0.999172 0.115938
0.394848 -0.91808 0.0349867 13.5642 0.918527 0.395299 0.00678968 35.9166 -0.0200636 0.0294553 0.999365 0.0861762
0.393558 -0.918424 0.0401181 13.6222 0.919077 0.394049 0.00483208 36.0629 -0.0202464 0.0349699 0.999183 0.0914884
0.394915 -0.918244 0.0294971 13.7175 0.91867 0.395019 -0.00247117 36.2218 -0.00938277 0.028074 0.999562 0.0671157
0.394513 -0.918527 0.0258281 13.7874 0.918865 0.394555 -0.00366828 36.3698 -0.0068212 0.0251797 0.99966 0.0613728
0.392854 -0.919086 0.0307692 13.8392 0.919566 0.39291 -0.00445152 36.5155 -0.00799821 0.0300431 0.999517 0.0900868
0.39533 -0.918063 0.0295771 13.8846 0.918511 0.395367 -0.00484191 36.6198 -0.00724861 0.029081 0.999551 0.0815627
0.39727 -0.917179 0.0309753 13.9704 0.917659 0.397352 -0.00372948 36.807 -0.00888749 0.0299063 0.999513 0.093171
0.397749 -0.916963 0.0312024 14.0424 0.917439 0.397868 -0.0025844 36.952 -0.0100446 0.0296543 0.99951 0.0928412
0.39791 -0.916893 0.0312372 14.0835 0.917376 0.398009 -0.00326211 37.062 -0.00944168 0.0299543 0.999507 0.0859679
0.397019 -0.917269 0.0315258 14.1417 0.917772 0.397084 -0.00445233 37.1959 -0.00843442 0.0307012 0.999493 0.114922
0.394612 -0.918103 0.0370005 14.2056 0.918769 0.394785 -0.00280915 37.3625 -0.0120282 0.0351034 0.999311 0.0869614
0.395628 -0.917682 0.0365715 14.2437 0.91834 0.395779 -0.0033252 37.4864 -0.0114228 0.0349006 0.999326 0.106735
0.396116 -0.917584 0.0336339 14.2971 0.918132 0.396269 -0.00226636 37.6425 -0.0112485 0.031778 0.999432 0.114356
0.395735 -0.917841 0.0309929 14.348 0.918311 0.395852 -0.00253619 37.7859 -0.00994079 0.0294648 0.999516 0.118376
0.395686 -0.917865 0.0309331 14.4311 0.918311 0.39586 -0.000552371 37.9414 -0.0117382 0.0286248 0.999521 0.0965652
0.396566 -0.917388 0.0336783 14.5096 0.917942 0.396706 -0.00271032 38.057 -0.0108739 0.0319895 0.999429 0.0936183
0.396513 -0.917355 0.0351605 14.5712 0.917931 0.39674 -0.000568302 38.2035 -0.0134283 0.0325002 0.999381 0.10186
0.396233 -0.917508 0.034335 14.5948 0.918099 0.396328 -0.00430194 38.3487 -0.00966084 0.0332275 0.999401 0.121321
0.397103 -0.917152 0.0337717 14.6728 0.917731 0.397173 -0.00491629 38.4803 -0.00890419 0.0329456 0.999417 0.116112
0.398459 -0.916704 0.0297314 14.7471 0.917156 0.3985 -0.00477947 38.6379 -0.0074666 0.0291728 0.999546 0.127549
0.39689 -0.917363 0.0303845 14.8153 0.917805 0.397027 -0.00165009 38.8063 -0.0105497 0.028542 0.999537 0.136083
0.397099 -0.917191 0.0327525 14.8487 0.91771 0.397244 -0.00224288 38.9182 -0.0109536 0.030948 0.999461 0.14056
0.397522 -0.916994 0.0331516 14.886 0.917522 0.397681 -0.00193546 39.0462 -0.0114089 0.0311867 0.999448 0.139689
0.397673 -0.916946 0.0326505 14.958 0.917475 0.397779 -0.00347995 39.1646 -0.00979676 0.0313399 0.999461 0.122668
0.397035 -0.917243 0.0320792 15.051 0.91775 0.397148 -0.00306016 39.3191 -0.00993326 0.0306556 0.999481 0.150545
0.399635 -0.916145 0.0311362 15.1121 0.916638 0.399692 -0.00465324 39.4817 -0.00818182 0.0304002 0.999504 0.11335
0.39897 -0.916435 0.0311522 15.1864 0.916906 0.399096 -0.00233388 39.6246 -0.0102938 0.0294947 0.999512 0.13381
0.399702 -0.916101 0.0315882 15.255 0.916589 0.399821 -0.00271048 39.7998 -0.0101466 0.0300368 0.999497 0.134571
0.399813 -0.916039 0.03197 15.321 0.916568 0.399834 -0.0059824 39.9173 -0.0073026 0.0316945 0.999471 0.131267
0.399009 -0.91644 0.0304914 15.3779 0.916903 0.399093 -0.00354073 40.0667 -0.00892407 0.0293705 0.999529 0.145954
0.399414 -0.916231 0.0314349 15.4187 0.916736 0.399461 -0.00505814 40.2234 -0.00792256 0.0308378 0.999493 0.120966
0.398825 -0.916479 0.0317153 15.5052 0.916975 0.398933 -0.00311666 40.3648 -0.00979591 0.0303251 0.999492 0.142851
0.400048 -0.915956 0.0313951 15.5729 0.916443 0.400154 -0.00311301 40.4922 -0.00971148 0.0300171 0.999502 0.144379
0.399903 -0.916024 0.0312773 15.6364 0.916519 0.399965 -0.00454463 40.6281 -0.00834681 0.0304836 0.9995 0.158424
0.400633 -0.915692 0.031634 15.7131 0.916205 0.400675 -0.00527922 40.7974 -0.00784082 0.0310983 0.999486 0.130639
0.401125 -0.91542 0.0332301 15.7954 0.91596 0.40126 -0.00279198 40.9099 -0.0107781 0.0315574 0.999444 0.190176
0.400661 -0.9156 0.0338608 15.823 0.916158 0.400808 -0.0026294 41.09 -0.0111642 0.0320753 0.999423 0.185811
0.399809 -0.916062 0.0313427 15.8759 0.916545 0.399922 -0.00285276 41.2441 -0.00992136 0.0298676 0.999505 0.180395
0.401596 -0.915303 0.0306935 15.9054 0.915794 0.401599 -0.00630861 41.3964 -0.00655219 0.0306424 0.999509 0.139
0.399999 -0.915995 0.030873 16.0024 0.91648 0.400053 -0.00467476 41.5659 -0.00806879 0.0301644 0.999512 0.1686
0.400509 -0.915706 0.0327916 16.0731 0.916261 0.400535 -0.0060355 41.7074 -0.00760744 0.0324629 0.999444 0.174215
0.400834 -0.915542 0.0333894 16.1199 0.916122 0.400844 -0.00670429 41.8535 -0.0072459 0.0332761 0.99942 0.174575
0.400261 -0.915853 0.0316953 16.1883 0.916375 0.400271 -0.00629256 42.0318 -0.00692366 0.0315635 0.999478 0.183546
0.400664 -0.915665 0.0320232 16.2582 0.916188 0.400716 -0.00506684 42.2065 -0.00819268 0.0313694 0.999474 0.182625
0.402854 -0.914712 0.0317941 16.3707 0.915221 0.402928 -0.00434006 42.3611 -0.00884083 0.0308471 0.999485 0.148475
0.401195 -0.915366 0.0338869 16.421 0.91593 0.401326 -0.00312066 42.5215 -0.0107431 0.03229 0.999421 0.153701
0.401904 -0.915004 0.0352359 16.5046 0.915623 0.402015 -0.00418899 42.6678 -0.0103324 0.0339464 0.99937 0.148889
0.401949 -0.915191 0.0293745 16.594 0.915637 0.401967 -0.00556009 42.8496 -0.00671904 0.0291313 0.999553 0.163106
0.39966 -0.916321 0.0250496 16.6886 0.916663 0.399518 -0.0106494 43.0397 -0.000249507 0.0272182 0.999629 0.153523
