0.471707 -0.881622 0.0153131 2.41064 0.881745 0.471714 -0.00335358 3.78902 -0.00426682 0.0150842 0.999877 0.810618
0.470528 -0.882235 0.0162583 2.79761 0.882364 0.470563 -0.00186244 4.50737 -0.00600747 0.0152221 0.999866 0.814091
0.469133 -0.882903 0.0199078 3.23969 0.883063 0.469253 0.00156876 5.32988 -0.0107269 0.0168439 0.999801 0.816968
0.467584 -0.883547 0.0266348 3.68951 0.883647 0.467999 0.0120197 6.17626 -0.0230851 0.0179155 0.999573 0.82368
0.466187 -0.88398 0.0353444 4.15351 0.883476 0.467267 0.0336365 7.07388 -0.0462492 0.015545 0.998809 0.840804
0.465099 -0.884086 0.0455391 4.6405 0.881881 0.467201 0.0633165 8.05368 -0.0772532 0.0107116 0.996954 0.871502
0.4645 -0.883952 0.0535586 5.15137 0.87937 0.467548 0.0900371 9.11779 -0.10463 0.00527556 0.994497 0.915671
0.46512 -0.883624 0.0535858 5.69058 0.878181 0.468195 0.0979376 10.2609 -0.111629 0.00150531 0.993749 0.969299
0.466443 -0.883252 0.0479318 6.16309 0.878818 0.468898 0.0883906 11.2615 -0.100546 0.000894171 0.994932 1.00992
0.468725 -0.883009 0.0243307 6.75917 0.882162 0.469344 0.0388124 12.4943 -0.0456912 0.00327129 0.99895 1.0603
0.469625 -0.88261 0.0212696 7.05889 0.882262 0.470058 0.0256608 13.0913 -0.0326465 0.00671443 0.999444 1.08657
0.470948 -0.882087 0.0114051 7.58885 0.882159 0.470933 -0.00412829 14.1357 -0.00172951 0.0120053 0.999926 1.12771
0.471156 -0.881995 0.00985944 8.01681 0.881975 0.47094 -0.0183215 14.9445 0.0115163 0.017328 0.999784 1.14807
0.470707 -0.88214 0.0162411 8.41339 0.88227 0.470494 -0.0153543 15.6893 0.0059033 0.0215564 0.99975 1.14357
0.4697 -0.882679 0.0161241 8.9715 0.882475 0.46892 -0.0367761 16.7323 0.0249006 0.0315029 0.999193 1.12654
0.468418 -0.883309 0.018693 9.39515 0.882942 0.467258 -0.0456432 17.5012 0.0315825 0.037885 0.998783 1.1046
0.46721 -0.883838 0.0233379 9.80659 0.883774 0.466084 -0.0413493 18.2486 0.0256686 0.0399442 0.998872 1.09001
0.463344 -0.886082 0.013068 10.7962 0.885177 0.462069 -0.0543486 20.1116 0.042119 0.0367495 0.998436 1.09634
0.463148 -0.886044 0.020504 11.1739 0.886101 0.462463 -0.0308695 20.8329 0.0178694 0.0324658 0.999313 1.09171
0.462383 -0.886306 0.025762 11.6385 0.88668 0.462206 -0.0127946 21.7331 -0.000567443 0.0287586 0.999586 1.08438
0.461731 -0.886443 0.0319823 12.0778 0.886819 0.462093 0.00461206 22.5927 -0.0188671 0.026233 0.999478 1.07654
0.461164 -0.886581 0.0360913 12.5544 0.886792 0.461907 0.0155615 23.5239 -0.0304673 0.0248291 0.999227 1.07347
0.460407 -0.887224 0.0293165 13.0805 0.88736 0.4609 0.0127671 24.5731 -0.0248393 0.0201363 0.999489 1.06608
0.460233 -0.887251 0.0311466 13.4833 0.887301 0.460867 0.0173155 25.3708 -0.0297176 0.0196672 0.999365 1.05633
0.459735 -0.887648 0.0269201 14.0136 0.887919 0.459985 0.00362219 26.4015 -0.0155981 0.0222376 0.999631 1.04283
0.459861 -0.887676 0.0236333 14.4397 0.887945 0.459946 -0.00204086 27.2383 -0.00905843 0.0219236 0.999719 1.02642
0.459772 -0.887649 0.0262394 14.84 0.887909 0.460007 0.00343105 28.0267 -0.0151159 0.0217207 0.99965 1.02011
0.45773 -0.888716 0.0258356 15.7985 0.889054 0.457782 -0.00417968 29.9068 -0.00811255 0.0248824 0.999657 1.01679
0.457417 -0.888755 0.0297371 16.2036 0.889133 0.457648 0.00108616 30.6904 -0.0145744 0.0259434 0.999557 1.01215
0.45662 -0.889463 0.0188036 16.7274 0.889651 0.456407 -0.014616 31.7243 0.00441833 0.0234026 0.999716 1.01822
0.456573 -0.889405 0.0223412 17.0769 0.889665 0.456591 -0.00459138 32.4158 -0.00611718 0.0219725 0.99974 1.03504
0.456202 -0.889587 0.0227026 17.5744 0.889837 0.456273 -0.00224455 33.39 -0.00836185 0.0212256 0.99974 1.05581
0.455972 -0.889699 0.0229012 18.0655 0.889986 0.455929 -0.00735444 34.3468 -0.00389807 0.0237351 0.999711 1.07246
0.455938 -0.889577 0.0278011 18.4598 0.889937 0.456082 -0.00126288 35.116 -0.0115562 0.025317 0.999613 1.06743
0.455948 -0.889381 0.0333396 18.8677 0.889811 0.456313 0.00385621 35.9064 -0.0186429 0.0279077 0.999437 1.05682
0.455644 -0.889549 0.033045 19.3687 0.890086 0.455777 -0.00381845 36.8776 -0.0116645 0.0311528 0.999447 1.05189
0.454887 -0.889897 0.0340764 19.7931 0.890466 0.455035 -0.00372734 37.7052 -0.012189 0.0320394 0.999412 1.05087
0.453999 -0.890319 0.0348749 20.2421 0.890922 0.454134 -0.00440872 38.5956 -0.0119127 0.0330724 0.999382 1.05786
0.453232 -0.890494 0.0400197 20.6627 0.891198 0.453615 0.000550586 39.4269 -0.0186438 0.0354159 0.999199 1.0683
0.452744 -0.890517 0.0447364 21.0568 0.891133 0.453609 0.0109869 40.2183 -0.0300769 0.0348918 0.998938 1.06565
0.451865 -0.891226 0.0391695 21.5366 0.891825 0.45236 0.00435958 41.1934 -0.0216041 0.0329624 0.999223 1.04625
0.45095 -0.891769 0.0372994 21.9101 0.892361 0.451319 0.00167 41.9407 -0.0183232 0.0325314 0.999303 1.01453
0.450182 -0.892287 0.0340724 22.3151 0.892834 0.450381 -0.00202146 42.765 -0.0135418 0.031331 0.999417 1.00733
0.448984 -0.89316 0.0260497 22.7729 0.893526 0.44895 -0.00747475 43.7067 -0.00501887 0.0266322 0.999633 1.01368
0.448415 -0.893383 0.0281151 23.1337 0.893715 0.448632 0.00160801 44.4446 -0.0140499 0.0244059 0.999603 1.0291
0.445574 -0.895013 0.020372 23.9493 0.895244 0.445495 -0.0085038 46.107 -0.00146464 0.022027 0.999756 1.04476
0.444652 -0.895409 0.0229508 24.2843 0.895681 0.444678 -0.00423105 46.7791 -0.0064172 0.022438 0.999728 1.04814
0.442224 -0.896815 0.0126709 24.7561 0.896768 0.441866 -0.0237027 47.7332 0.0156581 0.0218448 0.999639 1.05618
0.441992 -0.896793 0.020127 24.9803 0.897017 0.441928 -0.00775859 48.1941 -0.00193685 0.0214835 0.999767 1.06216
0.440563 -0.897472 0.0211547 25.4009 0.897713 0.440542 -0.00591249 49.054 -0.00401321 0.0215956 0.999759 1.06539
0.439678 -0.89789 0.0218425 25.7335 0.898104 0.439782 -1.31824e-05 49.7498 -0.00959411 0.0196226 0.999761 1.06758
0.438685 -0.898328 0.0236936 26.0699 0.898461 0.438973 0.0084425 50.4525 -0.017985 0.0175842 0.999684 1.06883
0.437294 -0.899033 0.0226641 26.4194 0.899085 0.437616 0.0117533 51.1877 -0.0204848 0.0152373 0.999674 1.07068
0.435934 -0.899742 0.0206518 26.732 0.899759 0.43622 0.0120591 51.8454 -0.0198588 0.0133247 0.999714 1.06067
0.435281 -0.900093 0.0190533 27.011 0.9001 0.435529 0.0115518 52.4567 -0.0186959 0.0121216 0.999752 1.04508
0.434257 -0.900593 0.0187764 27.3209 0.900665 0.434449 0.00757966 53.126 -0.0149836 0.0136198 0.999795 1.03882
0.433363 -0.901066 0.0166514 27.6403 0.901161 0.433472 0.00342227 53.816 -0.0103016 0.0135225 0.999855 1.05576
0.432571 -0.901468 0.015413 27.9518 0.901564 0.432643 0.00150453 54.4716 -0.00802462 0.013245 0.99988 1.07588
0.431656 -0.901913 0.0150166 28.2242 0.901974 0.431764 0.00472956 55.0617 -0.0107493 0.0115031 0.999876 1.09395
0.430501 -0.902458 0.0154369 28.5119 0.902569 0.430545 -0.000523741 55.6673 -0.00617364 0.0141584 0.999881 1.09644
0.430181 -0.902508 0.0205654 28.7562 0.90273 0.430182 -0.00461192 56.1661 -0.00468456 0.020549 0.999778 1.09841
0.430821 -0.902167 0.0220704 29.0537 0.902414 0.430507 -0.0176807 56.7722 0.00644947 0.0275339 0.9996 1.10101
0.432915 -0.901137 0.0231801 29.2841 0.90142 0.432617 -0.0168599 57.2488 0.00516496 0.0281939 0.999589 1.11182
0.440742 -0.89746 0.0176543 29.7963 0.897632 0.440611 -0.0109256 58.3259 0.00202661 0.0206625 0.999784 1.12105
0.444929 -0.895257 0.0235202 30.0251 0.895546 0.444941 -0.00500161 58.7627 -0.00598736 0.0232887 0.999711 1.12934
0.452556 -0.891327 0.0269991 30.3016 0.891709 0.45257 -0.00593223 59.3048 -0.00693145 0.02676 0.999618 1.13457
0.461269 -0.886853 0.0268768 30.5242 0.887203 0.461373 -0.00255195 59.7613 -0.010137 0.0250223 0.999635 1.13244
0.472741 -0.880835 0.0253895 30.7618 0.881121 0.472891 -0.000104296 60.203 -0.0119146 0.0224205 0.999678 1.13002
0.486418 -0.873387 0.0243226 30.9981 0.873592 0.486643 0.004003 60.6156 -0.0153326 0.0193009 0.999696 1.12692
0.506698 -0.86181 0.0232358 31.2886 0.862034 0.506851 0.000771794 61.0707 -0.0124422 0.019639 0.99973 1.12545
0.530719 -0.84723 0.0232208 31.5452 0.847517 0.530734 -0.00601018 61.4481 -0.00723206 0.0228697 0.999712 1.12208
0.5527 -0.832992 0.0254351 31.7526 0.833328 0.552749 -0.00566377 61.7429 -0.00934134 0.0243261 0.99966 1.12071
0.585718 -0.810207 0.0223405 32.0344 0.810489 0.585696 -0.00816727 62.1331 -0.00646755 0.0228904 0.999717 1.12422
0.614573 -0.788535 0.0226393 32.2758 0.788801 0.614624 -0.0054582 62.4464 -0.0096107 0.0212124 0.999729 1.12667
0.64922 -0.760223 0.0239756 32.5653 0.760525 0.649278 -0.00634842 62.7551 -0.0107406 0.0223556 0.999692 1.11981
0.67756 -0.734854 0.0300246 32.8262 0.735249 0.677789 -0.00329848 62.99 -0.0179265 0.0243105 0.999544 1.11035
0.750398 -0.660269 0.0307737 33.4777 0.660633 0.750706 -0.00226328 63.5254 -0.0216076 0.0220285 0.999524 1.10165
0.794575 -0.606673 0.0244581 33.8499 0.606945 0.794727 -0.00507771 63.769 -0.016357 0.0188793 0.999688 1.09836
0.82633 -0.562585 0.0260259 34.1556 0.562869 0.826533 -0.00464698 63.9307 -0.018897 0.0184891 0.99965 1.08987
0.898983 -0.437661 0.0167832 34.9261 0.437844 0.899003 -0.00929802 64.2616 -0.0110187 0.0157072 0.999816 1.05401
0.920821 -0.389384 0.0216258 35.2257 0.389602 0.920958 -0.00682649 64.3632 -0.0172583 0.0147114 0.999743 1.03974
0.947935 -0.317835 0.0199926 35.6462 0.317971 0.948092 -0.00393872 64.4852 -0.017703 0.0100907 0.999792 1.02705
0.9638 -0.265398 0.0255681 35.9783 0.265425 0.964129 0.00238752 64.5834 -0.0252846 0.00448531 0.99967 1.01801
0.98099 -0.192444 0.0249997 36.4236 0.192268 0.981299 0.00927199 64.6914 -0.0263165 -0.00428909 0.999644 1.0064
0.989332 -0.142552 0.0300056 36.762 0.14229 0.989767 0.0107186 64.7631 -0.0312265 -0.0063348 0.999492 0.997926
0.99666 -0.0760391 0.0297833 37.2116 0.0757812 0.997077 0.0096972 64.8365 -0.0304336 -0.00740779 0.999509 0.989938
0.999479 -0.0166403 0.0276681 37.6259 0.0163277 0.999801 0.0114853 64.8947 -0.0278537 -0.0110275 0.999551 0.98724
0.999128 0.0288181 0.0302059 37.9722 -0.0292513 0.999474 0.013997 64.936 -0.0297866 -0.0148684 0.999446 0.988202
0.995921 0.0885329 0.0174108 38.3532 -0.088617 0.996057 0.00411965 64.8462 -0.0169775 -0.00564574 0.99984 0.983391
0.991242 0.131652 0.010377 38.6454 -0.13156 0.991267 -0.00906248 64.7134 -0.0114795 0.00761791 0.999905 0.965933
0.984499 0.175166 0.00892007 38.9928 -0.174905 0.984281 -0.0244907 64.561 -0.0130698 0.0225509 0.99966 0.952444
0.976969 0.213 0.0127114 39.3532 -0.212519 0.976646 -0.0315833 64.4246 -0.0191418 0.0281545 0.99942 0.948866
0.967753 0.251497 0.0142448 39.762 -0.251197 0.96773 -0.0199532 64.3256 -0.0188033 0.0157315 0.999699 0.953958
0.959897 0.279805 0.0174974 40.1197 -0.279816 0.960052 -0.00188185 64.2777 -0.017325 -0.00308969 0.999845 0.960628
0.952665 0.303105 0.0236084 40.4783 -0.303403 0.952808 0.0101939 64.2232 -0.0194044 -0.0168743 0.999669 0.958374
0.943374 0.330991 0.0221501 40.9248 -0.331397 0.943317 0.018132 64.1291 -0.014893 -0.0244457 0.99959 0.938819
0.936749 0.349193 0.0237748 41.2833 -0.349581 0.936791 0.0146969 64.0401 -0.01714 -0.0220786 0.999609 0.882912
0.928512 0.370956 0.0160131 41.731 -0.371134 0.928526 0.00999012 63.9082 -0.0111627 -0.0152189 0.999822 0.795289
0.922054 0.386989 0.00753249 42.1076 -0.38702 0.922066 0.00318399 63.7485 -0.00571328 -0.00585104 0.999967 0.777484
0.914743 0.404035 -0.000504056 42.5194 -0.404035 0.914741 -0.00211649 63.5377 -0.000394055 0.0021397 0.999998 0.816487
0.900649 0.434536 -0.00297747 43.3927 -0.434546 0.900626 -0.0064584 63.0819 -0.000124816 0.0071106 0.999975 0.875259
0.895268 0.445528 -0.000360386 43.7896 -0.445511 0.895227 -0.00944848 62.8505 -0.00388693 0.00861948 0.999955 0.893704
0.89074 0.454486 0.00489218 44.1903 -0.454379 0.890688 -0.0146369 62.6157 -0.0110097 0.0108148 0.999881 0.889912
0.885857 0.463903 0.00711816 44.6839 -0.463721 0.88579 -0.0183942 62.3317 -0.0148383 0.0129938 0.999805 0.878521
0.881752 0.471671 0.00622937 45.1867 -0.471528 0.881701 -0.0162729 62.0638 -0.0131679 0.0114114 0.999848 0.861005
0.879038 0.476681 0.00823013 45.6388 -0.476535 0.879028 -0.0149685 61.8326 -0.0143697 0.00923591 0.999854 0.841261
0.8762 0.481938 0.00317319 46.1913 -0.481892 0.876179 -0.00954022 61.548 -0.00737808 0.00683001 0.999949 0.815126
0.873815 0.48624 0.00429842 46.6498 -0.486179 0.873797 -0.0104464 61.2974 -0.00883542 0.00703844 0.999936 0.797105
0.871402 0.490542 0.00529368 47.1933 -0.490452 0.871378 -0.0125803 60.9906 -0.0107839 0.00836615 0.999907 0.784646
0.869504 0.493925 0.000379196 47.7889 -0.493884 0.86944 -0.0123719 60.6443 -0.00644048 0.0105701 0.999923 0.773774
0.866714 0.498778 -0.00518993 48.8996 -0.498802 0.866623 -0.0126957 59.9914 -0.00183463 0.0135923 0.999906 0.742046
0.866293 0.499536 -0.000117189 49.4142 -0.499476 0.866184 -0.0157599 59.6927 -0.00777115 0.0137113 0.999876 0.719949
0.866611 0.498882 -0.0100644 50.1099 -0.498975 0.866541 -0.0114225 59.2966 0.00302274 0.0149208 0.999884 0.686845
0.86773 0.496997 -0.00618171 50.6527 -0.497029 0.867589 -0.0158592 58.9976 -0.00251881 0.016834 0.999855 0.662418
0.869303 0.494279 0.000891565 51.2428 -0.494143 0.869103 -0.0219584 58.6802 -0.0116285 0.018648 0.999758 0.640913
0.871911 0.489652 -0.00351312 51.9955 -0.489607 0.871678 -0.0215249 58.2779 -0.00747739 0.0204879 0.999762 0.620732
0.874031 0.485853 -0.00419186 52.6382 -0.485814 0.873765 -0.0227982 57.9386 -0.00741386 0.0219628 0.999731 0.607867
0.876799 0.480582 -0.0162458 53.4035 -0.480823 0.876637 -0.0178158 57.5345 0.00567972 0.0234322 0.999709 0.596644
0.878321 0.478015 -0.00732131 53.9567 -0.478057 0.878074 -0.0211479 57.2452 -0.00368036 0.0220747 0.999749 0.584741
0.879829 0.47527 0.0043466 54.6058 -0.475018 0.879597 -0.0258279 56.9056 -0.0160985 0.0206594 0.999657 0.569283
0.882269 0.470744 0.00133784 55.4421 -0.470578 0.882026 -0.0241988 56.4629 -0.0125715 0.0207203 0.999706 0.549397
0.884473 0.466465 -0.0108515 56.2044 -0.466591 0.884251 -0.0197942 56.0467 0.000362159 0.0225707 0.999745 0.538109
0.885126 0.4653 -0.0069561 56.7813 -0.465341 0.884909 -0.01984 55.7341 -0.00307603 0.0207979 0.999779 0.544154
0.885281 0.465057 -0.000463498 57.4785 -0.464978 0.885112 -0.0193173 55.3696 -0.00857337 0.0173167 0.999813 0.553665
0.88551 0.464618 -0.00155276 58.3237 -0.464598 0.88543 -0.0127388 54.9416 -0.00454383 0.0120018 0.999918 0.565001
0.885254 0.465069 0.00596839 59.0055 -0.464982 0.885241 -0.0118058 54.597 -0.010774 0.00767593 0.999912 0.569898
0.885346 0.464931 -0.00113197 59.8331 -0.464929 0.885326 -0.00621221 54.1751 -0.00188609 0.00602624 0.99998 0.570508
0.885451 0.464687 -0.00646532 60.5639 -0.464708 0.885461 -0.00230878 53.7941 0.00465193 0.0050488 0.999976 0.571354
0.885732 0.46393 -0.0157647 62.0084 -0.463921 0.885865 0.00442202 53.0399 0.0160169 0.00339687 0.999866 0.566495
0.885472 0.464692 0.000491555 62.5543 -0.464691 0.885472 -0.00157785 52.7553 -0.00116847 0.00116872 0.999999 0.562126
0.884488 0.466553 -0.00286718 63.4362 -0.466536 0.884487 0.00516376 52.3088 0.00494515 -0.00322964 0.999982 0.555753
0.883052 0.469252 0.00467142 64.081 -0.469273 0.883035 0.00572967 51.9896 -0.00143636 -0.00725177 0.999973 0.557532
0.880883 0.473156 0.0129918 64.8088 -0.473257 0.880903 0.00613984 51.6312 -0.00853942 -0.0115569 0.999897 0.567206
0.877829 0.478659 0.0173409 65.5912 -0.478819 0.877891 0.00636428 51.2317 -0.0121771 -0.0138899 0.999829 0.57564
0.874364 0.484817 0.0209617 66.3121 -0.48499 0.874512 0.00378707 50.8472 -0.0164953 -0.0134775 0.999773 0.581554
0.870523 0.491475 0.0253255 66.9882 -0.491605 0.870817 -0.0012243 50.469 -0.0226556 -0.0113844 0.999678 0.584379
0.8646 0.502331 0.0114445 67.8325 -0.502386 0.86464 0.00242723 49.9806 -0.00867611 -0.00784814 0.999932 0.578323
0.860408 0.509408 0.0142348 68.3812 -0.509457 0.860496 -0.000144479 49.6569 -0.0123226 -0.00712774 0.999899 0.573217
0.853598 0.520878 0.00746903 69.1603 -0.520915 0.853597 0.00433584 49.1905 -0.0041171 -0.0075918 0.999963 0.571049
0.848521 0.529031 0.0117525 69.7366 -0.529078 0.848572 0.00111854 48.8241 -0.00938112 -0.0071671 0.99993 0.580436
0.841066 0.540906 0.00538237 70.5084 -0.540927 0.841062 0.00349902 48.3245 -0.00263427 -0.00585437 0.999979 0.584313
0.835141 0.550003 0.00602396 71.1353 -0.550025 0.835143 0.00298766 47.9072 -0.00338764 -0.00580845 0.999977 0.578546
0.829447 0.558527 0.00805881 71.7632 -0.558561 0.829459 0.00260783 47.4798 -0.00522791 -0.00666439 0.999964 0.576602
0.823812 0.56676 0.0107718 72.3945 -0.566815 0.823841 0.002699 47.0462 -0.00734459 -0.00832911 0.999938 0.577883
0.817522 0.575845 0.0077927 73.0451 -0.575894 0.817489 0.00756769 46.605 -0.00201263 -0.0106745 0.999941 0.571735
0.809987 0.586426 -0.00512261 73.7203 -0.586235 0.809897 0.0198514 46.1488 0.0157901 -0.0130763 0.99979 0.561632
0.8059 0.592051 0.00061569 74.1831 -0.591985 0.805794 0.0157917 45.8207 0.00885337 -0.013091 0.999875 0.56937
0.801812 0.597488 0.0103201 74.7125 -0.597558 0.801803 0.00599004 45.4247 -0.00469568 -0.0109697 0.999929 0.575785
0.796088 0.6051 0.00988895 75.418 -0.605143 0.796115 0.00179694 44.8808 -0.00678541 -0.00741475 0.999949 0.586444
0.792464 0.609786 0.0127358 75.9899 -0.609807 0.792546 -0.00263201 44.441 -0.0116986 -0.00568058 0.999915 0.585477
0.789792 0.61322 0.0138122 76.5497 -0.61319 0.789906 -0.0067812 44.0032 -0.0150687 -0.00311376 0.999882 0.575136
0.787619 0.616046 0.0119688 77.1342 -0.616 0.787709 -0.00765803 43.5428 -0.0141456 -0.00134116 0.999899 0.558766
0.786058 0.618112 0.00708403 77.7278 -0.618104 0.786088 -0.00353421 43.081 -0.00775321 -0.00160058 0.999969 0.539428
0.785509 0.618719 0.0126917 78.1684 -0.61867 0.78561 -0.00800417 42.7371 -0.0149231 -0.00156464 0.999887 0.5239
0.785451 0.618725 0.0156945 78.707 -0.61863 0.785607 -0.0108828 42.3224 -0.0190632 -0.00116117 0.999818 0.511414
0.78732 0.616462 0.0100788 79.236 -0.616381 0.787383 -0.0101633 41.8925 -0.0142012 0.00178938 0.999897 0.519982
0.790363 0.612606 0.00633084 79.7018 -0.61254 0.790378 -0.00985141 41.5143 -0.0110388 0.00390829 0.999931 0.536817
0.794156 0.607669 0.00733614 80.1397 -0.607576 0.794175 -0.0116987 41.1674 -0.0129351 0.00483336 0.999905 0.555859
0.802615 0.596461 -0.00667596 80.734 -0.596476 0.80263 -0.00051473 40.7282 0.00505131 0.00439518 0.999977 0.5843
0.806972 0.590589 -0.000355073 81.0249 -0.590576 0.806949 -0.00727473 40.5287 -0.00400985 0.0060802 0.999973 0.607667
0.81743 0.576025 -0.00185786 81.5487 -0.576018 0.817393 -0.00842377 40.1721 -0.00333371 0.007956 0.999963 0.634959
0.828547 0.559895 -0.00520272 81.9626 -0.559919 0.828513 -0.00755668 39.9027 7.95769e-05 0.00917417 0.999958 0.638331
0.840048 0.542488 -0.00505369 82.3484 -0.542512 0.840018 -0.00712318 39.6689 0.000380946 0.0087255 0.999962 0.635272
0.860518 0.509078 -0.0186294 82.9077 -0.509127 0.860688 0.00240307 39.352 0.0172574 0.00741683 0.999824 0.635451
0.869418 0.494014 -0.00792334 83.1982 -0.494041 0.869436 -0.0018361 39.2095 0.00598178 0.0055108 0.999967 0.644913
0.889068 0.457773 -0.00104194 83.7678 -0.457774 0.889062 -0.00350348 38.9474 -0.000677452 0.0035918 0.999993 0.66051
0.903067 0.429381 0.0101131 84.2132 -0.429341 0.903123 -0.00596535 38.7844 -0.0116948 0.00104512 0.999931 0.671114
0.923549 0.383266 0.0127981 84.7729 -0.383236 0.923638 -0.00477204 38.6016 -0.0136498 -0.000497468 0.999907 0.668154
0.945034 0.326925 0.00561947 85.3181 -0.326936 0.945046 0.00124413 38.4712 -0.00490392 -0.00301295 0.999983 0.65684
0.955313 0.295288 0.0134865 85.6555 -0.295346 0.955387 0.00249767 38.4263 -0.0121473 -0.00636925 0.999906 0.656811
0.973163 0.229868 0.0106768 86.2359 -0.229917 0.973204 0.00362154 38.3566 -0.00955822 -0.00597912 0.999936 0.663153
0.983049 0.182946 0.0120795 86.6376 -0.182969 0.983118 0.00083282 38.3357 -0.0117233 -0.00302888 0.999927 0.670791
0.994605 0.103737 0.00048214 87.2088 -0.103735 0.994599 -0.0034723 38.3367 -0.000839745 0.00340355 0.999994 0.686395
0.998644 0.0520582 -0.000245294 87.5873 -0.0520587 0.998624 -0.00629937 38.3694 -8.2978e-05 0.00630359 0.99998 0.709354
0.999501 -0.0302342 -0.00917659 88.1345 0.0301463 0.9995 -0.00958003 38.4455 0.00946165 0.00929861 0.999912 0.735505
0.995992 -0.0890457 -0.00837607 88.5435 0.0889648 0.995989 -0.00959233 38.5268 0.00919663 0.00880872 0.999919 0.753596
0.985681 -0.168202 -0.0119159 89.0708 0.168063 0.985705 -0.0118405 38.6591 0.0137372 0.0096683 0.999859 0.76406
0.972854 -0.231169 -0.0107596 89.4952 0.231012 0.972849 -0.0140623 38.7868 0.0137183 0.011195 0.999843 0.762561
0.950937 -0.309135 -0.0124009 89.99 0.308887 0.950918 -0.0185393 38.9712 0.0175234 0.0137993 0.999751 0.764415
0.927957 -0.372578 -0.00899545 90.3981 0.372408 0.927926 -0.0162893 39.1701 0.0144161 0.0117658 0.999827 0.765754
0.89923 -0.437457 -0.00398703 90.8354 0.437387 0.899194 -0.0119525 39.4292 0.0088138 0.00900413 0.999921 0.769235
0.865059 -0.501669 -0.0011455 91.2743 0.501617 0.864999 -0.0125247 39.7125 0.00727412 0.01026 0.999921 0.77331
0.843538 -0.537023 0.00696871 91.5675 0.537063 0.84352 -0.00610538 39.9214 -0.00259952 0.00889275 0.999957 0.780542
0.806917 -0.590633 0.0061898 91.9865 0.590662 0.806901 -0.00539724 40.254 -0.00180677 0.00801121 0.999966 0.785103
0.780998 -0.624503 0.00619738 92.2895 0.624525 0.781002 -0.00226049 40.5082 -0.00342848 0.00563585 0.999978 0.788499
0.749457 -0.662051 0.00175264 92.6831 0.662038 0.749419 -0.00877954 40.8178 0.00449904 0.0077402 0.99996 0.786772
0.728634 -0.684903 -0.000648856 93.0065 0.684872 0.72861 -0.00878712 41.0972 0.00649109 0.00595821 0.999961 0.784162
0.714568 -0.699557 0.00352324 93.3189 0.699563 0.714543 -0.00627283 41.3851 0.00187069 0.0069471 0.999974 0.786874
0.700705 -0.713413 0.00736449 93.7108 0.713446 0.700625 -0.0109133 41.7499 0.00262596 0.0129012 0.999913 0.802486
0.69323 -0.720651 0.00972209 94.0511 0.720715 0.69314 -0.0112756 42.0552 0.001387 0.0148234 0.999889 0.829244
0.684929 -0.728609 -0.000126815 94.4688 0.728564 0.684888 -0.0110866 42.4819 0.00816466 0.00750115 0.999938 0.857301
0.684575 -0.728941 0.00126647 94.6815 0.728937 0.684576 0.00246241 42.7303 -0.00266195 -0.00076253 0.999996 0.877266
0.682017 -0.731292 -0.00799238 95.0768 0.731335 0.681961 0.00886921 43.1915 -0.0010355 -0.0118941 0.999929 0.911442
0.682377 -0.730969 -0.00684359 95.3876 0.73098 0.682258 0.0138413 43.5398 -0.00544848 -0.0144475 0.999881 0.950743
0.683952 -0.729485 -0.00782507 95.7967 0.729525 0.683888 0.00952574 43.9802 -0.00159742 -0.0122237 0.999924 0.997913
0.687233 -0.726412 -0.00594863 96.1511 0.726436 0.687203 0.00652203 44.3602 -0.000649773 -0.00880346 0.999961 1.02116
0.691778 -0.722012 -0.0119072 96.61 0.722009 0.691863 -0.00532072 44.8425 0.0120798 -0.00491636 0.999915 1.03786
0.695454 -0.718458 -0.0127339 96.9638 0.718489 0.695533 -0.00271984 45.2139 0.0108109 -0.00725766 0.999915 1.04382
0.700142 -0.713876 -0.0135188 97.4047 0.71397 0.700167 0.00355144 45.6696 0.00693012 -0.0121385 0.999902 1.04623
0.70394 -0.710225 -0.00700967 97.803 0.710255 0.703866 0.0104787 46.0625 -0.00250838 -0.012355 0.99992 1.06151
0.707843 -0.706353 -0.00486271 98.3205 0.706347 0.70775 0.0127795 46.5778 -0.00558527 -0.0124807 0.999906 1.07843
0.710492 -0.703705 -0.000442809 98.7116 0.703552 0.710325 0.0212886 46.9734 -0.0146663 -0.0154369 0.999773 1.07086
0.713805 -0.700342 -0.00206897 99.209 0.70023 0.713631 0.0202255 47.452 -0.0126883 -0.0158858 0.999793 1.05957
0.715471 -0.698613 -0.00642147 99.7226 0.698624 0.715355 0.013846 47.9438 -0.00507935 -0.0143926 0.999883 1.0312
0.715441 -0.698642 -0.00651575 100.148 0.698659 0.715337 0.0129807 48.3484 -0.00440793 -0.0138392 0.999894 1.01863
0.714836 -0.699179 -0.0125673 100.658 0.699286 0.714787 0.0087944 48.8464 0.00283407 -0.0150747 0.999882 1.01484
0.713174 -0.700723 -0.0192255 101.165 0.70093 0.713197 0.00687549 49.3509 0.00889375 -0.0183792 0.999791 1.01662
0.711683 -0.702375 -0.0132961 101.578 0.7025 0.711529 0.0148472 49.7663 -0.00096773 -0.019907 0.999801 1.022
0.709463 -0.704588 -0.0147539 102.195 0.704742 0.709343 0.0131095 50.3854 0.00122879 -0.0196984 0.999805 1.0329
0.708242 -0.705955 -0.00467006 102.611 0.705831 0.707954 0.024571 50.7996 -0.0140398 -0.0206985 0.999687 1.05089
0.706441 -0.707767 -0.00268525 103.157 0.707502 0.706062 0.0302937 51.3533 -0.0195449 -0.0233005 0.999537 1.06257
0.704253 -0.709704 -0.0186735 103.774 0.709943 0.703887 0.022896 51.9994 -0.00310538 -0.0293817 0.999563 1.06921
0.702682 -0.711266 -0.0183853 104.18 0.711481 0.702219 0.0261335 52.4328 -0.0056774 -0.0314443 0.999489 1.0764
0.699061 -0.714603 -0.0256216 104.801 0.715051 0.698805 0.0193393 53.0892 0.00408453 -0.0318401 0.999485 1.07938
0.697018 -0.716759 -0.0205496 105.271 0.717049 0.696616 0.0238188 53.5811 -0.00275717 -0.0313373 0.999505 1.0848
0.694238 -0.719573 -0.0157243 105.873 0.719713 0.693836 0.0246021 54.2022 -0.00679294 -0.0283967 0.999574 1.09309
0.690451 -0.723159 -0.0178526 107.084 0.723376 0.690312 0.0140329 55.4645 0.00217586 -0.0226032 0.999742 1.11107
0.690155 -0.723626 -0.00711744 107.566 0.723588 0.689912 0.021012 55.9556 -0.0102944 -0.0196516 0.999754 1.11812
0.68962 -0.724119 -0.00873236 108.23 0.724139 0.689425 0.0177581 56.6495 -0.00683867 -0.0185698 0.999804 1.1096
0.689574 -0.724111 -0.0123212 108.772 0.724196 0.689331 0.0190503 57.2347 -0.00530116 -0.0220596 0.999743 1.10229
0.689896 -0.723689 -0.0178315 109.319 0.723902 0.689571 0.0214026 57.8316 -0.00319273 -0.0276738 0.999612 1.0996
0.690634 -0.722953 -0.0190542 109.855 0.723168 0.690096 0.028225 58.4182 -0.00725614 -0.0332726 0.99942 1.10104
0.691845 -0.721448 -0.0293728 110.492 0.722045 0.691227 0.0292587 59.1102 -0.000805366 -0.041451 0.99914 1.09916
0.693959 -0.719465 -0.0281109 111.022 0.719982 0.693027 0.0366118 59.673 -0.00685928 -0.0456464 0.998934 1.09227
0.696161 -0.71703 -0.0350481 111.67 0.717885 0.695407 0.0324189 60.3627 0.00112738 -0.0477293 0.99886 1.08903
0.697865 -0.715328 -0.0359289 112.232 0.716225 0.697154 0.0315878 60.9556 0.00245236 -0.0477772 0.998855 1.09819
0.69938 -0.714111 -0.0302157 112.864 0.714748 0.698854 0.0271841 61.6037 0.00170391 -0.0406086 0.999174 1.11806
0.69972 -0.714173 -0.0186828 113.402 0.714368 0.699128 0.0299577 62.146 -0.00833333 -0.0343084 0.999377 1.13213
0.700468 -0.713526 -0.0149953 114.088 0.713641 0.700042 0.0256391 62.8428 -0.00779679 -0.0286607 0.999559 1.14473
0.701307 -0.712734 -0.0133616 114.653 0.712748 0.700744 0.0307927 63.421 -0.012584 -0.0311186 0.999436 1.15013
0.702334 -0.711608 -0.0184456 115.331 0.711771 0.701646 0.0327875 64.1176 -0.0103896 -0.0361569 0.999292 1.15017
0.703158 -0.710833 -0.0169112 115.867 0.710804 0.702127 0.0421332 64.6751 -0.0180758 -0.0416469 0.998969 1.14221
0.703669 -0.710093 -0.0248745 116.536 0.710475 0.702757 0.0368411 65.3664 -0.00867986 -0.0435966 0.999011 1.13195
0.70401 -0.709769 -0.0244374 117.052 0.710185 0.703456 0.0280503 65.8775 -0.00271862 -0.0371028 0.999308 1.11601
0.70242 -0.710866 -0.0357271 118.331 0.711302 0.702887 -0.000731869 67.1553 0.0256324 -0.0248987 0.999361 1.13776
0.702266 -0.711675 -0.0184799 118.816 0.711915 0.702051 0.0173679 67.6435 0.000613521 -0.0253529 0.999678 1.15109
0.701031 -0.71313 -0.000393215 119.52 0.712703 0.700592 0.0350079 68.3596 -0.0246897 -0.0248219 0.999387 1.15618
0.700089 -0.714055 0.000166954 120.077 0.713565 0.699617 0.0368834 68.9252 -0.0264536 -0.0257025 0.99932 1.14105
0.699202 -0.714826 -0.0118693 120.614 0.714788 0.698646 0.0311745 69.4936 -0.013992 -0.0302813 0.999443 1.11439
0.697818 -0.715916 -0.022692 121.201 0.716275 0.697513 0.0206279 70.1036 0.00106018 -0.0306482 0.99953 1.10724
0.696712 -0.716987 -0.0228605 121.751 0.71734 0.696524 0.0166707 70.6751 0.00397024 -0.0280135 0.9996 1.12059
0.695396 -0.718479 -0.0145394 122.293 0.718584 0.694992 0.0249577 71.2409 -0.00782683 -0.0278033 0.999583 1.1295
0.692418 -0.721276 -0.0178368 122.936 0.72149 0.692095 0.0213708 71.9297 -0.00306952 -0.0276666 0.999612 1.14052
0.689222 -0.724354 -0.0168684 123.482 0.724545 0.688944 0.0197547 72.5101 -0.00268804 -0.0258373 0.999662 1.15635
0.686128 -0.727143 -0.0221472 124.048 0.727476 0.685911 0.0174616 73.1261 0.00249391 -0.0280924 0.999602 1.16418
0.68481 -0.728443 -0.0201546 124.522 0.728699 0.684307 0.0268591 73.6623 -0.00577336 -0.03308 0.999436 1.17415
0.682999 -0.730055 -0.0230611 125.13 0.730405 0.682451 0.0277355 74.3398 -0.00451038 -0.0357872 0.999349 1.17944
0.681259 -0.731608 -0.0252106 125.729 0.732042 0.680852 0.0235563 74.993 -6.92965e-05 -0.0345032 0.999404 1.1775
0.679863 -0.732809 -0.0278718 126.304 0.733291 0.679761 0.0144751 75.5991 0.00833865 -0.0302793 0.999507 1.16874
0.679099 -0.733813 -0.0185383 126.712 0.734038 0.678753 0.0219368 76.0363 -0.0035146 -0.028505 0.999587 1.17659
0.676635 -0.736215 -0.0123103 127.271 0.736261 0.676279 0.0237952 76.644 -0.00919322 -0.0251642 0.999641 1.19204
0.672114 -0.74035 -0.0120525 127.85 0.740421 0.671864 0.0193662 77.2884 -0.00624015 -0.0219402 0.99974 1.19671
0.667527 -0.744541 -0.00816751 128.344 0.74446 0.667173 0.0256651 77.8608 -0.0136596 -0.0232126 0.999637 1.19271
0.66071 -0.750514 -0.0137903 129.004 0.750618 0.660433 0.0200181 78.6261 -0.00591629 -0.0235774 0.999704 1.17014
0.657573 -0.753378 -0.00453001 129.469 0.753211 0.657272 0.025825 79.1468 -0.0164786 -0.0203939 0.999656 1.17013
0.654062 -0.756427 -0.00467459 130.012 0.756152 0.653629 0.0316635 79.7701 -0.0208956 -0.0242446 0.999488 1.16274
0.650368 -0.759543 -0.0108 130.527 0.759466 0.649886 0.0293034 80.3838 -0.0152384 -0.0272602 0.999512 1.14897
0.647456 -0.762075 -0.00648753 130.908 0.761774 0.646904 0.034853 80.8469 -0.0223638 -0.0275079 0.999371 1.13546
0.641538 -0.76705 -0.00796327 131.478 0.766909 0.641124 0.0284811 81.5504 -0.016741 -0.0243788 0.999563 1.13282
0.635936 -0.771693 -0.0086525 132.029 0.771622 0.635601 0.024715 82.2465 -0.0135729 -0.0223936 0.999657 1.13427
0.630163 -0.776393 -0.0104051 132.529 0.776277 0.629662 0.0303353 82.8992 -0.0170004 -0.0271934 0.999486 1.11956
0.624552 -0.780889 -0.0121353 133.004 0.780711 0.623849 0.0360951 83.5279 -0.0206157 -0.0320174 0.999275 1.10109
0.613054 -0.789375 -0.0324364 133.632 0.789979 0.613004 0.0126031 84.3578 0.00993511 -0.0333505 0.999394 1.0918
0.609032 -0.792721 -0.0259561 133.954 0.793145 0.608757 0.0183365 84.7832 0.00126528 -0.0317545 0.999495 1.09597
0.600347 -0.799288 -0.0268577 134.549 0.79972 0.60023 0.0131243 85.5891 0.00563073 -0.0293577 0.999553 1.11271
0.595937 -0.802749 -0.0212798 134.942 0.802993 0.595441 0.025558 86.1429 -0.00784575 -0.0323185 0.999447 1.11422
0.58813 -0.808442 -0.0229166 135.495 0.808695 0.587465 0.0299431 86.9315 -0.0107445 -0.036143 0.999289 1.1192
0.581723 -0.813117 -0.0209601 135.954 0.813257 0.580975 0.0328713 87.5797 -0.0145509 -0.0361679 0.99924 1.11062
0.576311 -0.817038 -0.0177289 136.418 0.817014 0.575524 0.0354976 88.2359 -0.0187995 -0.0349424 0.999212 1.09782
0.57166 -0.820297 -0.0178134 136.913 0.820308 0.57094 0.0335112 88.9418 -0.0173187 -0.0337695 0.999279 1.0763
0.568944 -0.822213 -0.0163533 137.334 0.822094 0.568115 0.0375176 89.549 -0.021557 -0.0347893 0.999162 1.07449
0.565097 -0.824591 -0.0267343 137.84 0.824943 0.56429 0.0323357 90.2978 -0.0115778 -0.0403271 0.999119 1.06963
0.562198 -0.826253 -0.0352033 138.311 0.827002 0.561672 0.0243338 90.9961 -0.000333153 -0.0427937 0.999084 1.07006
0.560478 -0.827504 -0.0331967 138.717 0.828143 0.559693 0.0303801 91.599 -0.00655967 -0.044519 0.998987 1.07472
0.557929 -0.829165 -0.0346548 139.241 0.829833 0.556919 0.0349078 92.3948 -0.00964438 -0.0482337 0.998789 1.07456
0.556043 -0.830578 -0.0309266 139.678 0.830909 0.554592 0.0449169 93.0623 -0.0201553 -0.0506729 0.998512 1.07105
0.553129 -0.832707 -0.025435 140.085 0.832604 0.551495 0.0512278 93.6827 -0.0286305 -0.0495129 0.998363 1.0591
0.548037 -0.836055 -0.0258379 140.589 0.836334 0.547172 0.0338943 94.4467 -0.0141997 -0.0401844 0.999091 1.03182
0.543287 -0.839261 -0.021913 140.97 0.839437 0.542607 0.0303865 95.0389 -0.0136121 -0.0349032 0.999298 1.03139
0.53667 -0.843403 -0.0256332 141.453 0.843737 0.536043 0.0276693 95.8046 -0.0095959 -0.036477 0.999288 1.02814
0.531196 -0.846919 -0.0236374 141.855 0.847065 0.530292 0.0356594 96.4713 -0.0176659 -0.0389646 0.999084 1.0199
0.523675 -0.851712 -0.0187172 142.338 0.851665 0.522857 0.035887 97.2745 -0.020779 -0.0347339 0.999181 1.02264
0.518723 -0.854895 -0.00902859 142.733 0.854518 0.518103 0.0369989 97.9165 -0.0269524 -0.0269072 0.999274 1.00927
0.511883 -0.85904 -0.0051552 143.236 0.858873 0.511641 0.0236779 98.7558 -0.0177027 -0.016548 0.999706 0.993033
0.507916 -0.861406 0.00114186 143.568 0.861144 0.507793 0.0240225 99.3162 -0.0212729 -0.0112181 0.999711 0.984282
0.500987 -0.865454 0.000948384 144.045 0.865439 0.500985 0.00544046 100.118 -0.00518359 -0.00190483 0.999985 0.975344
0.496355 -0.86807 0.0092491 144.418 0.868115 0.49636 -0.0018771 100.72 -0.00296143 0.00896098 0.999955 0.976686
0.488168 -0.872746 0.00245461 144.948 0.872675 0.488087 -0.0144559 101.614 0.0114183 0.00919899 0.999892 0.980069
0.48612 -0.873864 0.00697892 145.234 0.873791 0.48617 0.0112998 102.132 -0.0132674 0.000605064 0.999912 0.97568
0.48087 -0.876784 0.0038709 145.724 0.87639 0.480778 0.0281497 103.033 -0.0265422 -0.0101439 0.999596 0.970124
0.478391 -0.878111 0.00789772 146.062 0.877245 0.478288 0.0410162 103.678 -0.0397942 -0.0126935 0.999127 0.960045
0.47509 -0.879937 -0.000850462 146.534 0.879642 0.474906 0.026349 104.583 -0.0227815 -0.0132662 0.999652 0.924129
0.473434 -0.88076 -0.0110698 146.871 0.880706 0.473119 0.0226977 105.242 -0.0147539 -0.0204951 0.999681 0.901874
0.470609 -0.882 -0.0245585 147.303 0.882319 0.470615 0.00591226 106.101 0.00634301 -0.0244508 0.999681 0.914236
0.47023 -0.882405 -0.015631 147.58 0.882524 0.470028 0.0150141 106.626 -0.00590154 -0.0208549 0.999765 0.938592
0.469441 -0.882934 -0.00721255 148.034 0.882828 0.469211 0.0213433 107.476 -0.0154605 -0.0163869 0.999746 0.959455
0.469925 -0.882706 -0.00121113 148.415 0.882226 0.469624 0.0336224 108.203 -0.0291099 -0.0168685 0.999434 0.954114
0.467902 -0.883779 0.00168222 149.229 0.88332 0.467719 0.0313801 109.763 -0.0285199 -0.0131969 0.999506 0.906443
0.465797 -0.884892 -0.00013001 149.67 0.884889 0.465795 0.00263724 110.568 -0.00227311 -0.00134346 0.999996 0.900648
0.464538 -0.885517 0.00799516 150.027 0.885552 0.464503 -0.00587854 111.209 0.00149177 0.00981093 0.999951 0.925063
0.463293 -0.886187 0.00574211 150.5 0.886056 0.463086 -0.02134 112.077 0.0162521 0.0149745 0.999756 0.96011
0.463158 -0.886215 0.0104033 150.813 0.886276 0.463134 -0.00476506 112.662 -0.000595239 0.0114271 0.999934 0.960847
0.461705 -0.886972 0.0104986 151.254 0.886932 0.461799 0.00970719 113.517 -0.0134583 0.0048297 0.999898 0.976738
0.460287 -0.887744 0.00684044 151.673 0.887715 0.46033 0.00759101 114.368 -0.00988774 0.00257832 0.999948 0.978429
0.460215 -0.887755 0.00960242 151.977 0.887651 0.46031 0.0138129 114.987 -0.0166826 0.00216669 0.999858 0.957021
0.460207 -0.887811 0.000875434 152.411 0.887789 0.460202 0.00674675 115.875 -0.00639271 -0.0023277 0.999977 0.95562
0.460258 -0.887784 0.00116711 152.73 0.8877 0.460232 0.0132394 116.518 -0.0122909 -0.00505751 0.999912 0.95796
0.459622 -0.888106 -0.00401389 153.168 0.888103 0.459588 0.00720205 117.384 -0.00455145 -0.00687497 0.999966 0.965003
0.458309 -0.888791 -0.00198816 154.216 0.888603 0.458163 0.0217235 119.493 -0.0183967 -0.0117227 0.999762 0.969562
0.457072 -0.889373 -0.0100631 154.632 0.889426 0.457074 0.00226166 120.339 0.00258814 -0.00998416 0.999947 0.976048
0.456258 -0.889791 -0.0100204 154.97 0.889837 0.456279 0.000187322 121.01 0.00440544 -0.00900201 0.99995 0.987394
0.455337 -0.890305 -0.00491743 155.295 0.890267 0.455244 0.0133516 121.641 -0.00964838 -0.0104573 0.999899 0.963163
0.454553 -0.890716 -0.00234797 155.683 0.890559 0.454419 0.0202111 122.39 -0.0169354 -0.011278 0.999793 0.964133
0.453992 -0.891004 -0.00169674 156.054 0.890827 0.453863 0.0208634 123.108 -0.0178193 -0.0109833 0.999781 0.981177
0.453912 -0.891042 -0.00294888 156.413 0.890907 0.45378 0.019184 123.815 -0.0157556 -0.011335 0.999812 1.00003
0.454466 -0.890742 -0.00632204 156.761 0.890706 0.454343 0.0146875 124.504 -0.0102104 -0.012306 0.999872 0.995485
0.455455 -0.890185 -0.011506 157.091 0.890254 0.45537 0.00926133 125.173 -0.00300481 -0.0144614 0.999891 1.00436
0.456793 -0.889368 -0.0190966 157.398 0.889541 0.456854 0.00127298 125.799 0.00759223 -0.0175687 0.999817 0.99407
0.458598 -0.888282 -0.025356 157.692 0.888473 0.458883 -0.00654706 126.395 0.0174511 -0.0195257 0.999657 0.99255
0.4611 -0.886867 -0.0292363 157.98 0.887021 0.461575 -0.0119773 126.972 0.024117 -0.0204105 0.999501 1.00396
0.464607 -0.88499 -0.0305495 158.27 0.885151 0.46513 -0.012701 127.551 0.0254498 -0.0211399 0.999452 1.00568
0.468997 -0.882721 -0.0290644 158.568 0.882908 0.469434 -0.0102568 128.129 0.0226977 -0.0208508 0.999525 1.00195
0.473904 -0.880197 -0.0258481 158.881 0.880428 0.474159 -0.00444632 128.716 0.0161698 -0.0206503 0.999656 1.00431
0.479247 -0.877337 -0.0245399 159.192 0.877603 0.479389 0.00013782 129.298 0.0116432 -0.0216023 0.999699 1.005
0.485032 -0.87414 -0.0249509 159.498 0.874432 0.485144 0.00175447 129.872 0.0105711 -0.0226688 0.999687 1.01087
0.491397 -0.870533 -0.026483 159.801 0.870841 0.491566 0.000159763 130.44 0.0128791 -0.023141 0.999649 1.01518
0.50491 -0.862785 -0.0258695 160.461 0.863024 0.505152 -0.00341752 131.593 0.0160166 -0.0206005 0.999659 1.05095
0.510193 -0.859929 -0.0150259 160.763 0.860056 0.510163 0.00606779 132.081 0.00244779 -0.0160189 0.999869 1.06851
0.517541 -0.855613 -0.0088077 161.19 0.855648 0.517558 0.000361856 132.756 0.00424889 -0.00772357 0.999961 1.09416
0.521087 -0.853499 0.00269647 161.462 0.853465 0.521091 0.0078503 133.16 -0.00810533 -0.00178935 0.999965 1.08935
0.526441 -0.850208 0.00256317 161.887 0.850199 0.526447 0.00389781 133.81 -0.00466332 0.000127243 0.999989 1.08444
0.527802 -0.849367 -0.000301306 162.214 0.849349 0.527788 0.00677863 134.318 -0.00559852 -0.00383369 0.999977 1.07005
0.527257 -0.849703 -0.00226934 162.925 0.849605 0.527151 0.0168403 135.487 -0.013113 -0.0108072 0.999856 1.06948
0.526741 -0.850008 0.00542782 163.201 0.849513 0.526635 0.0313489 135.956 -0.0295053 -0.0119017 0.999494 1.07065
0.526527 -0.850139 -0.00568786 163.631 0.849937 0.526225 0.0263724 136.675 -0.0194271 -0.0187201 0.999636 1.05085
0.526215 -0.85029 -0.0102321 163.903 0.850154 0.525795 0.0278889 137.133 -0.0183336 -0.0233745 0.999559 1.02619
0.524171 -0.851313 -0.0225793 164.298 0.851608 0.524076 0.0104267 137.793 0.00295686 -0.0246941 0.999691 1.00885
0.521841 -0.852796 -0.0205062 164.582 0.853018 0.521857 0.00500305 138.263 0.0064347 -0.0201029 0.999777 1.02562
0.517706 -0.855323 -0.0200593 164.96 0.85548 0.517834 -0.00139947 138.903 0.0115844 -0.0164359 0.999798 1.05909
0.514471 -0.857295 -0.0191088 165.251 0.857508 0.514333 0.0118957 139.438 -0.000369825 -0.0225059 0.999747 1.08234
0.509585 -0.860266 -0.0163184 165.665 0.860402 0.509359 0.0161743 140.178 -0.00560226 -0.0222825 0.999736 1.11148
0.507223 -0.861814 -0.00126138 165.921 0.861399 0.506932 0.0318101 140.618 -0.026775 -0.0172214 0.999493 1.11297
0.501379 -0.865227 0.00115601 166.686 0.864946 0.501249 0.0248655 141.943 -0.0220938 -0.0114672 0.99969 1.06934
0.499584 -0.866262 0.0024199 166.981 0.865898 0.499452 0.0277211 142.455 -0.0252223 -0.0117536 0.999613 1.04159
0.496286 -0.868159 -0.000742966 167.406 0.86813 0.496262 0.00863479 143.193 -0.00712766 -0.00493031 0.999962 1.01913
0.495143 -0.868804 0.00373958 167.752 0.86881 0.495145 -0.0004625 143.791 -0.00144981 0.00347799 0.999993 1.02084
0.494557 -0.869004 0.01566 168.019 0.869015 0.494715 0.00841754 144.247 -0.0150621 0.00944585 0.999842 1.03239
0.493046 -0.869744 0.0212504 168.453 0.869898 0.49322 0.00355402 144.992 -0.0135722 0.0167333 0.999768 1.04274
0.492323 -0.870112 0.0228685 168.782 0.870312 0.492495 0.0022497 145.567 -0.0132201 0.0187952 0.999736 1.03018
0.490825 -0.870768 0.0292253 169.474 0.871252 0.490667 -0.012838 146.749 -0.00316101 0.0317638 0.99949 1.0003
0.490487 -0.870655 0.0371718 169.763 0.87132 0.490701 -0.00373953 147.254 -0.0149844 0.0342227 0.999302 1.00588
0.489595 -0.871196 0.0362463 170.18 0.871865 0.489705 -0.00637716 147.992 -0.0121943 0.0347241 0.999322 1.01945
0.488739 -0.871409 0.0421928 170.85 0.872178 0.489188 0.0003546 149.16 -0.0209492 0.0366264 0.999109 0.988568
