0.466876 -0.884121 0.0188859 2.73482 0.884304 0.4669 -0.00341555 4.72296 -0.00579807 0.0182955 0.999816 1.07951
0.464818 -0.885228 0.0177525 3.17638 0.885396 0.464815 -0.00457116 5.57371 -0.00420509 0.0178427 0.999832 1.07266
0.464126 -0.885596 0.017502 3.59549 0.885761 0.464116 -0.00483778 6.36604 -0.00383867 0.017748 0.999835 1.07113
0.463057 -0.886151 0.0177455 4.00446 0.886317 0.463061 -0.00413677 7.17208 -0.00455144 0.0176437 0.999834 1.1002
0.462783 -0.88631 0.0169438 4.42392 0.886445 0.462832 -0.00109831 7.98785 -0.00686872 0.0155281 0.999856 1.10945
0.463387 -0.885971 0.0181001 4.85268 0.886088 0.463508 0.00294604 8.8243 -0.0109997 0.0146732 0.999832 1.08774
0.464351 -0.885443 0.0191986 5.28907 0.885537 0.46453 0.00600453 9.66222 -0.014235 0.0142128 0.999798 1.07637
0.465872 -0.884639 0.0194327 5.72795 0.884715 0.466074 0.00737608 10.5064 -0.0155822 0.0137561 0.999784 1.07034
0.467829 -0.883586 0.0202748 6.16335 0.883727 0.467989 0.00373515 11.3458 -0.0127887 0.01617 0.999787 1.05013
0.469116 -0.882925 0.0193001 6.61203 0.883097 0.46919 -0.000802693 12.2043 -0.00834671 0.0174204 0.999813 1.07868
0.470201 -0.882415 0.0159769 7.05312 0.882548 0.470211 -0.00337816 13.0476 -0.00453157 0.0156888 0.999867 1.0976
0.471019 -0.882024 0.0132622 7.49706 0.882109 0.471044 -0.00136924 13.8956 -0.00503938 0.0123437 0.999911 1.11479
0.470732 -0.88215 0.0149363 7.96645 0.882237 0.470804 0.00147913 14.7644 -0.00833687 0.0124811 0.999887 1.11084
0.46984 -0.882504 0.0209308 8.42588 0.882653 0.47001 0.00382592 15.6484 -0.0132141 0.0166771 0.999774 1.07788
0.468798 -0.882759 0.0310568 8.88871 0.883175 0.469043 0.000692423 16.5175 -0.0151782 0.027104 0.999517 1.04947
0.467466 -0.883337 0.03451 9.36409 0.883943 0.46756 -0.00579228 17.3794 -0.0110189 0.0332125 0.999388 1.0622
0.466291 -0.884011 0.033137 9.83359 0.884607 0.466232 -0.00994318 18.2396 -0.00665967 0.0339496 0.999401 1.06894
0.463888 -0.885539 0.0250782 10.7497 0.885883 0.463838 -0.0081075 20.0043 -0.00445271 0.0259773 0.999653 1.09861
0.463 -0.88601 0.0248376 11.2195 0.886324 0.463047 -0.00415742 20.9166 -0.00781745 0.023939 0.999683 1.07987
0.46167 -0.886701 0.0249492 11.6822 0.886985 0.461797 -0.000757033 21.8279 -0.0108502 0.022479 0.999688 1.07037
0.460935 -0.887043 0.0263455 12.1411 0.887343 0.46111 0.000677978 22.7358 -0.0127496 0.0230649 0.999653 1.06622
0.460405 -0.887297 0.0270459 12.6051 0.88758 0.460643 0.00298739 23.6317 -0.0151092 0.02263 0.99963 1.07718
0.459928 -0.887489 0.0288019 13.0467 0.887779 0.460242 0.00503439 24.5302 -0.0177238 0.0232543 0.999572 1.07122
0.459795 -0.887506 0.0303738 13.5126 0.887837 0.460133 0.00485758 25.4285 -0.0182871 0.0247335 0.999527 1.05686
0.459994 -0.887363 0.031517 13.976 0.887758 0.460302 0.00289835 26.3066 -0.0170792 0.0266462 0.999499 1.04865
0.460322 -0.887262 0.0294699 14.4205 0.887625 0.460565 0.00163904 27.1944 -0.0150271 0.0254037 0.999564 1.02412
0.459913 -0.887552 0.0270416 14.8714 0.887861 0.460109 0.00118609 28.0895 -0.0134948 0.0234637 0.999634 1.02586
0.45803 -0.888367 0.0318184 15.7769 0.888802 0.45829 0.00100624 29.8667 -0.015476 0.0278194 0.999493 1.02775
0.457672 -0.888464 0.0341861 16.2331 0.888996 0.457914 -0.000835256 30.7316 -0.0149122 0.0307735 0.999415 1.01153
0.457007 -0.889088 0.0258249 16.6741 0.889413 0.457098 -0.00262381 31.6217 -0.00947171 0.0241681 0.999663 1.03837
0.456848 -0.889335 0.0193131 17.1245 0.889523 0.456881 -0.00293877 32.5141 -0.00621022 0.018522 0.999809 1.06316
0.456674 -0.889446 0.0182949 17.5829 0.889612 0.456711 -0.00235527 33.3996 -0.00626061 0.017351 0.99983 1.07115
0.456634 -0.889289 0.0255069 18.0366 0.889586 0.456767 -0.000651085 34.2834 -0.0110717 0.0229879 0.999674 1.07131
0.456429 -0.889256 0.0299368 18.4804 0.88964 0.456662 0.00107351 35.1539 -0.0146256 0.0261429 0.999551 1.04526
0.456177 -0.889332 0.0314908 18.9062 0.889785 0.45638 -0.000802444 35.9724 -0.0136581 0.028386 0.999504 1.03247
0.45572 -0.889545 0.032059 19.349 0.890029 0.455901 -0.00185756 36.8374 -0.0129634 0.02938 0.999484 1.04601
0.454807 -0.889996 0.0325282 19.7933 0.890502 0.454973 -0.00252308 37.7089 -0.0125539 0.030114 0.999468 1.05071
0.454221 -0.8902 0.0350295 20.2212 0.890778 0.454433 -0.00211057 38.5754 -0.0140398 0.0321622 0.999384 1.06643
0.453383 -0.89045 0.0392701 20.6669 0.891147 0.453715 -0.000531804 39.4455 -0.0173439 0.0352365 0.999229 1.08031
0.45274 -0.89065 0.0420693 21.097 0.891379 0.453249 0.00293129 40.3141 -0.0216786 0.0361726 0.99911 1.06135
0.452005 -0.891042 0.0416539 21.5027 0.891779 0.452467 0.00187321 41.1463 -0.0205161 0.0362994 0.99913 1.02911
0.450719 -0.891792 0.0394749 21.9216 0.892519 0.451007 -0.00180613 41.9585 -0.0161927 0.0360461 0.999219 0.985823
0.45011 -0.892331 0.0338591 22.3204 0.892923 0.450162 -0.00649063 42.7848 -0.00945028 0.0331551 0.999406 1.02469
0.449016 -0.893086 0.0279586 22.7476 0.893496 0.449027 -0.00622 43.6638 -0.00699917 0.0277737 0.99959 1.03772
0.448438 -0.893472 0.0247167 23.1727 0.893779 0.448495 -0.00350141 44.5145 -0.00795692 0.0236615 0.999688 1.04957
0.446026 -0.894685 0.0244797 23.9246 0.894947 0.446172 0.000580765 46.0377 -0.0114418 0.021649 0.9997 1.04743
0.445005 -0.895185 0.0247793 24.3023 0.895469 0.445123 -0.000822856 46.7972 -0.0102932 0.0225553 0.999693 1.04899
0.443532 -0.895913 0.0248684 24.6841 0.896198 0.443654 -0.000709289 47.5733 -0.0103975 0.0226016 0.99969 1.05878
0.442289 -0.896563 0.0235453 25.0411 0.896807 0.442423 0.000512602 48.3211 -0.0108765 0.0208888 0.999723 1.06654
0.441161 -0.897112 0.0238104 25.3989 0.897351 0.441316 0.00142239 49.0467 -0.011784 0.0207388 0.999716 1.06377
0.44008 -0.897657 0.0232877 25.7378 0.897857 0.440273 0.00365029 49.7709 -0.0135297 0.0193026 0.999722 1.06667
0.438601 -0.898392 0.0228449 26.0876 0.898528 0.438854 0.00737149 50.492 -0.0166481 0.0172936 0.999712 1.06515
0.437106 -0.899148 0.0216993 26.4159 0.899204 0.437395 0.0108681 51.188 -0.0192632 0.0147616 0.999705 1.07139
0.435615 -0.899829 0.0233971 26.7362 0.899964 0.43589 0.00805926 51.8543 -0.0174505 0.0175458 0.999694 1.04904
0.434804 -0.900187 0.0246773 27.0203 0.900454 0.434951 0.000624141 52.5094 -0.0112953 0.0219494 0.999695 1.02887
0.433644 -0.900787 0.023134 27.3347 0.901073 0.433626 -0.006049 53.1706 -0.00458265 0.0234686 0.999714 1.04311
0.433434 -0.901057 0.0151947 27.6432 0.901182 0.433414 -0.00474065 53.8261 -0.00231401 0.015748 0.999873 1.09204
0.432802 -0.901399 0.0127205 27.9541 0.901479 0.432821 -0.00136162 54.4508 -0.00427834 0.0120566 0.999918 1.09272
0.431461 -0.902019 0.0142678 28.2228 0.902111 0.431504 -9.37764e-05 55.0667 -0.00607203 0.0129116 0.999898 1.09208
0.430682 -0.902312 0.0186036 28.5049 0.902488 0.430704 -0.00300006 55.6443 -0.00530565 0.0180816 0.999822 1.07692
0.430722 -0.9022 0.0226839 28.7736 0.902484 0.430618 -0.00952817 56.1838 -0.00117179 0.0245759 0.999697 1.09221
0.431704 -0.901694 0.0240832 29.0375 0.902009 0.431448 -0.015241 56.7282 0.00335209 0.0283029 0.999594 1.10117
0.434522 -0.900427 0.0205427 29.2975 0.90065 0.434286 -0.0150184 57.2744 0.00460156 0.0250276 0.999676 1.12284
0.441985 -0.896879 0.016031 29.79 0.897022 0.441926 -0.00721919 58.3215 -0.000609775 0.0175709 0.999845 1.10979
0.447 -0.894297 0.0205905 30.0497 0.894521 0.447 -0.0048453 58.7916 -0.00487083 0.0205845 0.999776 1.12804
0.45383 -0.890702 0.0262095 30.2827 0.891047 0.453896 -0.00372808 59.2817 -0.00857576 0.0250458 0.999649 1.1223
0.462944 -0.885913 0.0289819 30.5132 0.886317 0.463072 -0.00255614 59.7777 -0.0111562 0.0268705 0.999577 1.12315
0.476077 -0.879082 0.0237899 30.7825 0.879334 0.476205 -0.000317312 60.2117 -0.0110499 0.0210704 0.999717 1.13044
0.491495 -0.870669 0.0191702 31.0351 0.870814 0.491611 0.0015391 60.6397 -0.0107643 0.0159372 0.999815 1.12676
0.512279 -0.858599 0.0194529 31.3018 0.858736 0.512414 0.00232453 61.0311 -0.0119638 0.0155141 0.999808 1.13006
0.538218 -0.842433 0.0250722 31.5243 0.842683 0.538409 0.00101478 61.3866 -0.014354 0.0205818 0.999685 1.11983
0.564225 -0.825132 0.0284064 31.748 0.825445 0.564482 0.00124874 61.7281 -0.0170653 0.0227433 0.999596 1.11944
0.59127 -0.805935 0.0294806 31.9874 0.806232 0.591592 0.00284038 62.0794 -0.0197297 0.0220888 0.999561 1.13227
0.620565 -0.783613 0.0291577 32.2598 0.78385 0.620931 0.00479555 62.4366 -0.0218628 0.0198793 0.999563 1.13338
0.656825 -0.753526 0.0279394 32.5697 0.753711 0.657184 0.00532146 62.7209 -0.0223712 0.017563 0.999595 1.11665
0.692178 -0.721213 0.0272051 32.8913 0.721353 0.692541 0.00604703 62.9999 -0.0232019 0.0154389 0.999611 1.10158
0.764243 -0.644428 0.0254028 33.505 0.644529 0.764563 0.00505369 63.5211 -0.0226788 0.0125106 0.999665 1.10583
0.800257 -0.599149 0.0246861 33.8303 0.59924 0.800558 0.00433732 63.7387 -0.0223614 0.0113219 0.999686 1.10466
0.836111 -0.548012 0.0245148 34.1839 0.548088 0.836411 0.00406682 63.9211 -0.0227331 0.0100359 0.999691 1.08778
0.900115 -0.43498 0.0241949 34.8955 0.435081 0.90039 0.00118236 64.2402 -0.0222992 0.00946249 0.999707 1.04301
0.926606 -0.375262 0.0240929 35.2548 0.375388 0.926868 -0.000743492 64.3818 -0.0220519 0.00973311 0.999709 1.02953
0.948498 -0.315774 0.0252519 35.6191 0.315902 0.948791 -0.00115673 64.5005 -0.0235935 0.00907428 0.99968 1.02248
0.966376 -0.255619 0.0278644 36.0018 0.255689 0.966758 0.00106189 64.6367 -0.0272096 0.00609844 0.999611 1.01549
0.980393 -0.1948 0.029718 36.393 0.194806 0.980838 0.0026938 64.7389 -0.0296733 0.00314827 0.999555 1.00848
0.990444 -0.134565 0.0302277 36.7976 0.134595 0.9909 0.00105991 64.8176 -0.0300953 0.00301871 0.999542 0.998858
0.996666 -0.0759802 0.0297154 37.2072 0.0760956 0.997097 -0.0027705 64.8915 -0.0294186 0.00502247 0.999555 0.994638
0.999363 -0.0199979 0.0295402 37.6074 0.0201521 0.999785 -0.0049307 64.9466 -0.0294353 0.00552286 0.999551 0.994426
0.998997 0.0338149 0.0293352 37.9997 -0.0337624 0.999427 -0.00228159 64.9811 -0.0293956 0.00128887 0.999567 0.997206
0.9962 0.0822517 0.0286322 38.2575 -0.0823701 0.996597 0.0029813 64.7278 -0.0282896 -0.00532841 0.999586 0.986802
0.991544 0.127237 0.0255017 38.5818 -0.127198 0.991872 -0.00316549 64.5892 -0.0256972 -0.00010504 0.99967 0.948962
0.98518 0.169674 0.025116 38.966 -0.169421 0.985472 -0.0119265 64.4876 -0.0267747 0.00749457 0.999613 0.944908
0.978025 0.206696 0.0272854 39.3543 -0.206246 0.978327 -0.0184148 64.4197 -0.0305003 0.0123826 0.999458 0.956232
0.970255 0.240356 0.0288825 39.7405 -0.239908 0.970626 -0.0181495 64.4076 -0.0323964 0.0106805 0.999418 0.974928
0.961941 0.271709 0.0290272 40.1245 -0.271445 0.962369 -0.0127726 64.3765 -0.0314053 0.00440719 0.999497 0.976657
0.953928 0.298947 0.025513 40.5282 -0.298975 0.954257 -0.00282718 64.2921 -0.0251912 -0.00493082 0.999671 0.951488
0.945777 0.324113 0.0213716 40.9239 -0.324242 0.94597 0.00277065 64.1942 -0.0193188 -0.00954998 0.999768 0.904708
0.937768 0.346804 0.017825 41.3321 -0.346904 0.937896 0.00279707 64.0677 -0.015748 -0.00880659 0.999837 0.799613
0.930053 0.367188 0.0131967 41.7317 -0.367251 0.930119 0.00255959 63.9379 -0.0113347 -0.00722705 0.99991 0.711033
0.923324 0.383966 0.00649773 42.1119 -0.383973 0.923344 -0.000229203 63.7028 -0.00608765 -0.00228332 0.999979 0.822087
0.916296 0.400498 0.00184176 42.4968 -0.400492 0.916295 -0.00293147 63.4618 -0.00286165 0.00194848 0.999994 0.933497
0.903529 0.428319 0.0133278 43.3381 -0.428308 0.903625 -0.00382051 63.0486 -0.0136798 -0.00225648 0.999904 0.918735
0.897523 0.44069 0.0156635 43.7634 -0.440668 0.897656 -0.00500977 62.8335 -0.0162682 -0.00240601 0.999865 0.898143
0.892085 0.451647 0.0141042 44.2094 -0.451563 0.892195 -0.00882636 62.5835 -0.0165701 0.00150492 0.999862 0.86972
0.88723 0.461178 0.0117619 44.7022 -0.461041 0.887289 -0.0126248 62.3167 -0.0162585 0.00577832 0.999851 0.854235
0.882652 0.469939 0.0090656 45.1849 -0.469786 0.882654 -0.0149173 62.0944 -0.015012 0.00890791 0.999848 0.836291
0.879038 0.476687 0.00790546 45.664 -0.476556 0.879031 -0.0141259 61.8567 -0.0136827 0.00864977 0.999869 0.817308
0.87641 0.481495 0.00828641 46.1504 -0.481402 0.87643 -0.0110693 61.6017 -0.0125923 0.00571217 0.999904 0.793421
0.874066 0.485742 0.00796403 46.6592 -0.485655 0.874085 -0.010699 61.2912 -0.0121582 0.00548389 0.999911 0.789209
0.872149 0.489165 0.00865246 47.2049 -0.489081 0.872179 -0.0101853 60.9725 -0.0125288 0.00465137 0.999911 0.789007
0.870568 0.491962 0.00923292 47.7424 -0.491878 0.870607 -0.00995339 60.6529 -0.0129349 0.00412363 0.999908 0.77936
0.868049 0.496395 0.00912999 48.8577 -0.496318 0.868089 -0.00953037 59.9944 -0.0126565 0.00374145 0.999913 0.735244
0.867306 0.49771 0.00810468 49.4364 -0.497629 0.86733 -0.0101937 59.6765 -0.0121029 0.0048079 0.999915 0.707889
0.867189 0.497934 0.00666509 50.0228 -0.49784 0.867186 -0.0119895 59.3517 -0.0117499 0.00707901 0.999906 0.671868
0.868658 0.495412 0.000538532 50.674 -0.495279 0.868449 -0.0222613 58.9967 -0.0114962 0.0190707 0.999752 0.653399
0.87037 0.492395 -0.001654 51.3246 -0.492274 0.870069 -0.0254132 58.6504 -0.0110743 0.0229331 0.999676 0.638686
0.872367 0.488849 -0.00176249 51.968 -0.488736 0.872075 -0.0249344 58.3015 -0.0106522 0.0226134 0.999687 0.631337
0.874501 0.485021 -0.0017735 52.6276 -0.484909 0.874207 -0.0250045 57.9465 -0.0105773 0.0227265 0.999686 0.619758
0.8767 0.481038 -9.18072e-05 53.2872 -0.480904 0.876451 -0.0237589 57.586 -0.0113485 0.0208736 0.999718 0.611504
0.878884 0.477031 0.00230863 53.9929 -0.476871 0.878696 -0.0220616 57.2163 -0.0125526 0.0182887 0.999754 0.586241
0.881026 0.473047 0.00443352 54.6985 -0.472867 0.880886 -0.0209155 56.8397 -0.0137994 0.0163306 0.999771 0.569393
0.882861 0.4696 0.00566368 55.399 -0.469424 0.882762 -0.0193192 56.4529 -0.014072 0.0143975 0.999797 0.552624
0.884606 0.466328 0.00313612 56.1007 -0.466153 0.884424 -0.0222572 56.0574 -0.0131528 0.018227 0.999747 0.55066
0.885454 0.464722 0.00209954 56.8122 -0.464609 0.885322 -0.0185385 55.6867 -0.010474 0.0154395 0.999826 0.575917
0.885591 0.464463 0.00179365 57.5533 -0.464408 0.885535 -0.0124021 55.3135 -0.00734866 0.0101502 0.999922 0.585495
0.885326 0.464964 0.00240414 58.3071 -0.464937 0.885313 -0.00731898 54.9501 -0.00553147 0.00536191 0.99997 0.579902
0.88488 0.465795 0.00473914 59.0585 -0.465792 0.884892 -0.00180137 54.5684 -0.00503269 -0.000613462 0.999987 0.564097
0.884755 0.466026 0.00530303 59.7544 -0.466015 0.884771 -0.00325659 54.207 -0.00620963 0.000409998 0.999981 0.554315
0.885023 0.465488 0.00743124 60.4853 -0.465488 0.885052 -0.00187308 53.8149 -0.00744893 -0.00180144 0.999971 0.56287
0.885506 0.464534 0.0093511 61.9313 -0.46455 0.885547 -0.000459578 53.0563 -0.00849433 -0.0039371 0.999956 0.555836
0.885306 0.464935 0.00833493 62.6595 -0.464948 0.885338 -0.00043614 52.6914 -0.00758201 -0.00348919 0.999965 0.557728
0.884426 0.466593 0.0089709 63.3802 -0.466626 0.884452 0.00190877 52.3364 -0.00704372 -0.00587422 0.999958 0.549793
0.882774 0.469674 0.0107858 64.1106 -0.469741 0.882792 0.0046147 51.9822 -0.00735418 -0.00914024 0.999931 0.562137
0.880287 0.474228 0.0142135 64.8501 -0.474368 0.880283 0.00877343 51.6207 -0.00835127 -0.0144656 0.99986 0.581356
0.87695 0.480272 0.0172834 65.5981 -0.480471 0.876953 0.0100123 51.2191 -0.0103482 -0.0170845 0.999801 0.583337
0.87332 0.486804 0.0182773 66.3352 -0.486999 0.873364 0.0081376 50.8117 -0.0120013 -0.0160077 0.9998 0.586521
0.86907 0.494375 0.017642 67.0477 -0.494527 0.869146 0.00530745 50.4006 -0.0127096 -0.013337 0.99983 0.587602
0.863817 0.50353 0.016683 67.7295 -0.503657 0.863893 0.00430967 49.9975 -0.0122422 -0.0121253 0.999852 0.570962
0.858479 0.512592 0.0162255 68.4046 -0.512726 0.858536 0.00533428 49.6212 -0.0111959 -0.0128986 0.999854 0.566186
0.852663 0.52217 0.0174103 69.0779 -0.522352 0.852692 0.00802497 49.2169 -0.0106552 -0.0159369 0.999816 0.568539
0.846426 0.532177 0.0187328 69.7539 -0.532381 0.846467 0.00806483 48.7787 -0.0115648 -0.0167993 0.999792 0.597323
0.840396 0.54167 0.0181328 70.4354 -0.541832 0.84047 0.00528071 48.3396 -0.0123797 -0.0142628 0.999822 0.588699
0.834561 0.550601 0.0186031 71.1164 -0.550759 0.834653 0.00435124 47.8974 -0.0131314 -0.0138772 0.999817 0.568241
0.829159 0.558663 0.0197926 71.7584 -0.558865 0.829234 0.00635653 47.463 -0.0128615 -0.016332 0.999784 0.574736
0.823526 0.566909 0.0204553 72.4031 -0.567146 0.823577 0.00811961 47.0299 -0.0122434 -0.0182878 0.999758 0.581836
0.817239 0.576017 0.0180215 73.0081 -0.576197 0.817283 0.00673624 46.6417 -0.0108485 -0.015889 0.999815 0.562218
0.811558 0.584054 0.0159459 73.6006 -0.5842 0.811584 0.00648593 46.2505 -0.00915326 -0.0145793 0.999852 0.548671
0.80614 0.591508 0.0160097 74.1972 -0.591665 0.806148 0.00763016 45.8055 -0.00839293 -0.0156234 0.999843 0.582743
0.800868 0.598633 0.0157625 74.7999 -0.598791 0.800863 0.00825094 45.3316 -0.00768435 -0.0160464 0.999842 0.584416
0.795883 0.605272 0.014737 75.4051 -0.605397 0.7959 0.00606268 44.8533 -0.00805961 -0.0137469 0.999873 0.595203
0.792166 0.610121 0.0149706 76.0096 -0.610222 0.792225 0.00289899 44.415 -0.0100914 -0.0114319 0.999884 0.574928
0.789796 0.613155 0.0162081 76.5574 -0.613227 0.789906 -0.000654005 43.9844 -0.0132039 -0.00942271 0.999868 0.55291
0.787592 0.615955 0.0172644 77.1114 -0.615994 0.787742 -0.0035969 43.5476 -0.0158154 -0.00780188 0.999844 0.537001
0.786193 0.617707 0.0183979 77.6701 -0.617728 0.786374 -0.00522446 43.122 -0.0176948 -0.00725746 0.999817 0.524631
0.785519 0.618607 0.0169309 78.2096 -0.61858 0.785687 -0.00739618 42.6989 -0.0178777 -0.00466329 0.999829 0.512426
0.785697 0.618441 0.0145522 78.7447 -0.618396 0.785826 -0.00790856 42.2946 -0.0163265 -0.00278529 0.999863 0.511836
0.788134 0.615357 0.0134217 79.1937 -0.615338 0.788241 -0.00597093 41.8922 -0.0142538 -0.00355297 0.999892 0.554194
0.791503 0.611075 0.0104972 79.6676 -0.61104 0.791572 -0.00660834 41.5132 -0.0123475 -0.00118368 0.999923 0.57293
0.795485 0.605934 0.00686629 80.151 -0.605877 0.79551 -0.0087835 41.1435 -0.0107844 0.00282702 0.999938 0.587975
0.801788 0.597606 0.00205287 80.6266 -0.597521 0.801724 -0.0143915 40.8224 -0.0102463 0.0103123 0.999894 0.612734
0.809099 0.587661 -0.00365892 81.0939 -0.587599 0.808885 -0.0207817 40.5 -0.00925292 0.0189644 0.999777 0.635362
0.818044 0.57511 -0.00719522 81.5479 -0.575104 0.817741 -0.0235655 40.1881 -0.00766895 0.0234156 0.999696 0.648209
0.830787 0.556546 -0.00702685 81.9524 -0.556569 0.83058 -0.0191823 39.92 -0.00483948 0.0198473 0.999791 0.61983
0.843974 0.536339 -0.00697598 82.3705 -0.536379 0.843835 -0.0154988 39.6718 -0.00242604 0.0168224 0.999856 0.61197
0.858438 0.512877 -0.00633955 82.8135 -0.512917 0.858366 -0.0111793 39.4187 -0.000291972 0.0128484 0.999917 0.619371
0.873469 0.486855 -0.00499746 83.2978 -0.486881 0.873426 -0.00862186 39.1794 0.000167311 0.00996409 0.99995 0.653694
0.889274 0.457337 -0.00581585 83.8155 -0.457374 0.889217 -0.0100651 38.9501 0.00056839 0.0116107 0.999932 0.665703
0.906494 0.422197 -0.00423875 84.3325 -0.422217 0.906416 -0.0119798 38.7795 -0.00121577 0.0126493 0.999919 0.671334
0.925742 0.378156 0.000913565 84.7801 -0.378113 0.92567 -0.012896 38.63 -0.00572234 0.0115929 0.999916 0.640424
0.943358 0.331725 0.0058307 85.2315 -0.331641 0.943329 -0.0120016 38.5307 -0.00948152 0.00938814 0.999911 0.632046
0.959323 0.282204 0.00770757 85.7264 -0.282111 0.959315 -0.0113316 38.4606 -0.0105918 0.00869626 0.999906 0.658277
0.973448 0.228798 0.00708643 86.2046 -0.228707 0.973425 -0.0117127 38.393 -0.00957794 0.00978095 0.999906 0.679908
0.985343 0.170514 0.00485324 86.6763 -0.170434 0.985273 -0.0137425 38.3611 -0.00712505 0.0127139 0.999894 0.687417
0.994266 0.106932 0.0010647 87.1499 -0.106899 0.99413 -0.0166646 38.3634 -0.00284043 0.0164552 0.999861 0.711776
0.999279 0.0377428 -0.00414642 87.6241 -0.0378144 0.999107 -0.0188356 38.3977 0.00343181 0.0189788 0.999814 0.745391
0.999382 -0.0339981 -0.0089754 88.1013 0.0338201 0.999242 -0.0192913 38.4582 0.00962446 0.0189758 0.999774 0.762863
0.994256 -0.106278 -0.0126322 88.5835 0.106043 0.994198 -0.0180398 38.5384 0.0144762 0.0165966 0.999757 0.768316
0.983895 -0.178096 -0.0152469 89.0664 0.177825 0.983905 -0.0175853 38.6528 0.0181334 0.0145908 0.999729 0.753819
0.968796 -0.247421 -0.0147247 89.5151 0.247131 0.968795 -0.0190373 38.782 0.0189755 0.0148044 0.99971 0.734954
0.949397 -0.313867 -0.0115348 89.9435 0.313629 0.949363 -0.0186242 38.9469 0.0167962 0.0140641 0.99976 0.73737
0.92593 -0.377657 -0.00533283 90.3715 0.377532 0.925853 -0.0162927 39.1737 0.0110905 0.0130726 0.999853 0.747255
0.898499 -0.438973 0.0013165 90.8151 0.438956 0.898426 -0.0121632 39.4447 0.00415653 0.0115065 0.999925 0.759354
0.868867 -0.495015 0.0055326 91.2298 0.495045 0.868812 -0.00974879 39.6815 1.89994e-05 0.0112093 0.999937 0.76812
0.837014 -0.547109 0.00891091 91.6131 0.547162 0.837011 -0.00521872 39.9495 -0.00460332 0.00924386 0.999947 0.786937
0.805944 -0.591903 0.0102836 91.9438 0.591937 0.805984 -0.000390815 40.2146 -0.00805712 0.00640224 0.999947 0.785532
0.776276 -0.630314 0.0100028 92.2775 0.630288 0.776339 0.00592047 40.4742 -0.0114973 0.00170875 0.999932 0.794175
0.75263 -0.658415 0.00612962 92.6487 0.658352 0.752647 0.00972324 40.6973 -0.0110154 -0.00328255 0.999934 0.793113
0.737354 -0.675497 0.00363531 92.9947 0.675449 0.737351 0.00905034 41.0461 -0.00879397 -0.00421783 0.999952 0.790798
0.722874 -0.690967 0.00419607 93.347 0.690931 0.722881 0.00758196 41.3882 -0.00827215 -0.00258161 0.999962 0.796578
0.711066 -0.703074 0.00844412 93.7071 0.703049 0.711115 0.00615038 41.7029 -0.0103289 0.0015633 0.999945 0.820335
0.7024 -0.711733 0.00836974 94.0723 0.711711 0.702448 0.00583855 42.0138 -0.0100348 0.00185584 0.999948 0.861398
0.696165 -0.717874 0.00331202 94.4252 0.71783 0.696163 0.00877069 42.4267 -0.00860196 -0.00372839 0.999956 0.882647
0.691613 -0.722268 -0.000862034 94.7339 0.722211 0.691543 0.0133872 42.821 -0.009073 -0.00988133 0.99991 0.903546
0.688194 -0.72551 -0.00490273 95.0592 0.725487 0.688069 0.0151528 43.2092 -0.00762009 -0.0139849 0.999873 0.936589
0.686696 -0.726914 -0.00671206 95.4314 0.726933 0.686605 0.011915 43.5925 -0.00405268 -0.0130612 0.999906 0.983916
0.687842 -0.725836 -0.0059179 95.7992 0.72586 0.687812 0.00648927 43.9688 -0.000639743 -0.00875916 0.999961 1.01602
0.691611 -0.722244 -0.00612342 96.1808 0.722262 0.691618 0.0010866 44.3867 0.00345027 -0.00517422 0.999981 1.01536
0.695104 -0.718858 -0.00862002 96.5808 0.718869 0.695142 -0.0022577 44.8001 0.0076151 -0.00462733 0.99996 1.01292
0.698594 -0.715387 -0.0136847 96.9792 0.715453 0.698661 -0.000140269 45.2228 0.00966131 -0.00969275 0.999906 1.01406
0.702111 -0.711832 -0.0182963 97.4184 0.712023 0.702122 0.0068828 45.6665 0.00794685 -0.0178599 0.999809 1.003
0.705284 -0.708786 -0.0140471 97.8639 0.708918 0.70523 0.00932174 46.0982 0.00329929 -0.0165327 0.999858 1.05143
0.708576 -0.705516 -0.0129252 98.307 0.705627 0.708369 0.0174031 46.565 -0.00312236 -0.0214518 0.999765 1.05997
0.712505 -0.701562 -0.0121609 98.7365 0.70157 0.712011 0.0289671 47.0109 -0.0116635 -0.0291709 0.999506 1.03341
0.71495 -0.69909 -0.0109171 99.1805 0.698998 0.714331 0.0336517 47.4042 -0.0157272 -0.0316904 0.999374 1.02947
0.715685 -0.698339 -0.0108558 99.6815 0.6983 0.71518 0.0299104 47.8951 -0.0131238 -0.0289871 0.999494 0.996733
0.715271 -0.698706 -0.0140216 100.17 0.69882 0.714922 0.0231844 48.3605 -0.00617475 -0.0263817 0.999633 1.01536
0.714376 -0.699575 -0.0161881 100.658 0.699762 0.714199 0.0159044 48.8472 0.000435149 -0.0226895 0.999742 1.03244
0.712602 -0.701316 -0.0187972 101.153 0.701549 0.712527 0.0116098 49.3464 0.00525136 -0.0214603 0.999756 1.03491
0.710298 -0.703665 -0.0182563 101.648 0.703891 0.710187 0.0130694 49.8461 0.00376892 -0.0221336 0.999748 1.03307
0.708688 -0.705344 -0.0158498 102.145 0.70552 0.708456 0.0181877 50.3367 -0.00159972 -0.0240718 0.999709 1.0316
0.706846 -0.70724 -0.0133951 102.685 0.707317 0.706445 0.0252716 50.8664 -0.00841023 -0.0273377 0.999591 1.06619
0.705174 -0.708948 -0.0110683 103.186 0.708934 0.704726 0.0278138 51.3776 -0.0119184 -0.0274602 0.999552 1.07001
0.704516 -0.709517 -0.0155826 103.699 0.70963 0.704009 0.028207 51.9294 -0.00904305 -0.0309301 0.999481 1.0789
0.702315 -0.711611 -0.0190792 104.219 0.711855 0.701897 0.024563 52.4856 -0.00408767 -0.0308325 0.999516 1.09206
0.699508 -0.714192 -0.0248606 104.77 0.714624 0.699112 0.0235474 53.0604 0.000562966 -0.0342376 0.999413 1.07969
0.69622 -0.717254 -0.0287039 105.335 0.717825 0.695773 0.025035 53.6352 0.00201499 -0.0380343 0.999274 1.08316
0.69353 -0.71993 -0.0267761 105.912 0.720427 0.693072 0.0252007 54.2156 0.000415038 -0.0367677 0.999324 1.08642
0.690044 -0.72348 -0.0204198 107.055 0.723735 0.689471 0.0289343 55.4028 -0.00685457 -0.0347444 0.999373 1.10283
0.689372 -0.72428 -0.0135779 107.638 0.724357 0.688985 0.0246131 56.0057 -0.00847177 -0.0268028 0.999605 1.12285
0.68954 -0.724135 -0.0127609 108.207 0.724186 0.689145 0.0251715 56.6093 -0.00943344 -0.026598 0.999602 1.08971
0.689678 -0.724024 -0.0115866 108.758 0.72406 0.689337 0.0234821 57.2223 -0.00901454 -0.0245844 0.999657 1.09417
0.690153 -0.723484 -0.0161127 109.316 0.723629 0.689733 0.0250773 57.8291 -0.00702956 -0.0289668 0.999556 1.10466
0.691017 -0.722532 -0.0210543 109.895 0.722822 0.690514 0.0268007 58.4632 -0.00482606 -0.0337382 0.999419 1.11125
0.692094 -0.721267 -0.0279308 110.463 0.72179 0.691289 0.0337464 59.0647 -0.00503183 -0.0435158 0.99904 1.0966
0.693875 -0.719382 -0.0320631 111.066 0.720066 0.692751 0.0400163 59.691 -0.00657519 -0.0508538 0.998684 1.07608
0.696539 -0.716754 -0.0331135 111.625 0.717492 0.695375 0.0407299 60.2969 -0.00616701 -0.0521287 0.998621 1.08283
0.698405 -0.714934 -0.0331502 112.234 0.71569 0.69737 0.0382376 60.9438 -0.00421941 -0.0504307 0.998719 1.11675
0.699979 -0.713594 -0.0285145 112.877 0.714154 0.699198 0.0332744 61.5925 -0.00380717 -0.0436551 0.999039 1.14065
0.6995 -0.714236 -0.0238152 113.485 0.71462 0.698897 0.0293567 62.2066 -0.00432325 -0.0375538 0.999285 1.1411
0.699683 -0.71412 -0.021798 114.103 0.714437 0.699138 0.0280266 62.8373 -0.00477459 -0.0351831 0.99937 1.14072
0.701355 -0.712467 -0.0221791 114.694 0.712776 0.700668 0.0318454 63.4511 -0.00714856 -0.0381437 0.999247 1.14385
0.702429 -0.711406 -0.0222385 115.301 0.711657 0.701476 0.0384169 64.0777 -0.0117302 -0.0428113 0.999014 1.13803
0.703164 -0.710679 -0.0222442 115.89 0.710837 0.701908 0.0451251 64.6978 -0.0164561 -0.0475424 0.998734 1.11954
0.703289 -0.710567 -0.0218647 116.487 0.710775 0.702245 0.0406232 65.3083 -0.0135111 -0.0441108 0.998935 1.11959
0.70401 -0.709763 -0.0246284 117.083 0.710188 0.703507 0.026651 65.8745 -0.00158962 -0.0362534 0.999341 1.10383
0.702836 -0.710842 -0.0269108 118.283 0.711327 0.702626 0.018213 67.0851 0.00596165 -0.0319431 0.999472 1.16417
0.701692 -0.712241 -0.0184641 118.877 0.712434 0.701112 0.0296572 67.6936 -0.00817762 -0.0339647 0.99939 1.14671
0.69994 -0.714202 0.000140039 119.53 0.713531 0.699291 0.0431955 68.3564 -0.0309483 -0.0301344 0.999067 1.1255
0.699522 -0.714611 -4.03802e-05 120.072 0.714028 0.698949 0.0404385 68.9012 -0.0288696 -0.0283165 0.999182 1.1278
0.698951 -0.715076 -0.0115818 120.596 0.714956 0.698255 0.0357539 69.481 -0.0174797 -0.0332707 0.999294 1.12006
0.69824 -0.715606 -0.0192172 121.183 0.715853 0.697831 0.0242154 70.074 -0.00391837 -0.0306649 0.999522 1.14536
0.696927 -0.716653 -0.0264892 121.763 0.71713 0.696651 0.0200433 70.6791 0.00408966 -0.0329649 0.999448 1.15032
0.694796 -0.71878 -0.0247667 122.378 0.719206 0.694409 0.0231977 71.325 0.0005242 -0.03393 0.999424 1.12833
0.691477 -0.722202 -0.0168627 122.906 0.722386 0.691141 0.0219362 71.9048 -0.00418787 -0.0273498 0.999617 1.14354
0.689059 -0.724558 -0.0145734 123.491 0.724695 0.688805 0.0191069 72.5112 -0.00380582 -0.0237271 0.999711 1.17234
0.68658 -0.726837 -0.0177981 124.019 0.727049 0.686272 0.02076 73.0913 -0.00287476 -0.0271935 0.999626 1.15805
0.684216 -0.728998 -0.0202362 124.576 0.729274 0.683842 0.0227792 73.7301 -0.0027676 -0.0303436 0.999536 1.17802
0.682732 -0.73037 -0.0209082 125.125 0.730651 0.682238 0.0264607 74.3208 -0.00506177 -0.0333422 0.999431 1.16804
0.681631 -0.731403 -0.020701 125.691 0.731643 0.680969 0.0313032 74.924 -0.00879846 -0.036483 0.999296 1.15271
0.681251 -0.731798 -0.0192291 126.256 0.731973 0.680564 0.032361 75.5021 -0.0105951 -0.0361211 0.999291 1.14814
0.679223 -0.733678 -0.0193044 126.798 0.733903 0.678726 0.0267904 76.1116 -0.00655313 -0.0323642 0.999455 1.19011
0.676235 -0.736426 -0.0195659 127.336 0.736683 0.675925 0.0205786 76.7073 -0.00192955 -0.0283299 0.999597 1.21563
0.671441 -0.740796 -0.0197104 127.856 0.741058 0.671201 0.0179562 77.3031 -7.22902e-05 -0.0266631 0.999644 1.19915
0.665383 -0.746287 -0.0179149 128.387 0.746498 0.665104 0.0194217 77.9341 -0.00257886 -0.0262963 0.999651 1.17665
0.660705 -0.750518 -0.0138192 128.924 0.750561 0.660244 0.0271358 78.5331 -0.0112419 -0.0283009 0.999536 1.12678
0.657237 -0.753663 -0.00561488 129.493 0.753334 0.656686 0.0353692 79.1372 -0.0229693 -0.0274759 0.999358 1.17359
0.654398 -0.75614 -0.00389488 130.009 0.755647 0.653766 0.0398388 79.7374 -0.0275774 -0.0290136 0.999199 1.16922
0.650865 -0.759178 -0.00483383 130.497 0.758749 0.650253 0.038348 80.345 -0.0259698 -0.0286271 0.999253 1.15795
0.645865 -0.763417 -0.00726041 130.991 0.763224 0.645412 0.0305308 80.9586 -0.0186218 -0.0252601 0.999507 1.13733
0.640241 -0.7681 -0.010658 131.501 0.768145 0.640033 0.0176274 81.5975 -0.00671814 -0.0194726 0.999788 1.16758
0.634552 -0.772715 -0.0159721 132.036 0.772872 0.634315 0.0176831 82.2667 -0.00353266 -0.0235652 0.999716 1.15038
0.628911 -0.777317 -0.0157911 132.537 0.777433 0.62853 0.0234021 82.924 -0.00826562 -0.0269944 0.999601 1.09195
0.622745 -0.78228 -0.0150624 133.031 0.782355 0.622319 0.0252948 83.5646 -0.010414 -0.0275364 0.999567 1.0736
0.615063 -0.788239 -0.0194143 133.526 0.788449 0.614639 0.0238298 84.2036 -0.00685077 -0.029964 0.999528 1.09878
0.607579 -0.793942 -0.0224623 134.017 0.794254 0.60723 0.020783 84.8525 -0.00286073 -0.0304681 0.999532 1.11175
0.600899 -0.799002 -0.0227266 134.529 0.799322 0.600579 0.0197403 85.5451 -0.00212341 -0.0300278 0.999547 1.13965
0.595005 -0.80337 -0.0237995 134.994 0.803684 0.594428 0.0273327 86.2173 -0.00781123 -0.0353904 0.999343 1.10679
0.588344 -0.808267 -0.023589 135.475 0.808504 0.58754 0.0334581 86.8945 -0.0131836 -0.0387566 0.999162 1.11555
0.581675 -0.813164 -0.0204634 135.957 0.813185 0.580716 0.0387258 87.559 -0.019607 -0.0391664 0.99904 1.09926
0.576323 -0.817037 -0.0174119 136.433 0.816872 0.575322 0.0415273 88.2255 -0.0239118 -0.0381565 0.998986 1.08808
0.572369 -0.819821 -0.0169664 136.91 0.819635 0.57138 0.0415169 88.9076 -0.0243421 -0.0376692 0.998994 1.06369
0.569041 -0.821986 -0.0230613 137.39 0.822124 0.568095 0.0371519 89.6047 -0.0174373 -0.0401002 0.999043 1.09335
0.566191 -0.823671 -0.0315115 137.83 0.82422 0.565303 0.0330864 90.269 -0.00943877 -0.0447056 0.998956 1.0853
0.563841 -0.825104 -0.035873 138.29 0.825871 0.563066 0.029888 90.944 -0.00446179 -0.0464786 0.998909 1.08558
0.56116 -0.82683 -0.0381024 138.751 0.827694 0.5603 0.0313974 91.6356 -0.00461154 -0.0491561 0.99878 1.08301
0.559038 -0.828372 -0.0357215 139.218 0.829042 0.557779 0.0396466 92.3536 -0.0129174 -0.0517785 0.998575 1.06725
0.556525 -0.830235 -0.0314581 139.681 0.830467 0.554764 0.0506086 93.0624 -0.0245652 -0.0542899 0.998223 1.06037
0.552286 -0.833242 -0.0262523 140.121 0.833198 0.550667 0.0504603 93.7315 -0.0275893 -0.0497418 0.998381 1.04837
0.547938 -0.836214 -0.0225667 140.553 0.836166 0.546724 0.0438187 94.3761 -0.0243041 -0.0428794 0.998785 1.02219
0.541906 -0.840117 -0.0232484 140.99 0.840325 0.54117 0.031441 95.0812 -0.0138328 -0.0365743 0.999235 1.06107
0.536476 -0.843444 -0.0282183 141.445 0.843848 0.535711 0.0305664 95.7972 -0.0106642 -0.04021 0.999134 1.04596
0.530014 -0.847414 -0.0312289 141.876 0.847879 0.528992 0.0356219 96.52 -0.0136667 -0.0453584 0.998877 1.0058
0.523524 -0.851774 -0.0200725 142.328 0.851744 0.522627 0.0373229 97.2571 -0.0213003 -0.0366361 0.999102 1.02495
0.517906 -0.855405 -0.00740393 142.762 0.855046 0.517389 0.0347079 97.9314 -0.0258586 -0.0243061 0.99937 0.995344
0.512841 -0.858481 0.002 143.192 0.858051 0.512655 0.0305689 98.6615 -0.0272682 -0.0139609 0.999531 0.988557
0.507459 -0.861653 0.00628792 143.599 0.861374 0.507461 0.022761 99.3503 -0.0228029 -0.00613403 0.999721 0.98642
0.502613 -0.864469 0.00859933 144.024 0.864395 0.502683 0.0114667 100.047 -0.0142353 0.00166991 0.999897 0.993874
0.497125 -0.867649 0.00716671 144.466 0.867662 0.49715 0.00209365 100.748 -0.00537948 0.00517748 0.999972 0.998278
0.491228 -0.871025 -0.00332175 144.888 0.87101 0.491186 0.00884972 101.481 -0.00607673 -0.0072405 0.999955 0.983092
0.486474 -0.87368 -0.00509633 145.31 0.873468 0.486206 0.025657 102.271 -0.0199382 -0.016933 0.999658 0.96173
0.481363 -0.876521 -9.8141e-05 145.722 0.875988 0.481066 0.0349245 103.028 -0.0305648 -0.0168973 0.99939 0.955418
0.477518 -0.878613 0.00394263 146.11 0.877978 0.477335 0.0361415 103.789 -0.0336364 -0.0137967 0.999339 0.953857
0.475851 -0.879525 -0.00120958 146.5 0.879192 0.475632 0.0281937 104.526 -0.0242217 -0.0144795 0.999602 0.909521
0.474778 -0.880032 -0.0113536 146.872 0.880012 0.474501 0.0206608 105.253 -0.0127949 -0.0198007 0.999722 0.90308
0.47323 -0.880768 -0.0173614 147.243 0.880921 0.473004 0.0156794 105.997 -0.00559787 -0.022714 0.999726 0.956009
0.471948 -0.881502 -0.0148266 147.64 0.881604 0.471749 0.0150789 106.727 -0.00629759 -0.0201876 0.999776 0.974515
0.471429 -0.881826 -0.0117079 148.063 0.881809 0.471142 0.0209299 107.491 -0.0129404 -0.0201911 0.999712 0.96396
0.471053 -0.882058 -0.00909832 148.465 0.881846 0.47064 0.0290721 108.266 -0.0213613 -0.0217178 0.999536 0.924353
0.467574 -0.88395 0.00265446 149.242 0.883718 0.467516 0.0216937 109.765 -0.0204172 -0.00779763 0.999761 0.860363
0.466313 -0.884594 0.00671468 149.641 0.884593 0.466345 0.00427179 110.48 -0.00691016 0.00394777 0.999968 0.916494
0.465582 -0.884944 0.0103556 150.051 0.885003 0.465524 -0.00755759 111.221 0.00186727 0.0126834 0.999918 0.969383
0.4653 -0.885117 0.00794813 150.454 0.885146 0.46524 -0.00829948 111.965 0.00364823 0.010897 0.999934 0.990858
0.464222 -0.88571 0.00395189 150.865 0.88571 0.464233 0.00255362 112.743 -0.00409636 0.00231478 0.999989 0.934319
0.461468 -0.887131 0.006789 151.261 0.887047 0.461518 0.0121952 113.549 -0.0139519 0.000394487 0.999902 0.964659
0.459223 -0.888206 0.0143069 151.632 0.888162 0.459386 0.0115389 114.349 -0.0168213 0.00740793 0.999831 0.967703
0.459866 -0.887913 0.0115911 152.015 0.887936 0.459942 0.00484423 115.1 -0.00963248 0.00806444 0.999921 0.925266
0.460697 -0.887541 0.00529315 152.38 0.887538 0.460719 0.00390601 115.843 -0.0059054 0.00289838 0.999978 0.964414
0.460711 -0.887549 0.00138911 152.757 0.887532 0.460712 0.00563562 116.574 -0.00564187 -0.00136351 0.999983 0.958267
0.460381 -0.887721 0.000249712 153.136 0.887688 0.460366 0.0085855 117.3 -0.00773649 -0.00373094 0.999963 0.965962
0.457392 -0.889264 0.00163928 154.229 0.889168 0.457368 0.0139434 119.526 -0.0131491 -0.00491998 0.999901 0.972323
0.45713 -0.889397 0.00247899 154.589 0.889373 0.457136 0.00651273 120.262 -0.00692563 -0.000772417 0.999976 0.986119
0.456858 -0.889534 -0.00310958 154.968 0.889533 0.456838 0.00546336 120.993 -0.00343927 -0.00526205 0.99998 1.00325
0.455776 -0.890039 -0.00992392 155.352 0.890051 0.455614 0.0150223 121.722 -0.00884897 -0.0156796 0.999838 0.915509
0.453533 -0.891236 -0.00237218 155.719 0.890976 0.453333 0.0255157 122.433 -0.0216652 -0.0136858 0.999672 0.94925
0.452119 -0.891935 0.00638615 156.055 0.891574 0.452123 0.0260861 123.101 -0.0261544 -0.00610031 0.999639 0.981235
0.451726 -0.892129 0.0070034 156.397 0.891902 0.451771 0.0203511 123.802 -0.0213197 -0.00294677 0.999768 0.98931
0.452364 -0.89183 0.00263205 156.733 0.891726 0.452353 0.0141657 124.474 -0.013824 -0.004061 0.999896 0.939245
0.453351 -0.891329 -0.00220028 157.049 0.891298 0.453311 0.00981209 125.133 -0.00774839 -0.00640942 0.999949 0.971475
0.454304 -0.890792 -0.00990723 157.339 0.890836 0.454216 0.00994251 125.719 -0.00435668 -0.0133426 0.999901 0.929749
0.456646 -0.88958 -0.0110723 157.632 0.889647 0.45659 0.0073353 126.303 -0.00146983 -0.0132001 0.999912 0.946985
0.460243 -0.88772 -0.0114206 157.933 0.887793 0.460201 0.00617713 126.89 -0.000227778 -0.0129821 0.999916 0.978124
0.465139 -0.885179 -0.0102353 158.239 0.88523 0.465056 0.00951932 127.501 -0.00366633 -0.0134884 0.999902 0.96094
0.470657 -0.882288 -0.00709328 158.559 0.88225 0.470507 0.0160534 128.097 -0.0108263 -0.0138137 0.999846 0.94971
0.475732 -0.879565 -0.00664173 158.894 0.879402 0.47546 0.024294 128.708 -0.0182103 -0.0173982 0.999683 0.963552
0.481054 -0.87665 -0.00850682 159.2 0.876507 0.480732 0.025149 129.291 -0.0179574 -0.0195543 0.999647 0.961354
0.48698 -0.873355 -0.0100524 159.496 0.873326 0.486737 0.0197299 129.858 -0.0123383 -0.0183871 0.999755 0.975517
0.493855 -0.869443 -0.0132935 159.796 0.869544 0.493785 0.00831488 130.425 -0.000665178 -0.0156656 0.999877 0.976153
0.5068 -0.861862 -0.0186675 160.483 0.862052 0.506786 0.00583338 131.579 0.00443285 -0.0190487 0.999809 1.01929
0.512189 -0.858754 -0.0142776 160.819 0.858873 0.512118 0.0085 132.135 1.24089e-05 -0.0166162 0.999862 1.05121
0.517518 -0.855632 -0.00837093 161.167 0.855656 0.517422 0.0113106 132.684 -0.00534638 -0.0130161 0.999901 1.05943
0.522655 -0.852542 -0.00212112 161.532 0.852494 0.522595 0.0122207 133.223 -0.00931015 -0.00819544 0.999923 1.05004
0.52648 -0.850187 -0.00105604 161.873 0.850116 0.526419 0.0136227 133.765 -0.0110259 -0.00806985 0.999907 1.04785
0.526746 -0.850019 -0.00262841 162.208 0.849952 0.526659 0.0145331 134.308 -0.0109691 -0.00988928 0.999891 1.04494
0.526049 -0.850454 0.000667898 162.909 0.850326 0.525983 0.0169523 135.509 -0.0147685 -0.00834982 0.999856 1.07166
0.526204 -0.850358 0.000352295 163.265 0.850205 0.526117 0.0187728 136.089 -0.016149 -0.00957881 0.999824 1.0694
0.526161 -0.850346 -0.00808453 163.609 0.850288 0.525935 0.0200587 136.645 -0.0128049 -0.0174283 0.999766 1.03272
0.52552 -0.850634 -0.0158491 163.938 0.850758 0.525275 0.0172491 137.191 -0.00634754 -0.0225485 0.999726 1.00211
0.523661 -0.851729 -0.0183543 164.255 0.851923 0.523596 0.00861599 137.725 0.00227172 -0.0201483 0.999794 1.00996
0.520226 -0.853882 -0.0158279 164.59 0.853991 0.520288 0.000207576 138.281 0.00805781 -0.0136248 0.999875 1.06369
0.516522 -0.856142 -0.0150136 164.928 0.856256 0.516545 0.00261101 138.864 0.00551982 -0.0142042 0.999884 1.09815
0.512877 -0.858344 -0.014234 165.245 0.858453 0.512725 0.0130948 139.479 -0.00394171 -0.0189352 0.999813 1.09376
0.509502 -0.860453 -0.00525487 165.61 0.860273 0.509246 0.0244932 140.093 -0.0183992 -0.017 0.999686 1.10215
0.50613 -0.862445 0.00467624 165.982 0.861934 0.506004 0.032089 140.713 -0.0300412 -0.0122106 0.999474 1.0943
0.501989 -0.864874 0.000466021 166.684 0.864551 0.501816 0.02707 141.916 -0.023646 -0.0131859 0.999633 1.04268
0.499355 -0.866392 -0.00298944 167.031 0.866234 0.499191 0.021146 142.525 -0.0168284 -0.0131489 0.999772 1.02903
0.497028 -0.867734 -0.000884445 167.378 0.867663 0.496974 0.0132978 143.132 -0.0110994 -0.00737678 0.999911 1.03355
0.49591 -0.868349 0.00661193 167.723 0.868311 0.495951 0.00827157 143.727 -0.0104618 0.00163926 0.999944 1.03824
0.495076 -0.868709 0.0156257 168.077 0.868732 0.495225 0.00757967 144.333 -0.0143228 0.00982204 0.999849 1.05215
0.494201 -0.86908 0.0215673 168.438 0.869132 0.494479 0.00997882 144.942 -0.0193369 0.0138133 0.999718 1.04772
0.493181 -0.869612 0.0234112 168.778 0.869691 0.493495 0.010013 145.55 -0.0202607 0.0154223 0.999676 1.01211
0.49181 -0.870176 0.0302718 169.47 0.870582 0.492023 -0.000509116 146.719 -0.0144514 0.0266045 0.999542 0.990507
0.491294 -0.870411 0.0318584 169.805 0.870884 0.491484 -0.00209745 147.327 -0.0138322 0.0287754 0.99949 1.01825
0.490329 -0.870808 0.0356626 170.151 0.871378 0.490611 -0.000963194 147.944 -0.0166577 0.0315479 0.999363 1.03674
0.489815 -0.871035 0.037136 170.866 0.871531 0.490313 0.00514499 149.172 -0.0226898 0.0298451 0.999297 0.959039
