0.35254 -0.935777 0.00599026 0 0.935644 0.352591 0.0158112 0 -0.0169078 3.06723e-05 0.999857 0
0.352569 -0.935767 0.00597525 0.00113162 0.935632 0.352619 0.0158709 0.000996638 -0.0169585 -4.94576e-06 0.999856 -0.0041
0.352514 -0.935787 0.00598334 0.00174888 0.935654 0.352565 0.015823 -0.000332213 -0.0169165 2.04882e-05 0.999857 -0.0049
0.352481 -0.9358 0.00596663 0.001646 0.935666 0.352532 0.0158029 -0.0017718 -0.0168917 1.25618e-05 0.999857 -0.0094
0.35254 -0.935778 0.00597379 0.00349775 0.935644 0.352591 0.015816 -0.00199328 -0.0169066 1.35542e-05 0.999857 -0.0089
0.352488 -0.935798 0.00589109 0.004115 0.935665 0.352537 0.0157866 -0.000553688 -0.0168499 -5.25164e-05 0.999858 -0.0098
0.35251 -0.93579 0.00583912 0.00349775 0.935657 0.352558 0.0157777 -0.000332212 -0.0168232 -9.83702e-05 0.999858 -0.0104
0.35245 -0.935812 0.00583139 0.00298338 0.935679 0.352498 0.0157798 -0.00254696 -0.0168225 -0.000105291 0.999858 -0.0003
0.352453 -0.935811 0.00582023 0.001646 0.935678 0.352501 0.0157889 -0.00298991 -0.0168271 -0.000118998 0.999858 -0.000199999
0.352411 -0.935827 0.00578389 0.0061725 0.935694 0.352459 0.0158082 -0.00298991 -0.0168323 -0.000159031 0.999858 0.0011
0.352398 -0.935832 0.00578515 0.00812712 0.935699 0.352445 0.0157921 0.00188254 -0.0168177 -0.000151945 0.999859 -0.0063
0.352456 -0.935811 0.00577515 0.00843575 0.935677 0.352503 0.0158039 0.00132885 -0.0168252 -0.000166509 0.999858 -0.0088
0.352408 -0.935829 0.00576248 0.00668687 0.935695 0.352455 0.0158307 -0.00243623 -0.0168458 -0.000186927 0.999858 -0.0112
0.352388 -0.935836 0.00576083 0.0108019 0.935702 0.352435 0.0158379 -0.00188254 -0.016852 -0.000190668 0.999858 -0.0079
0.35235 -0.935851 0.00572525 0.00895012 0.935716 0.352397 0.0158611 0.000110737 -0.0168612 -0.000231437 0.999858 -0.0134
0.352345 -0.935853 0.00573628 0.00565812 0.935718 0.352392 0.0158804 -0.00155033 -0.0168831 -0.000227841 0.999857 -0.0041
0.352297 -0.935871 0.00571842 0.00473225 0.935736 0.352343 0.0158876 -0.000664425 -0.0168836 -0.000246224 0.999857 -0.0036
0.35235 -0.935851 0.00572067 0.005761 0.935716 0.352396 0.0158799 -0.00210401 -0.0168771 -0.000242356 0.999858 -0.0033
0.352346 -0.935852 0.00573195 0.00545238 0.935717 0.352392 0.0159169 -0.00476171 -0.0169157 -0.00024475 0.999857 -0.0041
0.352359 -0.935847 0.00574937 0.005761 0.935711 0.352406 0.0159415 -0.00365434 -0.016945 -0.000237397 0.999856 -0.0068
0.352352 -0.93585 0.00574182 0.0101846 0.935714 0.352399 0.0159363 0.0008859 -0.0169374 -0.000242486 0.999857 -0.0084
0.352357 -0.935848 0.00576955 0.00606963 0.935713 0.352405 0.0159024 -0.000775162 -0.0169155 -0.000204697 0.999857 -0.0105
0.352348 -0.935851 0.00584468 0.00678975 0.935716 0.352396 0.015906 -0.0017718 -0.0169453 -0.000135482 0.999856 -0.0083
0.352379 -0.935839 0.00587777 0.00596675 0.935704 0.352428 0.0158898 -0.00254696 -0.0169418 -9.93923e-05 0.999856 -0.0128
0.352422 -0.935823 0.00590439 0.00360062 0.935688 0.352471 0.0158647 -0.00232549 -0.0169277 -6.63959e-05 0.999857 -0.0086
0.352374 -0.935841 0.00593686 0.00565812 0.935706 0.352424 0.0158626 -0.000664425 -0.0169372 -3.44136e-05 0.999857 -0.0062
0.352398 -0.935831 0.00596093 0.00432075 0.935697 0.352448 0.0158651 -0.00454024 -0.016948 -1.31925e-05 0.999856 -0.0052
0.35236 -0.935846 0.0059735 0.00267475 0.935711 0.35241 0.0158515 -0.00254696 -0.0169397 4.03421e-06 0.999857 -0.0056
0.352381 -0.935837 0.00599583 0.00853863 0.935703 0.352432 0.0158639 -0.00287918 -0.0169591 2.01906e-05 0.999856 -0.0078
0.352391 -0.935833 0.00601575 0.00596675 0.935699 0.352443 0.0158619 -0.0026577 -0.0169643 3.93378e-05 0.999856 -0.0144
0.352362 -0.935844 0.00608874 0.00596675 0.935709 0.352415 0.0158651 -0.00343286 -0.016993 0.000107049 0.999856 -0.0115
0.35235 -0.935848 0.00611476 0.0053495 0.935714 0.352403 0.0158506 -0.00431876 -0.0169886 0.000136728 0.999856 -0.0065
0.352352 -0.935848 0.00611697 0.006584 0.935713 0.352405 0.0158726 -0.00387581 -0.01701 0.000130975 0.999855 -0.007
0.352295 -0.935869 0.0061075 0.00678975 0.935735 0.352348 0.0158485 -0.00609056 -0.0169841 0.000131665 0.999856 -0.0075
0.352259 -0.935883 0.0061376 0.00884725 0.935749 0.352312 0.0158052 -0.00465098 -0.0169542 0.000175723 0.999856 -0.011
0.352254 -0.935884 0.00614043 0.013168 0.935751 0.352308 0.0158065 -0.00476171 -0.0169564 0.000178001 0.999856 -0.0111
0.352254 -0.935884 0.00615072 0.0128594 0.93575 0.352308 0.0158315 -0.0026577 -0.0169834 0.00017884 0.999856 -0.0097
0.352265 -0.93588 0.0061322 0.013991 0.935746 0.352318 0.0158273 -0.00841605 -0.016973 0.00016278 0.999856 -0.009
0.352247 -0.935887 0.00613658 0.0133738 0.935754 0.3523 0.0157818 -0.00221475 -0.0169319 0.000183242 0.999857 -0.0058
0.351799 -0.936058 0.00581296 0.0121393 0.935923 0.351847 0.015907 -0.00232549 -0.0169351 -0.000155579 0.999857 -0.0032
0.349523 -0.936915 0.00486811 0.0259245 0.936781 0.349555 0.0158859 0.0269092 -0.0165854 -0.000992136 0.999862 0.0067
0.350549 -0.936524 0.00618488 0.0348746 0.936397 0.350603 0.0154166 0.0709828 -0.0166065 0.000387221 0.999862 0.015
0.350736 -0.936458 0.0056007 0.047734 0.936306 0.35078 0.0168398 0.112177 -0.0177343 -0.000662351 0.999843 0.0122
0.349429 -0.936947 0.00552196 0.066663 0.936777 0.349471 0.017872 0.167546 -0.0186749 -0.00107214 0.999825 0.016
0.350263 -0.936626 0.0068916 0.0933076 0.93646 0.35033 0.017653 0.233103 -0.0189486 0.000270498 0.99982 0.0125
0.349566 -0.936885 0.00711743 0.124787 0.936735 0.349637 0.0167706 0.305968 -0.0182007 0.000804718 0.999834 0.012
0.348362 -0.937337 0.00665546 0.160485 0.937201 0.348425 0.0159664 0.386695 -0.0172848 0.000675412 0.99985 0.0122
0.347833 -0.937537 0.00602554 0.194742 0.937427 0.347884 0.0144026 0.4775 -0.0155991 0.000638816 0.999878 0.00859998
0.347002 -0.937843 0.00636196 0.230543 0.937727 0.347059 0.0147714 0.569855 -0.0160613 0.000840068 0.999871 0.00639997
0.346101 -0.938172 0.00692144 0.263257 0.938071 0.346166 0.0138242 0.669962 -0.0153654 0.00170825 0.99988 0.0167
0.344984 -0.938583 0.00700583 0.300704 0.938483 0.34505 0.0138142 0.763646 -0.0153831 0.00180919 0.99988 0.0306999
0.345137 -0.938523 0.00736851 0.334447 0.938399 0.345212 0.015375 0.869843 -0.0169735 0.00160811 0.999855 0.0295999
0.345102 -0.938532 0.00792696 0.377037 0.938374 0.345189 0.0172643 0.968511 -0.0189394 0.00148052 0.99982 0.0215999
0.344812 -0.938637 0.00803291 0.417158 0.938462 0.344904 0.0181921 1.06751 -0.0198463 0.00126574 0.999802 0.0014999
0.344111 -0.938869 0.010585 0.45409 0.938697 0.344255 0.0183507 1.16496 -0.0208729 0.00362138 0.999776 0.00639988
0.343392 -0.939139 0.009977 0.492154 0.938963 0.343524 0.0184135 1.25798 -0.0207201 0.003045 0.999781 0.0222999
0.342862 -0.939344 0.00888887 0.515712 0.939177 0.34297 0.0178372 1.35044 -0.0198039 0.00223251 0.999801 0.0114998
0.342229 -0.939576 0.0086805 0.560772 0.939418 0.342332 0.0173674 1.45432 -0.0192896 0.002211 0.999811 0.0146998
0.341983 -0.939677 0.00733066 0.594 0.939521 0.342061 0.017184 1.55797 -0.018655 0.00101065 0.999825 0.0311998
0.341129 -0.939978 0.00846206 0.638236 0.939816 0.341229 0.0175548 1.66372 -0.0193886 0.00196433 0.99981 0.0259997
0.3413 -0.939918 0.00825367 0.670745 0.939742 0.341397 0.0182678 1.7594 -0.019988 0.00152151 0.999799 0.0176997
0.340808 -0.940096 0.00832562 0.715804 0.939919 0.340906 0.0183096 1.86382 -0.0200511 0.00158534 0.999798 0.0205997
0.341972 -0.939669 0.00885229 0.757263 0.939459 0.342083 0.0198856 1.96681 -0.0217141 0.00151607 0.999763 0.0355996
0.341099 -0.93999 0.00840449 0.804791 0.939778 0.341201 0.0200079 2.06991 -0.0216748 0.00107369 0.999765 0.0284996
0.34007 -0.940353 0.00938852 0.835962 0.940135 0.340195 0.0203375 2.17035 -0.0223184 0.00191028 0.999749 0.0403996
0.339764 -0.940473 0.0083478 0.880095 0.940253 0.339866 0.0203895 2.27865 -0.0220129 0.000921416 0.999757 0.0407995
0.338853 -0.940813 0.00710295 0.930196 0.940628 0.338927 0.0186296 2.39038 -0.0199343 0.000368551 0.999801 0.0485995
0.33844 -0.940952 0.00819074 0.97937 0.940789 0.338534 0.0176082 2.50112 -0.0193413 0.00174645 0.999811 0.0303994
0.337939 -0.941121 0.00942517 1.02463 0.940977 0.338055 0.0167407 2.62083 -0.0189413 0.00321153 0.999815 0.0420994
0.338736 -0.940823 0.0104882 1.0627 0.940692 0.338871 0.0162856 2.72425 -0.018876 0.00434962 0.999812 0.0334993
0.338257 -0.941011 0.00897504 1.10776 0.940843 0.338368 0.0179524 2.83765 -0.0199302 0.00237159 0.999799 0.0579993
0.338237 -0.941003 0.0104546 1.14911 0.940828 0.33838 0.0185093 2.94584 -0.0209549 0.00357545 0.999774 0.0711992
0.337687 -0.941191 0.0112336 1.19572 0.941031 0.337844 0.0179481 3.06079 -0.0206878 0.00451036 0.999776 0.0636991
0.337112 -0.941401 0.0109494 1.23481 0.941259 0.337258 0.0169674 3.17617 -0.0196659 0.00458633 0.999796 0.0454991
0.336427 -0.941655 0.0101887 1.28059 0.941518 0.336557 0.0165397 3.29655 -0.0190037 0.00402849 0.999811 0.058899
0.336309 -0.941695 0.0103833 1.32308 0.941585 0.336436 0.0150997 3.40274 -0.0177126 0.0046986 0.999832 0.0742989
0.336101 -0.941759 0.0112377 1.36083 0.941653 0.336244 0.0151634 3.51647 -0.0180589 0.00548556 0.999822 0.0718989
0.335764 -0.941881 0.0111038 1.39848 0.941772 0.335905 0.0152369 3.63717 -0.0180811 0.00534122 0.999822 0.0564988
0.337039 -0.941429 0.0108102 1.45445 0.941301 0.337179 0.0162057 3.74426 -0.0189015 0.00471369 0.99981 0.0448987
0.336912 -0.941472 0.0109575 1.49272 0.941344 0.337056 0.0162857 3.86795 -0.0190258 0.00482794 0.999807 0.0709986
0.336888 -0.941484 0.0106618 1.53716 0.941315 0.337034 0.0182864 3.98522 -0.0208097 0.00387567 0.999776 0.0829986
0.335998 -0.94179 0.0117142 1.58623 0.941635 0.336165 0.0178249 4.1046 -0.0207252 0.00504132 0.999772 0.0683985
0.335088 -0.942118 0.0114131 1.63695 0.941998 0.335239 0.0159858 4.22309 -0.0188866 0.00539443 0.999807 0.0798984
0.334533 -0.942313 0.0115221 1.68653 0.94219 0.334688 0.0162082 4.349 -0.0191295 0.00543382 0.999802 0.0933983
0.334788 -0.942236 0.0104074 1.73159 0.942127 0.334916 0.015116 4.46449 -0.0177285 0.00474447 0.999832 0.0927982
0.335003 -0.942132 0.0126675 1.78221 0.942042 0.33517 0.0147808 4.58564 -0.0181712 0.00698169 0.999811 0.0971981
0.335581 -0.941925 0.012785 1.82665 0.941806 0.33576 0.0163451 4.70712 -0.0196885 0.00655592 0.999785 0.072498
0.335705 -0.94184 0.0154634 1.87479 0.941779 0.335921 0.014472 4.8296 -0.0188248 0.00970478 0.999776 0.0648979
0.335816 -0.941788 0.0162091 1.91625 0.941721 0.336053 0.0151766 4.96957 -0.0197402 0.0101679 0.999753 0.0601978
0.335995 -0.941708 0.0171332 1.9644 0.941709 0.336214 0.0120171 5.09149 -0.0170771 0.0120968 0.999781 0.0522977
0.336421 -0.941552 0.0173506 2.02242 0.941562 0.336639 0.0116456 5.21087 -0.0168059 0.0124189 0.999782 0.0396975
0.336555 -0.941553 0.0144743 2.07046 0.941563 0.336704 0.0094967 5.33655 -0.0138152 0.0104323 0.99985 0.0644974
0.336336 -0.941622 0.0150289 2.1183 0.941672 0.336463 0.00678797 5.44917 -0.0114484 0.0118693 0.999864 0.0710973
0.336426 -0.941621 0.0129381 2.16531 0.941651 0.336527 0.00656058 5.5773 -0.0105316 0.00997602 0.999895 0.0677972
0.337361 -0.941274 0.0137749 2.22148 0.941325 0.337459 0.00541983 5.71295 -0.00975001 0.0111382 0.99989 0.050097
0.336436 -0.941642 0.011028 2.26634 0.94167 0.336502 0.00482679 5.83686 -0.00825607 0.00876086 0.999928 0.0497969
0.337038 -0.941407 0.0125787 2.30728 0.941444 0.337125 0.00554688 5.96565 -0.00946245 0.0099726 0.999906 0.0592968
0.336805 -0.941517 0.0103627 2.36221 0.941558 0.336843 0.00213623 6.09023 -0.00550189 0.00903754 0.999944 0.0650966
0.336851 -0.941521 0.00835445 2.41067 0.941555 0.33686 -0.000409733 6.22057 -0.00242851 0.00800419 0.999965 0.0639965
0.336635 -0.941599 0.00822622 2.46704 0.941635 0.336617 -0.00349408 6.35888 0.000520942 0.00892233 0.99996 0.0482963
0.336885 -0.941515 0.00757929 2.51642 0.941542 0.33685 -0.00547552 6.48158 0.0026022 0.00898084 0.999956 0.0597962
0.337027 -0.94147 0.00690093 2.5622 0.941486 0.336982 -0.00691631 6.6014 0.00418601 0.00882811 0.999952 0.064096
0.337723 -0.941221 0.00687588 2.60953 0.941236 0.337677 -0.0070439 6.73517 0.00430804 0.00885071 0.999952 0.0796959
0.336923 -0.941504 0.00733821 2.66436 0.941517 0.336863 -0.00832424 6.8654 0.00536533 0.00971367 0.999938 0.0620957
0.337305 -0.941349 0.00933636 2.70942 0.941361 0.33719 -0.0119579 6.99429 0.00810841 0.0128223 0.999885 0.0732956
0.337059 -0.94145 0.00795971 2.7733 0.941433 0.336942 -0.0131773 7.13382 0.00972379 0.0119351 0.999882 0.0740954
0.336078 -0.941786 0.00951722 2.81497 0.941781 0.335935 -0.0140217 7.25486 0.0100083 0.0136755 0.999856 0.0659952
0.335936 -0.941873 0.0047301 2.86188 0.941761 0.335806 -0.0179182 7.38143 0.0152882 0.010474 0.999828 0.0515951
0.337713 -0.941232 0.00564761 2.90858 0.941194 0.337623 -0.0127958 7.50579 0.0101371 0.00963683 0.999902 0.0680949
0.33713 -0.941449 0.00406342 2.95457 0.941363 0.337032 -0.0156254 7.62262 0.0133411 0.00909297 0.99987 0.0765947
0.339362 -0.940636 0.0062013 3.0165 0.940621 0.339285 -0.0108107 7.75838 0.00806493 0.00950181 0.999922 0.0569945
0.338707 -0.940861 0.00758735 3.06434 0.940827 0.338579 -0.0144356 7.89171 0.011013 0.0120278 0.999867 0.0690944
0.339099 -0.94072 0.00762773 3.10487 0.940691 0.338975 -0.0139881 8.01175 0.0105732 0.0119187 0.999873 0.0643942
0.339167 -0.940673 0.00994759 3.14869 0.940649 0.338986 -0.0163546 8.13954 0.0120123 0.0149042 0.999817 0.085194
0.3387 -0.940859 0.00813677 3.19416 0.940838 0.338573 -0.0138301 8.27542 0.0102573 0.0123396 0.999871 0.0890938
0.339301 -0.940649 0.00732346 3.2491 0.940618 0.339182 -0.0138916 8.39867 0.0105831 0.011602 0.999877 0.0802936
0.339833 -0.940452 0.0079319 3.30126 0.940422 0.339701 -0.0144675 8.52923 0.0109115 0.0123759 0.999864 0.0815934
0.340952 -0.940063 0.00574442 3.34385 0.940031 0.340865 -0.012356 8.66377 0.00965738 0.00961274 0.999907 0.0812932
0.338549 -0.940914 0.00812021 3.40763 0.940912 0.338446 -0.0118133 8.80452 0.00836703 0.0116398 0.999897 0.089293
0.33885 -0.940815 0.00691339 3.47234 0.940793 0.33875 -0.0125505 8.94571 0.00946578 0.0107568 0.999897 0.0729927
0.339249 -0.940676 0.00620079 3.52048 0.940646 0.339155 -0.0126186 9.10152 0.00976699 0.0101136 0.999901 0.0672925
0.339155 -0.940715 0.00545731 3.59445 0.940667 0.339059 -0.013579 9.25223 0.0109236 0.0097389 0.999893 0.0597922
0.338979 -0.940779 0.00533212 3.64846 0.94074 0.338893 -0.012602 9.4025 0.0100487 0.00928795 0.999906 0.055692
0.339789 -0.940492 0.00417413 3.69805 0.940457 0.339727 -0.0112203 9.55521 0.00913458 0.00773814 0.999928 0.0674917
0.338707 -0.940882 0.0043037 3.76224 0.940852 0.338647 -0.0107886 9.70692 0.0086934 0.00770333 0.999933 0.0818915
0.339167 -0.940724 0.00203478 3.81234 0.940677 0.339126 -0.0109651 9.85919 0.00962507 0.00563307 0.999938 0.0810912
0.339078 -0.940754 0.00269077 3.88157 0.940697 0.339022 -0.0123456 10.0129 0.010702 0.00671733 0.99992 0.0739909
0.33875 -0.940875 0.00138169 3.94114 0.940819 0.338713 -0.0115736 10.1711 0.0104213 0.00522047 0.999932 0.0756906
0.338732 -0.94088 0.00224941 3.99525 0.940828 0.338685 -0.0116001 10.3236 0.0101524 0.00604562 0.99993 0.0970903
0.339452 -0.940618 0.00320911 4.06798 0.940568 0.339393 -0.012031 10.4908 0.0102275 0.00710235 0.999922 0.09179
0.339531 -0.940587 0.00384023 4.11685 0.940556 0.339476 -0.0105253 10.6518 0.00859628 0.00718561 0.999937 0.0955897
0.339348 -0.940656 0.00306704 4.17724 0.940603 0.339289 -0.0122063 10.8012 0.0104413 0.00702705 0.999921 0.0916894
0.33862 -0.940908 0.00525435 4.23896 0.940863 0.33853 -0.013197 10.9638 0.0106384 0.00941241 0.999899 0.108389
0.338721 -0.940859 0.00716589 4.30202 0.940833 0.33861 -0.013301 11.1155 0.0100879 0.0112472 0.999886 0.108489
0.340055 -0.940386 0.00596827 4.36663 0.940353 0.339963 -0.0126998 11.2688 0.00991372 0.00993092 0.999902 0.104488
0.34066 -0.940152 0.00810538 4.4192 0.94014 0.340545 -0.0128522 11.4339 0.00932277 0.0119984 0.999885 0.0964882
0.340474 -0.940222 0.00773437 4.48113 0.940228 0.340392 -0.010285 11.5854 0.00703749 0.0107738 0.999917 0.108188
0.340648 -0.940153 0.0084357 4.54265 0.940137 0.340518 -0.01379 11.7345 0.0100922 0.0126282 0.999869 0.101688
0.340579 -0.940193 0.00663689 4.60931 0.940139 0.340452 -0.0152105 11.8968 0.0120413 0.01142 0.999862 0.0979872
0.3401 -0.940364 0.00697065 4.66229 0.940302 0.339958 -0.0161139 12.047 0.0127832 0.0120348 0.999846 0.0983869
0.340831 -0.9401 0.00678459 4.72062 0.940027 0.340683 -0.0168485 12.199 0.0135279 0.0121202 0.999835 0.0994865
0.341348 -0.939903 0.00800085 4.78523 0.939862 0.341202 -0.0154912 12.3622 0.0118303 0.0128076 0.999848 0.0926862
0.340796 -0.940068 0.0113825 4.83749 0.940071 0.340603 -0.0160102 12.5215 0.0111737 0.0161565 0.999807 0.0933858
0.340772 -0.940109 0.00835468 4.90096 0.940071 0.340619 -0.0156739 12.6642 0.0118894 0.0131952 0.999842 0.0990855
0.341088 -0.939991 0.00872929 4.96155 0.939951 0.340923 -0.0162128 12.8158 0.0122639 0.0137351 0.99983 0.0837851
0.340456 -0.940236 0.00678054 5.03449 0.940153 0.340299 -0.0175983 12.9613 0.0142391 0.0123662 0.999822 0.0811848
0.341909 -0.939707 0.00707007 5.07585 0.939635 0.341755 -0.0170068 13.1202 0.0135652 0.0124581 0.99983 0.107684
0.341349 -0.93992 0.00556176 5.14107 0.939842 0.341225 -0.0161901 13.272 0.0133196 0.0107537 0.999853 0.091884
0.340947 -0.940048 0.00808954 5.20722 0.939998 0.340788 -0.0163471 13.4298 0.0126102 0.0131776 0.999834 0.0880837
0.340759 -0.940118 0.00781944 5.26689 0.940058 0.340596 -0.0168966 13.5781 0.0132215 0.0131084 0.999827 0.104483
0.341201 -0.939956 0.00799026 5.32655 0.939902 0.34104 -0.0166206 13.7318 0.0128976 0.013181 0.99983 0.102783
0.340743 -0.940123 0.00791444 5.37984 0.940041 0.340557 -0.0185089 13.8788 0.0147054 0.0137467 0.999797 0.101183
0.341943 -0.939684 0.00832659 5.44363 0.939627 0.34177 -0.0171452 14.03 0.0132652 0.0136866 0.999818 0.108082
0.342932 -0.939342 0.00589826 5.50257 0.939282 0.342816 -0.0150345 14.1805 0.0121005 0.0106959 0.99987 0.121482
0.343047 -0.939292 0.00705688 5.56265 0.939239 0.342911 -0.0155631 14.3237 0.0121984 0.011967 0.999854 0.106781
0.34257 -0.939461 0.0077476 5.63343 0.939401 0.34241 -0.0167823 14.4844 0.0131134 0.0130272 0.999829 0.111081
0.343667 -0.939079 0.00479103 5.67551 0.938959 0.343529 -0.0185165 14.6443 0.0157426 0.0108621 0.999817 0.107281
0.342725 -0.939415 0.00626592 5.73486 0.939327 0.342576 -0.0174783 14.7917 0.0142728 0.011876 0.999828 0.11508
0.341699 -0.9398 0.00410652 5.78939 0.939662 0.341565 -0.0191985 14.9315 0.0166401 0.0104188 0.999807 0.11018
0.343251 -0.939242 0.00210788 5.85389 0.939093 0.343154 -0.0187155 15.0941 0.0168551 0.00840362 0.999823 0.102979
0.345015 -0.93857 0.0071095 5.9116 0.938493 0.344853 -0.0175367 15.258 0.0140077 0.0127226 0.999821 0.0948789
0.34419 -0.938864 0.00819575 5.9686 0.93879 0.344004 -0.0183009 15.4017 0.0143627 0.0139931 0.999799 0.0900785
0.344279 -0.938846 0.00632633 6.02898 0.938736 0.344109 -0.0190851 15.554 0.0157411 0.0125094 0.999798 0.102778
0.34374 -0.93905 0.00523193 6.09235 0.938927 0.343589 -0.0190274 15.7069 0.0160701 0.0114529 0.999805 0.0845776
0.343347 -0.939197 0.00471715 6.15552 0.939038 0.343185 -0.0207686 15.8565 0.0178869 0.0115604 0.999773 0.0813772
0.344596 -0.938734 0.0057031 6.20593 0.938585 0.344414 -0.0208962 16.0067 0.0176517 0.0125536 0.999765 0.0787768
0.345873 -0.938269 0.00490949 6.27403 0.938152 0.345733 -0.0184307 16.1699 0.0155955 0.0109805 0.999818 0.0814763
0.344876 -0.938618 0.00750769 6.32794 0.938542 0.344706 -0.0177623 16.3166 0.0140841 0.0131721 0.999814 0.0848759
0.344231 -0.938885 0.000813588 6.39758 0.938713 0.344151 -0.0194498 16.4694 0.0179811 0.00745894 0.999811 0.0877754
0.344967 -0.938595 0.0060825 6.44717 0.938473 0.344794 -0.0196548 16.6282 0.0163507 0.0124885 0.999788 0.093875
0.344563 -0.938744 0.00597528 6.50015 0.938606 0.344381 -0.0204913 16.7753 0.0171783 0.012669 0.999772 0.0983745
0.344868 -0.938621 0.00753007 6.56167 0.938505 0.344662 -0.0203857 16.9215 0.0165391 0.0140974 0.999764 0.0860741
0.345423 -0.938426 0.0062854 6.61887 0.938317 0.345256 -0.0189605 17.0803 0.015623 0.0124471 0.999801 0.0889736
0.345313 -0.938461 0.00706363 6.68769 0.938366 0.345137 -0.0187151 17.2293 0.0151255 0.0130908 0.9998 0.0870731
0.345243 -0.938493 0.00612298 6.73903 0.938368 0.345067 -0.019864 17.3789 0.0165294 0.0126035 0.999784 0.0876726
0.346199 -0.938146 0.00530255 6.79931 0.938014 0.346039 -0.0196694 17.5383 0.0166178 0.0117834 0.999792 0.0864721
0.345206 -0.938501 0.00694655 6.87009 0.938369 0.345002 -0.0209187 17.68 0.0172357 0.0137397 0.999757 0.0850717
0.346419 -0.938068 0.00473054 6.92183 0.937919 0.346261 -0.020299 17.8348 0.0174039 0.0114688 0.999783 0.0745712
0.347029 -0.93784 0.00515737 6.96967 0.937716 0.346879 -0.0190577 17.9941 0.0160841 0.0114497 0.999805 0.0859707
0.34663 -0.937977 0.0068434 7.03222 0.937858 0.34644 -0.0200411 18.1352 0.0164273 0.013365 0.999776 0.0946702
0.3474 -0.937697 0.00608254 7.09672 0.937532 0.347195 -0.0221071 18.2925 0.0186179 0.0133826 0.999737 0.0843697
0.347364 -0.937709 0.00637155 7.1675 0.937552 0.347157 -0.0218842 18.4418 0.0183091 0.0135754 0.99974 0.0890692
0.347156 -0.937803 0.00295438 7.21688 0.937583 0.347003 -0.0229461 18.5952 0.0204937 0.0107359 0.999732 0.0858687
0.347321 -0.937743 0.00229051 7.28406 0.937572 0.347209 -0.0201099 18.742 0.0180626 0.00913211 0.999795 0.107368
0.347516 -0.937671 0.00235765 7.34681 0.937507 0.347406 -0.0197362 18.8996 0.017687 0.00906898 0.999802 0.103968
0.347122 -0.937807 0.00493161 7.40545 0.937679 0.346974 -0.0191416 19.0482 0.01624 0.0112687 0.999805 0.0968671
0.346992 -0.937864 0.0027044 7.46861 0.937704 0.346876 -0.0197196 19.1905 0.0175563 0.00937849 0.999802 0.118467
0.347716 -0.937593 0.0035008 7.52293 0.937441 0.347587 -0.0196873 19.3574 0.0172419 0.0101274 0.9998 0.115366
0.346413 -0.93805 0.00780407 7.56748 0.937941 0.346205 -0.020212 19.5043 0.0162581 0.0143215 0.999765 0.125866
0.346897 -0.937888 0.0053174 7.63784 0.937739 0.346725 -0.0206824 19.6498 0.0175541 0.012161 0.999772 0.130265
0.347457 -0.937678 0.00586623 7.69823 0.937547 0.347283 -0.019985 19.8165 0.0167023 0.0124438 0.999783 0.117564
0.348821 -0.937163 0.00709149 7.7615 0.937086 0.34866 -0.0174841 19.9784 0.0139129 0.0127442 0.999822 0.117464
0.347296 -0.937646 0.0143304 7.8117 0.937676 0.347026 -0.018366 20.1272 0.0122478 0.0198157 0.999729 0.112263
0.348469 -0.9373 0.00618258 7.87682 0.937189 0.348303 -0.019028 20.2681 0.0156816 0.0124249 0.9998 0.0948628
0.347712 -0.9376 0.00178843 7.94451 0.9374 0.347598 -0.0213738 20.4288 0.0194184 0.0091084 0.99977 0.111162
0.34902 -0.937115 0.000450865 7.98875 0.937013 0.348975 -0.0149246 20.5842 0.0138287 0.00563146 0.999889 0.106062
0.349236 -0.937034 0.00100332 8.05274 0.936876 0.349157 -0.0187617 20.7415 0.01723 0.00749224 0.999824 0.102061
0.348668 -0.937243 0.00230812 8.11076 0.937109 0.348574 -0.0179687 20.8942 0.0160365 0.0084281 0.999836 0.0971604
0.348223 -0.937407 0.00291622 8.16343 0.937283 0.348122 -0.0176771 21.0392 0.0155555 0.00888891 0.999839 0.0968599
0.348101 -0.937443 0.00520701 8.22402 0.9373 0.347936 -0.0202101 21.1938 0.0171341 0.0119157 0.999782 0.0996593
0.348658 -0.937246 0.00276269 8.28935 0.937077 0.348535 -0.020271 21.3468 0.018036 0.00965648 0.999791 0.108659
0.348757 -0.937201 0.00469892 8.34243 0.937051 0.348598 -0.0203714 21.4957 0.017454 0.0115078 0.999781 0.109758
0.350058 -0.936728 3.83608e-06 8.40374 0.936592 0.350007 -0.0170273 21.6442 0.0159486 0.00596412 0.999855 0.0954575
0.350397 -0.936595 0.00328297 8.46958 0.93648 0.350294 -0.0172928 21.8097 0.0150464 0.0091338 0.999845 0.0985569
0.35005 -0.936728 0.00238719 8.52863 0.936619 0.349968 -0.0163288 21.959 0.0144602 0.00795177 0.999864 0.117156
0.349631 -0.936882 0.00311791 8.58635 0.93675 0.349521 -0.0182836 22.1174 0.0160398 0.00931322 0.999828 0.110956
0.35007 -0.936719 0.00273907 8.64715 0.936577 0.349963 -0.0186923 22.2604 0.0165509 0.00910898 0.999822 0.103255
0.350941 -0.93639 0.00385225 8.70825 0.936249 0.350809 -0.0192565 22.4142 0.0166801 0.0103645 0.999807 0.113854
0.352385 -0.93585 0.00312403 8.76401 0.935702 0.352265 -0.0192699 22.5613 0.0169332 0.00971358 0.999809 0.110054
0.35226 -0.935898 0.00263552 8.81411 0.935745 0.352148 -0.0193125 22.7256 0.0171464 0.0092692 0.99981 0.100953
0.351424 -0.936205 0.00460545 8.87254 0.936075 0.351281 -0.019114 22.8766 0.0162768 0.0110282 0.999807 0.111853
0.350957 -0.93639 0.00174707 8.93386 0.936198 0.350846 -0.0209714 23.0312 0.0190244 0.00899566 0.999779 0.109752
0.350525 -0.936531 0.00642344 8.99538 0.936366 0.350309 -0.022406 23.1727 0.0187337 0.0138685 0.999728 0.0979513
0.351413 -0.93622 0.00140284 9.06502 0.936011 0.351302 -0.0216795 23.3261 0.019804 0.00893153 0.999764 0.0869507
0.352464 -0.935821 0.00277918 9.11234 0.935684 0.352358 -0.0184132 23.4902 0.0162522 0.00909044 0.999827 0.11515
0.353645 -0.935376 0.00258089 9.1787 0.935238 0.353543 -0.0183735 23.6262 0.0162737 0.00891145 0.999828 0.105049
0.353187 -0.935532 0.00628658 9.23919 0.935437 0.35303 -0.0180764 23.7849 0.0146917 0.012265 0.999817 0.0944487
0.352881 -0.935641 0.00716663 9.30421 0.93554 0.352696 -0.019257 23.9313 0.01549 0.0135001 0.999789 0.0974481
0.352278 -0.935872 0.00654826 9.36068 0.935762 0.352101 -0.0193479 24.0825 0.0158015 0.0129435 0.999791 0.103547
0.351803 -0.936051 0.00655286 9.42344 0.935941 0.351627 -0.0193058 24.228 0.0157671 0.0129249 0.999792 0.100747
0.352707 -0.93571 0.00669591 9.47477 0.935595 0.352523 -0.0197121 24.3804 0.0160844 0.0132173 0.999783 0.117146
0.354076 -0.935206 0.00436787 9.53187 0.935099 0.353954 -0.0175149 24.5378 0.0148341 0.010286 0.999837 0.120145
0.353963 -0.93524 0.00602684 9.59287 0.93517 0.353833 -0.0161353 24.6935 0.0129579 0.0113474 0.999852 0.122845
0.353773 -0.935318 0.0049483 9.65038 0.935212 0.353638 -0.0178669 24.8403 0.0149613 0.0109485 0.999828 0.114944
0.353379 -0.935465 0.00530949 9.71066 0.935357 0.353235 -0.0182293 24.9978 0.0151773 0.0114081 0.99982 0.117743
0.353569 -0.935398 0.00428946 9.77177 0.935277 0.353439 -0.0183562 25.1348 0.0156543 0.010502 0.999822 0.117843
0.354693 -0.934975 0.00392708 9.84049 0.934864 0.354577 -0.0174648 25.2864 0.0149367 0.00986594 0.99984 0.116542
0.355707 -0.934574 0.00666996 9.89491 0.934488 0.355547 -0.0178654 25.438 0.014325 0.0125878 0.999818 0.116441
0.355978 -0.934473 0.00638978 9.95767 0.934405 0.35584 -0.0162987 25.5958 0.012957 0.0117726 0.999847 0.101541
0.354312 -0.935075 0.00984248 10.0152 0.935014 0.354087 -0.0192589 25.7437 0.0145234 0.0160265 0.999766 0.0926399
0.354604 -0.935005 0.00468465 10.0725 0.934897 0.354474 -0.0177523 25.8913 0.0149379 0.0106747 0.999831 0.0857392
0.353999 -0.935232 0.0050475 10.1405 0.935109 0.35385 -0.0189811 26.034 0.0159657 0.0114393 0.999807 0.0898385
0.354296 -0.935127 0.00358085 10.1915 0.934977 0.354164 -0.0196223 26.1819 0.0170811 0.0103001 0.999801 0.0959378
0.35547 -0.934676 0.0046984 10.2527 0.934551 0.355327 -0.018909 26.3257 0.0160043 0.0111125 0.99981 0.0996372
0.356204 -0.934396 0.00472825 10.3071 0.93427 0.35606 -0.0189999 26.4742 0.0160699 0.0111853 0.999808 0.0975364
0.355997 -0.934467 0.00616702 10.375 0.934362 0.355834 -0.0186878 26.6256 0.0152687 0.012415 0.999806 0.107836
0.356389 -0.934323 0.00513042 10.4298 0.934195 0.356234 -0.0193964 26.7739 0.0162949 0.0117055 0.999799 0.107835
0.354638 -0.934967 0.00828872 10.4808 0.934854 0.354409 -0.0210366 26.9176 0.0167309 0.0152091 0.999744 0.112434
0.354556 -0.935005 0.00739516 10.5304 0.934897 0.354357 -0.0199689 27.0634 0.0160505 0.0139938 0.999773 0.107634
0.354998 -0.934848 0.00597149 10.5881 0.934717 0.354819 -0.0202181 27.2113 0.016782 0.012759 0.999778 0.110533
0.356346 -0.934349 0.00312203 10.6452 0.934227 0.35624 -0.0176974 27.3595 0.0154234 0.00922308 0.999839 0.125932
0.356068 -0.934456 0.0028283 10.7007 0.934353 0.35598 -0.0162045 27.5141 0.0141356 0.00841254 0.999865 0.118731
0.355523 -0.934662 0.00308036 10.7617 0.934562 0.355432 -0.0161849 27.6594 0.0140326 0.00863291 0.999864 0.116231
0.35467 -0.934991 0.000895649 10.826 0.934864 0.354606 -0.016877 27.8107 0.0154623 0.00682309 0.999857 0.11483
0.354145 -0.935189 0.00149396 10.8775 0.935061 0.354069 -0.0172206 27.9586 0.0155756 0.00749555 0.999851 0.118829
0.355309 -0.934748 0.00101051 10.9294 0.934637 0.35525 -0.0158774 28.1111 0.0144824 0.00658584 0.999873 0.125628
0.355558 -0.934645 0.00423269 10.9891 0.934566 0.355458 -0.0153421 28.2598 0.0128349 0.00941075 0.999873 0.111928
0.359614 -0.9331 0.00139153 11.0542 0.933033 0.35957 -0.0126028 28.4107 0.0112593 0.00583049 0.99992 0.115927
0.364016 -0.931388 0.00302664 11.1172 0.931321 0.363945 -0.0135762 28.5536 0.0115432 0.00776073 0.999903 0.110426
0.376484 -0.926417 0.00331973 11.1784 0.926333 0.376395 -0.0152917 28.71 0.012917 0.00883227 0.999878 0.103025
0.379259 -0.925289 0.00145094 11.2437 0.925191 0.379195 -0.0152803 28.8487 0.0135885 0.0071376 0.999882 0.121825
0.386149 -0.922436 0.00120746 11.3009 0.922352 0.386095 -0.0140573 28.9899 0.0125007 0.00654189 0.9999 0.115624
0.392936 -0.919565 0.00154303 11.377 0.919496 0.392885 -0.0130001 29.1329 0.0113482 0.006527 0.999914 0.115223
0.396812 -0.91789 0.00425715 11.4415 0.917838 0.396726 -0.0135002 29.2797 0.0107027 0.00926439 0.9999 0.122322
0.40391 -0.914784 0.00513786 11.5046 0.914736 0.40381 -0.0139853 29.4273 0.0107188 0.0103486 0.999889 0.122521
0.406447 -0.913668 0.00351464 11.5751 0.913617 0.406375 -0.0128044 29.5712 0.0102707 0.00841533 0.999912 0.126121
0.41157 -0.911345 0.00777483 11.6454 0.911326 0.411441 -0.0141808 29.7205 0.00972471 0.0129218 0.999869 0.12322
0.413626 -0.910406 0.00862787 11.7154 0.910379 0.413461 -0.0161036 29.8531 0.0110935 0.0145155 0.999833 0.125819
0.416595 -0.909037 0.0100627 11.7869 0.909041 0.416428 -0.015233 29.9984 0.00965696 0.0154934 0.999833 0.113618
0.42059 -0.90719 0.0104543 11.8419 0.907214 0.420442 -0.0138086 30.1382 0.00813157 0.0152921 0.99985 0.111817
0.420195 -0.907398 0.00804934 11.9084 0.907402 0.42009 -0.0120477 30.2904 0.00755058 0.0123664 0.999895 0.109917
0.419097 -0.907878 0.010771 11.9809 0.907891 0.418919 -0.01549 30.4255 0.00955088 0.0162707 0.999822 0.121416
0.421062 -0.906984 0.00935896 12.0521 0.906978 0.420901 -0.015268 30.5668 0.00990863 0.0149171 0.99984 0.126815
0.420152 -0.907375 0.011985 12.1201 0.907384 0.419918 -0.0180016 30.7165 0.0113014 0.0184384 0.999766 0.119514
0.421099 -0.906931 0.0123297 12.1872 0.906934 0.420841 -0.0190797 30.8597 0.0121151 0.0192167 0.999742 0.118713
0.422681 -0.906185 0.0130144 12.2558 0.906202 0.422415 -0.0190958 30.9941 0.0118069 0.0198651 0.999733 0.108113
0.424651 -0.905312 0.00901728 12.3249 0.905289 0.424475 -0.0165503 31.1303 0.0111556 0.0151913 0.999822 0.109712
0.423109 -0.90606 0.00583456 12.3961 0.905981 0.422959 -0.0174453 31.2684 0.0133387 0.0126672 0.999831 0.126411
0.422885 -0.906182 0.00122911 12.4679 0.906069 0.42281 -0.0164734 31.4043 0.0144082 0.00808002 0.999864 0.13381
0.423138 -0.906065 -0.000761931 12.5316 0.905923 0.423086 -0.0173757 31.5348 0.0160659 0.00666206 0.999849 0.127909
0.424443 -0.905453 -0.00152652 12.5907 0.905279 0.424393 -0.0189809 31.6802 0.0178342 0.0066744 0.999819 0.130108
0.424174 -0.905578 0.00218376 12.6599 0.905434 0.42406 -0.019012 31.8188 0.0162908 0.0100416 0.999817 0.130908
0.426803 -0.904343 -0.00188419 12.7285 0.904212 0.426775 -0.0162464 31.9638 0.0154965 0.00523032 0.999866 0.112607
0.426271 -0.904593 0.00203853 12.7899 0.904497 0.426191 -0.01569 32.1055 0.0133243 0.00853204 0.999875 0.107206
0.425914 -0.904745 0.00584406 12.8673 0.904648 0.425747 -0.0187684 32.2444 0.0144926 0.0132806 0.999807 0.120505
0.426656 -0.90441 0.00274861 12.9338 0.904264 0.426527 -0.0195206 32.3845 0.0164823 0.0108141 0.999806 0.113604
0.426434 -0.904498 0.006128 12.9979 0.904385 0.426244 -0.02009 32.53 0.0155594 0.0141091 0.999779 0.119003
0.426104 -0.904658 0.00545587 13.0719 0.904552 0.42594 -0.018998 32.6708 0.0148628 0.0130302 0.999805 0.128503
0.427505 -0.904006 0.00348599 13.1361 0.903884 0.427375 -0.0185767 32.8105 0.0153037 0.0110926 0.999821 0.137002
0.428674 -0.903456 0.00249827 13.1995 0.903356 0.428581 -0.0162864 32.9557 0.0136434 0.00923839 0.999864 0.130901
0.427382 -0.904069 0.00191627 13.273 0.903968 0.427301 -0.0159677 33.0965 0.013617 0.00855654 0.999871 0.1458
0.426226 -0.904594 0.00637593 13.3303 0.904503 0.42605 -0.0188624 33.2296 0.0143464 0.0138067 0.999802 0.130999
0.420358 -0.907334 0.0067081 13.3886 0.907223 0.420155 -0.0204044 33.3617 0.0156951 0.0146629 0.999769 0.120298
0.413361 -0.91055 0.00560196 13.4622 0.910428 0.413183 -0.0200134 33.4967 0.0159085 0.0133729 0.999784 0.115797
0.412121 -0.911113 0.00549177 13.5115 0.911021 0.411971 -0.017927 33.6187 0.014071 0.0123912 0.999824 0.118697
0.411275 -0.911511 0.00108945 13.5771 0.911401 0.411206 -0.0160298 33.7758 0.0141633 0.00758557 0.999871 0.117896
0.410939 -0.911651 0.00474304 13.6384 0.911588 0.410832 -0.0149822 33.9144 0.01171 0.0104805 0.999876 0.111695
0.409538 -0.912289 0.0028896 13.7049 0.912204 0.409451 -0.015319 34.0496 0.0127922 0.00890961 0.999878 0.127694
0.409537 -0.912292 0.00166555 13.7583 0.912172 0.409452 -0.0170591 34.1797 0.014881 0.00850561 0.999853 0.119493
0.410171 -0.912007 0.00182757 13.8267 0.911885 0.410082 -0.0172424 34.3272 0.0149757 0.00873887 0.99985 0.123492
0.409584 -0.912261 0.00457459 13.885 0.912145 0.409438 -0.0187612 34.4618 0.0152421 0.011857 0.999814 0.127591
0.410703 -0.911769 -0.000545153 13.9445 0.911693 0.410676 -0.0126667 34.5856 0.0117729 0.00470522 0.99992 0.12879
0.412585 -0.910917 0.00185298 14.0135 0.910835 0.412518 -0.0144348 34.7332 0.0123845 0.00764333 0.999894 0.12649
0.411929 -0.911204 0.00461754 14.0794 0.911152 0.411834 -0.0139601 34.8806 0.0108188 0.00995783 0.999892 0.126789
0.412202 -0.911057 0.00800388 14.1386 0.911028 0.412052 -0.0155272 35.014 0.0108481 0.0136921 0.999847 0.125688
0.411703 -0.911302 0.00539754 14.2028 0.911233 0.411576 -0.0161049 35.1461 0.012455 0.0115489 0.999856 0.127987
0.412434 -0.910936 0.00967781 14.276 0.910894 0.412217 -0.0186658 35.2879 0.013014 0.0165139 0.999779 0.117786
0.413002 -0.910672 0.0102999 14.3372 0.91065 0.41279 -0.0178893 35.4235 0.0120396 0.0167679 0.999787 0.114385
0.414328 -0.910028 0.0134375 14.4015 0.910044 0.414045 -0.0196515 35.5753 0.0123197 0.0203709 0.999717 0.113684
0.41487 -0.909805 0.0117118 14.4659 0.909808 0.414639 -0.0180138 35.7221 0.0115329 0.0181289 0.999769 0.111483
0.413716 -0.91033 0.0117802 14.5315 0.910301 0.413436 -0.0205813 35.8552 0.0138654 0.0192383 0.999719 0.127182
0.413679 -0.910396 0.00698661 14.5878 0.910297 0.413482 -0.0197999 35.9701 0.0151369 0.0145507 0.99978 0.122781
0.413064 -0.910694 0.00376548 14.6599 0.910561 0.412924 -0.0192666 36.1286 0.0159911 0.011387 0.999807 0.11118
0.410835 -0.911702 0.00388216 14.7122 0.911571 0.410694 -0.0192085 36.2613 0.015918 0.0114304 0.999808 0.131379
0.413433 -0.910534 -0.00118048 14.7775 0.910418 0.413401 -0.0154307 36.4117 0.0145382 0.00530485 0.99988 0.121078
0.414962 -0.909836 0.00227343 14.8371 0.909704 0.414857 -0.0182202 36.5738 0.0156342 0.00962884 0.999831 0.130677
0.414731 -0.909931 0.00488651 14.9145 0.909833 0.41459 -0.0178792 36.6916 0.014243 0.011861 0.999828 0.126976
0.415336 -0.909654 0.00508783 14.9865 0.909561 0.415195 -0.0176675 36.8165 0.0139589 0.0119657 0.999831 0.114876
0.416087 -0.909317 0.00369387 15.0507 0.90918 0.415945 -0.0195362 36.9663 0.0162282 0.0114872 0.999802 0.108075
0.415519 -0.909567 0.00557584 15.1148 0.909416 0.415316 -0.0218082 37.102 0.0175203 0.0141325 0.999747 0.103574
0.415915 -0.909396 0.00381875 15.1769 0.909264 0.415773 -0.0192861 37.2466 0.0159509 0.0114936 0.999807 0.122473
0.416966 -0.908902 0.00602095 15.2443 0.908799 0.416792 -0.0191801 37.3949 0.0149234 0.0134693 0.999798 0.126772
0.418236 -0.908328 0.00426803 15.3098 0.908225 0.418104 -0.0177994 37.5401 0.0143832 0.0113207 0.999832 0.129871
0.41733 -0.908729 0.00692535 15.3794 0.908631 0.417134 -0.0197209 37.6686 0.0150322 0.0145227 0.999782 0.12607
0.417601 -0.908623 0.0036527 15.4455 0.908487 0.417461 -0.0194485 37.816 0.0161465 0.0114401 0.999804 0.136969
0.418322 -0.908272 0.00697181 15.5094 0.908157 0.418108 -0.0209112 37.9519 0.0160781 0.0150791 0.999757 0.138768
0.418408 -0.908255 0.00287214 15.576 0.908091 0.418268 -0.0205579 38.0842 0.0174705 0.0112098 0.999785 0.135967
0.418575 -0.908176 0.0032675 15.6356 0.908021 0.41843 -0.0203604 38.2292 0.0171236 0.0114893 0.999787 0.139366
0.420697 -0.907199 0.00182828 15.7088 0.907077 0.420605 -0.0173852 38.364 0.0150029 0.0089723 0.999847 0.142165
0.419475 -0.907752 0.00522847 15.757 0.907645 0.419317 -0.0188374 38.5187 0.0149073 0.0126474 0.999809 0.129164
0.419649 -0.907674 0.00478431 15.8161 0.907552 0.419491 -0.0193901 38.644 0.0155929 0.012479 0.999801 0.128863
0.421069 -0.907022 0.00354526 15.9021 0.90688 0.420926 -0.0197518 38.7918 0.016423 0.011532 0.999799 0.141362
0.419899 -0.907561 0.00424826 15.9537 0.907425 0.419743 -0.0199064 38.9136 0.0162831 0.0122136 0.999793 0.151561
0.420926 -0.907091 0.00255348 16.0249 0.906965 0.420817 -0.0181116 39.0737 0.0153543 0.00993955 0.999833 0.13976
0.421816 -0.90668 0.00182511 16.0758 0.906567 0.421729 -0.0167765 39.2343 0.0144412 0.00873115 0.999858 0.128358
0.421799 -0.90668 0.00418092 16.1463 0.906578 0.421671 -0.0176012 39.3769 0.0141957 0.0112145 0.999836 0.144057
0.421857 -0.906645 0.00564747 16.2169 0.906556 0.421704 -0.0179525 39.5072 0.013895 0.0126932 0.999823 0.146856
0.422875 -0.906187 0.00102933 16.2804 0.906052 0.422792 -0.0177912 39.6541 0.015687 0.0084561 0.999841 0.143155
0.421927 -0.906617 0.00470456 16.3424 0.906461 0.421743 -0.021456 39.7921 0.0174683 0.0133174 0.999759 0.155154
0.422535 -0.906338 0.00400227 16.4116 0.906205 0.422386 -0.0195742 39.9481 0.0160503 0.0118976 0.9998 0.165153
0.423621 -0.905826 0.00499464 16.4748 0.905703 0.423455 -0.0196796 40.1033 0.0157113 0.0128603 0.999794 0.170252
0.424162 -0.905579 0.00356492 16.545 0.905432 0.424014 -0.0201121 40.2405 0.0167015 0.0117586 0.999791 0.166951
0.423374 -0.905951 0.00274918 16.6033 0.905797 0.423241 -0.0199765 40.3912 0.0169341 0.0109477 0.999797 0.16815
0.424704 -0.905331 0.00162415 16.6704 0.905163 0.424589 -0.0200966 40.524 0.0175045 0.0100052 0.999797 0.168949
0.426033 -0.904697 0.00432537 16.7383 0.904503 0.42583 -0.0232893 40.6727 0.0192279 0.0138343 0.999719 0.174548
0.425938 -0.904745 0.00374512 16.8037 0.904543 0.425746 -0.0233032 40.821 0.019489 0.0133133 0.999721 0.180847
0.425312 -0.905043 0.00244437 16.8737 0.904838 0.425154 -0.0226235 40.965 0.019436 0.0118338 0.999741 0.182045
0.426715 -0.904385 0.00170351 16.9623 0.90421 0.426594 -0.0205338 41.0916 0.0178437 0.0103024 0.999788 0.150344
0.42671 -0.904387 0.00174485 17.0266 0.904213 0.426588 -0.0205497 41.2317 0.0178406 0.0103465 0.999787 0.139243
0.426099 -0.904677 -0.000149104 17.0963 0.904475 0.426008 -0.0210325 41.3679 0.0190911 0.00882705 0.999779 0.147742
0.426975 -0.904262 -0.00170683 17.1759 0.904027 0.426906 -0.0220704 41.5379 0.0206861 0.00788052 0.999755 0.144141
0.42615 -0.904653 -0.000127392 17.2447 0.904403 0.426036 -0.0234152 41.6932 0.0212369 0.00986316 0.999726 0.15374
0.426932 -0.904282 -0.00162801 17.3332 0.90405 0.426862 -0.0219716 41.8599 0.0205634 0.00790857 0.999757 0.155938
0.42908 -0.903266 0.000508884 17.4195 0.903059 0.42897 -0.0216693 42.0342 0.0193549 0.00975743 0.999765 0.157237
0.427107 -0.904191 0.00438383 17.4913 0.903994 0.4269 -0.0234578 42.2145 0.0193388 0.0139819 0.999715 0.165436
0.427994 -0.903778 0.00250759 17.5737 0.903537 0.427812 -0.024455 42.3805 0.0210291 0.0127323 0.999698 0.158134
0.427909 -0.903807 -0.00519544 17.6636 0.903571 0.427919 -0.0210667 42.551 0.0212634 0.00432018 0.999765 0.159933
0.427858 -0.903805 -0.00863751 17.7453 0.903656 0.427945 -0.0164229 42.7167 0.0185394 -0.000778683 0.999828 0.150232
0.429306 -0.903045 -0.0143582 17.8275 0.902969 0.429488 -0.0137068 42.8914 0.0185445 -0.00708055 0.999803 0.17233
0.429657 -0.902949 -0.00883011 17.9075 0.902817 0.429745 -0.0155308 43.0934 0.0178182 -0.00129905 0.99984 0.174229
0.430264 -0.902701 0.00200674 17.9895 0.902522 0.430133 -0.0209646 43.2909 0.0180616 0.0108314 0.999778 0.172427
0.428528 -0.903467 0.0105371 18.0951 0.903339 0.42817 -0.0254739 43.4786 0.0185032 0.0204349 0.99962 0.166825
