0.35254 -0.935777 0.00599026 0 0.935644 0.352591 0.0158112 0 -0.0169078 3.06723e-05 0.999857 0
0.35254 -0.935777 0.00599026 0 0.935644 0.352591 0.0158112 0 -0.0169078 3.06722e-05 0.999857 0
0.35254 -0.935777 0.00599026 0 0.935644 0.352591 0.0158112 0 -0.0169078 3.06722e-05 0.999857 0
0.35254 -0.935777 0.00599026 0 0.935644 0.352591 0.0158112 0 -0.0169079 3.06759e-05 0.999857 0
0.35254 -0.935778 0.00599027 0 0.935644 0.352591 0.0158112 0 -0.0169079 3.06806e-05 0.999857 0
0.35254 -0.935778 0.00599027 0 0.935644 0.352591 0.0158112 0 -0.0169079 3.06899e-05 0.999857 0
0.352539 -0.935778 0.00599027 0 0.935644 0.35259 0.0158112 0 -0.0169079 3.06973e-05 0.999857 0
0.352538 -0.935778 0.00599027 0 0.935645 0.352589 0.0158112 0 -0.0169079 3.07094e-05 0.999857 0
0.352538 -0.935778 0.00599027 0 0.935645 0.352589 0.0158112 0 -0.0169079 3.07243e-05 0.999857 0
0.352537 -0.935779 0.00599028 0 0.935645 0.352588 0.0158112 0 -0.0169079 3.07355e-05 0.999857 0
0.352536 -0.935779 0.00599028 0 0.935645 0.352587 0.0158112 0 -0.0169079 3.07495e-05 0.999857 0
0.352536 -0.935779 0.00599028 0 0.935646 0.352587 0.0158112 0 -0.0169079 3.07662e-05 0.999857 0
0.352535 -0.93578 0.00599029 0 0.935646 0.352586 0.0158112 0 -0.0169079 3.07839e-05 0.999857 0
0.352534 -0.93578 0.00599029 0 0.935646 0.352585 0.0158112 0 -0.0169079 3.08054e-05 0.999857 0
0.352532 -0.935781 0.00599029 0 0.935647 0.352583 0.0158112 0 -0.0169079 3.08305e-05 0.999857 0
0.352531 -0.935781 0.00599029 0 0.935647 0.352582 0.0158112 0 -0.0169079 3.08529e-05 0.999857 0
0.35253 -0.935781 0.00599029 0 0.935648 0.352581 0.0158112 0 -0.0169079 3.08752e-05 0.999857 0
0.352529 -0.935782 0.00599029 0 0.935648 0.352579 0.0158112 0 -0.0169079 3.09004e-05 0.999857 0
0.352527 -0.935782 0.00599029 0 0.935649 0.352578 0.0158112 0 -0.0169079 3.09255e-05 0.999857 0
0.352526 -0.935783 0.00599029 0 0.935649 0.352577 0.0158112 0 -0.0169079 3.09497e-05 0.999857 0
0.352524 -0.935784 0.00599029 0 0.93565 0.352575 0.0158112 0 -0.0169079 3.09786e-05 0.999857 0
0.352522 -0.935784 0.00599029 0 0.935651 0.352573 0.0158112 0 -0.0169079 3.10075e-05 0.999857 0
0.35252 -0.935785 0.00599029 0 0.935651 0.352571 0.0158112 0 -0.0169079 3.10354e-05 0.999857 0
0.352518 -0.935786 0.00599028 0 0.935652 0.352569 0.0158112 0 -0.0169079 3.10661e-05 0.999857 0
0.352516 -0.935787 0.00599028 0 0.935653 0.352567 0.0158112 0 -0.0169079 3.10997e-05 0.999857 0
0.352514 -0.935787 0.00599028 0 0.935654 0.352565 0.0158113 0 -0.0169079 3.1135e-05 0.999857 0
0.352512 -0.935788 0.00599028 0 0.935655 0.352563 0.0158113 0 -0.0169079 3.11714e-05 0.999857 0
0.352509 -0.935789 0.00599027 0 0.935656 0.35256 0.0158113 0 -0.0169079 3.12068e-05 0.999857 0
0.352507 -0.93579 0.00599026 0 0.935656 0.352558 0.0158113 0 -0.016908 3.12431e-05 0.999857 0
0.352504 -0.935791 0.00599026 0 0.935657 0.352555 0.0158113 0 -0.016908 3.12831e-05 0.999857 0
0.352502 -0.935792 0.00599025 0 0.935658 0.352553 0.0158113 0 -0.016908 3.13213e-05 0.999857 0
0.352499 -0.935793 0.00599025 0 0.935659 0.35255 0.0158113 0 -0.016908 3.13614e-05 0.999857 0
0.352497 -0.935794 0.00599025 0 0.93566 0.352548 0.0158113 0 -0.016908 3.14023e-05 0.999857 0
0.352494 -0.935795 0.00599024 0 0.935661 0.352545 0.0158113 0 -0.016908 3.14433e-05 0.999857 0
0.352492 -0.935796 0.00599024 0 0.935662 0.352543 0.0158113 0 -0.016908 3.14852e-05 0.999857 0
0.352489 -0.935797 0.00599024 0 0.935663 0.35254 0.0158113 0 -0.016908 3.15271e-05 0.999857 0
0.352487 -0.935798 0.00599024 0 0.935664 0.352538 0.0158113 0 -0.016908 3.15718e-05 0.999857 0
0.352485 -0.935799 0.00599024 0 0.935665 0.352535 0.0158113 0 -0.016908 3.16128e-05 0.999857 0
0.352482 -0.935799 0.00599023 0 0.935666 0.352533 0.0158113 0 -0.016908 3.16557e-05 0.999857 0
0.35248 -0.9358 0.00599023 0 0.935667 0.352531 0.0158113 0 -0.016908 3.16957e-05 0.999857 0
0.351549 -0.93615 0.0059905 0.00497866 0.936017 0.3516 0.01581 0.0132193 -0.0169068 4.92232e-05 0.999857 0.00403404
0.351017 -0.936351 0.00585813 0.0315534 0.936219 0.351066 0.0156941 0.0503859 -0.0167517 -2.43876e-05 0.99986 0.00279658
0.350556 -0.936524 0.00585003 0.0525131 0.936393 0.350605 0.0156338 0.101098 -0.0166925 -2.60212e-06 0.999861 0.0041304
0.350229 -0.936645 0.00598851 0.0618703 0.936516 0.35028 0.0155432 0.157898 -0.0166562 0.000164636 0.999861 0.00774178
0.349902 -0.936766 0.00612703 0.0712084 0.936639 0.349956 0.0154527 0.214701 -0.0166198 0.000331865 0.999862 0.0113571
0.349673 -0.936853 0.00589801 0.0880395 0.936726 0.349723 0.015414 0.282588 -0.0165033 0.000134945 0.999864 0.00292519
0.348926 -0.937133 0.00564818 0.130026 0.937008 0.348972 0.0152964 0.365559 -0.0163058 -4.49084e-05 0.999867 -0.00260094
0.348271 -0.937378 0.00553011 0.170199 0.937254 0.348315 0.0152161 0.43883 -0.0161895 -0.000116222 0.999869 -0.00498408
0.347616 -0.937621 0.0054121 0.210322 0.937499 0.347658 0.0151358 0.512129 -0.0160732 -0.000187616 0.999871 -0.00735675
0.346622 -0.93799 0.0052504 0.257266 0.937872 0.346662 0.014909 0.609926 -0.0158046 -0.000243581 0.999875 -0.00820269
0.345627 -0.938358 0.00508893 0.304107 0.938243 0.345665 0.0146819 0.707773 -0.015536 -0.000299829 0.999879 -0.00901904
0.345852 -0.938277 0.00486136 0.325793 0.938164 0.345885 0.0145662 0.871113 -0.0153486 -0.000476972 0.999882 -0.0138501
0.346157 -0.938164 0.00496747 0.321522 0.938052 0.346192 0.0144797 0.958683 -0.015304 -0.000352504 0.999883 -0.00541256
0.346242 -0.938134 0.00464182 0.329881 0.938025 0.346273 0.0142647 1.04453 -0.0149895 -0.000584899 0.999887 -0.00573473
0.345182 -0.938526 0.00422985 0.368397 0.938418 0.345206 0.0143144 1.12497 -0.0148946 -0.000971724 0.999889 -0.0195632
0.344136 -0.938911 0.00410217 0.415549 0.938803 0.344159 0.0142514 1.21549 -0.0147926 -0.00105328 0.99989 -0.0190822
0.343672 -0.939081 0.00406235 0.478743 0.938978 0.343695 0.013949 1.36113 -0.0144954 -0.00097942 0.999894 -0.0154448
0.343323 -0.939209 0.00384863 0.51466 0.939107 0.343343 0.0139198 1.46416 -0.014395 -0.00116471 0.999896 -0.0199525
0.342975 -0.939338 0.00363493 0.550538 0.939236 0.342991 0.0138905 1.5672 -0.0142946 -0.00135003 0.999897 -0.0244496
0.342626 -0.939466 0.00342124 0.586379 0.939365 0.342639 0.0138611 1.67025 -0.0141943 -0.00153539 0.999898 -0.0289361
0.342277 -0.939594 0.00320755 0.622182 0.939493 0.342287 0.0138317 1.77332 -0.0140941 -0.00172079 0.999899 -0.0334119
0.341928 -0.939722 0.00299388 0.657948 0.939622 0.341935 0.0138022 1.8764 -0.0139939 -0.00190622 0.9999 -0.0378771
0.341579 -0.939849 0.00278022 0.693676 0.93975 0.341583 0.0137725 1.97949 -0.0138938 -0.00209169 0.999901 -0.0423316
0.341229 -0.939977 0.00256657 0.729366 0.939879 0.341231 0.0137428 2.0826 -0.0137937 -0.0022772 0.999902 -0.0467756
0.341278 -0.939958 0.00278087 0.764357 0.939866 0.341284 0.0133206 2.17946 -0.0134699 -0.00193239 0.999907 -0.0390645
0.341327 -0.93994 0.00299516 0.799354 0.939853 0.341337 0.0128984 2.27631 -0.013146 -0.00158756 0.999912 -0.03132
0.340872 -0.940106 0.00261507 0.829068 0.94002 0.340877 0.0128812 2.3842 -0.0130011 -0.00193261 0.999914 -0.0295082
0.340404 -0.940276 0.00258088 0.866611 0.94019 0.340409 0.0128314 2.50004 -0.0129436 -0.00194134 0.999914 -0.0332208
0.339936 -0.940445 0.00254672 0.904095 0.94036 0.33994 0.0127816 2.6159 -0.0128861 -0.00195009 0.999915 -0.0369265
0.340131 -0.940376 0.00175275 0.966171 0.940297 0.340126 0.0125266 2.75864 -0.0123759 -0.00261259 0.99992 -0.0424176
0.340246 -0.940335 0.00179436 1.0227 0.940255 0.340241 0.0125082 2.87644 -0.0123724 -0.00256873 0.99992 -0.0428116
0.340362 -0.940293 0.00183596 1.07924 0.940213 0.340357 0.0124898 2.99423 -0.012369 -0.00252487 0.99992 -0.0432056
0.340476 -0.940251 0.00187755 1.13579 0.940172 0.340473 0.0124714 3.11202 -0.0123655 -0.00248101 0.99992 -0.0435998
0.340591 -0.94021 0.00191915 1.19236 0.94013 0.340588 0.0124531 3.22979 -0.0123621 -0.00243715 0.999921 -0.0439941
0.33997 -0.940435 0.00136589 1.22548 0.940359 0.339961 0.0123349 3.32709 -0.0120645 -0.00290909 0.999923 -0.047698
0.339529 -0.940595 0.00112001 1.2926 0.940522 0.339518 0.0120435 3.47928 -0.0117083 -0.00303573 0.999927 -0.0510194
0.338997 -0.940787 0.000910393 1.33046 0.940718 0.338983 0.0118682 3.58025 -0.0114741 -0.00316686 0.999929 -0.0471499
0.338641 -0.940915 0.000889978 1.35894 0.940847 0.338627 0.0117883 3.67502 -0.0113932 -0.00315467 0.99993 -0.0490635
0.338952 -0.940803 0.000965835 1.39473 0.940736 0.33894 0.0116596 3.80516 -0.0112968 -0.00304346 0.999932 -0.0511175
0.339854 -0.940478 0.000883712 1.42382 0.940412 0.339841 0.0115731 3.90907 -0.0111846 -0.0031021 0.999933 -0.0508872
0.340755 -0.940152 0.000801504 1.45301 0.940087 0.340741 0.0114866 4.01296 -0.0110723 -0.00316064 0.999934 -0.0506454
0.341655 -0.939825 0.000719216 1.4823 0.939761 0.341641 0.0114003 4.11681 -0.01096 -0.00321907 0.999935 -0.0503919
0.338114 -0.941105 0.000751182 1.5442 0.941044 0.3381 0.0111781 4.29495 -0.0107737 -0.00307257 0.999937 -0.0498621
0.336087 -0.941831 0.00054349 1.60699 0.941772 0.336073 0.0110001 4.43937 -0.0105429 -0.00318515 0.999939 -0.0556197
0.336491 -0.941687 0.000297856 1.64208 0.941628 0.336474 0.0110173 4.53224 -0.010475 -0.00342674 0.999939 -0.0605107
0.336895 -0.941542 5.2229e-05 1.6772 0.941485 0.336875 0.0110346 4.62509 -0.0104071 -0.00366831 0.999939 -0.0653946
0.337762 -0.941232 0.000119765 1.71004 0.941174 0.337742 0.0110142 4.72319 -0.0104073 -0.00360744 0.999939 -0.0635897
0.338483 -0.940973 -0.000201219 1.76161 0.940918 0.338461 0.0108647 4.85201 -0.0101553 -0.00386685 0.999941 -0.0704464
0.338235 -0.941062 -0.000641989 1.82758 0.941012 0.33821 0.0105596 5.07249 -0.00972009 -0.00417574 0.999944 -0.0698201
0.338834 -0.940846 -0.000431327 1.87742 0.940795 0.33881 0.0105663 5.1745 -0.00979509 -0.003986 0.999944 -0.0706599
0.339432 -0.94063 -0.000220661 1.92732 0.940579 0.339411 0.0105728 5.27647 -0.00987022 -0.0037963 0.999944 -0.0715105
0.340031 -0.940414 -9.9889e-06 1.97729 0.940362 0.340012 0.0105792 5.37842 -0.00994546 -0.00360666 0.999944 -0.0723719
0.34063 -0.940198 0.000200687 2.02732 0.940144 0.340612 0.0105855 5.48033 -0.0100208 -0.00341706 0.999944 -0.0732441
0.339741 -0.940519 -0.000381759 2.07503 0.940473 0.33972 0.0100073 5.62565 -0.00928235 -0.00375892 0.99995 -0.0771286
0.338851 -0.940839 -0.000963659 2.12259 0.940801 0.338828 0.00942851 5.77102 -0.0085442 -0.00410148 0.999955 -0.0809018
0.338101 -0.94111 -0.000857212 2.17374 0.94107 0.338078 0.00948112 5.90694 -0.00863297 -0.00401227 0.999955 -0.0791896
0.338131 -0.941099 -0.000518725 2.22064 0.941058 0.338111 0.00954118 6.02337 -0.0088038 -0.00371432 0.999954 -0.0695204
0.338797 -0.940859 -0.000244526 2.27529 0.940817 0.33878 0.00957196 6.13288 -0.00892302 -0.00347301 0.999954 -0.0674503
0.339475 -0.940615 -0.000172325 2.33082 0.940574 0.339458 0.0094455 6.24983 -0.00882609 -0.0033686 0.999955 -0.0721895
0.340152 -0.94037 -0.000100216 2.38643 0.94033 0.340136 0.009319 6.36675 -0.00872922 -0.00326411 0.999957 -0.0769175
0.339929 -0.940451 -0.000180845 2.44554 0.940412 0.339914 0.00916455 6.50436 -0.00855734 -0.00328537 0.999958 -0.0767274
0.339707 -0.940531 -0.000261439 2.50463 0.940494 0.339691 0.00901008 6.64199 -0.00838546 -0.00330667 0.999959 -0.0765115
0.339484 -0.940612 -0.000341997 2.56367 0.940576 0.339467 0.0088556 6.77963 -0.00821359 -0.00332801 0.999961 -0.0762698
0.339261 -0.940692 -0.000422518 2.62269 0.940658 0.339244 0.0087011 6.91728 -0.00804172 -0.00334938 0.999962 -0.0760021
0.339037 -0.940773 -0.000503004 2.68167 0.94074 0.339021 0.00854658 7.05495 -0.00786986 -0.00337081 0.999963 -0.0757085
0.338814 -0.940853 -0.000583454 2.74062 0.940822 0.338798 0.00839204 7.19263 -0.007698 -0.00339227 0.999965 -0.075389
0.338596 -0.940932 -0.000149413 2.77814 0.9409 0.338583 0.00832813 7.32113 -0.00778562 -0.00296046 0.999965 -0.0718521
0.338631 -0.940919 0.000419938 2.81533 0.940887 0.338623 0.00810896 7.45733 -0.00777207 -0.00235083 0.999967 -0.07611
0.338789 -0.940861 0.00146177 2.84905 0.94083 0.338789 0.0077693 7.57853 -0.00780506 -0.00125687 0.999969 -0.0822958
0.338784 -0.940863 0.00156604 2.91087 0.940831 0.338786 0.00781088 7.70196 -0.00787952 -0.00117283 0.999968 -0.083568
0.340711 -0.940167 0.00138875 2.94342 0.940138 0.340712 0.00753719 7.84646 -0.00755938 -0.00126239 0.999971 -0.0831912
0.340061 -0.940403 0.00106902 3.01049 0.940375 0.34006 0.00739491 8.03876 -0.00731772 -0.00150945 0.999972 -0.0816943
0.339309 -0.940674 0.00121295 3.05647 0.940647 0.339309 0.00721236 8.14588 -0.00719605 -0.00130626 0.999973 -0.0896722
0.338557 -0.940945 0.00135704 3.10237 0.940919 0.338558 0.00702993 8.25304 -0.00707421 -0.00110317 0.999974 -0.0976373
0.33845 -0.940984 0.00128116 3.14224 0.940958 0.33845 0.00703992 8.35279 -0.00705806 -0.00117715 0.999974 -0.0969604
0.339139 -0.940735 0.00119706 3.18464 0.940711 0.339139 0.00695238 8.46164 -0.00694632 -0.00123174 0.999975 -0.090808
0.340255 -0.940333 0.00107549 3.23587 0.940308 0.340254 0.00688998 8.59144 -0.00684482 -0.00133306 0.999976 -0.083255
0.341315 -0.939948 0.000888654 3.27908 0.939927 0.341313 0.00658095 8.7278 -0.00648906 -0.00141091 0.999978 -0.0803419
0.342375 -0.939563 0.000701471 3.32243 0.939543 0.342372 0.00627213 8.86411 -0.00613322 -0.00148836 0.99998 -0.0773783
0.340731 -0.94016 0.00110014 3.36798 0.940139 0.340731 0.00635561 9.06247 -0.00635014 -0.00113126 0.999979 -0.0815735
0.339502 -0.940604 0.00158667 3.42236 0.940583 0.339505 0.00629034 9.24934 -0.0064554 -0.00064318 0.999979 -0.0900488
0.340776 -0.940144 0.0013471 3.46187 0.940123 0.340777 0.00622637 9.32226 -0.00631274 -0.000855352 0.99998 -0.0910439
0.341034 -0.94005 0.00120691 3.50212 0.940031 0.341035 0.00602392 9.44341 -0.00607439 -0.000919825 0.999981 -0.0860177
0.341406 -0.939916 0.000913452 3.55006 0.939898 0.341405 0.00584131 9.57478 -0.0058022 -0.00113571 0.999983 -0.0873219
0.34146 -0.939896 0.00102329 3.64348 0.939879 0.341461 0.00566887 9.82048 -0.00567756 -0.000973922 0.999983 -0.0814716
0.341029 -0.940053 0.000694445 3.70604 0.940039 0.341027 0.00528812 9.92161 -0.00520794 -0.0011506 0.999986 -0.0914262
0.340645 -0.940192 0.000773187 3.76462 0.940177 0.340644 0.00533826 10.0313 -0.00528237 -0.00109152 0.999985 -0.090517
0.339976 -0.940433 0.00112812 3.81639 0.94042 0.339977 0.00504209 10.168 -0.00512529 -0.00065328 0.999987 -0.0916407
0.34021 -0.940349 0.00106319 3.85583 0.940336 0.340211 0.00502262 10.3546 -0.00508472 -0.000708987 0.999987 -0.0899675
0.340408 -0.940277 0.00094351 3.93132 0.940265 0.340408 0.00497894 10.6066 -0.00500277 -0.000807724 0.999987 -0.0939452
0.339644 -0.940553 0.0010841 3.9594 0.940541 0.339645 0.00490129 10.732 -0.00497814 -0.000645054 0.999987 -0.093408
0.33888 -0.940829 0.00122476 3.98737 0.940817 0.338882 0.00482376 10.8574 -0.00495338 -0.000482404 0.999988 -0.0928651
0.338522 -0.940958 0.000710842 4.06823 0.940946 0.338522 0.00495403 11.0039 -0.00490217 -0.00100819 0.999987 -0.0898721
0.338165 -0.941087 0.000196879 4.14902 0.941075 0.338161 0.00508411 11.1504 -0.00485116 -0.00153399 0.999987 -0.0868566
0.339441 -0.940628 0.000272594 4.22288 0.940617 0.339438 0.00459154 11.3958 -0.00441145 -0.00130215 0.999989 -0.0809092
0.340718 -0.940165 0.000891878 4.27303 0.940154 0.340719 0.00456327 11.5435 -0.0045941 -0.000716286 0.999989 -0.0829666
0.341995 -0.939701 0.00151112 4.32337 0.93969 0.341998 0.00453416 11.6912 -0.00477755 -0.000130672 0.999989 -0.0850508
0.343271 -0.939234 0.00213032 4.37392 0.939223 0.343277 0.0045042 11.8388 -0.00496179 0.000454691 0.999988 -0.0871618
0.341502 -0.93988 0.00130871 4.45505 0.939871 0.341505 0.0042227 12.0379 -0.00441576 -0.000212046 0.99999 -0.0743425
0.339944 -0.940445 0.00113825 4.51808 0.940435 0.339946 0.00423409 12.1896 -0.00436887 -0.000368906 0.99999 -0.0736338
0.338675 -0.940903 0.000997303 4.57311 0.940894 0.338677 0.00410502 12.3355 -0.00420019 -0.000451913 0.999991 -0.0724048
0.339297 -0.940679 0.000817514 4.61855 0.94067 0.339297 0.00412225 12.5029 -0.00415509 -0.000629655 0.999991 -0.0729731
0.339918 -0.940455 0.000637738 4.66409 0.940446 0.339918 0.0041396 12.6702 -0.00410989 -0.000807368 0.999991 -0.0735361
0.340299 -0.940317 0.000916921 4.72738 0.940309 0.3403 0.00388721 12.8479 -0.00396723 -0.000460624 0.999992 -0.0696202
0.340354 -0.940297 0.000746605 4.79981 0.94029 0.340354 0.00365783 12.9858 -0.00369355 -0.00054293 0.999993 -0.0629115
0.340409 -0.940277 0.000576276 4.87224 0.940271 0.340409 0.00342845 13.1237 -0.00341987 -0.000625219 0.999994 -0.0561589
0.340296 -0.940318 0.000586497 4.93279 0.940312 0.340296 0.0035057 13.2585 -0.00349606 -0.000641485 0.999994 -0.0537745
0.340168 -0.940364 0.000614571 4.98455 0.940359 0.340168 0.00337508 13.3968 -0.00338286 -0.000570177 0.999994 -0.0553886
0.3389 -0.940822 0.000587113 5.0388 0.940817 0.3389 0.00314327 13.6337 -0.00315623 -0.000512888 0.999995 -0.0642655
0.338811 -0.940854 0.000341216 5.08175 0.940849 0.338811 0.00316522 13.7708 -0.00309362 -0.000751378 0.999995 -0.0665983
0.338722 -0.940886 9.53178e-05 5.12469 0.940882 0.338721 0.00318715 13.908 -0.00303103 -0.000989875 0.999995 -0.0689235
0.338861 -0.940836 0.000610266 5.17007 0.940831 0.338861 0.00308421 14.0497 -0.00310853 -0.00047096 0.999995 -0.06276
0.339 -0.940786 0.0011252 5.21548 0.940781 0.339002 0.00298119 14.1914 -0.0031861 4.79431e-05 0.999995 -0.0566054
0.339268 -0.94069 0.000517782 5.28796 0.940685 0.339268 0.00301252 14.3837 -0.00300951 -0.000534983 0.999995 -0.053141
0.339753 -0.940515 0.00011066 5.3649 0.940511 0.339752 0.00282271 14.58 -0.0026924 -0.000854947 0.999996 -0.0568371
0.34086 -0.940114 0.00041608 5.41616 0.940111 0.34086 0.00253202 14.6828 -0.00252221 -0.000471903 0.999997 -0.0529952
0.341967 -0.939712 0.000721158 5.46753 0.939709 0.341968 0.00224097 14.7855 -0.00235248 -8.86585e-05 0.999997 -0.0491391
0.341045 -0.940047 0.00085913 5.50285 0.940044 0.341046 0.00242708 14.9228 -0.00257457 -2.01216e-05 0.999997 -0.0498691
0.339295 -0.94068 0.000997867 5.54854 0.940677 0.339296 0.00221496 15.0786 -0.00242214 0.000187145 0.999997 -0.0358088
0.338897 -0.940823 0.000834632 5.60512 0.940821 0.338898 0.0021563 15.2356 -0.00231155 5.44771e-05 0.999997 -0.0342758
0.339782 -0.940504 0.000897417 5.65921 0.940502 0.339783 0.00204846 15.4124 -0.00223151 0.000147992 0.999997 -0.0342071
0.340036 -0.940412 0.000872094 5.70234 0.94041 0.340037 0.0020055 15.5661 -0.00218254 0.000138184 0.999998 -0.0370534
0.339812 -0.940493 0.00106535 5.76208 0.940491 0.339814 0.00177139 15.7266 -0.002028 0.000400016 0.999998 -0.0256964
0.339446 -0.940625 0.000924493 5.82009 0.940623 0.339448 0.00173446 15.8803 -0.00194529 0.000280844 0.999998 -0.0233974
0.339081 -0.940757 0.000783646 5.87804 0.940755 0.339082 0.00169747 16.0339 -0.00186263 0.000161639 0.999998 -0.0210845
0.339152 -0.940731 0.00102642 5.9386 0.940731 0.339153 0.00126714 16.1772 -0.00154016 0.000535832 0.999999 -0.0236084
0.339222 -0.940705 0.00126917 5.99916 0.940706 0.339223 0.000836799 16.3205 -0.00121771 0.00091005 0.999999 -0.0260854
0.339005 -0.940785 0.000657714 6.06117 0.940784 0.339005 0.00124073 16.465 -0.00139023 0.000198154 0.999999 -0.0225886
0.339005 -0.940784 0.000731723 6.11963 0.940784 0.339006 0.000844278 16.6075 -0.00104234 0.000402179 0.999999 -0.0226329
0.338674 -0.940904 0.00055735 6.17148 0.940903 0.338675 0.00100339 16.758 -0.00113285 0.000184591 0.999999 -0.0139514
0.338343 -0.941023 0.000382921 6.22326 0.941022 0.338344 0.00116244 16.9084 -0.00122344 -3.29647e-05 0.999999 -0.00528482
0.338342 -0.941023 0.000712082 6.27318 0.941022 0.338343 0.000886572 17.062 -0.00107521 0.000370121 0.999999 -0.0010978
0.339277 -0.940686 0.0010273 6.34575 0.940686 0.339278 0.000717932 17.2686 -0.00102389 0.000722793 0.999999 -0.0105024
0.339569 -0.940581 0.000734828 6.39102 0.940581 0.339569 0.000526418 17.4158 -0.000744664 0.00051241 1 -0.00473279
0.340013 -0.940421 0.00040717 6.44115 0.940421 0.340013 0.000532787 17.5509 -0.000639487 0.000201757 1 -0.000233468
0.340457 -0.94026 7.95158e-05 6.49134 0.94026 0.340457 0.00053931 17.686 -0.000534163 -0.000108846 1 0.00428141
0.339989 -0.940429 0.000628341 6.55513 0.940429 0.33999 0.000312648 17.8341 -0.000507653 0.000484613 1 0.00421887
0.339724 -0.940525 0.000618898 6.61808 0.940525 0.339724 0.000101401 17.9905 -0.000305625 0.000547641 1 0.00599168
0.339806 -0.940495 0.000187661 6.67637 0.940495 0.339806 -6.31487e-05 18.151 -4.37731e-06 0.000197953 1 0.00719712
0.34063 -0.940198 0.000245183 6.71909 0.940198 0.34063 9.09479e-05 18.3204 -0.000169026 0.000199541 1 0.00638504
0.340436 -0.940268 0.000422361 6.7711 0.940268 0.340436 0.000248586 18.4767 -0.000377524 0.000312505 1 0.0147937
0.34034 -0.940302 0.000473108 6.85051 0.940302 0.340341 0.000156348 18.6185 -0.000308032 0.000391652 1 0.0172402
0.339886 -0.940466 0.000791521 6.90817 0.940467 0.339886 -0.000275981 18.7603 -9.476e-06 0.000838202 1 0.0134902
0.34051 -0.940241 0.000220722 6.95219 0.940241 0.34051 -0.000376273 18.9729 0.000278629 0.000335657 1 0.0205227
0.340553 -0.940225 -3.26146e-05 6.97872 0.940225 0.340553 -0.000520716 19.0989 0.000500697 0.000146666 1 0.0275407
0.339601 -0.94057 1.17638e-05 7.0382 0.94057 0.339601 -0.000428796 19.2339 0.000399318 0.000156684 1 0.0280581
0.339019 -0.940779 0.000120982 7.10217 0.940779 0.339019 -0.000523118 19.3767 0.000451124 0.000291165 1 0.0269283
0.339088 -0.940755 -9.55732e-05 7.16417 0.940755 0.339088 -0.000594313 19.521 0.00059151 0.000111613 1 0.0281709
0.338413 -0.940997 -0.000548574 7.22874 0.940997 0.338413 -0.000629417 19.6954 0.000777925 -0.000303204 1 0.033623
0.337738 -0.94124 -0.00100155 7.29318 0.94124 0.337739 -0.000664846 19.8699 0.000964041 -0.000718154 0.999999 0.0391103
0.33858 -0.940937 -0.000721382 7.35656 0.940937 0.338581 -0.000673365 20.0261 0.000877841 -0.000450787 1 0.048495
0.339273 -0.940687 -0.00114966 7.40584 0.940688 0.339274 -0.000491405 20.182 0.000852307 -0.000914746 0.999999 0.0526589
0.339966 -0.940436 -0.00157779 7.45523 0.940437 0.339967 -0.00030913 20.3379 0.000827115 -0.00137872 0.999999 0.0568156
0.340253 -0.940333 -0.00118933 7.49565 0.940333 0.340254 -0.000857284 20.4945 0.00121081 -0.000826677 0.999999 0.0591463
0.340108 -0.940386 -0.000681313 7.53612 0.940385 0.340109 -0.00117073 20.6478 0.00133266 -0.000242523 0.999999 0.0584181
0.34028 -0.940324 -0.000983538 7.61962 0.940322 0.340281 -0.00182608 20.8377 0.00205178 -0.000303465 0.999998 0.053972
0.339524 -0.940596 -0.0013127 7.67974 0.940595 0.339526 -0.00175647 20.9686 0.00209783 -0.000638355 0.999998 0.0648219
0.339715 -0.940528 -0.00126175 7.72219 0.940526 0.339717 -0.00169142 21.102 0.00201946 -0.000612112 0.999998 0.063185
0.339034 -0.940772 -0.00188811 7.77235 0.940772 0.339036 -0.00134919 21.2551 0.00190941 -0.00131886 0.999997 0.0598692
0.337904 -0.941179 -0.00160169 7.86238 0.941178 0.337907 -0.00156131 21.4734 0.0020107 -0.0009799 0.999997 0.0760203
0.338184 -0.94108 -0.000900193 7.89493 0.941078 0.338185 -0.00153406 21.5742 0.00174811 -0.000328356 0.999998 0.0811524
0.33878 -0.940865 -0.00130014 7.94818 0.940864 0.338782 -0.00163644 21.6968 0.00198013 -0.000668863 0.999998 0.0810504
0.339172 -0.940723 -0.00147851 7.99711 0.940721 0.339175 -0.00202132 21.8304 0.00240298 -0.000705292 0.999997 0.0754772
0.339574 -0.940578 -0.00159509 8.03626 0.940577 0.339576 -0.0018411 21.9742 0.00227336 -0.000875119 0.999997 0.0750289
0.340193 -0.940354 -0.00193458 8.09354 0.940352 0.340197 -0.00200833 22.1394 0.00254668 -0.00113597 0.999996 0.0811161
0.339381 -0.940647 -0.00206784 8.16048 0.940645 0.339385 -0.00205809 22.3145 0.00263773 -0.00124663 0.999996 0.0943323
0.340618 -0.9402 -0.0016943 8.22546 0.940198 0.340621 -0.00229389 22.4601 0.00273383 -0.000811637 0.999996 0.0965033
0.340986 -0.940067 -0.00167689 8.27972 0.940064 0.340989 -0.00232504 22.6163 0.00275749 -0.000783584 0.999996 0.100041
0.341246 -0.939973 -0.00164072 8.36744 0.939969 0.341249 -0.00263819 22.8371 0.00303972 -0.000641953 0.999995 0.0965093
0.340516 -0.940237 -0.00186 8.40993 0.940234 0.34052 -0.00258064 22.9622 0.00305978 -0.000870087 0.999995 0.101399
0.339786 -0.9405 -0.00207933 8.45232 0.940498 0.339791 -0.00252326 23.0874 0.00307967 -0.00109824 0.999995 0.10629
0.339259 -0.940691 -0.00198089 8.50285 0.940688 0.339263 -0.00251903 23.2254 0.00304167 -0.0010088 0.999995 0.112068
0.339102 -0.940748 -0.00152338 8.56845 0.940745 0.339105 -0.00270074 23.3701 0.0030573 -0.000517287 0.999995 0.114634
0.339523 -0.940596 -0.00174608 8.62401 0.940591 0.339527 -0.00322152 23.5243 0.00362299 -0.000548566 0.999993 0.11067
0.341318 -0.939944 -0.00256442 8.66807 0.93994 0.341325 -0.00317805 23.683 0.00386249 -0.00132568 0.999992 0.104105
0.342746 -0.939424 -0.0028998 8.70846 0.93942 0.342754 -0.00317537 23.8503 0.00397694 -0.00163579 0.999991 0.107092
0.342066 -0.939671 -0.00306055 8.77002 0.93967 0.342073 -0.00253869 24.0181 0.00343247 -0.00200751 0.999992 0.129497
0.341244 -0.939969 -0.00314186 8.82942 0.939968 0.341252 -0.00247836 24.1764 0.00340175 -0.00210752 0.999992 0.144201
0.34062 -0.940195 -0.00323629 8.89305 0.940194 0.340629 -0.00268743 24.3243 0.00362909 -0.00212735 0.999991 0.148319
0.339996 -0.940421 -0.00333059 8.95658 0.940419 0.340006 -0.00289657 24.4723 0.00385642 -0.00214733 0.99999 0.152474
0.341416 -0.939905 -0.00367443 9.01292 0.939904 0.341426 -0.00281077 24.609 0.0038964 -0.00249397 0.999989 0.143483
0.34216 -0.939634 -0.00371984 9.06551 0.939633 0.342171 -0.00306644 24.7494 0.00415415 -0.00244607 0.999988 0.145117
0.341475 -0.939881 -0.00422183 9.12277 0.939881 0.341489 -0.00306011 24.9223 0.00431785 -0.00292307 0.999986 0.159902
0.341424 -0.9399 -0.00414494 9.18514 0.939899 0.341437 -0.00324926 25.0828 0.00446922 -0.00278645 0.999986 0.167706
0.341372 -0.939919 -0.00406803 9.2475 0.939917 0.341386 -0.00343841 25.2432 0.0046206 -0.00264983 0.999986 0.175535
0.341237 -0.93997 -0.00386102 9.30286 0.939965 0.341251 -0.00384224 25.3878 0.00492917 -0.00231811 0.999985 0.16367
0.341402 -0.939909 -0.00395753 9.35787 0.939904 0.341416 -0.00390454 25.5342 0.00502107 -0.00238668 0.999985 0.162399
0.342604 -0.939469 -0.0044637 9.4056 0.939467 0.34262 -0.00367987 25.6843 0.00498648 -0.00293276 0.999983 0.170657
0.342738 -0.939419 -0.00481499 9.45058 0.939417 0.342757 -0.00372589 25.8391 0.00515054 -0.00324628 0.999981 0.175204
0.342514 -0.939499 -0.0050059 9.49906 0.939499 0.342533 -0.00366716 25.9974 0.00515998 -0.00344698 0.999981 0.176235
0.342182 -0.939622 -0.00478444 9.54722 0.93962 0.3422 -0.00359148 26.1464 0.00501187 -0.00326661 0.999982 0.177212
0.340716 -0.940154 -0.00473059 9.61212 0.940151 0.340735 -0.00405486 26.283 0.00542407 -0.00306591 0.999981 0.180221
0.341688 -0.939799 -0.00524973 9.68805 0.939799 0.341708 -0.00374473 26.4269 0.00531317 -0.00365416 0.999979 0.18879
0.34229 -0.939578 -0.00556002 9.72951 0.939578 0.342314 -0.00391499 26.5866 0.0055817 -0.00388401 0.999977 0.19046
0.342893 -0.939356 -0.00587043 9.77107 0.939356 0.342919 -0.00408504 26.7462 0.00585038 -0.00411369 0.999974 0.192171
0.342949 -0.939335 -0.00594607 9.81858 0.939336 0.342975 -0.00394177 26.9045 0.00574199 -0.00423353 0.999975 0.194859
0.342035 -0.939668 -0.00598556 9.87558 0.939668 0.342062 -0.00425889 27.0435 0.00604938 -0.00416775 0.999973 0.197376
0.34112 -0.940001 -0.00602474 9.93245 0.939998 0.341148 -0.00457605 27.1827 0.00635682 -0.00410226 0.999971 0.19994
0.340539 -0.940211 -0.00606347 9.99103 0.940209 0.340568 -0.00453389 27.3096 0.00632783 -0.00415696 0.999971 0.208875
0.340548 -0.940206 -0.00627591 10.0487 0.940207 0.340576 -0.0042377 27.465 0.00612174 -0.00445752 0.999971 0.222142
0.342555 -0.939477 -0.00627851 10.1005 0.939478 0.342583 -0.00422781 27.6095 0.00612284 -0.00445027 0.999971 0.22241
0.342089 -0.939644 -0.00669649 10.1372 0.939645 0.342121 -0.00443993 27.7591 0.00646296 -0.00477347 0.999968 0.210736
0.341918 -0.939706 -0.00666894 10.1954 0.939705 0.341953 -0.0048986 27.9078 0.0068837 -0.00459191 0.999966 0.210373
0.340945 -0.940058 -0.00682636 10.2813 0.940057 0.340981 -0.00498965 28.1163 0.00701822 -0.00471597 0.999964 0.218196
0.341208 -0.939959 -0.00738455 10.3392 0.939961 0.341247 -0.00486431 28.2192 0.00709221 -0.00528145 0.999961 0.233793
0.340776 -0.940112 -0.0078116 10.3775 0.940117 0.340818 -0.00476369 28.3514 0.00714073 -0.00572047 0.999958 0.23182
0.341669 -0.939785 -0.00810659 10.4315 0.939792 0.341713 -0.00483208 28.5085 0.00731125 -0.00596753 0.999955 0.237936
0.344921 -0.938588 -0.00907659 10.4931 0.938601 0.344971 -0.00470851 28.6735 0.00755052 -0.00689523 0.999948 0.249351
0.351298 -0.936214 -0.00966415 10.5453 0.936234 0.35135 -0.00429589 28.8484 0.00741738 -0.00753877 0.999944 0.256489
0.362245 -0.932041 -0.00887062 10.6418 0.93205 0.362296 -0.00498002 29.0247 0.00785537 -0.00646388 0.999948 0.263948
0.366199 -0.930493 -0.00900794 10.6488 0.930503 0.366251 -0.00498502 29.1274 0.00793769 -0.0065564 0.999947 0.262964
0.370949 -0.928608 -0.00918635 10.6796 0.928616 0.371005 -0.00525715 29.2308 0.00829 -0.00658046 0.999944 0.26204
0.378439 -0.92557 -0.0101913 10.7572 0.925588 0.378501 -0.00488625 29.3705 0.00837999 -0.00758383 0.999936 0.254027
0.382581 -0.923868 -0.00999285 10.8208 0.923882 0.382643 -0.0051649 29.5633 0.00859538 -0.00725622 0.999937 0.264966
0.389369 -0.92103 -0.00977059 10.9138 0.921044 0.389427 -0.00487776 29.7607 0.00829749 -0.00709989 0.99994 0.294941
0.392275 -0.91979 -0.0103502 10.9717 0.919804 0.392341 -0.00535003 29.8803 0.00898173 -0.00742152 0.999932 0.275237
0.396071 -0.918156 -0.0108279 11.0228 0.91818 0.396137 -0.00469349 30.014 0.00859868 -0.00808298 0.99993 0.292696
0.399861 -0.916506 -0.0113028 11.0746 0.916539 0.399925 -0.00403499 30.1476 0.00821836 -0.00874602 0.999928 0.310097
0.402344 -0.915423 -0.0109497 11.1275 0.915458 0.4024 -0.00343037 30.2912 0.00754642 -0.00864383 0.999934 0.313755
0.405042 -0.914235 -0.0107547 11.2087 0.914263 0.405101 -0.00393347 30.4854 0.00795287 -0.00823943 0.999934 0.299172
0.404193 -0.914611 -0.0107188 11.2355 0.914641 0.40425 -0.00371298 30.5787 0.00772899 -0.00830307 0.999936 0.301559
0.403905 -0.91474 -0.010595 11.3076 0.914766 0.403963 -0.00401425 30.7161 0.00795199 -0.00807058 0.999936 0.309295
0.404824 -0.91433 -0.0108936 11.3852 0.914359 0.404885 -0.00401896 30.8577 0.0080853 -0.00833368 0.999933 0.318804
0.40431 -0.914555 -0.0110717 11.4616 0.914588 0.40437 -0.00373868 31.017 0.00789627 -0.00861443 0.999932 0.32608
0.405176 -0.914176 -0.0106919 11.5342 0.914208 0.405231 -0.00346299 31.1596 0.00749848 -0.00837151 0.999937 0.327529
0.406192 -0.913728 -0.0104958 11.6062 0.913757 0.406246 -0.00359471 31.3026 0.00754847 -0.00813048 0.999938 0.332678
0.407638 -0.913077 -0.0109787 11.6486 0.913104 0.407703 -0.00439654 31.4463 0.00849045 -0.00823253 0.99993 0.326036
0.407804 -0.912998 -0.0113922 11.7084 0.913026 0.407875 -0.0046793 31.5792 0.0089188 -0.00849316 0.999924 0.327943
0.407197 -0.913273 -0.0110716 11.7732 0.913288 0.407273 -0.00577697 31.7099 0.00978511 -0.00775916 0.999922 0.329217
0.406589 -0.913548 -0.0107502 11.8379 0.913549 0.40667 -0.00687443 31.8407 0.0106519 -0.00702573 0.999919 0.330614
0.407698 -0.913057 -0.0104562 11.8927 0.913053 0.407778 -0.00716432 31.9757 0.0108052 -0.00662616 0.99992 0.326379
0.408407 -0.912736 -0.0108251 11.9621 0.912745 0.408484 -0.00608112 32.1153 0.00997232 -0.00739696 0.999923 0.344866
0.4103 -0.911878 -0.0115099 12.0215 0.911883 0.410391 -0.00704282 32.2643 0.0111458 -0.00760604 0.999909 0.331456
0.41056 -0.911755 -0.0120254 12.0923 0.91177 0.410651 -0.00643709 32.4219 0.0108073 -0.00832154 0.999907 0.344089
0.409882 -0.912066 -0.0114804 12.1598 0.912084 0.409963 -0.00581589 32.5779 0.010011 -0.00808729 0.999917 0.354559
0.409218 -0.912368 -0.0112269 12.227 0.912381 0.409298 -0.00597865 32.7268 0.0100499 -0.00779661 0.999919 0.347909
0.410026 -0.912011 -0.0107597 12.296 0.912027 0.410096 -0.00526079 32.8607 0.00921041 -0.00765609 0.999928 0.350212
0.409887 -0.912073 -0.0106912 12.3559 0.912085 0.409961 -0.00583105 32.9928 0.00970133 -0.00736123 0.999926 0.346142
0.410931 -0.911601 -0.0109731 12.4071 0.9116 0.411017 -0.00717887 33.1312 0.0110544 -0.00705303 0.999914 0.342927
0.41184 -0.911193 -0.0107407 12.4683 0.911198 0.411919 -0.0064393 33.2719 0.0102917 -0.0071349 0.999922 0.368269
0.410484 -0.911802 -0.0109404 12.5294 0.911809 0.410564 -0.00637459 33.4158 0.0103041 -0.00735892 0.99992 0.371087
0.408176 -0.912834 -0.0112112 12.6034 0.912845 0.408258 -0.00621502 33.5634 0.0102504 -0.00769729 0.999918 0.377563
0.401612 -0.915748 -0.010627 12.6569 0.915761 0.401684 -0.00562113 33.7111 0.00941623 -0.00747426 0.999928 0.399897
0.394843 -0.91869 -0.010406 12.7341 0.918696 0.394916 -0.00626465 33.8359 0.00986479 -0.00708644 0.999926 0.397474
0.393902 -0.919086 -0.011093 12.7763 0.919095 0.393983 -0.00640547 33.9425 0.0102576 -0.00767242 0.999918 0.387021
0.393329 -0.919328 -0.0113313 12.8307 0.919333 0.393418 -0.00698848 34.071 0.0108826 -0.0076685 0.999911 0.378688
0.392998 -0.919462 -0.0119464 12.9066 0.919476 0.39309 -0.00663776 34.2268 0.0107992 -0.00837579 0.999907 0.384551
0.392667 -0.919595 -0.0125616 12.9825 0.919618 0.392762 -0.00628726 34.3826 0.0107154 -0.00908304 0.999901 0.390405
0.392085 -0.919859 -0.0113709 13.0252 0.919861 0.392176 -0.00731387 34.5328 0.0111871 -0.00759195 0.999909 0.382031
0.391484 -0.920121 -0.0108882 13.0684 0.920114 0.391574 -0.0078258 34.6746 0.0114642 -0.00695467 0.99991 0.383045
0.390797 -0.920412 -0.0108885 13.1252 0.920411 0.390884 -0.00737675 34.8219 0.0110458 -0.00713905 0.999914 0.397186
0.391511 -0.920101 -0.0115614 13.1727 0.920095 0.391611 -0.00813418 34.9274 0.0120118 -0.00745292 0.9999 0.402131
0.393258 -0.919355 -0.0116119 13.2478 0.919357 0.393353 -0.00748341 35.0632 0.0114475 -0.00773253 0.999905 0.406748
0.393315 -0.919331 -0.0115286 13.3075 0.919334 0.393409 -0.00740114 35.2261 0.0113396 -0.00768769 0.999906 0.410711
0.392671 -0.919605 -0.0116357 13.3746 0.919611 0.392765 -0.00723811 35.367 0.0112263 -0.0078581 0.999906 0.411423
0.392218 -0.919802 -0.011364 13.4394 0.919804 0.39231 -0.00738084 35.511 0.0112471 -0.00755771 0.999908 0.416092
0.392267 -0.919786 -0.0109677 13.4999 0.919791 0.39235 -0.00675021 35.6511 0.0105119 -0.00744008 0.999917 0.434863
0.39346 -0.919284 -0.0103024 13.5877 0.919289 0.393533 -0.00632895 35.8457 0.00987245 -0.00698071 0.999927 0.457738
0.393948 -0.919107 -0.00689309 13.6383 0.919114 0.393977 -0.00347475 35.9693 0.00590939 -0.00496667 0.99997 0.502214
0.394677 -0.918787 -0.00778258 13.683 0.918797 0.394713 -0.00376191 36.1019 0.00652827 -0.00566587 0.999963 0.47874
0.393358 -0.919352 -0.00785744 13.7561 0.919361 0.393395 -0.00384517 36.2332 0.00662614 -0.0057113 0.999962 0.481049
0.392901 -0.919544 -0.00823094 13.8024 0.919542 0.392951 -0.0056829 36.352 0.00846003 -0.00533588 0.99995 0.468811
0.392422 -0.919746 -0.00849191 13.849 0.919733 0.392482 -0.00705508 36.4807 0.0098218 -0.00504171 0.999939 0.465738
0.390909 -0.92039 -0.00848308 13.9222 0.920379 0.390967 -0.00689717 36.6323 0.0096647 -0.00511148 0.99994 0.474786
0.392698 -0.919616 -0.00976049 13.9828 0.919597 0.392777 -0.00821399 36.7535 0.0113874 -0.0057501 0.999919 0.472145
0.394079 -0.919031 -0.00921077 14.0441 0.919012 0.39415 -0.007916 36.9133 0.0109055 -0.00534528 0.999926 0.461182
0.394082 -0.919032 -0.00887464 14.1219 0.919025 0.394143 -0.00660753 37.1305 0.00957041 -0.00555211 0.999939 0.470613
0.39417 -0.918993 -0.00904977 14.1678 0.918982 0.394236 -0.00711966 37.2364 0.0101107 -0.00551022 0.999934 0.477648
0.394049 -0.919054 -0.0080564 14.2588 0.919044 0.394102 -0.00655327 37.4119 0.00919785 -0.00482188 0.999946 0.489704
0.393718 -0.919201 -0.0074715 14.302 0.919194 0.393762 -0.00582109 37.5196 0.00829275 -0.00457589 0.999955 0.505972
0.394273 -0.918962 -0.00764142 14.353 0.918953 0.39432 -0.00609216 37.6183 0.00861162 -0.00462013 0.999952 0.508721
0.395084 -0.91861 -0.00808307 14.4104 0.918604 0.395134 -0.00596093 37.7743 0.00866966 -0.00507008 0.99995 0.512527
0.395667 -0.918355 -0.00849727 14.4619 0.918348 0.395723 -0.00631548 37.9321 0.00916242 -0.00530463 0.999944 0.515445
0.394883 -0.918697 -0.00788232 14.5278 0.918691 0.394932 -0.00596003 38.0933 0.00858844 -0.00488791 0.999951 0.519588
0.395242 -0.918546 -0.00759769 14.611 0.918529 0.395292 -0.00694136 38.221 0.00937926 -0.00423518 0.999947 0.519083
0.395133 -0.918593 -0.00759069 14.6714 0.91858 0.395182 -0.00645575 38.35 0.0089299 -0.00442177 0.99995 0.528351
0.394978 -0.918655 -0.00801514 14.7199 0.918631 0.395037 -0.00795461 38.4881 0.0104738 -0.00422106 0.999936 0.519069
0.395384 -0.918479 -0.00824422 14.7815 0.918454 0.395445 -0.00803661 38.6444 0.0106416 -0.0043944 0.999934 0.522576
0.396532 -0.917979 -0.00881339 14.843 0.917954 0.396601 -0.00823138 38.7827 0.0110516 -0.00482628 0.999927 0.527982
0.396125 -0.918165 -0.00769182 14.9146 0.918144 0.396178 -0.00739021 38.9684 0.00983276 -0.00413476 0.999943 0.542775
0.395973 -0.918232 -0.00749005 14.9362 0.91821 0.396024 -0.00744599 39.0702 0.00980339 -0.00392902 0.999944 0.548665
0.396305 -0.918089 -0.00742859 14.9759 0.918068 0.396355 -0.00733198 39.1744 0.00967577 -0.00391425 0.999946 0.548763
0.396061 -0.918193 -0.00758937 15.0519 0.918166 0.396115 -0.00801157 39.3094 0.0103624 -0.00379523 0.999939 0.550091
0.396128 -0.918164 -0.00765385 15.1268 0.918136 0.396183 -0.00808414 39.4583 0.0104549 -0.00382493 0.999938 0.549836
0.397238 -0.917679 -0.00820114 15.2095 0.917641 0.397304 -0.00922094 39.6262 0.0117202 -0.00386279 0.999924 0.540598
0.397151 -0.917717 -0.00815141 15.2934 0.91769 0.397213 -0.00821715 39.8331 0.0107789 -0.00421702 0.999933 0.554179
0.397293 -0.917658 -0.00785505 15.3331 0.917628 0.397352 -0.008419 39.9414 0.010847 -0.0038632 0.999934 0.551302
0.398055 -0.917326 -0.00806771 15.3918 0.917286 0.39812 -0.00931563 40.0455 0.0117574 -0.00369225 0.999924 0.54833
0.397467 -0.917588 -0.00728729 15.4645 0.917551 0.397521 -0.0088154 40.186 0.0109858 -0.00318262 0.999935 0.570821
0.3968 -0.917879 -0.0070066 15.5516 0.917843 0.39685 -0.0086074 40.3974 0.0106811 -0.00301554 0.999938 0.580687
0.398111 -0.91731 -0.00714483 15.583 0.917276 0.398162 -0.00850385 40.512 0.0106455 -0.00316831 0.999938 0.592412
0.398533 -0.917127 -0.00699256 15.6307 0.91709 0.398584 -0.00879979 40.6299 0.0108577 -0.0029058 0.999937 0.592811
0.39761 -0.917527 -0.00713266 15.699 0.917491 0.397662 -0.00870496 40.7701 0.0108234 -0.00308297 0.999937 0.592989
0.398619 -0.91709 -0.00696784 15.8025 0.917045 0.398671 -0.00945434 40.9793 0.0114484 -0.00262114 0.999931 0.591233
0.399073 -0.916895 -0.00662814 15.8529 0.91686 0.399119 -0.00850852 41.0888 0.0104468 -0.00268156 0.999942 0.598866
0.399391 -0.916762 -0.00588713 15.9008 0.91672 0.399431 -0.00894194 41.2007 0.0105491 -0.00182551 0.999943 0.610876
0.398747 -0.917041 -0.00610331 15.9609 0.91699 0.39879 -0.00975616 41.3474 0.0113807 -0.00170643 0.999934 0.612554
0.398837 -0.916997 -0.00677178 16.0514 0.916945 0.398888 -0.00999546 41.5544 0.011867 -0.0022228 0.999927 0.613312
0.398942 -0.916948 -0.00711013 16.1137 0.916896 0.398998 -0.0101519 41.698 0.0121457 -0.00246924 0.999923 0.616737
0.399226 -0.916828 -0.00672628 16.1689 0.916766 0.399278 -0.0108513 41.8301 0.0126345 -0.0018343 0.999919 0.621897
0.399396 -0.916756 -0.00644715 16.2167 0.91669 0.399446 -0.0111145 41.9644 0.0127646 -0.00147093 0.999917 0.620992
0.398514 -0.91714 -0.00637198 16.2937 0.917073 0.398563 -0.0111531 42.1182 0.0127686 -0.00139891 0.999918 0.625559
0.398786 -0.917018 -0.00683158 16.3631 0.916955 0.39884 -0.0109348 42.2876 0.0127521 -0.0019036 0.999917 0.625431
0.399782 -0.916587 -0.00659047 16.4411 0.916525 0.399832 -0.010761 42.4582 0.0124985 -0.00173827 0.99992 0.631439
0.399306 -0.9168 -0.00573831 16.5382 0.916752 0.399345 -0.00944727 42.6411 0.0109528 -0.00148825 0.999939 0.645044
0.399819 -0.916583 -0.0044836 16.6147 0.916522 0.399844 -0.0105649 42.8144 0.0114763 0.000114711 0.999934 0.659337
0.398782 -0.917022 -0.00662949 16.7006 0.91692 0.398837 -0.0136832 43.0493 0.0151919 -0.000622093 0.999884 0.64979
0.398149 -0.917281 -0.00857612 16.7669 0.917125 0.39824 -0.0169389 43.2047 0.0189531 -0.00112116 0.99982 0.614474
0.399732 -0.916567 -0.0109 16.8262 0.916331 0.399877 -0.0208841 43.3637 0.0235003 -0.00163994 0.999722 0.601109
