0.477284 -0.878556 0.0184031 0.681433 0.878745 0.477243 -0.00686302 0.552625 -0.00275319 0.0194472 0.999807 0
0.470652 -0.882152 0.017153 1.06044 0.882278 0.470353 -0.0187962 1.31001 0.00851312 0.0239802 0.999676 0
0.472137 -0.881383 0.0157954 1.48795 0.881521 0.472002 -0.0116389 2.09427 0.0028029 0.0194191 0.999807 0
0.470601 -0.882207 0.0156886 1.91886 0.882344 0.470487 -0.0105274 2.89702 0.00190603 0.018797 0.999821 0
0.468874 -0.883106 0.0167254 2.35244 0.883265 0.468782 -0.00930989 3.70481 0.000381078 0.0191381 0.999817 0
0.464275 -0.885464 0.0200735 2.79617 0.88569 0.464194 -0.0088219 4.54524 -0.00150651 0.0218747 0.99976 0
0.462981 -0.886157 0.0193611 3.22718 0.886367 0.462901 -0.00868896 5.36054 -0.00126249 0.0211838 0.999775 0
0.459139 -0.888127 0.0205371 3.67017 0.888364 0.459019 -0.0105231 6.21859 -8.10834e-05 0.023076 0.999734 0
0.458637 -0.888366 0.021371 4.10068 0.888623 0.458518 -0.0104949 7.03453 -0.000475651 0.0238042 0.999717 0
0.458454 -0.888457 0.0215511 4.53146 0.888713 0.458401 -0.00764462 7.85677 -0.00308711 0.0226574 0.999739 0
0.459056 -0.888131 0.0221613 4.96338 0.888381 0.45909 -0.00380364 8.68444 -0.00679592 0.0214338 0.999747 0
0.457628 -0.88879 0.0250591 5.40196 0.889063 0.457785 0.00058071 9.56496 -0.0119878 0.0220134 0.999686 0
0.459307 -0.887885 0.0264014 5.83786 0.888162 0.459524 0.00248333 10.3933 -0.014337 0.0223081 0.999648 0
0.460925 -0.887067 0.0256927 6.27771 0.887332 0.461125 0.0021672 11.2268 -0.01377 0.0217991 0.999668 0
0.462372 -0.886389 0.0229362 6.72099 0.886624 0.46249 -0.000176372 12.0658 -0.0104515 0.0204174 0.999737 0
0.463829 -0.885689 0.0204518 7.16791 0.885903 0.463857 -0.00365336 12.9094 -0.00625097 0.0198129 0.999784 0
0.465138 -0.884999 0.0205963 7.61922 0.885226 0.465129 -0.0055011 13.758 -0.00471144 0.0207911 0.999773 0
0.46583 -0.884564 0.0234379 8.07539 0.884842 0.465875 -0.0038396 14.612 -0.00752277 0.0225275 0.999718 0
0.465174 -0.884804 0.0271103 8.53483 0.885137 0.465329 -0.000656838 15.4712 -0.012034 0.0243019 0.999632 0
0.470085 -0.882133 0.0293452 8.93937 0.882531 0.470253 -0.00130829 16.3416 -0.0126456 0.0265131 0.999568 0
0.469028 -0.882553 0.0333448 9.41598 0.883119 0.469114 -0.00568091 17.2073 -0.0106288 0.0321119 0.999428 0
0.46668 -0.883827 0.0325655 9.88948 0.8844 0.466632 -0.00952386 18.0785 -0.00677863 0.0332455 0.999424 0
0.465232 -0.884648 0.0309461 10.3617 0.88518 0.465102 -0.0117325 18.9559 -0.00401396 0.0328511 0.999452 0
0.463532 -0.885635 0.0280678 10.7573 0.886075 0.463195 -0.0178984 19.9063 0.00285059 0.0331667 0.999446 0
0.462508 -0.886188 0.0275195 11.2366 0.886615 0.462264 -0.015044 20.7943 0.000610572 0.0313571 0.999508 0
0.461511 -0.886728 0.0268517 11.7138 0.887134 0.461337 -0.0127096 21.6854 -0.00111775 0.0296867 0.999559 0
0.460548 -0.887213 0.0273535 12.1901 0.88763 0.460431 -0.0108298 22.5767 -0.00298608 0.0292675 0.999567 0
0.460013 -0.887433 0.0291715 12.664 0.887897 0.459949 -0.00925019 23.4678 -0.00520851 0.0301565 0.999532 0
0.459688 -0.887651 0.0276176 13.1335 0.88804 0.459741 -0.00478534 24.3591 -0.0084492 0.0267253 0.999607 0
0.458413 -0.888291 0.0282307 13.5163 0.888526 0.458768 0.00734223 25.3637 -0.0194734 0.0217179 0.999574 0
0.458413 -0.888298 0.027999 13.9858 0.888538 0.458753 0.00683224 26.2316 -0.0189137 0.0217462 0.999585 0
0.46044 -0.887314 0.0258586 14.437 0.887538 0.460706 0.00510909 27.1267 -0.0164466 0.020598 0.999653 0
0.46007 -0.887558 0.0240088 14.8941 0.887757 0.460291 0.00434194 28.0133 -0.0149048 0.0193164 0.999702 0
0.459361 -0.887884 0.0254781 15.3575 0.888114 0.459603 0.00428111 28.8756 -0.0155109 0.0206609 0.999666 0
0.458778 -0.888132 0.0272634 15.8187 0.888394 0.459058 0.00469841 29.7381 -0.0166883 0.0220651 0.999617 0
0.458296 -0.888407 0.0264183 16.2746 0.888644 0.45857 0.00510217 30.6006 -0.0166475 0.0211382 0.999638 0
0.459847 -0.887735 0.0216216 16.6333 0.887944 0.459951 -0.000176459 31.4157 -0.00978824 0.0192799 0.999766 0
0.459401 -0.888008 0.0197902 17.0956 0.888204 0.45944 -0.00281243 32.289 -0.00659497 0.0188698 0.9998 0
0.4592 -0.888105 0.0201074 17.5572 0.888301 0.459258 -0.0019297 33.1602 -0.00752072 0.0187476 0.999796 0
0.45887 -0.888189 0.0236387 18.0176 0.888433 0.459006 0.000408823 34.0293 -0.0112135 0.0208138 0.99972 0
0.458325 -0.888408 0.0258583 18.4756 0.888685 0.458516 0.00164326 34.8951 -0.0133163 0.0222267 0.999664 0
0.458169 -0.888414 0.0282963 18.9309 0.888762 0.458368 0.000613801 35.7579 -0.0135155 0.0248675 0.999599 0
0.457685 -0.888579 0.0308545 19.3848 0.889027 0.457851 -0.00185536 36.6173 -0.0124781 0.0282796 0.999522 0
0.456948 -0.888906 0.0323386 19.8363 0.889409 0.457103 -0.00283115 37.4746 -0.0122654 0.0300559 0.999473 0
0.458614 -0.887862 0.0370654 20.1951 0.888535 0.458791 -0.00407966 38.393 -0.0133831 0.0348049 0.999305 0
0.457231 -0.888351 0.0421062 20.6741 0.889168 0.457578 -0.0015578 39.2382 -0.017883 0.0381518 0.999112 0
0.45824 -0.887931 0.0399368 21.1397 0.888555 0.458751 0.00419234 40.1163 -0.0220435 0.033565 0.999193 0
0.457302 -0.888481 0.0384309 21.5627 0.889044 0.457797 0.0047327 40.9592 -0.0217984 0.0320025 0.99925 0
0.452268 -0.891182 0.035322 22.0051 0.891726 0.452574 0.000755099 41.793 -0.0166588 0.0311561 0.999376 0
0.449493 -0.892724 0.0316076 22.44 0.893228 0.449579 -0.00473402 42.6192 -0.00998392 0.0303607 0.999489 0
0.445567 -0.894841 0.0270199 22.8664 0.895219 0.445595 -0.00531972 43.4382 -0.00727964 0.026559 0.999621 0
0.444939 -0.895214 0.0249323 23.284 0.895519 0.445014 -0.00273909 44.2481 -0.00864315 0.0235461 0.999685 0
0.442684 -0.896492 0.0182639 23.6803 0.896672 0.442661 -0.00551216 45.0816 -0.00314313 0.0188169 0.999818 0
0.442789 -0.896491 0.0155815 24.0877 0.89661 0.442818 -0.00172438 45.861 -0.00535387 0.014734 0.999877 0
0.443172 -0.896336 0.0134465 24.4855 0.896408 0.443228 0.00137236 46.6282 -0.00718998 0.0114454 0.999909 0
0.4396 -0.898188 -0.00320327 24.857 0.898191 0.439587 0.00390517 47.4409 -0.00209946 -0.00459386 0.999987 0
0.437172 -0.899132 -0.0210377 25.2353 0.899377 0.437013 0.0118858 48.2367 -0.00149318 -0.024117 0.999708 0
0.438315 -0.898318 -0.0300928 25.5955 0.898804 0.437849 0.020978 48.9779 -0.0056688 -0.0362425 0.999327 0
0.437969 -0.898576 0.0272672 25.936 0.898925 0.438101 -0.00127224 49.7268 -0.0108026 0.0250684 0.999627 0
0.439635 -0.897591 0.0324327 26.283 0.897984 0.440002 0.00483023 50.4168 -0.018606 0.0270005 0.999462 0
0.436835 -0.898903 0.0338829 26.6234 0.899154 0.437443 0.0129016 51.0943 -0.0264191 0.02483 0.999343 0
0.443488 -0.895879 0.0268092 26.9352 0.895743 0.444059 0.0213311 51.7702 -0.031015 0.0145541 0.999413 0
0.443376 -0.896019 0.023826 27.2602 0.895853 0.443853 0.0210297 52.4199 -0.0294182 0.0120205 0.999495 0
0.440912 -0.897262 0.0227273 27.5786 0.897151 0.44133 0.0186427 53.0538 -0.0267576 0.01217 0.999568 0
0.459359 -0.887893 0.025213 27.8617 0.887577 0.459931 0.025894 53.7099 -0.0345873 0.0104838 0.999347 0
0.454847 -0.890197 0.0257719 28.1528 0.88948 0.455531 0.0362846 54.3601 -0.0440404 0.00641964 0.999009 0
0.453074 -0.89104 0.0277826 28.4473 0.890035 0.453893 0.0426397 54.9396 -0.050604 0.0054085 0.998704 0
0.423529 -0.905882 0.00119757 28.7352 0.905803 0.423474 -0.0137829 55.503 0.0119786 0.00692224 0.999904 0
0.42163 -0.906754 0.0051415 29.0164 0.906657 0.421483 -0.0180323 56.0476 0.0141838 0.0122645 0.999824 0
0.420696 -0.907154 0.00932582 29.2908 0.907041 0.420406 -0.0231463 56.5742 0.0170766 0.0181964 0.999689 0
0.421251 -0.906877 0.0110576 29.5554 0.906759 0.420888 -0.0253078 57.0858 0.0182971 0.0206876 0.999619 0
0.423002 -0.906082 0.00924023 29.8092 0.906004 0.422753 -0.0208776 57.5842 0.0150105 0.017203 0.999739 0
0.425736 -0.904792 0.010029 30.0583 0.904788 0.425555 -0.016152 58.0672 0.0103463 0.0159506 0.999819 0
0.428781 -0.903281 0.0151543 30.3095 0.903396 0.42863 -0.0123 58.5333 0.00461474 0.0189644 0.99981 0
0.433393 -0.90093 0.0222731 30.5589 0.901203 0.433309 -0.00871552 58.9852 -0.00179905 0.0238498 0.999714 0
0.440116 -0.897581 0.025425 30.8035 0.897918 0.44013 -0.00536973 59.4253 -0.00637053 0.0251929 0.999662 0
0.475627 -0.879156 -0.029393 31.0331 0.87936 0.47606 -0.00966902 59.8741 0.0224934 -0.0212482 0.999521 0
0.506544 -0.857836 -0.0867794 31.2857 0.860308 0.509546 -0.0152499 60.3112 0.0573 -0.0669323 0.996111 0
0.50939 -0.858393 -0.0606816 31.5539 0.859634 0.510818 -0.00977869 60.7005 0.0393912 -0.0471828 0.998109 0
0.51268 -0.858192 -0.0258121 31.8126 0.858392 0.512964 -0.00547566 61.0717 0.0179399 -0.0193497 0.999652 0
0.518345 -0.85512 0.0093787 32.065 0.855163 0.518359 -0.00106657 61.4268 -0.00394949 0.00857317 0.999955 0
0.563619 -0.825256 -0.0358625 32.3344 0.825665 0.564135 -0.0054198 61.7855 0.024704 -0.0265557 0.999342 0
0.565056 -0.824918 0.0149089 32.5988 0.825006 0.565123 0.00039343 62.1055 -0.00874993 0.0120776 0.999889 0
0.566843 -0.820514 0.0737893 32.8649 0.822612 0.568593 0.00334489 62.4119 -0.0447007 0.058804 0.997268 0
0.579695 -0.805554 0.122618 33.1436 0.811139 0.584809 0.00719572 62.6911 -0.0775049 0.0952892 0.992428 0
0.628467 -0.768548 0.119851 33.4503 0.772929 0.634325 0.014592 62.9529 -0.0872389 0.0834654 0.992685 0
0.668726 -0.735556 0.108455 33.7702 0.739388 0.673243 0.00701434 63.1888 -0.0781761 0.0754997 0.994077 0
0.786915 -0.616965 0.0108891 34.1106 0.616992 0.786968 0.00107283 63.4115 -0.0092313 0.00587428 0.99994 0
0.821609 -0.569916 0.0124464 34.4675 0.569988 0.821648 -0.00295259 63.6125 -0.00854386 0.00952019 0.999918 0
0.850204 -0.525897 -0.0242025 34.8291 0.526214 0.850305 0.00893871 63.775 0.0158787 -0.0203354 0.999667 0
0.883952 -0.467185 -0.0191658 35.1988 0.467508 0.883785 0.0189849 63.9397 0.00806898 -0.0257419 0.999636 0
0.914447 -0.404707 -0.000278036 35.5684 0.404699 0.914425 0.00675155 64.0803 -0.00247815 -0.00628645 0.999977 0
0.940211 -0.340395 0.0115626 35.9398 0.340302 0.94027 0.00926248 64.1988 -0.0140249 -0.0047739 0.99989 0
0.957167 -0.287431 -0.0348621 36.3214 0.287788 0.957678 0.00557949 64.2833 0.0317829 -0.0153734 0.999377 0
0.974876 -0.222547 -0.00947396 36.7011 0.222627 0.974868 0.00840387 64.3691 0.0073656 -0.0103019 0.99992 0
0.98747 -0.156817 0.0176621 37.0775 0.156669 0.987606 0.00947102 64.4291 -0.0189285 -0.00658524 0.999799 0
0.994707 -0.0930025 0.0436934 37.4527 0.0928831 0.995666 0.00475949 64.4634 -0.0439467 -0.000675912 0.999034 0
0.997268 -0.0313136 0.0668971 37.8276 0.031406 0.999507 -0.000329961 64.4758 -0.0668538 0.00243003 0.99776 0
0.996045 0.0282518 0.0842335 38.2031 -0.027452 0.999566 -0.0106388 64.4713 -0.0844975 0.00828432 0.996389 0
0.992297 0.0841619 0.0908984 38.5792 -0.0819733 0.996254 -0.0275556 64.4463 -0.092877 0.0198921 0.995479 0
0.986655 0.135304 0.0905793 38.9559 -0.132647 0.990554 -0.0347615 64.3947 -0.094427 0.0222826 0.995282 0
0.979409 0.17996 0.0914993 39.3352 -0.178028 0.9836 -0.0289328 64.3173 -0.0952055 0.0120476 0.995385 0
0.980065 0.193991 0.0428918 39.7405 -0.193381 0.980959 -0.017974 64.2279 -0.0455619 0.0093212 0.998918 0
0.973134 0.226738 0.0400058 40.1086 -0.226488 0.973955 -0.0107396 64.1343 -0.0413989 0.00139028 0.999142 0
0.966456 0.254999 0.0306355 40.4837 -0.255308 0.966837 0.00657917 64.0331 -0.0279419 -0.01418 0.999509 0
0.960888 0.276298 0.0187917 40.8238 -0.276453 0.961007 0.00619394 63.9669 -0.0163476 -0.0111467 0.999804 0
0.953288 0.301575 0.0171672 41.2131 -0.301761 0.953336 0.00947674 63.8215 -0.0135082 -0.0142145 0.999808 0
0.948741 0.315815 0.0122802 41.5615 -0.315876 0.948795 0.00332667 63.6714 -0.0106007 -0.00703516 0.999919 0
0.941792 0.336152 0.00555425 41.936 -0.336151 0.941808 -0.00113301 63.5022 -0.0056119 -0.000800008 0.999984 0
0.935003 0.354618 -0.00406385 42.3335 -0.354632 0.934998 -0.00372026 63.3185 0.00248042 0.00491963 0.999985 0
0.928223 0.37193 -0.00835127 42.7418 -0.371959 0.928247 -0.00216762 63.1297 0.00694584 0.00511837 0.999963 0
0.924643 0.380812 -0.00414337 43.0752 -0.38082 0.924649 -0.001203 62.9709 0.00337305 0.00269022 0.999991 0
0.918678 0.395007 0.00091418 43.5114 -0.395006 0.918678 -0.00133224 62.7566 -0.00136608 0.000862791 0.999999 0
0.912922 0.408119 0.00345256 43.9561 -0.40811 0.912928 -0.00300607 62.53 -0.00437877 0.00133528 0.99999 0
0.90763 0.419753 0.00399106 44.4099 -0.419727 0.90763 -0.0060038 62.2907 -0.00614252 0.00377407 0.999974 0
0.902852 0.429943 0.00265792 44.8742 -0.429905 0.902829 -0.00906928 62.0401 -0.00629892 0.00704557 0.999955 0
0.898712 0.438539 0.000949042 45.3512 -0.438503 0.898661 -0.0111667 61.7792 -0.00574989 0.00961947 0.999937 0
0.894639 0.446783 0.00220843 45.7043 -0.446712 0.894566 -0.014148 61.606 -0.00829669 0.0116709 0.999897 0
0.892102 0.451833 0.000759006 46.205 -0.45177 0.892002 -0.0153521 61.3207 -0.00761365 0.0133528 0.999882 0
0.889453 0.457026 -0.000556858 46.7219 -0.45698 0.889344 -0.0154042 61.0264 -0.00654487 0.0139558 0.999881 0
0.886986 0.461793 -0.0015371 47.2545 -0.461755 0.886859 -0.016213 60.7216 -0.00612387 0.0150905 0.999867 0
0.885239 0.465129 -0.00263387 47.8018 -0.465098 0.885078 -0.0179119 60.4051 -0.00600016 0.0170813 0.999836 0
0.883807 0.46784 -0.00321665 48.3654 -0.467812 0.883623 -0.0190577 60.0797 -0.00607368 0.0183482 0.999813 0
0.882496 0.47031 -0.00313757 48.9451 -0.470274 0.882296 -0.0199096 59.7462 -0.00659544 0.0190457 0.999797 0
0.881613 0.471952 -0.00450001 49.5392 -0.471925 0.881348 -0.0226347 59.4027 -0.00671642 0.0220787 0.999734 0
0.881574 0.472007 -0.00596444 50.1481 -0.471994 0.881222 -0.0258699 59.0497 -0.0069548 0.0256215 0.999647 0
0.882206 0.470805 -0.00736267 50.773 -0.470811 0.881767 -0.0287077 58.6904 -0.00702358 0.0287925 0.999561 0
0.885103 0.465272 -0.0106951 51.4147 -0.465376 0.884633 -0.0291273 58.3742 -0.00409092 0.0307579 0.999519 0
0.886704 0.462197 -0.0113769 52.0496 -0.462318 0.886179 -0.0307875 58.0056 -0.00414791 0.0325591 0.999461 0
0.888213 0.4593 -0.0109948 52.7015 -0.459404 0.887641 -0.0322812 57.6332 -0.00506735 0.0337237 0.999418 0
0.889728 0.456388 -0.00974134 53.3699 -0.456445 0.889127 -0.0333473 57.2584 -0.00655805 0.0341164 0.999396 0
0.891171 0.453607 -0.00743266 54.0542 -0.453589 0.890591 -0.0332418 56.882 -0.0084593 0.0329955 0.99942 0
0.892689 0.450648 -0.00469761 54.753 -0.450555 0.892171 -0.0321075 56.505 -0.0102781 0.0307786 0.999473 0
0.894166 0.447725 -0.00309021 55.463 -0.4476 0.893703 -0.0307956 56.1281 -0.0110262 0.0289195 0.999521 0
0.895549 0.44495 -0.00333752 56.1817 -0.444861 0.89516 -0.0280504 55.752 -0.00949339 0.0266052 0.999601 0
0.896365 0.443286 -0.00521499 56.9084 -0.443287 0.896107 -0.0221214 55.3792 -0.00513294 0.0221406 0.999742 0
0.896332 0.443323 -0.00731385 57.641 -0.443382 0.89617 -0.0170812 55.0088 -0.00101804 0.0185532 0.999827 0
0.896147 0.443698 -0.00717905 58.3762 -0.443756 0.896051 -0.0131883 54.6386 0.000581155 0.0150044 0.999887 0
0.890929 0.453852 -0.0162318 58.86 -0.45408 0.890828 -0.0153646 54.5839 0.00748649 0.0210593 0.99975 0
0.894334 0.447367 -0.00546713 59.6177 -0.4474 0.894258 -0.0116635 54.1798 -0.000328858 0.0128771 0.999917 0
0.893849 0.448347 -0.00434489 60.381 -0.448366 0.893775 -0.0115821 53.7695 -0.00130947 0.0123008 0.999923 0
0.893403 0.449244 -0.00323622 61.1427 -0.449252 0.893345 -0.010352 53.3611 -0.0017595 0.0107024 0.999941 0
0.892986 0.450076 -0.00282942 61.9027 -0.450082 0.892943 -0.00889131 52.9543 -0.00147525 0.00921329 0.999956 0
0.888759 0.458374 0.000726419 62.7174 -0.458368 0.888754 -0.00395239 52.6178 -0.00245728 0.00317976 0.999992 0
0.886036 0.46361 0.0023884 63.4848 -0.463609 0.886039 -0.000884831 52.2606 -0.00252643 -0.000323293 0.999997 0
0.883334 0.468733 0.00328992 64.2327 -0.468739 0.883336 0.00108996 51.8706 -0.0023952 -0.00250491 0.999994 0
0.881718 0.47174 0.00588874 64.9638 -0.471758 0.881726 0.0019267 51.4509 -0.00428335 -0.00447687 0.999981 0
0.879506 0.475803 0.0090004 65.6915 -0.47584 0.879528 0.00248683 51.0306 -0.00673287 -0.00646994 0.999956 0
0.872718 0.488113 0.0104311 66.4547 -0.488163 0.872748 0.00281171 50.6542 -0.00773133 -0.00754593 0.999942 0
0.870156 0.492706 0.00835887 67.1661 -0.492748 0.870163 0.00404587 50.2319 -0.00528015 -0.00763935 0.999957 0
0.866207 0.499626 0.00767206 67.8628 -0.499664 0.866209 0.00417368 49.8027 -0.00456034 -0.00744872 0.999962 0
0.862294 0.506395 0.00363328 68.5632 -0.506407 0.862283 0.00439848 49.3725 -0.00090555 -0.0056327 0.999984 0
0.856056 0.516821 0.00803598 69.2616 -0.516836 0.856085 -0.000239489 48.9442 -0.00700325 -0.00394827 0.999968 0
0.851134 0.524778 0.0133852 69.9271 -0.524787 0.851228 -0.00315649 48.506 -0.0130503 -0.00433778 0.999905 0
0.846167 0.532631 0.017503 70.5863 -0.532611 0.846338 -0.0061452 48.0631 -0.0180866 -0.00412242 0.999828 0
0.840918 0.540672 0.0230448 71.2394 -0.540596 0.841224 -0.0099219 47.6163 -0.0247503 -0.0041144 0.999685 0
0.836189 0.548265 0.0139048 71.8865 -0.548269 0.836293 -0.00388966 47.1655 -0.0137611 -0.00437108 0.999896 0
0.831363 0.555693 -0.00637243 72.5263 -0.555621 0.831372 0.0103081 46.7118 0.011026 -0.00502913 0.999927 0
0.826798 0.562494 -0.00250957 73.1559 -0.562466 0.826789 0.00723445 46.2564 0.00614422 -0.00456988 0.999971 0
0.822296 0.569057 0.00200932 73.7755 -0.56906 0.822287 0.00378421 45.8007 0.00050119 -0.00425517 0.999991 0
0.817786 0.575493 0.00583548 74.3856 -0.575508 0.817795 0.0013481 45.3456 -0.00399641 -0.00446083 0.999982 0
0.813634 0.58085 0.0247465 75.0972 -0.580645 0.814009 -0.0155258 44.9373 -0.029162 -0.00173667 0.999573 0
0.809227 0.586992 0.0243359 75.5441 -0.5869 0.809578 -0.0115355 44.4608 -0.0264731 -0.00494792 0.999637 0
0.806674 0.590997 -0.000700744 76.1058 -0.590988 0.806668 0.00452403 44.0025 0.00323895 -0.00323528 0.99999 0
0.810954 0.584921 0.0148555 76.6358 -0.584829 0.81109 -0.0103657 43.567 -0.0181123 -0.000281831 0.999836 0
0.80849 0.588277 0.0165597 77.1944 -0.588101 0.808657 -0.0145474 43.1212 -0.021949 0.00202263 0.999757 0
0.806739 0.590642 0.0177213 77.7456 -0.590406 0.806928 -0.0169841 42.6836 -0.0243313 0.00323896 0.999699 0
0.80544 0.592292 0.0213906 78.2892 -0.591957 0.805716 -0.0202465 42.2554 -0.0292266 0.00364501 0.999566 0
0.806006 0.591906 -0.00132318 78.6497 -0.591906 0.806007 0.000501716 41.9944 0.00136346 0.000378809 0.999999 0
0.806857 0.59074 -0.00284376 79.1823 -0.590741 0.806861 0.000400584 41.597 0.00253116 0.00135671 0.999996 0
0.808717 0.588182 -0.00425041 79.7013 -0.588187 0.808725 0.000319251 41.2139 0.00362519 0.00224185 0.999991 0
0.819356 0.573238 0.00733778 80.1457 -0.573209 0.819389 -0.00577354 40.9215 -0.0093221 0.000524502 0.999956 0
0.81484 0.579646 0.00687333 80.6041 -0.579612 0.814868 -0.00634505 40.6165 -0.00927874 0.00118633 0.999956 0
0.822389 0.568887 0.00667598 81.0729 -0.568855 0.822415 -0.00612794 40.2884 -0.00897652 0.00124188 0.999959 0
0.821976 0.569493 0.00574268 81.4887 -0.569441 0.821988 -0.0085441 39.9761 -0.00958621 0.00375293 0.999947 0
0.840646 0.541562 0.00511573 81.9261 -0.541521 0.840654 -0.0074678 39.6926 -0.00834483 0.00350749 0.999959 0
0.853389 0.521262 0.00344982 82.3798 -0.521245 0.853393 -0.00493956 39.4333 -0.00551886 0.00241716 0.999982 0
0.867271 0.497833 0.00166816 82.8371 -0.497829 0.867272 -0.00227956 39.1891 -0.00258159 0.00114654 0.999996 0
0.87532 0.483542 0.00152926 83.2855 -0.483539 0.87532 -0.00198908 38.9447 -0.0023004 0.00100162 0.999997 0
0.892142 0.451743 0.00328605 83.7184 -0.451741 0.892148 -0.00142331 38.749 -0.00357462 -0.000214645 0.999994 0
0.912414 0.409197 0.00763416 84.1766 -0.409268 0.912251 0.0172384 38.5703 8.96122e-05 -0.018853 0.999822 0
0.929915 0.366222 -0.033761 84.6693 -0.367372 0.929271 -0.0386388 38.4119 0.0172228 0.0483337 0.998683 0
0.946959 0.31973 -0.0322626 85.1623 -0.320824 0.946384 -0.037802 38.2744 0.0184464 0.0461476 0.998764 0
0.960008 0.27799 0.0332728 85.6541 -0.27842 0.960417 0.00900129 38.1588 -0.0294535 -0.0179051 0.999406 0
0.974656 0.22129 0.0328078 86.1476 -0.221739 0.975047 0.0107109 38.069 -0.029619 -0.0177143 0.999404 0
0.986646 0.160121 0.0298494 86.6416 -0.160441 0.987007 0.00865121 38.0045 -0.0280763 -0.0133248 0.999517 0
0.995283 0.0936174 0.0254315 87.1343 -0.0938082 0.99557 0.00641355 37.9674 -0.0247184 -0.00876899 0.999656 0
0.999871 0.014154 0.00759321 87.6094 -0.0140883 0.999864 -0.00863328 38.0614 -0.00771436 0.00852519 0.999934 0
0.998618 -0.0524768 0.00272759 88.1038 0.0525005 0.998576 -0.00950851 38.0827 -0.00222473 0.00963857 0.999951 0
0.99288 -0.119103 -0.00186872 88.5908 0.119085 0.992853 -0.00779196 38.1357 0.00278341 0.00751394 0.999968 0
0.982613 -0.18558 -0.00570016 89.0689 0.185535 0.982608 -0.0076275 38.2174 0.00701654 0.0064373 0.999955 0
0.967756 -0.2518 -0.00677419 89.5375 0.251735 0.967753 -0.00911348 38.3251 0.00885052 0.00711432 0.999936 0
0.938521 -0.345216 0.00197888 90.0486 0.345215 0.938454 -0.011454 38.7111 0.00209701 0.0114329 0.999932 0
0.909386 -0.415924 0.00486872 90.4448 0.415946 0.909376 -0.00485014 38.878 -0.00241021 0.00643578 0.999976 0
0.893754 -0.448477 0.00855048 90.8348 0.448514 0.893771 -0.00295982 39.0534 -0.00631476 0.00648036 0.999959 0
0.865253 -0.501143 0.0139038 91.2062 0.501192 0.865336 -5.30559e-05 39.2735 -0.0120049 0.00701439 0.999903 0
0.835291 -0.549521 0.0177418 91.5962 0.549536 0.835458 0.00448083 39.4944 -0.0172849 0.00600696 0.999833 0
0.805795 -0.591879 0.0193394 91.9754 0.591831 0.806015 0.0087075 39.7411 -0.0207417 0.00442922 0.999775 0
0.778358 -0.627534 0.0189613 92.3436 0.62737 0.778589 0.0143545 40.0138 -0.023771 0.000722781 0.999717 0
0.753902 -0.65679 0.0161105 92.7018 0.656555 0.754068 0.017783 40.309 -0.0238281 -0.00282925 0.999712 0
0.731752 -0.681453 0.0126692 93.0556 0.681204 0.731842 0.0191952 40.6191 -0.0223525 -0.00541579 0.999735 0
0.727274 -0.686274 0.0100485 93.2958 0.686117 0.727331 0.0152594 41.0399 -0.0177807 -0.00420333 0.999833 0
0.716244 -0.697748 0.0119563 93.5972 0.697649 0.716344 0.0117068 41.4099 -0.0167332 -4.35814e-05 0.99986 0
0.705698 -0.708414 0.0118515 93.938 0.708312 0.705797 0.012029 41.7844 -0.0168862 -9.4233e-05 0.999857 0
0.697222 -0.716799 0.00897078 94.3174 0.716664 0.69727 0.0143863 42.132 -0.0165671 -0.00360138 0.999856 0
0.691145 -0.7227 0.004787 94.6967 0.722532 0.691104 0.0179608 42.492 -0.0162886 -0.00895479 0.999827 0
0.68765 -0.72604 -0.00165444 95.0776 0.725913 0.687483 0.0204543 42.8627 -0.0137132 -0.0152664 0.999789 0
0.681273 -0.732002 -0.00641309 95.4649 0.73195 0.681042 0.0207703 43.2412 -0.0108363 -0.0188443 0.999764 0
0.681735 -0.731557 -0.00788484 95.8613 0.731548 0.681519 0.0192076 43.6266 -0.00867776 -0.0188626 0.999784 0
0.68413 -0.7293 -0.00931747 96.2658 0.72935 0.683999 0.0139092 44.0196 -0.00377087 -0.0163114 0.99986 0
0.687149 -0.726427 -0.0114352 96.6785 0.726513 0.687112 0.00748252 44.4195 0.00242176 -0.0134494 0.999907 0
0.690369 -0.723316 -0.0143011 97.0982 0.72344 0.690357 0.00656109 44.8292 0.00512709 -0.0148755 0.999876 0
0.694197 -0.719606 -0.0160417 97.5251 0.719778 0.694116 0.0110778 45.25 0.00316315 -0.0192367 0.99981 0
0.698273 -0.715686 -0.0144033 97.9628 0.715831 0.698114 0.0149396 45.6759 -0.000636944 -0.0207423 0.999785 0
0.701667 -0.712445 -0.00919 98.4137 0.712483 0.701486 0.0169063 46.1032 -0.00559813 -0.0184103 0.999815 0
0.704582 -0.709616 -0.00320201 98.8742 0.709537 0.704419 0.0187654 46.5364 -0.0110607 -0.0154937 0.999819 0
0.707238 -0.706975 0.000903812 99.3414 0.706824 0.707113 0.0197975 46.977 -0.0146354 -0.0133627 0.999804 0
0.707829 -0.706384 -0.000646719 99.6855 0.706264 0.707691 0.0190729 47.5896 -0.0130151 -0.0139571 0.999818 0
0.707952 -0.706261 -0.000723703 100.185 0.706204 0.707881 0.0133912 48.0382 -0.00894541 -0.00999143 0.99991 0
0.707602 -0.706593 -0.00503681 100.688 0.706609 0.707567 0.00719309 48.4975 -0.0015187 -0.0086489 0.999961 0
0.706596 -0.707584 -0.00680862 101.112 0.707613 0.706591 0.00351265 49.0622 0.00232541 -0.0072999 0.999971 0
0.704792 -0.709363 -0.00842636 101.618 0.709406 0.704789 0.00388787 49.5516 0.00318089 -0.00871785 0.999957 0
0.703263 -0.71092 -0.00379153 102.141 0.710927 0.703234 0.00664412 50.0448 -0.0020571 -0.00736806 0.999971 0
0.703677 -0.710519 0.00142085 102.673 0.710463 0.703645 0.0112321 50.5618 -0.00898036 -0.00689428 0.999936 0
0.705163 -0.709034 0.0040121 103.203 0.708913 0.705129 0.0153459 51.1126 -0.0137098 -0.00797712 0.999874 0
0.703165 -0.711026 0.00030415 103.726 0.710921 0.703068 0.0169075 51.6312 -0.0122355 -0.0116725 0.999857 0
0.704595 -0.709604 -0.00276259 104.226 0.709563 0.7045 0.0141264 52.1777 -0.00807788 -0.0119136 0.999896 0
0.700426 -0.713703 -0.00564665 104.772 0.713716 0.700355 0.0105945 52.7112 -0.00360663 -0.0114507 0.999928 0
0.700538 -0.713604 -0.00404429 105.293 0.713607 0.700491 0.00878047 53.2841 -0.00343279 -0.00903709 0.999953 0
0.698535 -0.715574 -0.0018632 105.829 0.71556 0.6985 0.00845406 53.8561 -0.00474805 -0.00723869 0.999963 0
0.696087 -0.717957 0.00136253 106.395 0.717911 0.696061 0.0101205 54.4504 -0.00821445 -0.00606653 0.999948 0
0.690782 -0.723048 0.00460616 106.979 0.722984 0.690787 0.0103392 55.0167 -0.0106576 -0.00381195 0.999936 0
0.689876 -0.723899 0.00649109 107.542 0.723859 0.689906 0.00761519 55.5997 -0.00999087 -0.0005549 0.99995 0
0.687802 -0.725857 0.00776151 108.103 0.725839 0.687843 0.00545959 56.1978 -0.00930159 0.00187849 0.999955 0
0.68577 -0.727785 0.00704821 108.678 0.72774 0.685806 0.00809745 56.8072 -0.0107269 -0.000423721 0.999942 0
0.682037 -0.731316 0.00167239 109.277 0.73127 0.682016 0.00991958 57.4009 -0.00839494 -0.00554255 0.999949 0
0.674464 -0.738305 -0.00183771 109.861 0.738251 0.67438 0.0140394 58.0134 -0.00912603 -0.0108258 0.9999 0
0.666765 -0.745246 -0.00577116 110.434 0.745188 0.666558 0.0198845 58.6369 -0.0109721 -0.0175589 0.999786 0
0.663042 -0.748535 -0.00842603 111.031 0.748446 0.662665 0.0265458 59.2806 -0.0142868 -0.0239074 0.999612 0
0.665468 -0.746357 -0.0102081 111.649 0.746297 0.665034 0.0277666 59.8871 -0.0139351 -0.0260961 0.999562 0
0.667645 -0.744366 -0.0129803 112.271 0.744402 0.667224 0.0260358 60.4928 -0.0107194 -0.0270453 0.999577 0
0.706601 -0.707528 -0.0109519 112.898 0.707578 0.70633 0.0207596 61.0957 -0.00695239 -0.0224181 0.999725 0
0.695479 -0.718535 -0.004004 113.517 0.718484 0.695335 0.0170202 61.7344 -0.0094455 -0.014714 0.999847 0
0.698159 -0.715941 -0.00156817 114.146 0.715904 0.698098 0.0118777 62.3274 -0.00740902 -0.00941522 0.999928 0
0.692206 -0.721699 -0.000851393 114.737 0.721643 0.692137 0.0133449 62.9627 -0.00904173 -0.00985183 0.999911 0
0.695603 -0.718422 -0.00255092 115.366 0.718353 0.695477 0.0167727 63.5553 -0.0102758 -0.0134996 0.999856 0
0.699316 -0.714809 -0.00246875 115.993 0.714673 0.699106 0.0222058 64.1482 -0.014147 -0.0172932 0.99975 0
0.700621 -0.713509 -0.00592856 116.585 0.713419 0.700336 0.0237126 64.7765 -0.0127672 -0.0208431 0.999701 0
0.703556 -0.710543 -0.011757 117.182 0.710631 0.70337 0.0165302 65.3996 -0.00347589 -0.0199848 0.999794 0
0.705967 -0.708042 -0.0169194 117.804 0.708148 0.706064 0.000391347 65.9714 0.0116691 -0.0122577 0.999857 0
0.708118 -0.705865 -0.0179783 118.424 0.705911 0.708285 -0.00469101 66.5471 0.016045 -0.0093693 0.999827 0
0.710557 -0.703577 -0.00938999 119.042 0.703621 0.710572 0.00227042 67.1282 0.00507485 -0.00822026 0.999953 0
0.712322 -0.701841 0.00413842 119.656 0.70174 0.712301 0.0137066 67.7097 -0.0125677 -0.00685944 0.999897 0
0.717491 -0.696547 0.00537339 120.242 0.696393 0.717463 0.0168351 68.3392 -0.0155817 -0.00833707 0.999844 0
0.678889 -0.734089 0.0149164 120.838 0.733508 0.678979 0.0308668 68.9124 -0.0327869 -0.0100138 0.999412 0
0.677024 -0.735945 0.00482966 121.431 0.735679 0.676932 0.0232393 69.4866 -0.0203722 -0.0121805 0.999718 0
0.677861 -0.735187 0.00212499 122.025 0.73507 0.677799 0.0161162 70.062 -0.0132888 -0.00936253 0.999868 0
0.691654 -0.722206 -0.00582604 122.52 0.722215 0.691568 0.0117579 70.7423 -0.00446255 -0.0123401 0.999914 0
0.689287 -0.724471 -0.00509675 123.113 0.724473 0.689208 0.0114823 71.3163 -0.00480584 -0.011607 0.999921 0
0.685927 -0.727647 -0.00577558 123.7 0.727663 0.685865 0.00981596 71.8912 -0.00318129 -0.0109357 0.999935 0
0.682697 -0.730661 -0.00766321 124.28 0.730698 0.682624 0.0102373 72.4701 -0.0022489 -0.0125885 0.999918 0
0.680426 -0.732714 -0.0122596 124.851 0.732814 0.680284 0.0140384 73.0561 -0.00194609 -0.0185361 0.999826 0
0.679088 -0.733947 -0.0127145 125.351 0.734054 0.678933 0.0146331 73.7002 -0.00210759 -0.0192703 0.999812 0
0.677546 -0.73538 -0.0121422 125.922 0.735463 0.677322 0.018141 74.2928 -0.00511639 -0.0212215 0.999762 0
0.675811 -0.737014 -0.00946039 126.439 0.737027 0.675567 0.0200076 74.9539 -0.00835476 -0.0204939 0.999755 0
0.674268 -0.738431 -0.00911112 127.005 0.738453 0.674068 0.0178387 75.5448 -0.00703116 -0.0187562 0.999799 0
0.670864 -0.741521 -0.00936108 127.519 0.741573 0.67075 0.0127733 76.2725 -0.00319277 -0.0155111 0.999875 0
0.666585 -0.745391 -0.00749419 128.049 0.745429 0.666546 0.00727909 76.9035 -0.000430548 -0.0104385 0.999945 0
0.662044 -0.749427 -0.0074815 128.555 0.749465 0.66201 0.00676425 77.516 -0.000116481 -0.0100854 0.999949 0
0.657235 -0.753674 -0.00423399 129.092 0.753667 0.657168 0.0107726 78.1236 -0.00533659 -0.0102711 0.999933 0
0.653281 -0.757105 0.00402624 129.637 0.756984 0.653257 0.0151861 78.7298 -0.0141276 -0.00687297 0.999877 0
0.649145 -0.76065 0.00476108 130.153 0.76043 0.649087 0.0207718 79.3885 -0.0188904 -0.00986342 0.999773 0
0.645809 -0.763491 0.00341632 130.671 0.763224 0.645691 0.0239239 80.039 -0.0204716 -0.0128429 0.999708 0
0.640876 -0.767645 4.90546e-05 131.183 0.767506 0.640762 0.0189316 80.6758 -0.0145642 -0.0120951 0.999821 0
0.635687 -0.771944 -0.0021385 131.708 0.771923 0.635644 0.00960159 81.2814 -0.00605256 -0.00775437 0.999952 0
0.630768 -0.775971 -0.000440866 132.231 0.775967 0.630763 0.00365086 81.8946 -0.00255488 -0.00264494 0.999993 0
0.625187 -0.780475 0.000164369 132.751 0.780462 0.625177 0.00570736 82.5156 -0.00455721 -0.00343988 0.999984 0
0.618428 -0.78584 0.00157143 133.238 0.785806 0.618418 0.00822391 83.2455 -0.00743448 -0.00385106 0.999965 0
0.611769 -0.79103 -0.0033502 133.751 0.791029 0.611739 0.00692351 83.8644 -0.00342725 -0.0068857 0.99997 0
0.604728 -0.796417 -0.00491347 134.263 0.796431 0.604721 0.00296071 84.4861 0.000613325 -0.00570366 0.999984 0
0.598267 -0.800924 -0.0244389 134.773 0.801295 0.598057 0.0159574 85.1145 0.00183519 -0.0291296 0.999574 0
0.594801 -0.80368 -0.0175944 135.212 0.803873 0.59466 0.0129288 85.8122 7.20372e-05 -0.0218337 0.999762 0
0.588455 -0.80837 -0.0160924 135.716 0.808503 0.588155 0.0199332 86.4487 -0.00664859 -0.0247405 0.999672 0
0.58177 -0.813238 -0.0136865 136.216 0.813251 0.581349 0.0255998 87.0889 -0.0128621 -0.0260238 0.999579 0
0.575985 -0.817374 -0.0118627 136.711 0.817305 0.575532 0.0278415 87.7328 -0.0159296 -0.0257317 0.999542 0
0.571389 -0.820612 -0.010522 137.2 0.820477 0.570915 0.0295614 88.3811 -0.0182513 -0.0255241 0.999508 0
0.567729 -0.82311 -0.0132112 137.683 0.823082 0.567274 0.0271324 89.0324 -0.0148385 -0.0262778 0.999545 0
0.565421 -0.824542 -0.020714 138.097 0.824757 0.564949 0.0246542 89.7935 -0.00862607 -0.031024 0.999481 0
0.561565 -0.827034 -0.0256771 138.575 0.82742 0.561116 0.0229014 90.4332 -0.00453242 -0.0341064 0.999408 0
0.559069 -0.828755 -0.0246438 139.023 0.829016 0.558276 0.032573 91.1511 -0.013237 -0.0386407 0.999165 0
0.55646 -0.830555 -0.0230236 139.495 0.830638 0.555429 0.0392267 91.8059 -0.019792 -0.0409524 0.998965 0
0.554072 -0.832251 -0.0190056 139.964 0.83195 0.552778 0.0479061 92.4651 -0.029364 -0.0423551 0.998671 0
0.550562 -0.834608 -0.0176334 140.432 0.834147 0.54918 0.0509983 93.1229 -0.0328797 -0.0427865 0.998543 0
0.546991 -0.83694 -0.0182085 140.818 0.836926 0.546234 0.0343821 93.8142 -0.0188296 -0.0340459 0.999243 0
0.556645 -0.829732 -0.0411242 141.224 0.830692 0.55651 0.0157236 94.5496 0.00983969 -0.042914 0.99903 0
0.549775 -0.8343 -0.0411307 141.7 0.835237 0.549722 0.0135927 95.2259 0.0112701 -0.0418268 0.999061 0
0.542977 -0.838871 -0.0383589 142.166 0.839728 0.542706 0.0180741 95.9098 0.00565576 -0.0420249 0.999101 0
0.537078 -0.842849 -0.033959 142.627 0.843531 0.536721 0.019644 96.6021 0.00166963 -0.0391958 0.99923 0
0.538798 -0.84143 -0.0411283 143.079 0.842388 0.53864 0.0157876 97.3107 0.0088692 -0.0431523 0.999029 0
0.542713 -0.838469 -0.0493231 143.528 0.839691 0.542996 0.00863073 98.0222 0.0195457 -0.0461002 0.998746 0
0.533085 -0.845157 -0.0391185 143.982 0.845931 0.533246 0.00706055 98.7212 0.0148925 -0.0368554 0.99921 0
0.537688 -0.841062 -0.0592127 144.413 0.842298 0.538967 -0.00694062 99.435 0.0377512 -0.0461428 0.998221 0
0.524448 -0.850423 -0.0416575 144.861 0.85066 0.525436 -0.0171875 100.135 0.036505 -0.0264224 0.998984 0
0.528233 -0.847184 -0.0570111 145.289 0.847535 0.530144 -0.0251392 100.859 0.0515216 -0.0350396 0.998057 0
0.513486 -0.857254 -0.0380388 145.714 0.857662 0.514133 -0.00906779 101.573 0.0273304 -0.0279683 0.999235 0
0.493808 -0.869481 -0.0125189 146.12 0.869559 0.493671 0.0125157 102.292 -0.00470197 -0.0170663 0.999843 0
0.473085 -0.880924 0.0127956 146.515 0.880509 0.473256 0.0270699 103.01 -0.0299021 -0.00153975 0.999552 0
0.453262 -0.890603 0.0371437 146.9 0.8903 0.454369 0.0302393 103.728 -0.0438082 0.0193627 0.998852 0
0.433451 -0.899659 0.0522924 147.277 0.899624 0.43538 0.0334749 104.449 -0.0528831 0.0325338 0.998071 0
0.413879 -0.907593 0.0705706 147.652 0.907962 0.417149 0.0398951 105.175 -0.065647 0.0475636 0.996709 0
0.393429 -0.914111 0.0980577 148.038 0.915775 0.399064 0.0458588 105.905 -0.0810514 0.0717567 0.994124 0
0.431152 -0.90082 0.0513018 148.451 0.901143 0.432765 0.0256113 106.659 -0.0452728 0.0351879 0.998355 0
0.403189 -0.910574 0.0910636 148.85 0.911848 0.408158 0.0440503 107.395 -0.0772795 0.0652755 0.99487 0
0.386052 -0.915267 0.115107 149.269 0.917177 0.394191 0.0583124 108.121 -0.0987455 0.0830615 0.99164 0
0.382522 -0.917687 0.107369 149.744 0.918821 0.390046 0.0602724 108.885 -0.0971902 0.0755976 0.992391 0
0.403636 -0.91148 0.0792545 150.172 0.912525 0.40733 0.0371579 109.611 -0.0661515 0.0573234 0.996162 0
0.433202 -0.900263 0.0431564 150.6 0.900894 0.433944 0.00914619 110.348 -0.0269614 0.0349171 0.999026 0
0.45623 -0.889763 0.0132275 151.023 0.88986 0.456205 -0.0050595 111.093 -0.00153271 0.014079 0.9999 0
0.456144 -0.889882 0.00648772 151.388 0.889871 0.456179 0.00559246 111.876 -0.00793619 0.00322227 0.999963 0
0.436173 -0.899689 0.0176579 151.738 0.899533 0.436461 0.0185223 112.668 -0.0243713 0.00780495 0.999673 0
0.471344 -0.881715 0.0203137 152.149 0.881581 0.471688 0.0180288 113.424 -0.025478 0.00941041 0.999631 0
0.46288 -0.88593 0.0294986 152.52 0.885878 0.463505 0.0195864 114.217 -0.031025 0.017066 0.999373 0
0.463987 -0.885815 0.00690204 152.931 0.885751 0.463812 -0.0179901 114.968 0.0127347 0.0144607 0.999814 0
0.462948 -0.886342 0.00876947 153.338 0.886294 0.462736 -0.0189179 115.715 0.0127097 0.0165303 0.999783 0
0.463475 -0.885641 -0.0288265 153.742 0.886075 0.463499 0.00622861 116.454 0.00784474 -0.0284292 0.999565 0
0.459665 -0.887577 -0.0302437 154.14 0.888085 0.45953 0.0116819 117.187 0.00352929 -0.0322287 0.999474 0
0.45946 -0.887685 -0.0301905 154.527 0.888198 0.459241 0.0142177 117.915 0.00124388 -0.0333475 0.999443 0
0.46099 -0.887029 -0.0258241 154.907 0.887402 0.460716 0.0160647 118.634 -0.0023523 -0.030322 0.999537 0
0.460988 -0.887036 -0.0256277 155.278 0.887406 0.460824 0.012322 119.344 0.000879859 -0.0284225 0.999596 0
0.461104 -0.887037 -0.0234346 155.655 0.887293 0.461205 0.00119452 120.07 0.00974858 -0.0213442 0.999725 0
0.459708 -0.887801 -0.0218489 156.004 0.888053 0.459713 0.00511593 120.758 0.0055023 -0.0217549 0.999748 0
0.459475 -0.887975 -0.0195941 156.349 0.88818 0.459468 0.00513542 121.437 0.00444273 -0.0197627 0.999795 0
0.459695 -0.888026 -0.00951021 156.702 0.888045 0.459561 0.0134455 122.126 -0.00756942 -0.0146263 0.999864 0
0.45818 -0.88884 -0.00578499 157.024 0.888805 0.458071 0.0140163 122.78 -0.00980833 -0.0115637 0.999885 0
0.457232 -0.889346 -0.00117044 157.345 0.889263 0.457171 0.0143291 123.427 -0.0122084 -0.00759254 0.999897 0
0.456158 -0.889821 -0.0117511 157.666 0.889714 0.456292 -0.0143509 124.069 0.0181317 -0.00390883 0.999828 0
0.456263 -0.889816 -0.00715657 157.987 0.889698 0.456319 -0.0145031 124.702 0.0161707 0.000250036 0.999869 0
0.452164 -0.891934 -0.000992773 158.298 0.891894 0.452154 -0.00905516 125.358 0.00852549 0.00320897 0.999959 0
0.485054 -0.874481 -0.00217695 158.612 0.874446 0.485055 -0.00813023 125.957 0.00816568 0.00203998 0.999965 0
0.488892 -0.871881 -0.028441 158.929 0.872303 0.488925 0.00623648 126.549 0.00846805 -0.0278581 0.999576 0
0.489906 -0.871153 -0.0329298 159.248 0.871679 0.490065 0.00363003 127.138 0.0129754 -0.0304826 0.999451 0
0.491439 -0.870251 -0.0339164 159.569 0.870819 0.491584 0.00451124 127.721 0.0127468 -0.031752 0.999415 0
0.494133 -0.868696 -0.0346315 159.887 0.869304 0.494241 0.00596283 128.303 0.0119364 -0.0330518 0.999382 0
0.496728 -0.867336 -0.0314593 160.201 0.867834 0.496828 0.00511693 128.88 0.0111918 -0.0298432 0.999492 0
0.499016 -0.86602 -0.0314872 160.516 0.866525 0.499102 0.0056285 129.453 0.0108409 -0.0300931 0.999488 0
0.502364 -0.864196 -0.0282132 160.836 0.864595 0.50245 0.00449709 130.022 0.0102893 -0.0266521 0.999592 0
0.506704 -0.861685 -0.0273939 161.159 0.862047 0.506818 0.00311366 130.588 0.0112007 -0.0251925 0.99962 0
0.510304 -0.859796 -0.0184633 161.488 0.859982 0.510292 0.00567407 131.146 0.00454316 -0.0187736 0.999813 0
0.513526 -0.858056 -0.00562955 161.83 0.858061 0.51347 0.00896405 131.699 -0.00480105 -0.00943376 0.999944 0
0.517142 -0.85589 0.00398807 162.184 0.855846 0.517156 0.00882439 132.247 -0.00961516 -0.00115029 0.999953 0
0.51927 -0.854536 0.0112713 162.533 0.854503 0.519369 0.0089804 132.791 -0.013528 0.00496808 0.999896 0
0.520176 -0.853926 0.0150471 162.883 0.853848 0.520359 0.0130643 133.333 -0.0189858 0.00605217 0.999801 0
0.518744 -0.854925 -0.00283638 163.044 0.854869 0.518664 0.0136637 134.143 -0.0102103 -0.00951271 0.999903 0
0.518389 -0.855142 -0.00245009 163.407 0.855056 0.518292 0.015876 134.685 -0.0123063 -0.0103249 0.999871 0
0.518148 -0.855291 -0.000699658 163.771 0.855145 0.518045 0.0188921 135.231 -0.0157958 -0.0103872 0.999821 0
0.518114 -0.855297 -0.00491204 164.13 0.855185 0.51793 0.0201864 135.783 -0.0147212 -0.0146595 0.999784 0
0.517567 -0.855526 -0.0141512 164.483 0.855601 0.517308 0.0184071 136.339 -0.0084272 -0.0216347 0.99973 0
0.534966 -0.843625 -0.0459183 164.736 0.844649 0.535286 0.00603308 137.028 0.0194898 -0.0420124 0.998927 0
0.531614 -0.845764 -0.0454903 165.097 0.8466 0.532228 -0.00164588 137.584 0.0256032 -0.0376371 0.998963 0
0.526972 -0.848989 -0.0389569 165.459 0.849536 0.527512 -0.00437087 138.145 0.0242611 -0.030792 0.999231 0
0.522167 -0.852047 -0.0368401 165.814 0.852712 0.522357 0.00501016 138.714 0.0149748 -0.0340301 0.999309 0
0.517602 -0.855136 -0.0288165 166.167 0.855622 0.517318 0.0171446 139.29 0.000246338 -0.0335301 0.999438 0
0.512596 -0.858499 -0.0149754 166.525 0.858502 0.512141 0.0262094 139.866 -0.0148313 -0.0262913 0.999544 0
0.507439 -0.861678 -0.00410132 166.883 0.861411 0.50715 0.0277646 140.444 -0.0218441 -0.0176218 0.999606 0
0.503716 -0.86386 -0.00406849 167.232 0.86363 0.50346 0.0259098 141.027 -0.0203341 -0.0165649 0.999656 0
0.499345 -0.866378 -0.00661007 167.58 0.866262 0.499112 0.0218402 141.615 -0.0156227 -0.0166319 0.99974 0
0.49476 -0.869022 -0.00357472 167.936 0.868979 0.494683 0.0128099 142.203 -0.00936375 -0.00944419 0.999912 0
0.491576 -0.870818 0.00532647 168.295 0.870775 0.491605 0.0087146 142.797 -0.0102074 0.000354262 0.999948 0
0.488662 -0.872297 0.0175169 168.657 0.87232 0.488854 0.00892229 143.395 -0.0163461 0.0109204 0.999807 0
0.485103 -0.874022 0.0275773 169.019 0.87419 0.485493 0.00937978 143.995 -0.0215867 0.0195577 0.999576 0
0.482484 -0.875279 0.0330966 169.378 0.875564 0.483006 0.00963556 144.596 -0.0244197 0.0243292 0.999406 0
0.479925 -0.876509 0.0374576 169.738 0.877043 0.480394 0.00411317 145.196 -0.0215996 0.0308779 0.99929 0
0.477226 -0.877639 0.0447722 170.101 0.878557 0.477634 -0.00178568 145.794 -0.0198176 0.0401871 0.998996 0
0.474562 -0.878616 0.0531481 170.465 0.879949 0.475053 -0.00377125 146.391 -0.0219347 0.0485573 0.99858 0
