1 1.78395e-08 0 0 -1.19532e-08 1 -1.89175e-10 0 0 -8.73115e-11 1 0
1 -6.30357e-05 -1.61007e-05 -0.000918559 6.29906e-05 1 1.91767e-05 -0.0021653 1.61007e-05 -1.91795e-05 1 -0.00941681
1 9.24629e-09 -1.27219e-06 -0.000481418 -7.15189e-08 1 1.71189e-05 -0.0039762 1.27032e-06 -1.71208e-05 1 -0.00890929
1 -5.63027e-05 -5.79227e-05 0.00109835 5.62864e-05 1 8.41481e-05 -0.00404625 5.7919e-05 -8.41529e-05 1 -0.0097827
1 -3.32949e-05 -8.46479e-05 0.00109811 3.33096e-05 1 0.000129621 -0.00339057 8.46442e-05 -0.000129625 1 -0.0103828
1 -5.74841e-05 -7.25854e-05 -0.00132622 5.74491e-05 1 0.000142977 -0.00368982 7.25761e-05 -0.000142984 1 -0.000322356
1 -9.37131e-05 -8.07606e-05 -0.00221383 9.3689e-05 1 0.000151269 -0.00259451 8.07513e-05 -0.000151277 1 -0.000237385
1 -0.000138276 -7.55787e-05 -0.000640038 0.000138214 1 0.000192057 -0.00683027 7.55526e-05 -0.000192069 1 0.00108955
1 -0.00015285 -9.01558e-05 0.00473304 0.000152817 1 0.000185213 -0.00694161 9.01278e-05 -0.000185229 1 -0.00622065
1 -0.000123315 -8.68924e-05 0.00436606 0.000123313 1 0.000202418 -0.00742572 8.68663e-05 -0.00020243 1 -0.0087272
1 -0.000141887 -6.20838e-05 0.000267321 0.000141879 1 0.00022002 -0.00711676 6.2054e-05 -0.00022003 1 -0.0111969
1 -0.000163222 -5.58719e-05 0.00218028 0.000163187 1 0.000224122 -0.0107722 5.58365e-05 -0.000224133 1 -0.00786393
1 -0.000203571 -4.67449e-05 0.00348546 0.000203539 1 0.000265578 -0.00833669 4.66891e-05 -0.000265589 1 -0.0133427
1 -0.000208787 -2.47825e-05 0.000613487 0.000208754 1 0.000262074 -0.0058415 2.47266e-05 -0.000262081 1 -0.00409003
1 -0.000323156 -3.63234e-05 0.00110751 0.000323076 1 0.000275318 -0.00466272 3.6234e-05 -0.000275331 1 -0.00358164
1 -0.000203475 -3.07579e-05 0.000118174 0.000203449 1 0.000276501 -0.00613297 3.07038e-05 -0.000276508 1 -0.00329829
1 -0.000207876 7.82683e-06 -0.00246376 0.000207859 1 0.000278977 -0.00678127 -7.88458e-06 -0.000278977 1 -0.00414204
1 -0.000193218 3.70722e-05 -0.0012732 0.000193225 1 0.000271382 -0.00667971 -3.71244e-05 -0.000271375 1 -0.0068223
1 -0.000196179 7.11717e-06 0.0045614 0.000196147 1 0.00026906 -0.00921844 -7.16746e-06 -0.000269061 1 -0.00832378
1 -0.000213023 -6.86571e-06 0.00159204 0.000212985 1 0.000217843 -0.00595346 6.81914e-06 -0.000217846 1 -0.0104744
1 -0.000205759 3.74299e-05 0.000876222 0.000205742 1 0.000169664 -0.00697867 -3.74652e-05 -0.000169658 1 -0.00828616
1 -0.000171978 3.39542e-05 -6.31097e-05 0.000171917 1 0.000132996 -0.00648198 -3.39765e-05 -0.000132992 1 -0.0128027
1 -0.000153721 4.08124e-05 -0.000761056 0.000153677 1 8.61206e-05 -0.00418959 -4.08273e-05 -8.6116e-05 1 -0.00861397
1 -0.000170853 3.82215e-05 0.00147788 0.000170814 1 6.55104e-05 -0.00552921 -3.82327e-05 -6.55054e-05 1 -0.00617573
1 -0.000152037 4.01177e-05 -0.00263689 0.000151979 1 4.64467e-05 -0.00564427 -4.01214e-05 -4.64426e-05 1 -0.00524516
1 -0.00019271 3.18643e-05 -0.00134541 0.000192659 1 2.9905e-05 -0.00340118 -3.18717e-05 -2.9901e-05 1 -0.00562345
1 -0.000170036 5.12786e-05 0.000448207 0.000170009 1 1.33661e-05 -0.00900567 -5.12823e-05 -1.3359e-05 1 -0.00779326
1 -0.000137014 6.66156e-05 -0.000139668 0.000136987 1 -1.53428e-05 -0.00652107 -6.66138e-05 1.53499e-05 1 -0.0144042
1 -0.000190041 8.51583e-05 -0.000913978 0.000190005 1 -7.31603e-05 -0.0067943 -8.51471e-05 7.3174e-05 1 -0.0115169
1 -0.00018471 0.000108054 -0.00204501 0.0001847 1 -0.000106903 -0.0065289 -0.000108035 0.000106921 1 -0.00653531
1 -0.000200787 0.000102213 -0.0011869 0.000200733 1 -9.6902e-05 -0.00752795 -0.000102194 9.69211e-05 1 -0.00702084
1 -0.000261894 7.6253e-05 -0.00317813 0.000261889 1 -9.65593e-05 -0.00850141 -7.62269e-05 9.65784e-05 1 -0.00755455
1 -0.000300816 4.64208e-05 -0.00104666 0.000300811 1 -0.000139972 -0.00991929 -4.6378e-05 0.000139985 1 -0.011019
1 -0.000305354 4.86057e-05 0.000374661 0.000305341 1 -0.000142173 -0.0140016 -4.85592e-05 0.000142185 1 -0.0110948
1 -0.000305547 7.5588e-05 0.00221079 0.000305549 1 -0.000143 -0.0129709 -7.55433e-05 0.000143022 1 -0.0096636
1 -0.000294159 6.51609e-05 -0.00278987 0.000294105 1 -0.000127136 -0.0160602 -6.51237e-05 0.000127152 1 -0.00904797
1 -0.000306836 1.82744e-05 0.00274063 0.000306802 1 -0.000159301 -0.0132959 -1.8226e-05 0.000159304 1 -0.00575408
1 -0.000792436 2.71667e-05 0.00215785 0.000792401 1 0.000199698 -0.0121797 -2.73231e-05 -0.000199678 1 -0.00316359
0.999995 -0.00322447 -0.000325756 0.0342036 0.00322476 0.999994 0.00107643 -0.0147714 0.000322284 -0.00107748 0.999999 0.0072798
0.999998 -0.00212904 -0.000300637 0.0784557 0.00212887 0.999998 -0.000321239 -0.00760653 0.00030132 0.000320597 1 0.0163291
0.999998 -0.00192244 0.000825318 0.12158 0.0019218 0.999998 0.000727218 -0.00511536 -0.000826716 -0.000725632 0.999999 0.0142578
0.999993 -0.00331327 0.00176365 0.179994 0.00331121 0.999994 0.00116485 -0.00330605 -0.0017675 -0.001159 0.999998 0.0190461
0.999995 -0.00241853 0.00204172 0.250784 0.00241889 0.999997 -0.000194026 -0.00512489 -0.00204124 0.000198962 0.999998 0.0167428
0.999994 -0.00316741 0.00129547 0.330067 0.00316832 0.999995 -0.000716495 -0.0088913 -0.0012932 0.000720594 0.999999 0.0175835
0.99999 -0.00445879 0.000379883 0.41818 0.00445897 0.99999 -0.000567747 -0.0138324 -0.000377348 0.000569433 1 0.0192737
0.999987 -0.00503455 -0.00130585 0.515279 0.00503385 0.999987 -0.000529678 -0.0138729 0.0013085 0.000523095 0.999999 0.0173151
0.999982 -0.00591778 -0.00084202 0.614349 0.00591712 0.999982 -0.000714437 -0.0148106 0.000846233 0.00070944 0.999999 0.0167901
0.999975 -0.0068844 -0.00153123 0.719372 0.00688196 0.999975 -0.00157198 -0.0101268 0.00154202 0.0015614 0.999998 0.0288674
0.999966 -0.00807483 -0.00151085 0.819992 0.00807232 0.999966 -0.00165448 -0.0121358 0.00152415 0.00164223 0.999998 0.044571
0.999969 -0.00789935 7.78753e-05 0.931269 0.00789939 0.999968 -0.00144351 -0.00626759 -6.64685e-05 0.00144408 0.999999 0.0453524
0.999967 -0.00792104 0.00204302 1.03874 0.00792368 0.999968 -0.00129996 -0.0113337 -0.00203266 0.00131611 0.999997 0.0391687
0.999964 -0.0083157 0.00196789 1.14585 0.00832166 0.999961 -0.00306086 -0.0139725 -0.00194236 0.00307712 0.999993 0.0208771
0.999952 -0.00895028 0.00399733 1.24996 0.00896384 0.999954 -0.0034042 -0.014173 -0.00396668 0.00343987 0.999986 0.0275384
0.999946 -0.00971998 0.00384159 1.35015 0.00973084 0.999949 -0.00281317 -0.0169938 -0.00381405 0.0028504 0.999989 0.0451349
0.999943 -0.0102966 0.00291849 1.44515 0.0103024 0.999945 -0.00199809 -0.00643689 -0.00289775 0.00202804 0.999994 0.0359395
0.99993 -0.011457 0.00310372 1.55817 0.011464 0.999932 -0.00224819 -0.0119779 -0.00307775 0.00228361 0.999993 0.0410513
0.999935 -0.0112444 0.0017576 1.66658 0.0112457 0.999937 -0.000770258 -0.00652587 -0.00174883 0.000789972 0.999998 0.0593868
0.999923 -0.0121449 0.00250361 1.78121 0.0121491 0.999925 -0.00169828 -0.0106333 -0.0024828 0.00172856 0.999995 0.0561246
0.999924 -0.0119589 0.00309746 1.88234 0.0119628 0.999928 -0.00125187 -0.00731927 -0.00308226 0.00128883 0.999994 0.0495333
0.999917 -0.0124821 0.00316197 1.99588 0.0124862 0.999921 -0.00130445 -0.0126651 -0.00314544 0.00134382 0.999994 0.0543538
0.999909 -0.0124319 0.00521011 2.1066 0.0124346 0.999923 -0.000495335 -0.0151487 -0.00520355 0.000560074 0.999986 0.0712283
0.999915 -0.0121602 0.0047793 2.21993 0.012164 0.999926 -0.00077947 -0.0232738 -0.00476947 0.000837539 0.999988 0.0660441
0.999898 -0.0132437 0.00543493 2.3247 0.0132524 0.999911 -0.00158406 -0.0170288 -0.00541347 0.00165592 0.999984 0.0797171
0.999895 -0.0135771 0.00511651 2.44158 0.0135803 0.999908 -0.000591861 -0.0201417 -0.005108 0.000661281 0.999987 0.0820938
0.999883 -0.0150418 0.00274341 2.56365 0.0150429 0.999887 -0.000399794 -0.0276275 -0.00273709 0.000441015 0.999996 0.0919594
0.999878 -0.0153984 0.00260557 2.68491 0.0154061 0.999877 -0.00296934 -0.0345991 -0.00255952 0.00300911 0.999992 0.0758074
0.999877 -0.0155383 0.0020814 2.81267 0.0155443 0.999875 -0.00288656 -0.034749 -0.00203629 0.00291856 0.999994 0.0896695
0.99989 -0.0146894 0.00203031 2.92301 0.0146975 0.999884 -0.00404178 -0.0339004 -0.0019707 0.00407117 0.99999 0.082934
0.99988 -0.0151926 0.00305665 3.04458 0.0151988 0.999882 -0.00203813 -0.0360829 -0.00302532 0.00208434 0.999993 0.109493
0.999874 -0.0155812 0.00314513 3.16016 0.0155913 0.999873 -0.00321671 -0.0366352 -0.00309461 0.00326534 0.99999 0.12465
0.999868 -0.0157828 0.00384931 3.28427 0.0157987 0.999867 -0.00415318 -0.0397161 -0.00378325 0.00421344 0.999984 0.119247
0.999862 -0.0164059 0.00283114 3.40632 0.0164178 0.999856 -0.00423299 -0.0356136 -0.00276129 0.00427888 0.999987 0.103108
0.999851 -0.0171421 0.00216251 3.53486 0.01715 0.999846 -0.00367198 -0.0360104 -0.00209923 0.00370852 0.999991 0.118684
0.99985 -0.0172804 0.000883479 3.64894 0.0172841 0.999841 -0.00436177 -0.0383243 -0.000807963 0.00437639 0.99999 0.136015
0.999845 -0.017521 0.00198976 3.7687 0.0175307 0.999834 -0.00496009 -0.0335554 -0.00190252 0.0049942 0.999986 0.13564
0.999833 -0.018257 0.00108614 3.89517 0.018263 0.999817 -0.00576526 -0.026231 -0.000980685 0.00578413 0.999983 0.122376
0.999862 -0.0164914 0.00206913 4.01528 0.0165003 0.999854 -0.00437128 -0.0408446 -0.00199674 0.00440481 0.999988 0.112806
0.99986 -0.0166245 0.00219597 4.14407 0.0166342 0.999852 -0.00448094 -0.0330423 -0.00212115 0.00451683 0.999988 0.141087
0.999843 -0.0169857 0.00498035 4.26926 0.0170114 0.999842 -0.00516412 -0.0332808 -0.00489184 0.00524804 0.999974 0.155206
0.999838 -0.0175737 0.00390344 4.3985 0.0175918 0.999835 -0.00464628 -0.0371106 -0.00382114 0.00471419 0.999982 0.142789
0.999826 -0.0185618 0.00207598 4.52704 0.018572 0.999815 -0.00501297 -0.042792 -0.00198255 0.00505065 0.999985 0.156465
0.999814 -0.0191469 0.0023226 4.6621 0.0191583 0.999804 -0.00503659 -0.0447987 -0.00222571 0.00508015 0.999985 0.17225
0.999815 -0.0191551 0.0018596 4.78606 0.0191671 0.999794 -0.00668706 -0.0462401 -0.00173113 0.00672146 0.999976 0.173746
0.999815 -0.0190812 0.00257575 4.91718 0.0190977 0.999796 -0.00656398 -0.0508885 -0.00244997 0.00661195 0.999975 0.180364
0.999833 -0.0180255 0.00289618 5.04693 0.018043 0.999818 -0.00617015 -0.0496446 -0.00278443 0.00622137 0.999977 0.157855
0.999838 -0.0178982 0.00208804 5.17863 0.0179169 0.999796 -0.00933694 -0.0515144 -0.0019205 0.00937284 0.999954 0.152481
0.999838 -0.0177643 0.00301054 5.32429 0.0177929 0.999794 -0.00978631 -0.0409575 -0.00283607 0.00983828 0.999948 0.150243
0.999852 -0.0171921 5.11426e-05 5.45547 0.0171916 0.999795 -0.010749 -0.0430226 0.000133665 0.0107483 0.999942 0.14456
0.999853 -0.0171704 0.000108808 5.58783 0.0171705 0.999779 -0.0120995 -0.0552276 9.89679e-05 0.0120996 0.999927 0.134197
0.99985 -0.0170763 -0.00291701 5.72194 0.0170458 0.999803 -0.0101656 -0.0558678 0.00309003 0.0101143 0.999944 0.161268
0.999836 -0.0173514 -0.00525613 5.84407 0.0172892 0.999783 -0.0116397 -0.0609234 0.00545695 0.0115469 0.999919 0.169934
0.999849 -0.0164021 -0.00570352 5.98058 0.0163431 0.999814 -0.0102219 -0.0597429 0.00587012 0.0101272 0.999932 0.168942
0.999845 -0.0164508 -0.00623662 6.1276 0.0163832 0.999808 -0.0107331 -0.0644757 0.00641199 0.0106293 0.999923 0.153726
0.999815 -0.0172685 -0.00850264 6.25936 0.0171954 0.999815 -0.00858723 -0.0627572 0.00864936 0.00843943 0.999927 0.155653
0.999835 -0.0166238 -0.00728186 6.39413 0.0165522 0.999815 -0.00978439 -0.0556618 0.00744317 0.00966224 0.999926 0.167433
0.999794 -0.0169101 -0.0112549 6.52996 0.0168101 0.999819 -0.00891325 -0.0631432 0.0114036 0.00872221 0.999897 0.175531
0.999746 -0.0163508 -0.0155144 6.66902 0.0162146 0.999829 -0.00886426 -0.0625293 0.0156567 0.00861045 0.99984 0.176782
0.999688 -0.0168476 -0.018451 6.81857 0.0166881 0.999822 -0.00876238 -0.0665173 0.0185953 0.00845173 0.999791 0.163609
0.99967 -0.0169022 -0.0193582 6.95058 0.0167306 0.99982 -0.00899248 -0.069464 0.0195067 0.00866563 0.999772 0.177343
0.99964 -0.0167603 -0.0209454 7.07875 0.0165775 0.999823 -0.00886569 -0.0700561 0.0210903 0.00851528 0.999741 0.183811
0.99965 -0.0160228 -0.0210736 7.22034 0.0158384 0.999835 -0.00888724 -0.0671725 0.0212125 0.00855035 0.999739 0.201807
0.999597 -0.0167371 -0.0229228 7.36181 0.0164867 0.999803 -0.0110644 -0.072567 0.0231035 0.0106821 0.999676 0.186597
0.999555 -0.0165903 -0.0248028 7.49811 0.0162734 0.999784 -0.0129223 -0.0692834 0.0250118 0.0125129 0.999609 0.200103
0.999509 -0.0168432 -0.026429 7.65117 0.0165289 0.999791 -0.012064 -0.0798691 0.0266266 0.0116213 0.999578 0.203492
0.999484 -0.0179337 -0.0266695 7.77924 0.0175697 0.99975 -0.0138193 -0.0761815 0.0269107 0.0133435 0.999549 0.197556
0.999325 -0.0180309 -0.0320024 7.91445 0.017696 0.999786 -0.0107134 -0.0754519 0.0321887 0.0101399 0.99943 0.18544
0.999467 -0.0160054 -0.0284432 8.04699 0.0157112 0.999821 -0.0105348 -0.0753091 0.0286067 0.0100823 0.99954 0.204184
0.999408 -0.0167103 -0.030093 8.17237 0.0164377 0.999822 -0.00928118 -0.0771482 0.0302427 0.00878102 0.999504 0.214805
0.999589 -0.0143224 -0.0248353 8.32156 0.014088 0.999855 -0.00958413 -0.087233 0.024969 0.00923031 0.999646 0.197725
0.999501 -0.0151059 -0.0277374 8.46297 0.0147732 0.999817 -0.0121593 -0.0849867 0.027916 0.0117434 0.999541 0.212218
0.999519 -0.0146832 -0.0273045 8.58965 0.0143588 0.999825 -0.0120393 -0.0805918 0.0274764 0.0116414 0.999555 0.209659
0.99948 -0.0147073 -0.0286999 8.72431 0.0142798 0.999785 -0.0150446 -0.0765431 0.028915 0.0146269 0.999475 0.232739
0.999522 -0.0151154 -0.0269772 8.86741 0.0147835 0.999813 -0.0124599 -0.0711855 0.0271605 0.0120551 0.999558 0.239059
0.999522 -0.0144596 -0.0273215 9.00224 0.0141436 0.999831 -0.0117205 -0.0791356 0.0274864 0.0113285 0.999558 0.232538
0.999521 -0.0139178 -0.0276456 9.14277 0.0135765 0.99983 -0.0124929 -0.0819088 0.0278148 0.0121116 0.99954 0.236214
0.999596 -0.0141622 -0.0246633 9.28367 0.0139518 0.999865 -0.00868166 -0.0743245 0.0247829 0.00833405 0.999658 0.238296
0.999569 -0.0152416 -0.0250964 9.43771 0.0149508 0.999819 -0.0117333 -0.0843841 0.0252707 0.011353 0.999616 0.248903
0.999545 -0.0149079 -0.0262117 9.59291 0.0146272 0.999834 -0.0108639 -0.0951547 0.0263693 0.0104756 0.999597 0.235225
0.999543 -0.0144694 -0.0265267 9.75576 0.0142025 0.999847 -0.0102211 -0.0852717 0.0266705 0.00983968 0.999596 0.232277
0.999511 -0.0145665 -0.0276872 9.92297 0.0142981 0.999849 -0.009864 -0.101348 0.0278268 0.0094633 0.999568 0.227604
0.999548 -0.0142284 -0.0264995 10.0827 0.01402 0.999869 -0.00803154 -0.098905 0.0266103 0.00765639 0.999617 0.226204
0.999568 -0.0138293 -0.0259333 10.2428 0.0136303 0.999877 -0.00783158 -0.0914627 0.0260384 0.00747472 0.999633 0.240713
0.999563 -0.0149766 -0.0254838 10.4072 0.0147822 0.99986 -0.00780062 -0.0980414 0.0255971 0.0074205 0.999645 0.257894
0.999546 -0.0144369 -0.0264489 10.5673 0.0142898 0.999882 -0.00573963 -0.091237 0.0265286 0.00535907 0.999634 0.259802
0.999494 -0.0155081 -0.0277882 10.7357 0.0153409 0.999863 -0.00621669 -0.101831 0.0278808 0.00578725 0.999595 0.255547
0.999524 -0.0146443 -0.0271679 10.9047 0.0144764 0.999875 -0.00636301 -0.101775 0.0272577 0.00596669 0.999611 0.260106
0.999525 -0.0149115 -0.0269672 11.0661 0.0147503 0.999872 -0.00616436 -0.098646 0.0270557 0.00576366 0.999617 0.284238
0.999534 -0.0141753 -0.027032 11.2483 0.013985 0.999876 -0.00721439 -0.10775 0.0271309 0.00683298 0.999609 0.282017
0.999515 -0.0146023 -0.0275013 11.4161 0.0143951 0.999867 -0.00771702 -0.0967054 0.0276104 0.00731739 0.999592 0.288655
0.999527 -0.0142841 -0.027246 11.5772 0.0140944 0.999875 -0.00714323 -0.100543 0.0273446 0.00675583 0.999603 0.287479
0.99951 -0.0151235 -0.0274015 11.7508 0.0148669 0.999844 -0.00953939 -0.100985 0.0275415 0.00912734 0.999579 0.307116
0.999527 -0.0150625 -0.0268247 11.915 0.014762 0.999827 -0.0113648 -0.106505 0.0269912 0.0109635 0.999576 0.309993
0.999551 -0.0136079 -0.0266846 12.0812 0.0133443 0.999861 -0.0100321 -0.112923 0.0268174 0.00967155 0.999594 0.308803
0.999582 -0.0130627 -0.02579 12.2543 0.0127435 0.999841 -0.0125032 -0.1039 0.0259493 0.0121693 0.999589 0.303729
0.999613 -0.0125401 -0.0248546 12.4177 0.012275 0.999867 -0.0107855 -0.10844 0.0249866 0.0104762 0.999633 0.318194
0.999555 -0.013052 -0.0268343 12.5791 0.012714 0.999838 -0.0127255 -0.113414 0.026996 0.0123787 0.999559 0.314421
0.999499 -0.0131069 -0.0287974 12.7544 0.0127789 0.999852 -0.0115431 -0.118595 0.0289444 0.0111693 0.999519 0.313686
0.999471 -0.0136397 -0.0295247 12.9137 0.013285 0.999838 -0.0121739 -0.115189 0.0296859 0.0117752 0.99949 0.316779
0.99947 -0.0128521 -0.0299262 13.0764 0.0124534 0.999832 -0.0134688 -0.116203 0.0300943 0.013089 0.999461 0.32063
0.999516 -0.0123267 -0.0285789 13.252 0.0119613 0.999845 -0.0129184 -0.119107 0.0287337 0.0125703 0.999508 0.316798
0.999527 -0.0130021 -0.0278716 13.4195 0.0125519 0.999789 -0.0162659 -0.111825 0.0280772 0.0159083 0.999479 0.32033
0.999506 -0.0129511 -0.028625 13.5753 0.012574 0.999832 -0.0133139 -0.120932 0.0287926 0.0129474 0.999502 0.328665
0.999484 -0.0134766 -0.0291631 13.7387 0.0130694 0.999815 -0.0141048 -0.124182 0.0293478 0.0137164 0.999475 0.316126
0.999395 -0.0130527 -0.03224 13.9006 0.0126645 0.999845 -0.0122159 -0.14113 0.0323944 0.0118002 0.999406 0.316264
0.999471 -0.0117345 -0.0303248 14.0634 0.0113572 0.999856 -0.0125818 -0.1238 0.0304681 0.0122307 0.999461 0.34552
0.999517 -0.0113927 -0.0289088 14.2288 0.0110947 0.999884 -0.0104478 -0.131303 0.0290245 0.010122 0.999528 0.332513
0.999488 -0.0127713 -0.0293482 14.3998 0.0123851 0.999835 -0.0133032 -0.137565 0.0295132 0.0129329 0.999481 0.331605
0.999456 -0.0131442 -0.0302426 14.5593 0.0127634 0.999837 -0.0127476 -0.141118 0.0304052 0.0123547 0.999461 0.350704
0.999469 -0.0125703 -0.0300768 14.7242 0.0121507 0.999827 -0.0140915 -0.142759 0.0302487 0.0137186 0.999448 0.351791
0.999421 -0.0130233 -0.031432 14.8806 0.0125913 0.999824 -0.0139016 -0.140774 0.0316076 0.0134978 0.999409 0.352836
0.999481 -0.0117324 -0.0300111 15.0444 0.0113221 0.999841 -0.0138064 -0.147163 0.0301683 0.0134594 0.999454 0.362506
0.999527 -0.0105832 -0.0288932 15.2057 0.0102751 0.999889 -0.0107898 -0.149262 0.0290042 0.0104878 0.999524 0.378636
0.999524 -0.0106051 -0.0289627 15.3611 0.0102483 0.99987 -0.0124358 -0.154998 0.0290909 0.012133 0.999503 0.366562
0.999493 -0.0110446 -0.0298758 15.5363 0.0106559 0.999857 -0.0131366 -0.164576 0.0300166 0.0128116 0.999467 0.373825
0.999422 -0.00982611 -0.0325405 15.7008 0.00947318 0.999895 -0.0109814 -0.147568 0.032645 0.0106668 0.99941 0.372806
0.999459 -0.010853 -0.0310494 15.8596 0.0104848 0.999873 -0.0119955 -0.151145 0.0311757 0.0116635 0.999446 0.38329
0.999274 -0.0118945 -0.0362031 16.0097 0.011589 0.999896 -0.00863762 -0.152854 0.0363021 0.00821178 0.999307 0.380929
0.999431 -0.00863865 -0.0326001 16.1847 0.00825242 0.999894 -0.0119632 -0.155895 0.0327 0.0116874 0.999397 0.376686
0.99949 -0.00843921 -0.0308066 16.3585 0.00804783 0.999886 -0.0128055 -0.152116 0.0309111 0.0125511 0.999443 0.371524
0.999465 -0.00929631 -0.0313621 16.5132 0.0088844 0.999873 -0.0132464 -0.154768 0.0314813 0.0129607 0.99942 0.369338
0.999428 -0.00922879 -0.032531 16.6767 0.00882221 0.999882 -0.0126186 -0.15759 0.0326436 0.0123244 0.999391 0.384805
0.999423 -0.00950258 -0.0326002 16.8424 0.00914712 0.999897 -0.0110336 -0.16297 0.0327017 0.010729 0.999408 0.369405
0.999347 -0.0102011 -0.034673 17.0047 0.00980042 0.999884 -0.0117064 -0.169328 0.0347884 0.0113589 0.99933 0.368949
0.999367 -0.00890491 -0.0344447 17.1631 0.00847269 0.999884 -0.012674 -0.163554 0.0345535 0.0123741 0.999326 0.369025
0.999447 -0.00747981 -0.0324185 17.3397 0.00712446 0.999914 -0.011062 -0.169731 0.0324985 0.0108249 0.999413 0.374713
0.999486 -0.00860098 -0.0308771 17.496 0.00819476 0.999879 -0.0132577 -0.168441 0.0309874 0.0129978 0.999435 0.380755
0.999374 -0.00814682 -0.0344167 17.6635 0.00775135 0.999903 -0.0116063 -0.179732 0.0345079 0.0113322 0.99934 0.386487
0.999363 -0.00924273 -0.0344595 17.8294 0.00879032 0.999874 -0.0132551 -0.170143 0.0345777 0.0129437 0.999318 0.395394
0.999383 -0.00894104 -0.03397 17.9856 0.00851085 0.999882 -0.0127859 -0.167868 0.0340803 0.0124889 0.999341 0.402535
0.999407 -0.00865885 -0.033323 18.1443 0.0081892 0.999866 -0.0142036 -0.173897 0.0334415 0.0139223 0.999344 0.392916
0.999442 -0.00800665 -0.0324289 18.313 0.00760347 0.999893 -0.0125364 -0.171431 0.0325258 0.0122828 0.999395 0.398669
0.999393 -0.00817363 -0.0338544 18.4767 0.00774636 0.999889 -0.0127329 -0.18328 0.0339547 0.0124629 0.999346 0.399537
0.999411 -0.00820972 -0.0333312 18.6348 0.00778997 0.999889 -0.0127029 -0.178568 0.0334318 0.0124358 0.999364 0.40281
0.999415 -0.00716442 -0.0334385 18.8052 0.00677085 0.999907 -0.0118666 -0.178795 0.0335204 0.0116332 0.99937 0.40449
0.999387 -0.00829253 -0.0340273 18.9628 0.00782513 0.999874 -0.0138455 -0.19505 0.0341378 0.0135707 0.999325 0.405755
0.999432 -0.00593858 -0.0331628 19.126 0.00560548 0.999933 -0.010128 -0.188888 0.0332207 0.00993637 0.999399 0.398014
0.999439 -0.00626504 -0.0329176 19.2917 0.00588875 0.999916 -0.0115151 -0.177505 0.032987 0.0113147 0.999392 0.412216
0.999425 -0.00675629 -0.0332429 19.4456 0.00631237 0.99989 -0.0134396 -0.186292 0.03333 0.013222 0.999357 0.42352
0.999354 -0.00595124 -0.0354434 19.6157 0.00547719 0.999895 -0.013456 -0.191169 0.0355198 0.0132532 0.999281 0.416095
0.999365 -0.00599467 -0.035133 19.7803 0.00551798 0.999892 -0.0136479 -0.204769 0.035211 0.0134453 0.99929 0.423578
0.999344 -0.00697748 -0.0355357 19.9412 0.00654737 0.999904 -0.0122036 -0.1969 0.0356174 0.0119629 0.999294 0.423099
0.999373 -0.00588289 -0.0349126 20.1019 0.00556474 0.999942 -0.00920331 -0.207988 0.0349647 0.00900326 0.999348 0.447319
0.999387 -0.00567183 -0.0345394 20.2716 0.0053593 0.999944 -0.00913439 -0.211151 0.0345893 0.00894369 0.999362 0.446786
0.999434 -0.00616116 -0.0330757 20.4314 0.00578906 0.999919 -0.0113334 -0.213625 0.0331428 0.0111355 0.999389 0.442388
0.999398 -0.00551483 -0.0342482 20.5864 0.00520685 0.999945 -0.00907522 -0.22256 0.0342964 0.00889143 0.999372 0.466613
0.99942 -0.00675426 -0.0333927 20.7618 0.00633943 0.999902 -0.0125117 -0.214549 0.0334739 0.0122927 0.999364 0.466476
0.999429 -0.00701779 -0.0330639 20.9148 0.00654452 0.999875 -0.0143988 -0.20442 0.0331608 0.0141742 0.99935 0.479565
0.999388 -0.0064383 -0.0343808 21.0757 0.00602055 0.999907 -0.0122377 -0.218962 0.0344564 0.0120232 0.999334 0.486686
0.999421 -0.00584602 -0.033535 21.2531 0.00542921 0.999907 -0.0125054 -0.216708 0.033605 0.012316 0.999359 0.476984
0.999514 -0.0055073 -0.0307037 21.4269 0.00506596 0.999883 -0.0144336 -0.21883 0.0307796 0.014271 0.999424 0.479822
0.999514 -0.00539731 -0.0307109 21.584 0.00488658 0.999849 -0.0166793 -0.213331 0.0307963 0.0165211 0.999389 0.477276
0.99946 -0.00475881 -0.0325283 21.739 0.00435526 0.999913 -0.012464 -0.224604 0.0325848 0.0123156 0.999393 0.462495
0.999327 -0.00546803 -0.0362717 21.9129 0.00513819 0.999945 -0.00917911 -0.231293 0.0363199 0.00898656 0.9993 0.481738
0.999521 -0.0039497 -0.0307111 22.0741 0.00377775 0.999977 -0.00565353 -0.217869 0.0307328 0.0055348 0.999512 0.479362
0.999425 -0.00392875 -0.0336753 22.2438 0.00363494 0.999955 -0.00878105 -0.222303 0.0337083 0.00865359 0.999394 0.478231
0.999468 -0.00452811 -0.0322992 22.4072 0.00422695 0.999947 -0.00938481 -0.222756 0.03234 0.00924328 0.999434 0.476094
0.999462 -0.00490576 -0.0324166 22.5615 0.00461841 0.99995 -0.00893107 -0.220897 0.0324587 0.00877655 0.999435 0.478402
0.999409 -0.00514356 -0.0339779 22.7275 0.00473924 0.999917 -0.0119678 -0.223091 0.0340366 0.0117997 0.999351 0.484008
0.999399 -0.00441543 -0.0343844 22.8935 0.00408551 0.999945 -0.00965782 -0.230299 0.0344252 0.00951154 0.999362 0.495816
0.999402 -0.00443187 -0.0343079 23.0515 0.00403774 0.999925 -0.0115492 -0.227458 0.0343565 0.0114038 0.999345 0.499588
0.999457 -0.00285338 -0.0328355 23.2123 0.00265847 0.999979 -0.00597659 -0.232475 0.0328519 0.00588604 0.999443 0.488005
0.999487 -0.00259205 -0.0319278 23.3903 0.00230129 0.999956 -0.00913877 -0.235752 0.03195 0.0090606 0.999448 0.494114
0.999463 -0.00270012 -0.0326591 23.5505 0.00243366 0.999964 -0.00819446 -0.238338 0.03268 0.00811058 0.999433 0.515426
0.999448 -0.00220955 -0.0331503 23.7192 0.00187247 0.999946 -0.0101947 -0.236509 0.033171 0.010127 0.999398 0.512076
0.999437 -0.00294515 -0.0334286 23.8745 0.00264144 0.999955 -0.00912324 -0.242998 0.0334539 0.0090298 0.9994 0.507001
0.999435 -0.00205794 -0.0335637 24.0398 0.00171096 0.999945 -0.0103638 -0.245947 0.0335832 0.0103006 0.999383 0.520397
0.999427 -0.000494743 -0.033833 24.1972 0.000167085 0.999953 -0.00968713 -0.246233 0.0338362 0.00967593 0.999381 0.519258
0.999456 -0.00116394 -0.0329545 24.3687 0.000783966 0.999933 -0.0115401 -0.235212 0.0329658 0.011508 0.99939 0.513055
0.999449 -0.00156214 -0.0331648 24.5304 0.00119724 0.999939 -0.0110184 -0.236634 0.03318 0.0109727 0.999389 0.526691
0.999394 -0.0019726 -0.0347698 24.6967 0.00158785 0.999937 -0.011089 -0.239502 0.0347895 0.0110271 0.999334 0.527403
0.999363 -0.00263462 -0.0356027 24.851 0.00214151 0.999901 -0.0138804 -0.247171 0.0356358 0.0137953 0.99927 0.51821
0.999356 -0.000585926 -0.0358808 25.0192 0.000306086 0.99997 -0.00780335 -0.258268 0.0358843 0.00778734 0.999326 0.510053
0.999468 -0.00033644 -0.0326201 25.189 -2.54161e-05 0.999939 -0.0110908 -0.244685 0.0326218 0.0110858 0.999406 0.541126
0.999449 0.000881441 -0.0331861 25.3398 -0.00117622 0.99996 -0.00886281 -0.258832 0.033177 0.00889695 0.99941 0.533575
0.999501 0.000290502 -0.0316015 25.5098 -0.000677195 0.999925 -0.0122257 -0.259485 0.0315956 0.012241 0.999426 0.525847
0.999475 -8.18091e-05 -0.0323954 25.6696 -0.000354649 0.999909 -0.0134656 -0.268709 0.0323936 0.01347 0.999385 0.53155
0.99943 -0.00045486 -0.0337603 25.831 -4.96402e-05 0.999888 -0.0149399 -0.268223 0.0337633 0.014933 0.999318 0.540379
0.999447 0.000163335 -0.0332631 25.9893 -0.000622695 0.999905 -0.0138001 -0.275642 0.0332576 0.0138132 0.999351 0.540255
0.999456 -0.000262636 -0.0329871 26.1497 -0.000172479 0.999913 -0.0131855 -0.269953 0.0329877 0.0131841 0.999369 0.559369
0.999495 0.00130297 -0.031753 26.317 -0.00162869 0.999946 -0.0102323 -0.267899 0.031738 0.0102788 0.999443 0.565198
0.999553 0.00115973 -0.0298776 26.4841 -0.00149794 0.999935 -0.0112983 -0.270088 0.0298625 0.011338 0.99949 0.570724
0.999459 0.000862055 -0.032892 26.6419 -0.00120749 0.999944 -0.0104835 -0.272128 0.0328811 0.0105176 0.999404 0.56549
0.999485 0.000520223 -0.0320891 26.8104 -0.000885438 0.999935 -0.0113653 -0.273019 0.0320811 0.0113879 0.99942 0.57114
0.999469 0.00075009 -0.0325675 26.9601 -0.00109118 0.999945 -0.0104556 -0.281903 0.0325579 0.0104855 0.999415 0.573771
0.99949 0.00197481 -0.0318616 27.1262 -0.00228824 0.999949 -0.00980216 -0.292757 0.0318406 0.00987007 0.999444 0.575279
0.999507 0.0029778 -0.031269 27.2873 -0.00337044 0.999916 -0.0125101 -0.290231 0.0312291 0.0126093 0.999433 0.577902
0.999551 0.00291679 -0.0298345 27.4573 -0.00331374 0.999907 -0.0132633 -0.293316 0.029793 0.0133562 0.999467 0.565874
0.999504 0.00137623 -0.0314535 27.6161 -0.00187934 0.999871 -0.0159702 -0.294965 0.0314275 0.0160214 0.999378 0.559658
0.999491 0.00185424 -0.0318633 27.7746 -0.00219344 0.999941 -0.0106124 -0.296539 0.0318417 0.0106769 0.999436 0.555436
0.999459 0.00117731 -0.0328847 27.9319 -0.00155248 0.999934 -0.0113853 -0.309881 0.0328692 0.0114301 0.999394 0.562197
0.999421 0.00152762 -0.0340016 28.0882 -0.00187681 0.999946 -0.0102389 -0.305467 0.0339841 0.0102967 0.999369 0.57094
0.999454 0.00276099 -0.0329403 28.2443 -0.00312601 0.999934 -0.0110331 -0.312027 0.0329077 0.0111301 0.999396 0.57728
0.999449 0.00354341 -0.0330148 28.4025 -0.00391163 0.999931 -0.0110931 -0.310592 0.0329732 0.0112161 0.999393 0.577854
0.999476 0.00328679 -0.0322156 28.5679 -0.00368575 0.999917 -0.0123294 -0.320755 0.0321724 0.0124417 0.999405 0.590952
0.99944 0.00372362 -0.0332439 28.7259 -0.00411162 0.999924 -0.0116093 -0.319686 0.0331981 0.0117394 0.99938 0.593623
0.999426 0.00159766 -0.0338334 28.8783 -0.00210999 0.999884 -0.0151111 -0.316756 0.0338053 0.0151738 0.999313 0.6008
0.999455 0.00168857 -0.0329807 29.0322 -0.00214909 0.999901 -0.0139304 -0.311774 0.0329539 0.0139937 0.999359 0.598601
0.999429 0.0021965 -0.0337158 29.191 -0.00262555 0.999916 -0.012686 -0.313615 0.0336851 0.0127673 0.999351 0.604185
0.999469 0.00376205 -0.0323629 29.3495 -0.00405956 0.99995 -0.00913081 -0.314801 0.032327 0.00925734 0.999435 0.622267
0.999511 0.00349525 -0.0310701 29.5138 -0.00375579 0.999958 -0.00832955 -0.312279 0.0310397 0.00844217 0.999483 0.617844
0.99945 0.0019544 -0.0331087 29.6713 -0.0021588 0.999979 -0.00613807 -0.318138 0.0330961 0.00620617 0.999433 0.618006
0.999474 0.00204712 -0.0323806 29.8356 -0.0022671 0.999975 -0.00675816 -0.324931 0.0323659 0.00682801 0.999453 0.619384
0.999471 0.0014634 -0.032491 29.992 -0.00170597 0.999971 -0.0074392 -0.32094 0.0324792 0.00749069 0.999444 0.626029
0.999503 0.00273924 -0.031405 30.1529 -0.00294516 0.999974 -0.00651317 -0.315789 0.0313864 0.00660242 0.999486 0.635549
0.999568 0.00348039 -0.0291973 30.3133 -0.00369377 0.999967 -0.00725621 -0.319188 0.0291711 0.00736092 0.999547 0.624559
0.999557 0.0110869 -0.0276192 30.4774 -0.0112922 0.99991 -0.00728752 -0.326906 0.0275359 0.00759617 0.999592 0.631334
0.99952 0.0120402 -0.0285417 30.6334 -0.0122615 0.999896 -0.00758845 -0.335453 0.0284474 0.00793477 0.999564 0.62847
0.999225 0.0254226 -0.0300431 30.8015 -0.0256877 0.999634 -0.0084676 -0.337563 0.0298168 0.00923277 0.999513 0.623911
0.999124 0.0284688 -0.0306913 30.9539 -0.0286878 0.999566 -0.0067148 -0.349808 0.0304868 0.00758938 0.999506 0.645291
0.998858 0.038331 -0.0285378 31.1063 -0.0384815 0.999248 -0.00474012 -0.35355 0.0283346 0.00583288 0.999582 0.641666
0.998637 0.0444477 -0.0273698 31.267 -0.0446031 0.998992 -0.00509187 -0.374342 0.0271158 0.0063057 0.999612 0.643984
0.99848 0.0474445 -0.0280367 31.4269 -0.0477055 0.998824 -0.00871311 -0.382967 0.0275903 0.0100374 0.999569 0.653788
0.99808 0.0551495 -0.0281799 31.5872 -0.0554421 0.998415 -0.00970832 -0.389933 0.0275998 0.011252 0.999556 0.656699
0.997736 0.0612858 -0.0277067 31.7467 -0.0615564 0.998063 -0.00901895 -0.405118 0.0271003 0.010704 0.999575 0.662996
0.997559 0.0637742 -0.0284643 31.9112 -0.0641861 0.997843 -0.013799 -0.418331 0.0275228 0.0155923 0.9995 0.662877
0.997311 0.0671297 -0.0294014 32.0599 -0.0675554 0.997621 -0.0137311 -0.437057 0.0284097 0.0156804 0.999473 0.667991
0.997242 0.0688943 -0.0276102 32.2212 -0.0693197 0.997485 -0.0147568 -0.452735 0.0265241 0.0166301 0.99951 0.658518
0.996967 0.0733046 -0.0261397 32.3715 -0.0737031 0.997173 -0.014621 -0.454925 0.024994 0.0165033 0.999551 0.659258
0.996967 0.0732116 -0.0263849 32.5373 -0.0736175 0.997178 -0.0147526 -0.463467 0.0252304 0.0166502 0.999543 0.660161
0.997012 0.0720381 -0.0278768 32.6891 -0.0724235 0.997288 -0.0130701 -0.4837 0.0268597 0.01505 0.999526 0.67423
0.996882 0.0738131 -0.0278911 32.8463 -0.0742272 0.997142 -0.0141106 -0.500497 0.0267699 0.0161369 0.999511 0.682289
0.996917 0.0726955 -0.0295218 33.0105 -0.0732325 0.997161 -0.0175319 -0.511339 0.0281634 0.0196398 0.99941 0.677763
0.996803 0.0740076 -0.0301172 33.1681 -0.0745946 0.997036 -0.0188513 -0.52362 0.0286328 0.0210376 0.999369 0.679628
0.996636 0.0765722 -0.0292304 33.3183 -0.077038 0.996913 -0.0151574 -0.540431 0.0279795 0.0173583 0.999458 0.671566
0.996546 0.077741 -0.0292111 33.4701 -0.0781813 0.996837 -0.014243 -0.557098 0.0280114 0.0164775 0.999472 0.675732
0.996613 0.0761025 -0.0311706 33.6241 -0.0764945 0.997003 -0.0115802 -0.575025 0.0301959 0.0139254 0.999447 0.695039
0.996598 0.075997 -0.0318855 33.7764 -0.0762542 0.997064 -0.00692789 -0.594311 0.0312654 0.00933572 0.999468 0.705015
0.996548 0.0763555 -0.0325932 33.9211 -0.0765772 0.997048 -0.00560536 -0.607866 0.032069 0.00808191 0.999453 0.701561
0.996351 0.0777594 -0.0352023 34.078 -0.0779904 0.99694 -0.00523336 -0.611955 0.0346877 0.0079597 0.999367 0.706413
0.996427 0.0773469 -0.0339233 34.2319 -0.0776835 0.99694 -0.00871631 -0.627802 0.0331454 0.0113204 0.999386 0.709817
0.996224 0.0804039 -0.0327707 34.3922 -0.0805751 0.996741 -0.0039345 -0.640863 0.0323476 0.00656015 0.999455 0.694223
0.996399 0.0797064 -0.0289137 34.5464 -0.0799144 0.996783 -0.00610622 -0.648396 0.028334 0.00839485 0.999563 0.691431
0.996349 0.0785615 -0.0334286 34.7035 -0.0788766 0.996851 -0.0082124 -0.671788 0.0326781 0.0108191 0.999407 0.707389
0.996215 0.0802291 -0.0334493 34.8582 -0.0806553 0.996675 -0.0115888 -0.684681 0.0324084 0.0142428 0.999373 0.703102
0.996254 0.0797022 -0.0335409 35.0168 -0.0801684 0.996699 -0.0127873 -0.69335 0.032411 0.0154284 0.999356 0.711185
0.996306 0.0793793 -0.0327565 35.1744 -0.0798011 0.996741 -0.0117733 -0.71294 0.0317152 0.0143438 0.999394 0.723352
0.996036 0.0832757 -0.0312691 35.3277 -0.0835371 0.996479 -0.00714516 -0.723735 0.030564 0.00972896 0.999486 0.734444
0.996114 0.0823385 -0.0312631 35.4859 -0.0826271 0.996548 -0.00804961 -0.731849 0.0304924 0.0106015 0.999479 0.731019
0.996149 0.0812243 -0.0330018 35.6433 -0.0815905 0.996617 -0.00990254 -0.751054 0.0320858 0.012557 0.999406 0.748582
0.996312 0.0794919 -0.0323053 35.7883 -0.0799326 0.996721 -0.0125865 -0.757744 0.0311988 0.0151223 0.999399 0.736231
0.996765 0.0729962 -0.0336303 35.9327 -0.073482 0.997206 -0.013441 -0.765747 0.0325552 0.0158688 0.999344 0.72797
0.997382 0.0635306 -0.0345537 36.085 -0.0639165 0.997903 -0.0101775 -0.786982 0.0338346 0.0123594 0.999351 0.726044
0.997442 0.0640446 -0.0317421 36.2165 -0.0644349 0.997857 -0.0114293 -0.790067 0.030942 0.0134454 0.999431 0.731168
0.997499 0.0632702 -0.0315197 36.3866 -0.0635093 0.997959 -0.00664077 -0.796081 0.0310352 0.00862595 0.999481 0.733245
0.997596 0.0628221 -0.0292517 36.538 -0.0631291 0.997958 -0.00969037 -0.804611 0.0285832 0.0115137 0.999525 0.729602
0.99766 0.061331 -0.0302202 36.6877 -0.0616007 0.998068 -0.0080747 -0.819127 0.0296666 0.00991739 0.999511 0.748135
0.997595 0.0613372 -0.0322795 36.8284 -0.0616107 0.998072 -0.00754282 -0.82321 0.0317546 0.00951343 0.99945 0.742313
0.997549 0.0620241 -0.0323937 36.9904 -0.0623058 0.998027 -0.00775905 -0.835221 0.0318486 0.00975835 0.999445 0.749053
0.99758 0.0612786 -0.0328458 37.1368 -0.0616645 0.998038 -0.0108652 -0.842364 0.0321155 0.0128643 0.999401 0.755628
0.997611 0.0627316 -0.0289502 37.2736 -0.0628709 0.998014 -0.00392534 -0.854355 0.0286464 0.00573608 0.999573 0.759141
0.997461 0.0647058 -0.0297586 37.4361 -0.0649349 0.997866 -0.00679289 -0.866902 0.0292556 0.00870801 0.999534 0.759588
0.997552 0.0639257 -0.0283398 37.5972 -0.0642093 0.997894 -0.00921251 -0.876643 0.0276912 0.0110096 0.999556 0.762612
0.997532 0.064118 -0.0286115 37.7429 -0.0645083 0.997833 -0.0129339 -0.884946 0.0277202 0.0147477 0.999507 0.763976
0.997521 0.0636227 -0.030071 37.8891 -0.0639691 0.997895 -0.0106987 -0.898437 0.0293271 0.0125958 0.999491 0.768748
0.997452 0.0642677 -0.0309568 38.0478 -0.0647731 0.997778 -0.015607 -0.917002 0.029885 0.0175724 0.999399 0.761228
0.997441 0.0648925 -0.0300111 38.1963 -0.0653904 0.997733 -0.0159153 -0.926452 0.0289103 0.017837 0.999423 0.760339
0.997336 0.0662329 -0.0305526 38.361 -0.0668452 0.997573 -0.0194728 -0.933087 0.0291887 0.0214632 0.999344 0.762424
0.997319 0.066905 -0.0296296 38.5211 -0.0674355 0.997574 -0.0172805 -0.941616 0.0284016 0.0192322 0.999412 0.762929
0.997334 0.0655756 -0.0320068 38.6684 -0.0661815 0.997641 -0.0182498 -0.956007 0.0307346 0.0203194 0.999321 0.781123
0.997296 0.0656751 -0.0329667 38.7959 -0.0661487 0.997719 -0.0134885 -0.968231 0.0320056 0.0156327 0.999366 0.778878
0.997307 0.0654421 -0.0331232 38.9698 -0.0657862 0.99779 -0.00940224 -0.979747 0.0324347 0.011556 0.999407 0.770216
0.997473 0.0626584 -0.0335083 39.1121 -0.0630375 0.997957 -0.0103749 -0.981931 0.0327897 0.012461 0.999385 0.792825
0.997334 0.0657067 -0.0317597 39.276 -0.0658758 0.997819 -0.00430541 -0.990039 0.0314075 0.00638612 0.999486 0.785294
0.997186 0.0672416 -0.0331511 39.4486 -0.0675582 0.997679 -0.00852103 -0.988615 0.0325012 0.0107367 0.999414 0.797812
0.997248 0.0669204 -0.0319108 39.586 -0.067296 0.997674 -0.0108461 -1.0195 0.0311108 0.0129637 0.999432 0.796436
0.997204 0.0673976 -0.0322784 39.7285 -0.0677868 0.997638 -0.0111167 -1.04285 0.0314529 0.0132737 0.999417 0.786744
0.997082 0.0684108 -0.0338812 39.8914 -0.0687953 0.997578 -0.0103143 -1.05009 0.0330935 0.012615 0.999373 0.782697
0.99708 0.0676896 -0.0353426 40.041 -0.0681807 0.99759 -0.0128765 -1.06224 0.0343858 0.0152486 0.999292 0.780725
0.997104 0.0682229 -0.0336032 40.1979 -0.0686048 0.99759 -0.0103429 -1.06939 0.0328166 0.0126183 0.999382 0.802281
0.997044 0.0693318 -0.0331027 40.3604 -0.0697628 0.997491 -0.0120482 -1.08016 0.0321843 0.014322 0.999379 0.809327
0.997053 0.0701519 -0.0310538 40.5193 -0.0705099 0.997455 -0.0105831 -1.09026 0.0302323 0.0127415 0.999462 0.815115
0.997026 0.0696801 -0.0329144 40.6641 -0.070152 0.997446 -0.0134033 -1.11004 0.0318964 0.0156725 0.999368 0.813763
0.996969 0.0700748 -0.0338137 40.8252 -0.070457 0.997462 -0.0102448 -1.11997 0.0330099 0.0125962 0.999376 0.827387
0.996931 0.0700512 -0.0349389 40.9748 -0.0705818 0.997405 -0.0141896 -1.13185 0.0338542 0.0166121 0.999289 0.831716
0.996902 0.0706052 -0.0346715 41.1221 -0.0709716 0.997434 -0.00945282 -1.14747 0.0339151 0.0118842 0.999354 0.831407
0.996859 0.0711382 -0.0348024 41.2787 -0.0715321 0.997386 -0.0102059 -1.1522 0.0339854 0.0126633 0.999342 0.837455
0.99676 0.0735607 -0.0325271 41.4306 -0.073851 0.997239 -0.00781007 -1.17309 0.0318628 0.0101869 0.99944 0.842824
0.996836 0.0722722 -0.0331017 41.5926 -0.072713 0.997277 -0.0123093 -1.16369 0.032122 0.0146773 0.999376 0.83256
0.996858 0.0719884 -0.0330414 41.7306 -0.0723725 0.997322 -0.0105781 -1.17479 0.0321914 0.0129361 0.999398 0.834593
0.996778 0.0725425 -0.0342172 41.8991 -0.0730371 0.997239 -0.0134301 -1.20314 0.0331485 0.015886 0.999324 0.849943
0.996782 0.0725719 -0.0340319 42.0311 -0.072982 0.997273 -0.0109636 -1.20852 0.0331435 0.013412 0.999361 0.862376
0.99673 0.0737802 -0.0329508 42.2062 -0.074105 0.997212 -0.0087448 -1.21868 0.0322137 0.011158 0.999419 0.853535
0.996621 0.0756808 -0.031913 42.3746 -0.0759489 0.997085 -0.0072714 -1.20972 0.0312697 0.00967059 0.999464 0.844979
0.996696 0.0747027 -0.0318996 42.5326 -0.075058 0.997128 -0.0100878 -1.22537 0.0310544 0.0124488 0.99944 0.863353
0.9967 0.0747216 -0.0317111 42.6793 -0.0751207 0.997107 -0.011584 -1.24549 0.0307538 0.0139279 0.99943 0.868633
0.996558 0.0759721 -0.0331886 42.8392 -0.0762506 0.997063 -0.00720559 -1.25317 0.0325436 0.00971143 0.999423 0.867637
0.996576 0.0747571 -0.0353204 42.99 -0.0752192 0.997096 -0.011937 -1.26248 0.0343254 0.0145529 0.999305 0.882187
0.996574 0.0754813 -0.033808 43.1602 -0.0758783 0.997061 -0.0106163 -1.27225 0.0329073 0.0131452 0.999372 0.895066
0.996467 0.0769896 -0.0335696 43.3275 -0.0773635 0.996953 -0.00998142 -1.27665 0.0326988 0.0125432 0.999387 0.902995
0.996414 0.0772743 -0.0344653 43.4807 -0.0776735 0.996925 -0.0103967 -1.29403 0.0335559 0.0130364 0.999352 0.902285
0.996473 0.0764334 -0.0346261 43.6423 -0.0768069 0.997 -0.00958547 -1.29537 0.0337895 0.0122112 0.999354 0.906216
0.99634 0.077929 -0.0351351 43.7902 -0.0782749 0.996895 -0.00857506 -1.31142 0.0343578 0.0112939 0.999346 0.909516
0.996255 0.0781748 -0.0369347 43.9531 -0.0786685 0.996827 -0.0121052 -1.32252 0.0358712 0.0149654 0.999244 0.917872
0.996161 0.0791624 -0.0373863 44.1148 -0.0796485 0.996755 -0.0116904 -1.33137 0.0363395 0.0146233 0.999233 0.926906
0.996217 0.0785288 -0.0372093 44.2743 -0.078959 0.996825 -0.0102336 -1.34613 0.0362875 0.0131329 0.999255 0.930802
0.996151 0.0801339 -0.035516 44.4245 -0.0804932 0.996716 -0.00880347 -1.38439 0.0346939 0.0116284 0.99933 0.901638
0.996152 0.0801263 -0.0355163 44.5784 -0.0804872 0.996716 -0.00884778 -1.39516 0.0346908 0.0116723 0.99933 0.893138
0.996161 0.0795071 -0.0366356 44.7303 -0.0798232 0.996783 -0.00724567 -1.41241 0.0359416 0.0101422 0.999303 0.904208
0.996023 0.0805102 -0.0381555 44.9174 -0.0808016 0.996711 -0.00615397 -1.42689 0.0375346 0.00921252 0.999253 0.903771
