0.999993 -0.00343552 -0.00152645 0.680544 0.00343147 0.999991 -0.00261855 -0.00344747 0.00153544 0.0026133 0.999996 0.0113618
0.999981 -0.00549401 -0.00270144 1.53863 0.00548832 0.999983 -0.00211326 0.043197 0.00271301 0.00209839 0.999994 0.0341051
0.999964 -0.00755152 -0.00387839 2.3967 0.00754529 0.99997 -0.00161287 0.0898384 0.00389045 0.00158355 0.999991 0.0568465
0.999941 -0.00960742 -0.00505703 3.25457 0.00960187 0.999953 -0.00111752 0.136467 0.00506753 0.00106889 0.999987 0.0795813
0.999913 -0.0116627 -0.0062379 4.11265 0.011659 0.999932 -0.000626963 0.183106 0.00624479 0.000554185 0.99998 0.10232
0.999878 -0.0137167 -0.00742063 4.97068 0.013716 0.999906 -0.000141365 0.229739 0.00742187 3.95607e-05 0.999973 0.125057
0.999839 -0.0157691 -0.00860503 5.82853 0.0157726 0.999876 0.000339204 0.276362 0.0085986 -0.00047487 0.999963 0.147787
0.999793 -0.0178205 -0.00979135 6.68642 0.0178294 0.999841 0.00081485 0.322983 0.00977527 -0.000989255 0.999952 0.170517
0.999742 -0.0198711 -0.0109797 7.54444 0.0198865 0.999802 0.00128563 0.36961 0.010952 -0.00150365 0.999939 0.193249
0.999686 -0.021921 -0.0121703 8.40268 0.021944 0.999758 0.00175158 0.416246 0.0121289 -0.00201809 0.999924 0.215985
0.999623 -0.0239693 -0.0133624 9.26072 0.024001 0.99971 0.00221246 0.46287 0.0133055 -0.00253233 0.999908 0.238714
0.999556 -0.026016 -0.014556 10.1185 0.0260574 0.999657 0.00266826 0.509479 0.0144816 -0.00304636 0.999891 0.261437
0.999482 -0.0280617 -0.0157517 10.9766 0.0281142 0.9996 0.00311919 0.556097 0.0156579 -0.00356042 0.999871 0.284163
0.999403 -0.0301064 -0.0169492 11.8346 0.0301709 0.999539 0.00356515 0.602712 0.016834 -0.0040744 0.99985 0.306887
0.999342 -0.0320223 -0.0170339 12.6896 0.032068 0.999483 0.00241914 0.64834 0.0169476 -0.00296379 0.999852 0.328429
0.999229 -0.034185 -0.0192958 13.55 0.0342753 0.999403 0.0043666 0.695867 0.019135 -0.0050246 0.999804 0.352266
0.999117 -0.0358161 -0.0219729 14.4183 0.0359379 0.999341 0.00517397 0.744939 0.0217731 -0.00595906 0.999745 0.376183
0.999 -0.0377179 -0.0240142 15.2971 0.0379368 0.999242 0.00872734 0.800147 0.0236669 -0.00962963 0.999674 0.401636
0.99895 -0.0390905 -0.0239072 16.1863 0.0393401 0.999175 0.0100603 0.852963 0.0234942 -0.0109902 0.999664 0.427226
0.998923 -0.040707 -0.0222645 17.0845 0.0409342 0.999114 0.00984231 0.906501 0.0218441 -0.0107431 0.999704 0.454099
0.99889 -0.0422317 -0.0208382 17.9892 0.042448 0.999048 0.0100492 0.957179 0.0203939 -0.0109226 0.999732 0.47983
0.99885 -0.0434327 -0.0202834 18.899 0.0436342 0.999002 0.00960327 1.01163 0.019846 -0.0104773 0.999748 0.503984
0.998761 -0.0451394 -0.0209461 19.8124 0.0453505 0.998924 0.00970869 1.064 0.0204853 -0.0106466 0.999734 0.528097
0.998686 -0.0462614 -0.022034 20.7289 0.0464502 0.998888 0.00813387 1.1171 0.0216332 -0.00914667 0.999724 0.552577
0.998677 -0.0470936 -0.0206462 21.6544 0.0472622 0.998853 0.00776054 1.16956 0.020257 -0.00872606 0.999757 0.576921
0.998746 -0.0471406 -0.0168303 22.5872 0.0473035 0.998836 0.00942142 1.22635 0.0163666 -0.0102057 0.999814 0.604036
0.998836 -0.0464221 -0.0131358 23.5236 0.0465589 0.998863 0.0103039 1.28128 0.0126426 -0.0109035 0.999861 0.631884
0.998931 -0.0450472 -0.0103997 24.465 0.0451456 0.998936 0.00941398 1.33305 0.00996454 -0.00987341 0.999902 0.655112
0.999005 -0.0436251 -0.00925471 25.4097 0.0437105 0.999002 0.00923537 1.38477 0.00884257 -0.00963071 0.999915 0.674292
0.999034 -0.0424041 -0.0115411 26.3566 0.042514 0.999051 0.00944534 1.436 0.0111297 -0.00992688 0.999889 0.692314
0.999004 -0.0413873 -0.0167001 27.3084 0.0415638 0.999082 0.0103637 1.48764 0.0162558 -0.0110475 0.999807 0.711823
0.998988 -0.0401546 -0.0202857 28.2662 0.0403594 0.999137 0.00979088 1.5371 0.0198751 -0.0105997 0.999746 0.733025
0.999036 -0.0394274 -0.0193015 29.2337 0.0395775 0.999189 0.00745594 1.58449 0.0189919 -0.00821265 0.999786 0.757372
0.999107 -0.0396991 -0.0144336 30.209 0.0397847 0.999192 0.00569128 1.63234 0.014196 -0.00626044 0.99988 0.781006
0.999122 -0.0406285 -0.0101996 31.188 0.0406565 0.99917 0.00255622 1.68024 0.0100873 -0.00296867 0.999945 0.804098
0.999081 -0.0417004 -0.00994893 32.1664 0.0416513 0.999119 -0.00508921 1.72013 0.0101524 0.00467015 0.999938 0.822731
0.998968 -0.0432985 -0.0137424 33.1456 0.0431899 0.999034 -0.00810452 1.76701 0.0140801 0.00750262 0.999873 0.839061
0.99883 -0.0448153 -0.0181582 34.1288 0.0446842 0.998973 -0.00756791 1.82131 0.0184787 0.00674767 0.999807 0.859511
0.998713 -0.0467197 -0.0197259 35.1367 0.0465902 0.99889 -0.006976 1.87988 0.0200299 0.00604798 0.999781 0.893297
0.998702 -0.0477976 -0.0175762 36.192 0.0476812 0.998838 -0.00698724 1.94362 0.0178897 0.00614013 0.999821 0.951925
0.998701 -0.0488113 -0.0146248 37.2351 0.0487606 0.998803 -0.00380911 2.01092 0.0147932 0.00309105 0.999886 1.00243
0.998653 -0.0500908 -0.0135563 38.2774 0.0500481 0.998741 -0.00347397 2.07656 0.0137132 0.00279082 0.999902 1.05113
0.998628 -0.0511161 -0.0113971 39.3102 0.0510891 0.998691 -0.00265948 2.14075 0.0115181 0.00207357 0.999932 1.09046
0.998658 -0.0512377 -0.00755472 40.346 0.0512152 0.998683 -0.00315493 2.20589 0.00770641 0.00276378 0.999967 1.1295
0.998644 -0.0516931 -0.00614899 41.3677 0.0517096 0.998659 0.00255947 2.28001 0.00600843 -0.00287396 0.999978 1.15771
0.998648 -0.0516517 -0.00578041 42.3894 0.0516723 0.998658 0.00344606 2.35058 0.00559465 -0.00374009 0.999977 1.18559
0.998631 -0.0517874 -0.00742717 43.4 0.0518117 0.998652 0.00309968 2.41647 0.00725663 -0.00348025 0.999968 1.20778
0.998618 -0.0515481 -0.0102939 44.4049 0.051605 0.998654 0.00533519 2.48759 0.010005 -0.00585903 0.999933 1.23435
0.998568 -0.0524347 -0.0106091 45.405 0.0524935 0.998607 0.00533539 2.55223 0.0103146 -0.00588465 0.99993 1.265
0.998513 -0.0537771 -0.00899584 46.4048 0.053809 0.998546 0.00334356 2.61387 0.00880295 -0.00382264 0.999954 1.29326
0.998473 -0.0546493 -0.00804475 47.3995 0.0546795 0.998498 0.00357188 2.68111 0.00783746 -0.00400632 0.999961 1.32359
0.99844 -0.054916 -0.0101273 48.385 0.0549809 0.998468 0.00624216 2.75316 0.00976903 -0.00678923 0.999929 1.3519
0.998336 -0.055586 -0.0153595 49.363 0.0556939 0.998426 0.00668468 2.82383 0.0149638 -0.00752899 0.99986 1.3776
0.99829 -0.0560576 -0.0165433 50.3435 0.056181 0.998396 0.00708754 2.891 0.0161195 -0.00800484 0.999838 1.40288
0.998318 -0.0564004 -0.0134425 51.3251 0.0564958 0.99838 0.00681977 2.95595 0.013036 -0.00756775 0.999887 1.43549
0.998336 -0.056753 -0.0102526 52.3008 0.0567983 0.998377 0.00418483 3.01949 0.00999847 -0.0047602 0.999939 1.46275
0.998329 -0.0570534 -0.00915279 53.2715 0.0570818 0.998366 0.0028779 3.08406 0.00897363 -0.00339555 0.999954 1.48837
0.998313 -0.0572281 -0.00976845 54.2338 0.0572297 0.998361 -0.000109933 3.14584 0.00975873 -0.0004493 0.999952 1.51076
0.998265 -0.0577886 -0.0113101 55.1976 0.0577523 0.998325 -0.00351112 3.20335 0.011494 0.00285185 0.99993 1.53248
0.998204 -0.0589677 -0.0105213 56.1557 0.058917 0.99825 -0.00506187 3.26517 0.0108014 0.00443289 0.999932 1.55432
0.998175 -0.0600726 -0.00610413 57.1183 0.0600246 0.998167 -0.00776744 3.32612 0.00655955 0.00738687 0.999951 1.57398
0.99816 -0.0606253 -0.000570808 58.0795 0.0606173 0.998117 -0.00942283 3.39333 0.00114099 0.00937089 0.999956 1.58883
0.998127 -0.0611604 0.00165381 59.0311 0.0611718 0.998095 -0.00801918 3.46597 -0.00116021 0.00810532 0.999967 1.60291
0.998035 -0.0626585 -0.000856334 59.9718 0.0626516 0.998014 -0.00655521 3.53392 0.00126537 0.00648867 0.999978 1.61871
0.997901 -0.0641381 -0.00898921 60.8965 0.0640913 0.99793 -0.00539932 3.59696 0.00931689 0.00481185 0.999945 1.63406
0.997757 -0.065216 -0.015084 61.8121 0.0651509 0.997864 -0.0047686 3.65834 0.0153627 0.00377517 0.999875 1.65415
0.997683 -0.0664424 -0.0146464 62.7226 0.0664544 0.99779 0.000328405 3.73118 0.0145922 -0.00130096 0.999893 1.67803
0.997659 -0.0673108 -0.012101 63.6213 0.0673604 0.997722 0.00373627 3.79959 0.011822 -0.00454265 0.99992 1.70711
0.997586 -0.0686599 -0.0104124 64.5051 0.0687309 0.997613 0.0066223 3.86846 0.00993288 -0.00732196 0.999924 1.73589
0.997491 -0.0698892 -0.0112989 65.3736 0.0699678 0.997527 0.00671943 3.93414 0.0108013 -0.00749313 0.999914 1.75894
0.997384 -0.0715015 -0.0106281 66.2294 0.0715893 0.997401 0.00812638 4.00237 0.0100194 -0.00886598 0.999911 1.78169
0.997281 -0.0729954 -0.010074 67.0717 0.0730905 0.997281 0.009409 4.07008 0.00935984 -0.0101197 0.999905 1.80621
0.997171 -0.07461 -0.00910655 67.9014 0.0746944 0.997163 0.00930434 4.13568 0.00838651 -0.00995823 0.999915 1.82928
0.997067 -0.0760755 -0.00839876 68.7193 0.0761492 0.997058 0.00881978 4.20043 0.00770307 -0.00943347 0.999926 1.84974
0.996974 -0.0774723 -0.00631589 69.5227 0.077539 0.996928 0.0110981 4.26863 0.00543668 -0.0115542 0.999919 1.87013
0.996898 -0.0786744 -0.00196793 70.3177 0.0786934 0.996814 0.0130017 4.33771 0.00093876 -0.0131162 0.999914 1.88862
0.996751 -0.0805468 -0.000139978 71.0949 0.0805394 0.996632 0.0154619 4.40114 -0.00110591 -0.015423 0.999881 1.91031
0.996619 -0.0820774 -0.00372133 71.8474 0.0821325 0.996451 0.0184276 4.47043 0.00219563 -0.0186709 0.999823 1.93171
0.996466 -0.0832569 -0.0111322 72.5787 0.0834588 0.996328 0.0191007 4.53593 0.00950104 -0.0199623 0.999756 1.95295
0.996264 -0.0847247 -0.016718 73.291 0.0850229 0.996216 0.0180154 4.59995 0.0151284 -0.0193695 0.999698 1.97072
0.99618 -0.0851902 -0.0191947 73.9871 0.0855466 0.996161 0.0185793 4.6652 0.0175383 -0.0201504 0.999643 1.99231
0.996168 -0.0859287 -0.0162716 74.6639 0.086261 0.996052 0.0209606 4.73156 0.0144063 -0.0222839 0.999648 2.01973
0.996102 -0.087221 -0.0131407 75.3198 0.0874964 0.99592 0.0220896 4.79306 0.0111604 -0.0231533 0.99967 2.05233
0.99595 -0.0885495 -0.0155775 75.9521 0.0888425 0.99586 0.0192557 4.84758 0.0138079 -0.0205617 0.999693 2.07898
0.995859 -0.0887516 -0.019712 76.5653 0.0889878 0.995967 0.0114472 4.89331 0.0186166 -0.0131539 0.99974 2.10283
0.995814 -0.0879347 -0.0249307 77.1591 0.0881333 0.996084 0.00698275 4.94176 0.024219 -0.00915075 0.999665 2.12896
0.996035 -0.0851054 -0.0259115 77.7408 0.0853434 0.996318 0.00821953 4.99562 0.0251166 -0.0103983 0.999631 2.15475
0.996428 -0.0811812 -0.0232587 78.3108 0.0815199 0.996574 0.014004 5.05142 0.0220421 -0.01585 0.999632 2.18207
0.996853 -0.0767201 -0.0199772 78.8661 0.0769868 0.996948 0.0129372 5.09371 0.0189237 -0.0144344 0.999717 2.2059
0.997306 -0.0716575 -0.0156839 79.4097 0.0717996 0.997381 0.00868923 5.12199 0.0150202 -0.00979192 0.999839 2.23096
0.997893 -0.0639222 -0.0111145 79.9403 0.0639779 0.99794 0.0047342 5.14785 0.0107889 -0.00543531 0.999927 2.25632
0.998494 -0.0536592 -0.0114525 80.4529 0.0537421 0.99853 0.00706252 5.17591 0.0110567 -0.00766737 0.99991 2.27659
0.999165 -0.0390657 -0.0119367 80.9538 0.0392159 0.999151 0.0126234 5.2079 0.0114334 -0.013081 0.999849 2.29527
0.999713 -0.0211501 -0.0112219 81.4423 0.021347 0.999615 0.0177271 5.22678 0.0108426 -0.0179615 0.99978 2.31244
0.999946 0.000102414 -0.0103733 81.9168 7.29816e-05 0.999857 0.0169058 5.22289 0.0103735 -0.0169057 0.999803 2.3271
0.999635 0.0254754 -0.00899968 82.3784 -0.0253525 0.999587 0.0135213 5.20084 0.00934042 -0.0132882 0.999868 2.34348
0.998509 0.0541218 -0.00708066 82.8312 -0.0540339 0.998466 0.0120679 5.16637 0.00772294 -0.0116673 0.999902 2.35911
0.99626 0.0862519 -0.00505661 83.2771 -0.0861881 0.99621 0.0117035 5.11902 0.00604689 -0.0112239 0.999919 2.37375
0.992445 0.122634 -0.00371879 83.7138 -0.122584 0.99239 0.0116379 5.05339 0.0051177 -0.0110941 0.999925 2.38639
0.986615 0.163036 -0.00308571 84.142 -0.162989 0.986557 0.011866 4.97172 0.00497881 -0.0112043 0.999925 2.39685
0.978343 0.206977 -0.00236961 84.5577 -0.206937 0.978286 0.0116041 4.8686 0.00471995 -0.0108625 0.99993 2.40901
0.967076 0.254474 -0.00274836 84.9576 -0.254414 0.966998 0.01373 4.74583 0.00615159 -0.0125787 0.999902 2.42366
0.952022 0.305999 -0.00426918 85.3423 -0.305909 0.951946 0.0147774 4.60071 0.00858591 -0.0127624 0.999882 2.43741
0.932829 0.360282 -0.00520799 85.7097 -0.360174 0.932765 0.0149517 4.43311 0.0102447 -0.0120716 0.999875 2.44715
0.9094 0.415881 -0.00580716 86.0589 -0.415756 0.909343 0.0155627 4.24469 0.0117529 -0.0117384 0.999862 2.45393
0.881455 0.472218 -0.00685192 86.3887 -0.472073 0.881415 0.0159416 4.03599 0.0135673 -0.0108172 0.999849 2.45984
0.849164 0.528053 -0.00898175 86.6963 -0.527913 0.84918 0.0141925 3.80383 0.0151215 -0.00731016 0.999859 2.4677
0.813512 0.581471 -0.00949514 86.9858 -0.581338 0.813548 0.0136221 3.55678 0.0156456 -0.00556185 0.999862 2.47951
0.774834 0.632111 -0.00826378 87.2588 -0.632012 0.774868 0.0118721 3.29242 0.0139078 -0.00397612 0.999895 2.49064
0.733462 0.679712 -0.00496603 87.5161 -0.679639 0.733464 0.011058 3.0096 0.0111586 -0.00473549 0.999927 2.49786
0.689804 0.723986 -0.00394377 87.7524 -0.723931 0.689804 0.00968655 2.71312 0.00973335 -0.0038268 0.999945 2.50308
0.644567 0.764522 -0.00634621 87.9643 -0.764479 0.644598 0.00813758 2.398 0.0103121 -0.000393665 0.999947 2.50718
0.599036 0.800645 -0.0110954 88.1547 -0.800652 0.59911 0.00488435 2.07346 0.010558 0.00595763 0.999927 2.51233
0.553638 0.832697 -0.0100423 88.3335 -0.832689 0.553707 0.00611035 1.74449 0.0106486 0.00497923 0.999931 2.52007
0.507604 0.861569 -0.00613932 88.5029 -0.861525 0.507641 0.00872879 1.40727 0.010637 0.000858407 0.999943 2.52633
0.463249 0.886214 -0.0050188 88.6547 -0.886153 0.463277 0.0104208 1.05991 0.0115601 -0.000379998 0.999933 2.53174
0.421865 0.906597 -0.0105636 88.7793 -0.906581 0.421953 0.00818262 0.70352 0.0118757 0.00612478 0.999911 2.53587
0.383252 0.923363 -0.0227581 88.882 -0.9236 0.383357 0.000261132 0.330976 0.0089656 0.0209193 0.999741 2.53606
0.348542 0.936894 -0.0273501 88.9817 -0.937276 0.348566 -0.00404772 -0.0409075 0.00574101 0.0270453 0.999618 2.53821
0.31628 0.948311 -0.0259334 89.0885 -0.948637 0.316366 -0.000838596 -0.412446 0.00740917 0.0248666 0.999663 2.54293
0.285654 0.95819 -0.0165282 89.1991 -0.958271 0.285789 0.00640674 -0.78453 0.0108625 0.0140084 0.999843 2.55496
0.257276 0.966277 -0.0108831 89.2949 -0.966245 0.257391 0.0109954 -1.16604 0.0134258 0.00768685 0.99988 2.57025
0.232057 0.972627 -0.0120587 89.3716 -0.972584 0.232204 0.0126932 -1.56301 0.0151458 0.00878256 0.999847 2.58087
0.208559 0.977845 -0.0179397 89.4323 -0.977867 0.208807 0.0132656 -1.96979 0.0167176 0.014776 0.999751 2.58804
0.188261 0.981732 -0.0275761 89.4811 -0.981835 0.188808 0.0187765 -2.38982 0.0236401 0.0235403 0.999443 2.57977
0.168633 0.9852 -0.030733 89.5361 -0.985183 0.169456 0.0264592 -2.81667 0.0312755 0.0258157 0.999177 2.57343
0.150963 0.988136 -0.0282247 89.5954 -0.988018 0.151749 0.0281721 -3.26199 0.032121 0.0236336 0.999205 2.58075
0.135696 0.990455 -0.0241817 89.6505 -0.9904 0.136257 0.0232881 -3.7268 0.0263607 0.0207894 0.999436 2.59923
0.121209 0.992349 -0.0234882 89.6923 -0.992378 0.121675 0.019523 -4.20147 0.0222315 0.0209428 0.999534 2.61741
0.107739 0.993862 -0.0251141 89.7256 -0.993985 0.108182 0.0170328 -4.68766 0.0196452 0.0231279 0.99954 2.63237
0.0958637 0.994983 -0.0286048 89.7509 -0.995221 0.0963443 0.015919 -5.18621 0.0185951 0.026942 0.999464 2.64312
0.0853419 0.995844 -0.0318008 89.7732 -0.996171 0.0858906 0.0163048 -5.69981 0.0189684 0.0302875 0.999361 2.65422
0.0766933 0.996477 -0.0339472 89.7946 -0.996865 0.077298 0.0168708 -6.22914 0.0194354 0.0325469 0.999281 2.66613
0.0705996 0.996869 -0.0356113 89.8148 -0.997313 0.0712412 0.0170794 -6.77597 0.0195629 0.0343098 0.99922 2.6769
0.0647224 0.997215 -0.0370614 89.835 -0.997693 0.0654264 0.0181094 -7.33865 0.0204838 0.0358038 0.999149 2.68561
0.058349 0.997597 -0.0373514 89.8552 -0.99807 0.0590908 0.0190745 -7.92176 0.0212358 0.0361664 0.99912 2.69308
0.0536482 0.997773 -0.0396367 89.8722 -0.998337 0.0544336 0.0190073 -8.52596 0.0211226 0.038551 0.999033 2.70319
0.0500787 0.997891 -0.0412996 89.8819 -0.998528 0.0508885 0.0187943 -9.14502 0.0208564 0.0402976 0.99897 2.71248
0.0465883 0.998019 -0.0422806 89.8939 -0.998707 0.0474002 0.0184041 -9.78383 0.0203718 0.0413685 0.998936 2.72343
0.0434158 0.998099 -0.0437497 89.8999 -0.998864 0.0442278 0.0177673 -10.4403 0.0196685 0.0429286 0.998885 2.73371
0.0419226 0.997958 -0.048186 89.9043 -0.998933 0.0428025 0.0173751 -11.1128 0.0194021 0.0474061 0.998687 2.74388
0.0420511 0.997756 -0.0520985 89.9055 -0.998931 0.0429889 0.0170136 -11.8007 0.0192151 0.0513273 0.998497 2.75284
0.0437008 0.997575 -0.05417 89.9137 -0.99886 0.0446715 0.0168396 -12.5075 0.0192186 0.0533723 0.99839 2.76302
0.0467496 0.997296 -0.0567074 89.9261 -0.998712 0.0477872 0.017081 -13.2303 0.0197447 0.0558358 0.998245 2.7744
0.0504616 0.997062 -0.0576269 89.9415 -0.998529 0.0515131 0.0169087 -13.9709 0.0198276 0.0566889 0.998195 2.78669
0.0542999 0.996779 -0.0590172 89.966 -0.998355 0.0552843 0.0151763 -14.7288 0.0183902 0.0580961 0.998142 2.80344
0.0582343 0.996551 -0.0591237 89.9958 -0.998156 0.0591412 0.0137045 -15.5003 0.0171538 0.0582166 0.998157 2.82118
0.0623786 0.996459 -0.0563779 90.0356 -0.997938 0.0631275 0.0115998 -16.2888 0.0151177 0.0555381 0.998342 2.83718
0.066431 0.996259 -0.0552727 90.0771 -0.997691 0.0671056 0.0104367 -17.0834 0.0141067 0.0544518 0.998417 2.85222
0.0703726 0.996113 -0.0529745 90.1247 -0.997407 0.0710676 0.0113484 -17.8858 0.0150691 0.0520385 0.998531 2.86951
0.073605 0.995975 -0.0511395 90.1757 -0.997119 0.074437 0.0145575 -18.6907 0.0183056 0.0499207 0.998586 2.88948
0.0748127 0.996129 -0.0461538 90.2328 -0.996905 0.0758328 0.0207611 -19.4995 0.0241807 0.0444577 0.998719 2.90993
0.0744085 0.99627 -0.0436994 90.2853 -0.996862 0.0754962 0.0237892 -20.3142 0.0269996 0.0417922 0.998762 2.93075
0.0744728 0.996368 -0.0412768 90.3379 -0.996854 0.0755078 0.0241081 -21.1323 0.0271372 0.0393516 0.998857 2.95941
0.074467 0.996494 -0.0381432 90.3914 -0.996927 0.0753235 0.021531 -21.9521 0.0243286 0.0364226 0.99904 2.99217
0.074327 0.996476 -0.0388707 90.4393 -0.996951 0.0751773 0.0208881 -22.7701 0.0237366 0.0371996 0.999026 3.02212
0.0745403 0.996542 -0.0367081 90.4882 -0.996964 0.0753014 0.0198044 -23.5882 0.0225001 0.0351204 0.99913 3.05288
0.0742245 0.996627 -0.0350142 90.5347 -0.996992 0.0749462 0.0197691 -24.405 0.0223266 0.0334415 0.999191 3.08676
0.0742746 0.996707 -0.0325335 90.5854 -0.996973 0.0749679 0.0206334 -25.2181 0.0230044 0.0309025 0.999258 3.11684
0.0730542 0.996888 -0.0296127 90.6353 -0.997039 0.0737157 0.0218933 -26.0303 0.0240081 0.0279256 0.999322 3.14634
0.0703331 0.997167 -0.0266681 90.6853 -0.99724 0.0709251 0.021946 -26.8422 0.0237753 0.025051 0.999404 3.17637
0.0665513 0.997499 -0.0238182 90.7312 -0.997535 0.0670486 0.0207234 -27.6541 0.0222685 0.0223803 0.999502 3.20676
0.0617745 0.997861 -0.0214004 90.774 -0.997899 0.0621681 0.0182428 -28.4671 0.0195342 0.0202285 0.999605 3.23831
0.0555399 0.998275 -0.0190402 90.8094 -0.998313 0.0558453 0.0158995 -29.2798 0.0169354 0.018125 0.999692 3.26813
0.0481166 0.998676 -0.0181879 90.836 -0.998705 0.0484031 0.0156559 -30.0885 0.0165156 0.0174111 0.999712 3.29596
0.039376 0.999073 -0.0174183 90.8556 -0.999075 0.0396654 0.0165979 -30.8917 0.0172735 0.0167486 0.999711 3.32137
0.0292511 0.999414 -0.0177526 90.863 -0.999414 0.029558 0.0172744 -31.6944 0.017789 0.0172369 0.999693 3.34589
0.0190126 0.999646 -0.0186051 90.8634 -0.999679 0.0193189 0.0164166 -32.4933 0.0167703 0.018287 0.999692 3.37155
0.00824064 0.999814 -0.0174534 90.8575 -0.999853 0.00850088 0.0148892 -33.2868 0.0150348 0.0173281 0.999737 3.3973
-0.00292083 0.999827 -0.018357 90.8401 -0.999898 -0.00266303 0.0140543 -34.08 0.014003 0.0183962 0.999733 3.41891
-0.0140686 0.999729 -0.0185489 90.8137 -0.999808 -0.0138112 0.0139292 -34.8675 0.0136692 0.0187413 0.999731 3.44007
-0.0251962 0.999512 -0.0184613 90.7803 -0.999584 -0.0249305 0.014483 -35.648 0.0140157 0.0188186 0.999725 3.46183
-0.0360173 0.99919 -0.0179299 90.7391 -0.999241 -0.0357413 0.0154887 -36.4244 0.0148353 0.0184741 0.999719 3.48271
-0.0464322 0.998752 -0.0184068 90.6894 -0.9988 -0.0461313 0.01645 -37.1931 0.0155804 0.0191485 0.999695 3.50278
-0.056074 0.998246 -0.0190189 90.6318 -0.998298 -0.0557508 0.017122 -37.9535 0.0160316 0.0199466 0.999673 3.52355
-0.0657439 0.997647 -0.019444 90.5658 -0.997705 -0.0654067 0.017502 -38.7063 0.0161891 0.0205501 0.999658 3.5455
-0.0752742 0.996965 -0.0198426 90.4956 -0.997035 -0.0749306 0.0175265 -39.4514 0.0159865 0.0211031 0.99965 3.56601
-0.084006 0.996243 -0.021031 90.4168 -0.996346 -0.0836506 0.0172474 -40.1882 0.0154233 0.022403 0.99963 3.58733
-0.0915259 0.995547 -0.0225446 90.3328 -0.995707 -0.0911793 0.0159523 -40.9175 0.0138257 0.0239079 0.999619 3.60849
-0.0968947 0.994971 -0.0253995 90.2442 -0.995223 -0.0965505 0.0144497 -41.6361 0.0119247 0.0266783 0.999573 3.63109
-0.100948 0.994482 -0.0285537 90.1536 -0.994844 -0.100621 0.0126791 -42.3496 0.00973604 0.0296864 0.999512 3.64965
-0.103887 0.994122 -0.0304908 90.0644 -0.994556 -0.103583 0.0113815 -43.0518 0.00815625 0.0315071 0.99947 3.66646
-0.105691 0.993915 -0.0310348 89.9777 -0.994372 -0.105406 0.0106623 -43.7376 0.00732614 0.0319871 0.999461 3.68277
-0.106763 0.993787 -0.0314409 89.8923 -0.994258 -0.106475 0.0107026 -44.4116 0.00728841 0.032403 0.999448 3.6981
-0.106225 0.993816 -0.0323431 89.8078 -0.994307 -0.105891 0.0118586 -45.0673 0.00836039 0.0334186 0.999407 3.71289
-0.103553 0.994063 -0.033397 89.7277 -0.994578 -0.103165 0.0131263 -45.7057 0.00960299 0.0345752 0.999356 3.72763
-0.0988384 0.994539 -0.0335287 89.6556 -0.995047 -0.0984178 0.0139786 -46.3274 0.0106024 0.0347443 0.99934 3.74279
-0.0913459 0.995275 -0.0329275 89.594 -0.995753 -0.0909092 0.0145308 -46.9295 0.0114687 0.034115 0.999352 3.75866
-0.0807215 0.996219 -0.0321213 89.5407 -0.996662 -0.0802781 0.0148649 -47.5138 0.0122301 0.033214 0.999373 3.77558
-0.0674639 0.997212 -0.0319017 89.497 -0.997639 -0.0670115 0.0150415 -48.0779 0.0128618 0.0328412 0.999378 3.79302
-0.0509314 0.998222 -0.0309711 89.4696 -0.998593 -0.0504416 0.016396 -48.6218 0.0148047 0.0317626 0.999386 3.81003
-0.0306491 0.999081 -0.0299534 89.4578 -0.999365 -0.0300856 0.0190856 -49.157 0.0181669 0.0305194 0.999369 3.83087
-0.0069806 0.999567 -0.028596 89.4597 -0.999731 -0.00634275 0.0223356 -49.6847 0.0221446 0.0287442 0.999342 3.85221
0.020728 0.999408 -0.0274461 89.4747 -0.999477 0.0213953 0.0242426 -50.2098 0.0248155 0.0269293 0.999329 3.87223
0.0529968 0.99824 -0.0266045 89.5069 -0.998262 0.0536478 0.024382 -50.732 0.0257664 0.0252661 0.999349 3.89292
0.0901008 0.995582 -0.0264343 89.5576 -0.995627 0.0906993 0.0223868 -51.2496 0.0246854 0.0243017 0.9994 3.91446
0.131481 0.990997 -0.0252711 89.6329 -0.991067 0.131979 0.0191854 -51.7612 0.022348 0.0225228 0.999497 3.9376
0.175723 0.984172 -0.0229602 89.7324 -0.984262 0.176087 0.0149069 -52.2635 0.0187139 0.0199794 0.999625 3.96075
0.22311 0.974606 -0.0191279 89.8553 -0.974666 0.223355 0.011805 -52.7607 0.0157775 0.0160095 0.999748 3.98439
0.273566 0.961722 -0.015919 90.0087 -0.961743 0.273748 0.0106259 -53.2399 0.0145769 0.0124031 0.999817 4.00905
0.326992 0.944903 -0.0153062 90.1825 -0.944907 0.327166 0.0106249 -53.702 0.0150472 0.0109887 0.999827 4.02837
0.383625 0.923291 -0.0191261 90.3766 -0.923319 0.38387 0.0112364 -54.1474 0.0177164 0.0133489 0.999754 4.04765
0.442317 0.896567 -0.0228575 90.5978 -0.89656 0.442684 0.0145165 -54.5689 0.0231337 0.0140722 0.999633 4.06731
0.500835 0.86508 -0.0283024 90.8447 -0.865028 0.501397 0.018124 -54.9701 0.0298694 0.0154053 0.999435 4.08768
0.558179 0.829208 -0.0291727 91.1235 -0.828983 0.55882 0.0225357 -55.3461 0.0349891 0.0116047 0.99932 4.10682
0.613302 0.789289 -0.0297262 91.4278 -0.788894 0.613977 0.0260598 -55.6994 0.0388199 0.00746825 0.999218 4.1264
0.665819 0.745431 -0.0318974 91.7531 -0.744947 0.66656 0.0274072 -56.0317 0.0416918 0.00551362 0.999115 4.14769
0.714753 0.698581 -0.0333694 92.0986 -0.698119 0.715515 0.0258394 -56.3425 0.0419272 0.00482702 0.999109 4.17207
0.760243 0.648901 -0.0309613 92.4661 -0.648522 0.760867 0.0223969 -56.6284 0.0380908 0.00305195 0.99927 4.19834
0.802239 0.596412 -0.0265807 92.854 -0.596151 0.802677 0.0177045 -56.887 0.0318949 0.00164287 0.99949 4.22584
0.839432 0.543018 -0.0220285 93.2614 -0.542815 0.839721 0.014877 -57.1164 0.0265762 -0.00053083 0.999647 4.25145
0.87153 0.490056 -0.0167383 93.6843 -0.48992 0.871689 0.011704 -57.3247 0.0203262 -0.00199996 0.999792 4.2732
0.898072 0.439709 -0.0110647 94.1224 -0.43959 0.898123 0.0116386 -57.5085 0.0150551 -0.00558838 0.999871 4.29601
0.919201 0.393712 -0.00772339 94.5701 -0.393597 0.91919 0.013074 -57.6699 0.0122466 -0.00897773 0.999885 4.31447
0.935438 0.35348 -0.00296635 95.0357 -0.353367 0.935297 0.0187493 -57.8091 0.00940191 -0.0164906 0.99982 4.32604
0.947953 0.318389 -0.00368039 95.501 -0.318225 0.947733 0.0231525 -57.9359 0.0108595 -0.0207763 0.999725 4.332
0.957873 0.287158 -0.00445185 95.9738 -0.286957 0.957602 0.0255726 -58.0584 0.0116065 -0.0232179 0.999663 4.33721
0.964509 0.263961 -0.00683713 96.4481 -0.263783 0.964376 0.0199651 -58.1854 0.0118636 -0.017453 0.999777 4.3458
0.968726 0.24803 -0.00721151 96.9296 -0.247883 0.968643 0.0168863 -58.3055 0.0111737 -0.0145706 0.999831 4.35948
0.971914 0.235235 -0.0069531 97.4233 -0.235054 0.971769 0.0203887 -58.4153 0.0115529 -0.0181817 0.999768 4.36763
0.974206 0.225591 -0.00562326 97.9311 -0.225378 0.973929 0.0258263 -58.5215 0.0113028 -0.0238928 0.999651 4.36963
0.975614 0.219426 -0.00540162 98.4463 -0.219138 0.975142 0.0328139 -58.6255 0.0124676 -0.03083 0.999447 4.37804
0.976226 0.216611 -0.00788412 98.9708 -0.216152 0.975579 0.039042 -58.7334 0.0161485 -0.0364096 0.999207 4.39153
0.976403 0.215741 -0.00966466 99.5031 -0.215181 0.975711 0.0410631 -58.85 0.0182889 -0.0380145 0.99911 4.4094
0.975895 0.21788 -0.0125857 100.044 -0.217223 0.975286 0.0403936 -58.9751 0.0210756 -0.036686 0.999105 4.426
0.974833 0.222045 -0.0199267 100.594 -0.221173 0.974469 0.0386422 -59.1082 0.0279983 -0.0332625 0.999054 4.43836
0.973747 0.22622 -0.0253247 101.153 -0.225178 0.973561 0.0383841 -59.2422 0.0333384 -0.0316738 0.998942 4.45203
0.97276 0.23061 -0.0235884 101.734 -0.229471 0.972362 0.0430711 -59.374 0.032869 -0.036485 0.998794 4.47266
0.971536 0.236159 -0.018633 102.329 -0.235101 0.970856 0.0465497 -59.5092 0.0290831 -0.0408441 0.998742 4.496
0.970444 0.240891 -0.0144914 102.932 -0.240065 0.969761 0.0439615 -59.6623 0.0246432 -0.0391833 0.998928 4.51981
0.969613 0.244462 -0.00947752 103.545 -0.243918 0.96899 0.0395331 -59.8249 0.0188479 -0.0360201 0.999173 4.54268
0.968793 0.247821 -0.00508109 104.17 -0.247476 0.968198 0.0367247 -59.9895 0.0140206 -0.0343212 0.999313 4.56364
0.967988 0.250951 -0.00476604 104.801 -0.250673 0.967531 0.0323635 -60.1583 0.0127329 -0.0301327 0.999465 4.57968
0.967814 0.251524 -0.00842654 105.437 -0.251194 0.967508 0.0287987 -60.3326 0.0153963 -0.0257551 0.99955 4.59572
0.967801 0.251282 -0.0147921 106.082 -0.250814 0.967636 0.0277981 -60.5051 0.0212985 -0.023193 0.999504 4.61248
0.967794 0.250725 -0.0226158 106.737 -0.250039 0.967792 0.0293287 -60.6741 0.0292408 -0.0227293 0.999314 4.62967
0.968258 0.24856 -0.0263401 107.41 -0.247669 0.968283 0.0329896 -60.8443 0.0337046 -0.0254188 0.999109 4.64847
0.968988 0.24605 -0.0228522 108.1 -0.245283 0.968927 0.031892 -61.0206 0.0299892 -0.0252977 0.99923 4.67038
0.969572 0.244249 -0.0164902 108.806 -0.243749 0.969447 0.0275726 -61.203 0.022721 -0.0227141 0.999484 4.69793
0.970291 0.241756 -0.00945155 109.523 -0.241423 0.97003 0.0275049 -61.3819 0.0158178 -0.024406 0.999577 4.72631
0.970754 0.239908 -0.00894256 110.246 -0.239541 0.970406 0.0305362 -61.5551 0.0160038 -0.027501 0.999494 4.74884
0.971158 0.238118 -0.0122888 110.976 -0.237544 0.970695 0.0363779 -61.7247 0.0205909 -0.0324095 0.999263 4.76796
0.971923 0.23464 -0.0175831 111.715 -0.233864 0.971537 0.0377446 -61.9028 0.025939 -0.0325728 0.999133 4.7864
0.97281 0.230623 -0.0213077 112.467 -0.229748 0.972545 0.0370547 -62.0829 0.0292683 -0.0311518 0.999086 4.80784
0.973718 0.226848 -0.0203437 113.234 -0.226061 0.973483 0.0350467 -62.2651 0.0277545 -0.0295267 0.999179 4.83428
0.974565 0.22322 -0.0199105 114.01 -0.222561 0.974433 0.0307982 -62.4497 0.0262762 -0.0255835 0.999327 4.86345
0.975055 0.221287 -0.0173149 114.8 -0.220732 0.974897 0.0292254 -62.633 0.0233475 -0.0246744 0.999423 4.89314
0.975448 0.219697 -0.0153278 115.609 -0.219257 0.975317 0.0261314 -62.8182 0.0206904 -0.0221291 0.999541 4.91829
0.975619 0.218948 -0.0151425 116.419 -0.218617 0.975588 0.02085 -63.0075 0.0193379 -0.0170312 0.999668 4.94234
0.975777 0.21834 -0.0136569 117.238 -0.218025 0.975708 0.0214442 -63.1911 0.0180073 -0.0179472 0.999677 4.96848
0.975651 0.218855 -0.0143877 118.058 -0.218439 0.975505 0.0259871 -63.3684 0.0197226 -0.0222116 0.999559 4.994
0.975468 0.21954 -0.0162885 118.884 -0.218948 0.975212 0.0320153 -63.5458 0.0229133 -0.0276636 0.999355 5.01895
0.975276 0.220404 -0.01606 119.713 -0.219637 0.974774 0.0397005 -63.7239 0.024405 -0.0351916 0.999083 5.04314
0.974722 0.222996 -0.013757 120.551 -0.222145 0.973888 0.046838 -63.902 0.0238425 -0.042598 0.998808 5.07172
0.974032 0.226186 -0.0101106 121.392 -0.225422 0.972977 0.0500047 -64.0871 0.0211477 -0.046427 0.998698 5.10296
0.973455 0.228637 -0.010502 122.231 -0.227842 0.972389 0.050474 -64.2823 0.0217522 -0.0467414 0.99867 5.132
0.972922 0.230727 -0.0137377 123.072 -0.22978 0.971934 0.0504477 -64.4781 0.0249918 -0.045925 0.998632 5.15645
0.972705 0.231593 -0.0144668 123.927 -0.23079 0.972038 0.043339 -64.6841 0.0240992 -0.0388173 0.998956 5.17396
0.972602 0.23191 -0.0162274 124.776 -0.231205 0.972213 0.0366901 -64.8927 0.0242852 -0.031933 0.999195 5.19674
0.972258 0.233322 -0.0165994 125.624 -0.232645 0.971931 0.0350118 -65.0948 0.0243025 -0.0301788 0.999249 5.22265
0.972046 0.234374 -0.0139856 126.476 -0.233707 0.971558 0.0381651 -65.29 0.0225327 -0.0338297 0.999174 5.24626
0.971897 0.235258 -0.00832388 127.329 -0.234762 0.971246 0.0395979 -65.4865 0.0174003 -0.0365309 0.999181 5.2693
0.971707 0.236185 -0.00122485 128.178 -0.235915 0.97082 0.0430414 -65.6848 0.0113548 -0.0415347 0.999073 5.29686
0.971369 0.237463 -0.00728516 128.999 -0.236952 0.970586 0.0426236 -65.8913 0.0171924 -0.039677 0.999065 5.32931
0.971018 0.238009 -0.0218027 129.807 -0.237041 0.970694 0.0395622 -66.1069 0.0305799 -0.0332475 0.998979 5.363
0.970755 0.23763 -0.0341505 130.616 -0.23643 0.970991 0.0357395 -66.3255 0.0416526 -0.0266201 0.998778 5.39808
0.97116 0.23669 -0.0287281 131.443 -0.235704 0.971232 0.0339457 -66.5383 0.0359363 -0.0261954 0.999011 5.43707
0.971886 0.235315 -0.0079702 132.285 -0.235014 0.971589 0.0279793 -66.7509 0.0143277 -0.0253196 0.999577 5.47786
0.972203 0.233945 0.0095469 133.122 -0.234114 0.971895 0.0247144 -66.9609 -0.00349679 -0.0262624 0.999649 5.51757
0.972382 0.233333 0.0052742 133.931 -0.23339 0.972005 0.0271249 -67.1645 0.0012026 -0.0276068 0.999618 5.53549
0.972587 0.232365 -0.00895631 134.726 -0.231927 0.972104 0.0349856 -67.363 0.0168359 -0.0319493 0.999348 5.54183
0.972697 0.231369 -0.0181359 135.524 -0.23062 0.972375 0.036079 -67.5687 0.0259824 -0.0309114 0.999184 5.55068
0.973091 0.229488 -0.0207192 136.327 -0.228763 0.972943 0.0323917 -67.7781 0.0275921 -0.0267803 0.999261 5.57645
0.973779 0.226833 -0.0173333 137.137 -0.226213 0.973555 0.0319104 -67.9712 0.0241133 -0.0271527 0.999341 5.60238
0.97454 0.223394 -0.0191389 137.937 -0.222736 0.97437 0.0314839 -68.1589 0.0256817 -0.0264195 0.999321 5.6163
0.975559 0.218683 -0.0214844 138.734 -0.217953 0.975438 0.0319165 -68.3453 0.0279363 -0.0264539 0.99926 5.6262
0.976281 0.215626 -0.0194991 139.534 -0.21483 0.975972 0.0364176 -68.5192 0.0268831 -0.0313648 0.999147 5.64677
0.976723 0.213567 -0.0200195 140.332 -0.212578 0.976208 0.0427547 -68.6904 0.0286742 -0.0375038 0.998885 5.66425
0.977176 0.211738 -0.0171447 141.133 -0.210804 0.976498 0.0448657 -68.8658 0.0262416 -0.0402275 0.998846 5.68798
0.977564 0.210247 -0.0128119 141.933 -0.209532 0.976859 0.0429423 -69.0459 0.0215439 -0.0392944 0.998996 5.71188
0.977848 0.208944 -0.0124838 142.727 -0.208269 0.977183 0.0416927 -69.2237 0.0209103 -0.0381691 0.999053 5.73546
0.978313 0.206468 -0.0165677 143.519 -0.205684 0.977805 0.0399017 -69.3967 0.0244383 -0.0356286 0.999066 5.75755
0.979164 0.202035 -0.0204739 144.303 -0.201237 0.978898 0.0355333 -69.5705 0.0272209 -0.0306728 0.999159 5.7758
0.980409 0.19559 -0.023294 145.096 -0.194805 0.980313 0.0322154 -69.7349 0.0291364 -0.0270465 0.99921 5.79909
0.981804 0.188924 -0.0192253 145.897 -0.188281 0.981624 0.0310677 -69.8878 0.0247414 -0.0268826 0.999332 5.82629
0.983101 0.18275 -0.0106742 146.703 -0.18238 0.982801 0.0289691 -70.0377 0.0157848 -0.0265328 0.999523 5.85465
0.983945 0.178453 -0.00256668 147.508 -0.178337 0.983663 0.0245545 -70.1783 0.00690655 -0.0237025 0.999695 5.87375
0.984673 0.174393 0.0026517 148.309 -0.17439 0.984182 0.0312084 -70.3051 0.00283275 -0.0311925 0.99951 5.88963
0.98543 0.170071 -0.00158205 149.102 -0.169915 0.984847 0.0347222 -70.4287 0.00746333 -0.0339475 0.999396 5.9031
0.986502 0.163316 -0.0119151 149.889 -0.162813 0.98603 0.0351748 -70.5585 0.0174933 -0.0327601 0.99931 5.91422
0.987437 0.156846 -0.019179 150.684 -0.156178 0.987197 0.0324331 -70.6862 0.0240205 -0.0290303 0.99929 5.92495
0.988464 0.150227 -0.0192733 151.489 -0.149595 0.988265 0.0308992 -70.8078 0.023689 -0.0276596 0.999337 5.94477
0.989668 0.142641 -0.0145159 152.305 -0.142017 0.989154 0.0374856 -70.9141 0.0197054 -0.0350368 0.999192 5.97232
0.990744 0.13494 -0.0147236 153.116 -0.134196 0.990008 0.0433124 -71.0118 0.0204211 -0.0409357 0.998953 5.99453
0.991915 0.125289 -0.0201953 153.922 -0.124257 0.991178 0.0461248 -71.1136 0.0257961 -0.0432425 0.998732 6.01353
0.992889 0.116711 -0.0234689 154.731 -0.115584 0.99229 0.0447262 -71.2124 0.0285081 -0.0416955 0.998724 6.02897
0.993832 0.108646 -0.0222433 155.549 -0.107575 0.993191 0.0447228 -71.3028 0.0269508 -0.0420541 0.998752 6.0486
0.994795 0.100756 -0.0152036 156.374 -0.0999314 0.99385 0.047718 -71.3753 0.019918 -0.0459503 0.998745 6.0672
0.995653 0.0926788 -0.00929403 157.202 -0.0920944 0.994459 0.0507057 -71.4396 0.0139419 -0.0496294 0.99867 6.08885
0.996362 0.0850388 -0.00562206 158.025 -0.084653 0.995152 0.0500642 -71.5038 0.00985221 -0.0494062 0.99873 6.10792
0.996895 0.0786324 -0.00421538 158.847 -0.078325 0.995676 0.0499539 -71.5656 0.00812514 -0.0494686 0.998743 6.12454
0.997226 0.0742349 -0.00548706 159.668 -0.0738747 0.996042 0.0494291 -71.6215 0.0091347 -0.0488866 0.998763 6.14184
0.997639 0.0666156 -0.0166854 161.301 -0.0654928 0.99601 0.0606294 -71.7055 0.0206577 -0.0593935 0.998021 6.17509
0.997743 0.0640044 -0.0203117 162.12 -0.0626456 0.99613 0.0616578 -71.7435 0.0241794 -0.0602462 0.997891 6.18829
0.998049 0.0607308 -0.014515 162.955 -0.0596972 0.996205 0.063349 -71.7844 0.0183071 -0.0623589 0.997886 6.20265
0.998288 0.0582719 -0.00510417 163.794 -0.0578145 0.996182 0.0654127 -71.8188 0.0088964 -0.0650056 0.997845 6.2158
0.998745 0.0500865 0.00081872 165.453 -0.0500354 0.996674 0.064323 -71.8917 0.00240571 -0.0642832 0.997929 6.2388
0.99895 0.0450754 -0.00820286 166.268 -0.0445679 0.997542 0.0540698 -71.9373 0.0106199 -0.0536474 0.998504 6.24495
0.999139 0.0382957 -0.0159755 167.085 -0.0374814 0.99812 0.0484861 -71.9735 0.0178023 -0.0478455 0.998696 6.24636
0.999401 0.0314091 -0.014532 167.912 -0.0306098 0.998162 0.0523017 -71.988 0.0161481 -0.0518255 0.998526 6.25331
0.999666 0.0239064 -0.00982002 168.746 -0.0233814 0.998451 0.0504889 -72.0031 0.0110118 -0.0502425 0.998676 6.26517
0.999852 0.0163817 -0.00529419 169.582 -0.0161189 0.998795 0.0463482 -72.0208 0.00604708 -0.046256 0.998911 6.27569
0.99994 0.0105198 -0.00321 170.423 -0.0103905 0.999226 0.0379524 -72.0364 0.00360676 -0.0379168 0.999274 6.28131
0.999987 0.00442195 -0.00242952 171.266 -0.00433837 0.999433 0.0333923 -72.0441 0.0025758 -0.0333814 0.999439 6.29039
0.999968 -0.00167021 -0.00786932 172.102 0.00190512 0.99955 0.029941 -72.043 0.00781577 -0.029955 0.999521 6.29938
0.9998 -0.00878094 -0.017972 172.931 0.00918 0.999711 0.0222415 -72.0423 0.0177715 -0.0224021 0.999591 6.30472
0.999545 -0.0160069 -0.0255536 173.763 0.0162749 0.999814 0.0103161 -72.046 0.0253837 -0.0107273 0.99962 6.31597
0.999595 -0.0222761 -0.0177163 174.614 0.022498 0.99967 0.0124264 -72.0256 0.0174336 -0.01282 0.999766 6.33033
0.999612 -0.0274034 -0.00499561 175.474 0.0275093 0.999368 0.0225165 -71.9843 0.00437542 -0.0226452 0.999734 6.34648
0.999471 -0.0323277 0.00368321 176.329 0.0322076 0.999061 0.0289849 -71.9422 -0.00461677 -0.028851 0.999573 6.36252
0.999339 -0.0362819 0.00208034 177.173 0.0362073 0.998932 0.0287153 -71.9052 -0.00311996 -0.028621 0.999586 6.36875
0.99924 -0.0380472 -0.00842742 178.01 0.038282 0.998825 0.0297173 -71.8642 0.00728685 -0.0300173 0.999523 6.37211
0.999 -0.0405039 -0.0189089 178.847 0.0412332 0.998352 0.0399203 -71.81 0.0172608 -0.0406601 0.999024 6.37985
0.998846 -0.0424188 -0.0225012 179.694 0.0432971 0.998257 0.0401011 -71.7656 0.0207609 -0.0410291 0.998942 6.39256
0.998794 -0.0453207 -0.0188619 180.55 0.0459426 0.998367 0.0339558 -71.7344 0.0172922 -0.0347815 0.999245 6.41148
0.998901 -0.0458323 -0.00984478 181.412 0.046144 0.99835 0.0341922 -71.6921 0.00826143 -0.0346089 0.999367 6.42941
0.998955 -0.045575 -0.00358768 182.275 0.0456751 0.998301 0.0361906 -71.6431 0.00193219 -0.0363166 0.999339 6.44913
0.998873 -0.0472054 -0.00485693 183.13 0.0473468 0.998266 0.0349768 -71.6004 0.00319742 -0.0351674 0.999376 6.4672
0.998715 -0.0491579 -0.0123089 183.978 0.0495521 0.99819 0.0340857 -71.5564 0.010611 -0.0346518 0.999343 6.48406
0.998408 -0.0513519 -0.0233518 184.822 0.0519066 0.998368 0.0237998 -71.5251 0.0220915 -0.024974 0.999444 6.49997
0.998152 -0.0538589 -0.0281388 185.67 0.0542199 0.998454 0.0122259 -71.4964 0.0274369 -0.013729 0.999529 6.52116
0.998201 -0.0550185 -0.0238183 186.53 0.055356 0.998372 0.0137459 -71.4478 0.0230233 -0.0150396 0.999622 6.54672
0.998311 -0.0561986 -0.0146923 187.392 0.0564749 0.998221 0.019116 -71.3911 0.0135919 -0.0199134 0.999709 6.57743
0.998282 -0.0578839 -0.00906083 188.241 0.0580695 0.998075 0.0217748 -71.3359 0.00778298 -0.0222636 0.999722 6.60322
0.998184 -0.0588653 -0.0127505 189.08 0.0591079 0.99806 0.019563 -71.2892 0.0115742 -0.0202811 0.999727 6.62173
0.998079 -0.0589136 -0.019158 189.915 0.0592895 0.998047 0.019683 -71.2431 0.017961 -0.0207811 0.999623 6.63835
0.99803 -0.0589999 -0.0213241 190.753 0.0595529 0.997879 0.0262985 -71.1817 0.0197272 -0.0275166 0.999427 6.65749
0.998083 -0.0594183 -0.0172923 191.594 0.0599121 0.997765 0.0295932 -71.1251 0.0154953 -0.0305725 0.999412 6.68081
0.998079 -0.0602341 -0.0144765 192.432 0.0606872 0.997604 0.0332152 -71.0694 0.0124412 -0.0340299 0.999343 6.70469
0.998095 -0.0605694 -0.0117146 193.267 0.0609587 0.997478 0.0363639 -71.013 0.00948247 -0.0370087 0.99927 6.72281
0.998062 -0.0610465 -0.0120693 194.098 0.0614867 0.997295 0.0402904 -70.9518 0.00957705 -0.0409544 0.999115 6.74024
0.997999 -0.0616167 -0.0141512 194.923 0.0621222 0.997322 0.0386048 -70.8952 0.0117346 -0.0394066 0.999154 6.7582
0.997844 -0.0624685 -0.0201417 195.735 0.0632422 0.997181 0.0403822 -70.8361 0.0175623 -0.041569 0.998981 6.77268
0.997743 -0.0636612 -0.0213388 196.547 0.0645045 0.997055 0.0414839 -70.7748 0.018635 -0.0427668 0.998911 6.78542
0.997907 -0.0608347 -0.0219413 197.258 0.0617064 0.99723 0.0415253 -70.731 0.0193544 -0.0427923 0.998897 6.79609
0.998073 -0.057812 -0.0225361 197.964 0.0587112 0.997411 0.0415225 -70.688 0.0200773 -0.0427656 0.998883 6.80668
0.99823 -0.0547878 -0.0231311 198.671 0.0557145 0.997583 0.0415235 -70.6449 0.0208002 -0.0427387 0.99887 6.81726
0.998378 -0.0517639 -0.0237258 199.377 0.052718 0.997746 0.0415281 -70.6019 0.0215227 -0.0427115 0.998856 6.82784
0.998515 -0.0487396 -0.0243205 200.083 0.0497212 0.997899 0.0415366 -70.5589 0.0222449 -0.0426841 0.998841 6.83843
0.998644 -0.045714 -0.0249152 200.789 0.0467232 0.998044 0.0415487 -70.5158 0.022967 -0.0426565 0.998826 6.84901
0.998763 -0.0426881 -0.0255097 201.495 0.0437248 0.998179 0.0415646 -70.4727 0.023689 -0.0426286 0.99881 6.85959
0.998872 -0.0396616 -0.0261042 202.202 0.0407258 0.998305 0.0415842 -70.4297 0.0244107 -0.0426004 0.998794 6.87017
