0.471542 -0.881698 0.0160278 1.06229 0.881838 0.471528 -0.00487286 1.54233 -0.00326117 0.0164317 0.99986 1.05538
0.491491 -0.870873 -0.00399883 1.48154 0.870824 0.491506 -0.00936881 2.3513 0.0101245 0.00112241 0.999948 1.06461
0.467748 -0.88368 0.0179593 2.33187 0.883851 0.467748 -0.00440769 3.90836 -0.00450545 0.017935 0.999829 1.07545
0.466891 -0.884109 0.0190726 2.73853 0.884296 0.466912 -0.00360199 4.71631 -0.00572066 0.0185475 0.999812 1.08125
0.467849 -0.883704 0.0135803 3.15708 0.883798 0.467864 -0.002263 5.55706 -0.0043539 0.013061 0.999905 1.07015
0.464255 -0.885522 0.0178648 3.57693 0.885692 0.464248 -0.00478756 6.34394 -0.00405421 0.0180454 0.999829 1.06662
0.463451 -0.885953 0.0173305 4.00818 0.886114 0.463443 -0.00475285 7.17608 -0.00382091 0.0175595 0.999839 1.09594
0.46727 -0.883916 0.0187607 4.85584 0.884066 0.467362 0.000644268 8.82723 -0.00933754 0.0162847 0.999824 1.08978
0.464496 -0.885372 0.0189929 5.28839 0.885459 0.464676 0.00626021 9.66124 -0.0143682 0.0139096 0.9998 1.07575
0.4663 -0.884419 0.0191853 5.72739 0.884491 0.466498 0.00740084 10.5071 -0.0154953 0.0135182 0.999789 1.06766
0.467995 -0.883499 0.0202645 6.15488 0.883647 0.468144 0.00310663 11.3287 -0.0122314 0.0164528 0.99979 1.04611
0.469253 -0.882862 0.0188791 6.61291 0.883029 0.469316 -0.00119279 12.2057 -0.00780718 0.0172305 0.999821 1.08144
0.470223 -0.882418 0.0151596 7.04393 0.882535 0.470238 -0.00280755 13.0239 -0.00465119 0.0146991 0.999881 1.09622
0.471063 -0.882011 0.01247 7.49955 0.882089 0.471078 -0.00193585 13.8938 -0.0041669 0.0119116 0.99992 1.11634
0.470861 -0.882084 0.0147487 7.96424 0.882173 0.470925 0.000997971 14.7559 -0.00782582 0.012541 0.999891 1.11688
0.469837 -0.882489 0.0215829 8.42619 0.882651 0.470014 0.00370125 15.6505 -0.0134106 0.0173112 0.99976 1.07477
0.468587 -0.882802 0.0329817 8.87853 0.883313 0.46878 -0.0021009 16.5049 -0.0136065 0.0301176 0.999454 1.078
0.467281 -0.883293 0.0379636 9.35951 0.884037 0.46736 -0.00730075 17.3859 -0.011294 0.0369727 0.999252 1.06803
0.465091 -0.884806 0.0284246 10.2826 0.885251 0.465013 -0.00969609 19.1195 -0.00463867 0.0296725 0.999549 1.07815
0.463041 -0.886001 0.0244195 11.2197 0.886303 0.463087 -0.00407631 20.9133 -0.00769674 0.0235306 0.999694 1.08076
0.461644 -0.886701 0.025436 11.6804 0.887002 0.461765 -0.00122979 21.8241 -0.010655 0.0231294 0.999676 1.074
0.461045 -0.886979 0.0265698 12.1287 0.88729 0.461212 0.000205502 22.7098 -0.0124366 0.0234803 0.999647 1.06874
0.460456 -0.887304 0.0259129 12.6044 0.887561 0.46068 0.0031102 23.6319 -0.0146972 0.0215672 0.999659 1.08048
0.459996 -0.887456 0.0287286 13.0437 0.887745 0.460308 0.00503789 24.5121 -0.0176949 0.0231862 0.999575 1.07215
0.459687 -0.887567 0.0302009 13.5139 0.887894 0.460022 0.00486897 25.4341 -0.0182146 0.0245769 0.999532 1.05525
0.459964 -0.887362 0.0319696 13.9746 0.887774 0.460273 0.00265356 26.3054 -0.0170694 0.0271612 0.999485 1.04677
0.460341 -0.887253 0.0294707 14.4189 0.887614 0.460584 0.00168549 27.1871 -0.0150692 0.0253827 0.999564 1.02383
0.459855 -0.887584 0.0269664 14.8727 0.887893 0.460049 0.00109545 28.0915 -0.0133782 0.0234395 0.999636 1.02685
0.458702 -0.888127 0.0286926 15.3161 0.888479 0.458915 0.000949567 28.9845 -0.0140108 0.0250572 0.999588 1.04032
0.457658 -0.888473 0.0341312 16.2337 0.889005 0.457897 -0.000933706 30.7332 -0.014799 0.0307702 0.999417 1.01091
0.457064 -0.889071 0.0254016 16.6761 0.889387 0.457145 -0.00285243 31.621 -0.0090762 0.0238956 0.999673 1.04353
0.456914 -0.889309 0.0189275 17.1223 0.889491 0.456941 -0.00313795 32.5066 -0.00585815 0.0182696 0.999816 1.06825
0.456555 -0.889484 0.0193772 17.5851 0.889668 0.456603 -0.00212466 33.3996 -0.00695783 0.0182093 0.99981 1.06446
0.456522 -0.88932 0.0264154 18.0308 0.889637 0.456667 -0.000577676 34.2687 -0.0115493 0.0237638 0.999651 1.06581
0.456376 -0.889277 0.0301186 18.4767 0.889666 0.45661 0.00102343 35.1475 -0.0146626 0.0263284 0.999546 1.04469
0.456185 -0.889321 0.0316885 18.9001 0.889776 0.456398 -0.000578486 35.9601 -0.0139481 0.0284596 0.999498 1.02679
0.455664 -0.889577 0.0319684 19.3513 0.890058 0.455844 -0.00185444 36.844 -0.0129229 0.0292987 0.999487 1.04565
0.454883 -0.889947 0.0327882 19.7932 0.890465 0.455043 -0.00282556 37.7099 -0.0124055 0.030482 0.999458 1.05314
0.454276 -0.890169 0.0351093 20.2188 0.890752 0.454484 -0.00226418 38.5714 -0.0139411 0.0323022 0.999381 1.06766
0.453361 -0.890457 0.0393781 20.6666 0.891159 0.45369 -0.000639206 39.4456 -0.0172963 0.0353819 0.999224 1.07986
0.452693 -0.89066 0.0423626 21.0976 0.89141 0.453191 0.00246362 40.3107 -0.0213926 0.0366471 0.999099 1.06721
0.451933 -0.891055 0.0421597 21.5062 0.891808 0.45241 0.0020067 41.1526 -0.0208615 0.0366915 0.999109 1.02752
0.450575 -0.891919 0.038241 21.9224 0.892612 0.450819 -0.00245697 41.9502 -0.0150483 0.0352414 0.999266 0.992428
0.449932 -0.892437 0.0334175 22.3256 0.893018 0.449971 -0.00677818 42.7837 -0.00898779 0.0328921 0.999418 1.02204
0.449006 -0.89309 0.0279959 22.7401 0.893501 0.449019 -0.00616217 43.6478 -0.00706735 0.0277813 0.999589 1.03781
0.448391 -0.893493 0.0247949 23.1726 0.893801 0.44845 -0.00344663 44.5139 -0.00803972 0.0237071 0.999687 1.04928
0.447154 -0.894084 0.0258203 23.5511 0.894395 0.447277 -0.00113788 45.2787 -0.0105315 0.0236024 0.999666 1.04752
0.446 -0.894695 0.0245814 23.9257 0.894961 0.446145 0.000460157 46.0399 -0.0113786 0.0217942 0.999698 1.04744
0.444954 -0.895199 0.0251797 24.3013 0.895489 0.445084 -0.000509585 46.7947 -0.0107509 0.0227749 0.999683 1.04611
0.443493 -0.895927 0.0250636 24.686 0.896214 0.443621 -0.000495397 47.5764 -0.0106749 0.022682 0.999686 1.05573
0.442293 -0.896564 0.0234307 25.0337 0.896803 0.442429 0.000681349 48.306 -0.0109773 0.0207113 0.999725 1.06657
0.441151 -0.897116 0.0238338 25.3967 0.897357 0.441304 0.00130096 49.0407 -0.0116851 0.0208135 0.999715 1.06692
0.440066 -0.897661 0.0233872 25.7347 0.897865 0.440257 0.00349679 49.7617 -0.0134353 0.0194598 0.99972 1.06981
0.438603 -0.89839 0.0228445 26.0875 0.898529 0.438855 0.00724537 50.4924 -0.0165346 0.0173486 0.999713 1.06593
0.437088 -0.899155 0.0217815 26.4162 0.899212 0.437378 0.010839 51.1882 -0.0192727 0.0148486 0.999704 1.07166
0.435587 -0.899843 0.0233976 26.735 0.899978 0.435861 0.00804788 51.8532 -0.0174399 0.0175517 0.999694 1.0491
0.433606 -0.900806 0.0231254 27.335 0.901091 0.433587 -0.00608504 53.1712 -0.00454544 0.0234766 0.999714 1.04305
0.433352 -0.901064 0.0170088 27.6413 0.901224 0.433301 -0.00677984 53.829 -0.00126084 0.0182668 0.999832 1.09115
0.432767 -0.901408 0.0132746 27.9547 0.901497 0.432781 -0.00187573 54.4565 -0.00405421 0.0127788 0.99991 1.09366
0.43145 -0.902014 0.0148531 28.2209 0.902116 0.431494 -0.000258848 55.0645 -0.00617553 0.0135108 0.99989 1.08829
0.430671 -0.902314 0.0187589 28.5034 0.902492 0.430696 -0.0029118 55.6422 -0.00545203 0.0181838 0.99982 1.07554
0.43067 -0.902214 0.0230934 28.7746 0.902508 0.430574 -0.00923988 56.1842 -0.00160708 0.0248213 0.999691 1.08543
0.43189 -0.901621 0.0234811 29.0384 0.901921 0.431647 -0.0148329 56.7332 0.00323811 0.0275843 0.999614 1.09501
0.434269 -0.900538 0.0210383 29.2959 0.900767 0.434004 -0.0160737 57.2762 0.00534423 0.0259309 0.999649 1.12124
0.441996 -0.89687 0.0162171 29.7869 0.897016 0.441945 -0.00684417 58.3173 -0.00102874 0.0175721 0.999845 1.10505
0.447014 -0.894284 0.0208582 30.0451 0.894512 0.447021 -0.00459003 58.7835 -0.00521925 0.0207097 0.999772 1.1223
0.453754 -0.890741 0.0262215 30.2838 0.891086 0.453819 -0.00376298 59.2847 -0.00854796 0.0250731 0.999649 1.12044
0.462959 -0.88591 0.0288554 30.5087 0.886311 0.463082 -0.00267568 59.7688 -0.010992 0.0268136 0.99958 1.12267
0.476038 -0.879104 0.0237225 30.7842 0.879356 0.476164 -0.000394044 60.2143 -0.0109494 0.0210481 0.999718 1.13142
0.49146 -0.870687 0.0192784 31.0352 0.870833 0.491576 0.00150325 60.6373 -0.0107857 0.0160495 0.999813 1.12694
0.512296 -0.858588 0.0194853 31.2994 0.858725 0.512431 0.00233159 61.0275 -0.0119867 0.015538 0.999807 1.1302
0.53825 -0.842413 0.0250531 31.5239 0.842664 0.538439 0.000979241 61.3866 -0.0143145 0.0205842 0.999686 1.11989
0.564223 -0.825133 0.0284261 31.7449 0.825446 0.56448 0.00126353 61.7251 -0.0170885 0.0227513 0.999595 1.11902
0.59128 -0.805929 0.0294478 31.9871 0.806225 0.591602 0.00286407 62.0799 -0.0197296 0.0220481 0.999562 1.13182
0.620561 -0.783616 0.0291479 32.2592 0.783854 0.620927 0.0047935 62.4363 -0.021855 0.019873 0.999564 1.13333
0.656809 -0.753539 0.0279482 32.569 0.753725 0.657169 0.00532129 62.7199 -0.0223765 0.0175702 0.999595 1.11649
0.728031 -0.68503 0.0265637 33.1987 0.685146 0.728382 0.0058603 63.2815 -0.023363 0.0139335 0.99963 1.09253
0.764265 -0.644403 0.0253831 33.5046 0.644505 0.764583 0.00501846 63.5224 -0.0226414 0.0125241 0.999665 1.10551
0.800273 -0.599128 0.0246607 33.8303 0.59922 0.800573 0.00430983 63.7403 -0.0223249 0.0113282 0.999687 1.10426
0.836108 -0.548016 0.0245237 34.1828 0.548093 0.836407 0.00406519 63.9208 -0.0227396 0.0100423 0.999691 1.08784
0.900107 -0.434997 0.0241715 34.8953 0.435098 0.900382 0.00118835 64.238 -0.0222805 0.00944734 0.999707 1.04331
0.926591 -0.375299 0.0240754 35.2513 0.375424 0.926853 -0.00072762 64.3786 -0.0220412 0.00971268 0.99971 1.02952
0.948517 -0.315729 0.0251118 35.6179 0.315857 0.948806 -0.00118373 64.4983 -0.0234525 0.00905452 0.999684 1.02267
0.966376 -0.25564 0.0276908 35.9967 0.255708 0.966753 0.00111396 64.6332 -0.0270549 0.00600424 0.999616 1.01674
0.980392 -0.194817 0.0296198 36.3914 0.194823 0.980835 0.00273163 64.7384 -0.0295843 0.00309254 0.999557 1.00803
0.990446 -0.134552 0.0302222 36.7924 0.13458 0.990902 0.00111502 64.8177 -0.0300972 0.00296292 0.999543 0.999149
0.996669 -0.0759332 0.0297392 37.2079 0.0760465 0.997101 -0.00269403 64.893 -0.0294484 0.00494662 0.999554 0.994859
0.999363 -0.0199695 0.0295932 37.6056 0.0201224 0.999786 -0.00487864 64.9486 -0.0294894 0.00547102 0.99955 0.994297
0.998996 0.0338416 0.0293415 38.0043 -0.0337899 0.999426 -0.00225611 64.9857 -0.029401 0.0012624 0.999567 0.995554
0.996201 0.0822507 0.0286212 38.2587 -0.082368 0.996598 0.00294177 64.7312 -0.0282818 -0.00528806 0.999586 0.986738
0.991546 0.127224 0.0255217 38.5798 -0.127185 0.991874 -0.00315776 64.5864 -0.025716 -0.000114906 0.999669 0.949393
0.98518 0.169674 0.0251069 38.9662 -0.16942 0.985472 -0.0119316 64.486 -0.0267666 0.00750116 0.999614 0.944588
0.978025 0.206696 0.0272654 39.3539 -0.206245 0.978326 -0.0184427 64.4183 -0.0304864 0.0124141 0.999458 0.956992
0.970254 0.240364 0.0288478 39.741 -0.239914 0.970623 -0.0182138 64.4073 -0.0323782 0.010751 0.999418 0.975911
0.961934 0.271734 0.0290301 40.1239 -0.271467 0.962362 -0.0128658 64.3779 -0.0314335 0.0044954 0.999496 0.977653
0.953925 0.298957 0.0255148 40.5274 -0.298985 0.954254 -0.00283063 64.2936 -0.0251939 -0.00492833 0.99967 0.951712
0.945773 0.324126 0.0213409 40.9259 -0.324255 0.945965 0.00281783 64.1939 -0.0192744 -0.00958492 0.999768 0.903899
0.937767 0.346807 0.0178301 41.3268 -0.346908 0.937895 0.00284663 64.0696 -0.0157356 -0.00885489 0.999837 0.800556
0.930051 0.367194 0.0132145 41.7326 -0.367257 0.930116 0.00266944 63.9381 -0.0113108 -0.00733584 0.999909 0.710036
0.923293 0.384039 0.00655992 42.1121 -0.384051 0.923312 0.000606697 63.7117 -0.00582385 -0.00307951 0.999978 0.801926
0.916258 0.400585 0.00174392 42.5022 -0.400581 0.916259 -0.00224064 63.4681 -0.00249544 0.00135442 0.999996 0.917575
0.903625 0.428146 0.0123314 43.337 -0.428128 0.903708 -0.0041889 63.0462 -0.0129374 -0.00149421 0.999915 0.923732
0.89759 0.440544 0.0159358 43.7626 -0.440519 0.897728 -0.00523835 62.8366 -0.0166137 -0.00231813 0.999859 0.890886
0.892149 0.45153 0.0137884 44.2114 -0.451438 0.892253 -0.00937922 62.5782 -0.0165378 0.00214304 0.999861 0.867296
0.887158 0.461321 0.0115472 44.6923 -0.461181 0.887212 -0.0129217 62.3141 -0.0162059 0.00613823 0.99985 0.853549
0.882618 0.470001 0.00921796 45.1802 -0.469852 0.882624 -0.0146138 62.0917 -0.0150045 0.00856734 0.999851 0.836294
0.87903 0.476691 0.00851266 45.6624 -0.476568 0.879038 -0.0132564 61.856 -0.0138022 0.00759592 0.999876 0.814215
0.876411 0.481487 0.00865646 46.1466 -0.481401 0.87644 -0.0103254 61.6041 -0.0125584 0.00488206 0.999909 0.791523
0.874087 0.485702 0.00807805 46.6611 -0.485618 0.874109 -0.0104447 61.2848 -0.0121341 0.00520675 0.999913 0.791047
0.87216 0.489146 0.00861335 47.2058 -0.48906 0.872189 -0.0103469 60.9692 -0.0125736 0.00481171 0.999909 0.790553
0.870574 0.491953 0.00912147 47.7437 -0.491866 0.87061 -0.010284 60.6538 -0.0130005 0.00446644 0.999906 0.780124
0.868911 0.494869 0.00993358 48.2833 -0.494786 0.86896 -0.00969505 60.3259 -0.0134297 0.00350913 0.999904 0.752665
0.868039 0.496415 0.00898403 48.8596 -0.496336 0.868077 -0.0096897 59.9964 -0.0126089 0.00395194 0.999913 0.733238
0.867304 0.497714 0.00809055 49.4325 -0.497631 0.867327 -0.0103142 59.6799 -0.0121507 0.00491943 0.999914 0.707211
0.867206 0.497904 0.00673168 50.0209 -0.49781 0.867203 -0.0120163 59.3522 -0.0118207 0.00706952 0.999905 0.672337
0.868687 0.495361 0.000738036 50.672 -0.495224 0.86848 -0.0222515 58.995 -0.0116635 0.0189641 0.999752 0.656226
0.870369 0.492397 -0.00163497 51.3193 -0.49227 0.870058 -0.0258706 58.6481 -0.0113161 0.0233218 0.999664 0.645682
0.872364 0.488854 -0.00156 51.9655 -0.488735 0.872073 -0.0250521 58.2971 -0.0108863 0.0226169 0.999685 0.638676
0.874548 0.484938 -0.00126314 52.6195 -0.484817 0.874267 -0.024693 57.9479 -0.0108702 0.0222076 0.999694 0.624554
0.876746 0.480954 -1.79354e-05 53.2909 -0.48082 0.8765 -0.0236665 57.5844 -0.0113668 0.0207581 0.99972 0.614911
0.87889 0.477019 0.00220045 53.9925 -0.476862 0.878702 -0.022046 57.2167 -0.0124499 0.0183267 0.999755 0.586903
0.880959 0.473173 0.00426789 54.6955 -0.472999 0.88082 -0.0206774 56.8431 -0.0135432 0.0161972 0.999777 0.567838
0.882724 0.469863 0.00513617 55.4066 -0.469692 0.882615 -0.0194777 56.4545 -0.0136851 0.014781 0.999797 0.549026
0.884447 0.466635 0.00240092 56.1064 -0.466469 0.884248 -0.0226218 56.0602 -0.0126791 0.0188878 0.999741 0.54626
0.885593 0.46446 0.00116429 56.8148 -0.464344 0.885424 -0.020227 55.682 -0.0104255 0.0173723 0.999795 0.565497
0.885955 0.46377 0.00132756 57.5466 -0.463708 0.885878 -0.0139618 55.3065 -0.0076511 0.0117539 0.999902 0.582729
0.88551 0.464611 0.00303219 58.2974 -0.464574 0.885494 -0.00841556 54.9567 -0.00659495 0.00604338 0.99996 0.579939
0.884954 0.465638 0.00609552 59.0555 -0.46563 0.884975 -0.00277618 54.5661 -0.00668708 -0.00038146 0.999978 0.56582
0.884955 0.465626 0.00690175 59.7544 -0.465614 0.884982 -0.00335005 54.1919 -0.00766779 -0.000248916 0.999971 0.5702
0.885164 0.465207 0.00822867 60.4635 -0.465206 0.8852 -0.00217264 53.8135 -0.00829474 -0.00190488 0.999964 0.570642
0.885514 0.464529 0.00877012 61.9259 -0.464541 0.885551 -0.000818537 53.0664 -0.00814662 -0.00334925 0.999961 0.551424
0.885255 0.465045 0.00749234 62.652 -0.465051 0.885283 -0.00107347 52.705 -0.00713205 -0.00253403 0.999971 0.554987
0.884346 0.466755 0.00849156 63.3868 -0.466784 0.88437 0.00175382 52.3394 -0.00669107 -0.00551471 0.999962 0.550526
0.882736 0.469745 0.0107533 64.1022 -0.469811 0.882755 0.0046316 51.9896 -0.00731689 -0.00914053 0.999931 0.560257
0.880219 0.47435 0.0143598 64.8612 -0.474493 0.880214 0.00891897 51.6147 -0.00840896 -0.0146643 0.999857 0.58057
0.876953 0.480259 0.0174768 65.5907 -0.480462 0.876957 0.0101035 51.2194 -0.0104741 -0.0172573 0.999796 0.582252
0.873298 0.486847 0.0181871 66.3398 -0.487039 0.873343 0.00802683 50.8058 -0.0119757 -0.0158676 0.999802 0.58704
0.868913 0.494676 0.0169009 67.0391 -0.494811 0.868988 0.00470781 50.4042 -0.0123578 -0.0124534 0.999846 0.588228
0.863856 0.503475 0.0163171 67.7278 -0.503595 0.863931 0.00399484 50.0008 -0.0120855 -0.0116682 0.999859 0.57208
0.858608 0.512369 0.0164435 68.4023 -0.512504 0.858669 0.00518661 49.6231 -0.011462 -0.0128806 0.999851 0.569336
0.852753 0.52201 0.0178393 69.078 -0.522196 0.85279 0.00776511 49.2154 -0.0111597 -0.0159373 0.999811 0.570631
0.84644 0.53214 0.0191591 69.7529 -0.53235 0.846487 0.00797189 48.7767 -0.0119758 -0.0169471 0.999785 0.600291
0.840384 0.541678 0.0184411 70.4282 -0.541843 0.840464 0.00516922 48.3412 -0.012699 -0.0143363 0.999817 0.591507
0.834497 0.550702 0.01849 71.1181 -0.550854 0.834592 0.00406505 47.896 -0.013193 -0.0135776 0.999821 0.566719
0.829135 0.558703 0.0196679 71.7553 -0.558902 0.829211 0.0062176 47.4654 -0.012835 -0.0161476 0.999787 0.57379
0.823503 0.566948 0.0203273 72.4044 -0.567185 0.823549 0.00831486 47.0297 -0.0120264 -0.0183767 0.999759 0.583074
0.817192 0.576081 0.0181029 73.0125 -0.576267 0.81723 0.00718526 46.6329 -0.0106549 -0.0163038 0.99981 0.567962
0.811378 0.584308 0.0157746 73.6006 -0.584455 0.811398 0.00680503 46.2379 -0.0088232 -0.014741 0.999852 0.555745
0.805972 0.591735 0.016055 74.2034 -0.591897 0.805974 0.00804033 45.7984 -0.0081822 -0.0159832 0.999839 0.585138
0.800711 0.598846 0.0156649 74.8086 -0.599003 0.800704 0.00832598 45.3255 -0.007557 -0.0160501 0.999843 0.585808
0.795869 0.605295 0.0145125 75.4017 -0.605414 0.795891 0.00557107 44.859 -0.00817826 -0.0132199 0.999879 0.596753
0.789868 0.613054 0.0165223 76.5544 -0.61313 0.789982 -0.000609627 43.9874 -0.0134261 -0.0096488 0.999863 0.548252
0.787682 0.615838 0.0173466 77.1048 -0.615876 0.787835 -0.00373142 43.5512 -0.0159642 -0.00774416 0.999843 0.535901
0.786235 0.617653 0.0184081 77.6643 -0.617673 0.786418 -0.00526917 43.1231 -0.017731 -0.00722739 0.999817 0.524538
0.785524 0.618603 0.0168035 78.2067 -0.618576 0.78569 -0.00739374 42.6992 -0.0177761 -0.00458625 0.999831 0.514176
0.785662 0.61849 0.014296 78.7456 -0.618444 0.785788 -0.00799644 42.2944 -0.0161794 -0.00255879 0.999866 0.513229
0.788131 0.615363 0.0133388 79.195 -0.615343 0.788236 -0.00605883 41.8941 -0.0142425 -0.00343276 0.999893 0.553209
0.79162 0.610931 0.0100911 79.6734 -0.610886 0.791684 -0.00736365 41.5177 -0.0124876 -0.000335298 0.999922 0.565882
0.795736 0.605611 0.0063359 80.1561 -0.605539 0.795749 -0.0102493 41.1562 -0.0112489 0.00431911 0.999927 0.580899
0.801622 0.597828 0.00179888 80.6295 -0.597741 0.80155 -0.0149348 40.8267 -0.0103703 0.0108968 0.999887 0.611137
0.808824 0.588038 -0.00374647 81.1005 -0.587979 0.808611 -0.020696 40.4948 -0.00914057 0.0189422 0.999779 0.634827
0.8185 0.574466 -0.00678775 81.5402 -0.574458 0.818223 -0.0225658 40.1863 -0.00740938 0.0223694 0.999722 0.646836
0.83095 0.556308 -0.00664297 81.9501 -0.556326 0.830755 -0.018631 39.9225 -0.00484587 0.0191771 0.999804 0.619622
0.84388 0.536491 -0.00666799 82.3684 -0.536526 0.843741 -0.0155433 39.681 -0.00271281 0.0166943 0.999857 0.611901
0.858163 0.51334 -0.00622164 82.816 -0.513377 0.858087 -0.0114321 39.4249 -0.000529824 0.0130046 0.999915 0.61954
0.873176 0.487378 -0.00516174 83.3038 -0.487406 0.873131 -0.00887224 39.1799 0.000182737 0.0102629 0.999947 0.65729
0.889136 0.457604 -0.00604182 83.8214 -0.457643 0.889079 -0.0100994 38.9496 0.000750154 0.0117447 0.999931 0.669092
0.906971 0.421175 -0.0038213 84.3308 -0.42119 0.906894 -0.0119297 38.7805 -0.00155896 0.0124294 0.999922 0.671006
0.925727 0.378192 0.000900455 84.7785 -0.37815 0.925654 -0.0128955 38.6308 -0.0057105 0.0115972 0.999916 0.642235
0.943208 0.332156 0.0056536 85.2354 -0.332073 0.943177 -0.0120259 38.5301 -0.00932683 0.00946552 0.999912 0.630703
0.959251 0.282456 0.00749443 85.7326 -0.282363 0.959239 -0.011437 38.4622 -0.0104194 0.00885476 0.999907 0.656029
0.973438 0.228842 0.00701523 86.2056 -0.228751 0.973413 -0.0118598 38.396 -0.00954274 0.00994006 0.999905 0.67864
0.985361 0.170415 0.00482954 86.6778 -0.170335 0.985289 -0.013824 38.3617 -0.00711431 0.012799 0.999893 0.687005
0.994276 0.106837 0.00107476 87.1405 -0.106804 0.99414 -0.01669 38.3612 -0.00285156 0.0164797 0.99986 0.71201
0.999275 0.0378343 -0.00414658 87.6232 -0.037906 0.999103 -0.0188516 38.395 0.00342963 0.0189951 0.999814 0.746583
0.999388 -0.0338093 -0.00897537 88.0961 0.0336311 0.999247 -0.0193245 38.4559 0.00962196 0.0190108 0.999773 0.764104
0.994275 -0.106103 -0.0126437 88.5837 0.105867 0.994216 -0.0180722 38.5392 0.0144881 0.0166302 0.999757 0.768847
0.983911 -0.178003 -0.0153137 89.0639 0.17773 0.983921 -0.0176684 38.6535 0.0182125 0.0146625 0.999727 0.754263
0.968795 -0.24742 -0.0148201 89.5161 0.247128 0.968794 -0.0191161 38.783 0.0190874 0.0148571 0.999707 0.735779
0.949376 -0.313927 -0.0116631 89.9342 0.313685 0.949342 -0.0187593 38.9438 0.0169613 0.0141511 0.999756 0.737294
0.925887 -0.377762 -0.00545679 90.3718 0.377635 0.92581 -0.0163579 39.1741 0.0112314 0.0130849 0.999851 0.747635
0.898495 -0.438982 0.00129452 90.8129 0.438964 0.898422 -0.0122321 39.4432 0.00420662 0.0115587 0.999924 0.759824
0.868868 -0.495013 0.00551757 91.2303 0.495044 0.868813 -0.00976213 39.6811 3.86462e-05 0.0112134 0.999937 0.768302
0.837035 -0.547077 0.00889061 91.6135 0.54713 0.837032 -0.00523046 39.9477 -0.00458026 0.00924239 0.999947 0.787694
0.805952 -0.591891 0.0102817 91.9433 0.591926 0.805992 -0.000423872 40.214 -0.0080361 0.00642763 0.999947 0.785649
0.776267 -0.630325 0.0100149 92.2731 0.6303 0.776329 0.0058821 40.4721 -0.0114825 0.00174629 0.999933 0.792589
0.752603 -0.658447 0.00608429 92.6494 0.658384 0.75262 0.00971602 40.6975 -0.0109766 -0.00330651 0.999934 0.792358
0.73734 -0.675512 0.00365624 92.994 0.675464 0.737337 0.00906504 41.0438 -0.00881942 -0.00421436 0.999952 0.790822
0.722882 -0.690959 0.0041814 93.3458 0.690923 0.722889 0.007568 41.388 -0.00825187 -0.00258174 0.999963 0.796861
0.711071 -0.70307 0.00843853 93.7077 0.703045 0.711119 0.00611911 41.7047 -0.010303 0.00158154 0.999946 0.8203
0.702308 -0.711823 0.00843884 94.0715 0.711803 0.702356 0.00569842 42.0164 -0.00998333 0.00200474 0.999948 0.860419
0.696099 -0.717938 0.00332931 94.4257 0.717894 0.696098 0.00871511 42.4281 -0.00857443 -0.00367649 0.999956 0.882433
0.691612 -0.722269 -0.000920417 94.7264 0.722213 0.691541 0.0133564 42.8123 -0.00901044 -0.00990221 0.99991 0.903591
0.688101 -0.725597 -0.00500205 95.0604 0.725576 0.687977 0.0150542 43.2116 -0.007482 -0.0139882 0.999874 0.937586
0.68666 -0.726948 -0.00664648 95.4239 0.726968 0.686571 0.0117749 43.5843 -0.00399647 -0.0129171 0.999909 0.983667
0.687798 -0.72588 -0.00571026 95.7977 0.725902 0.687768 0.00642652 43.9678 -0.000737544 -0.00856524 0.999963 1.01708
0.691604 -0.722253 -0.00582779 96.177 0.72227 0.691611 0.001101 44.3841 0.00323536 -0.0049707 0.999982 1.01774
0.695211 -0.718757 -0.00836165 96.5746 0.718767 0.695247 -0.00221228 44.7974 0.00740351 -0.00447208 0.999963 1.01817
0.698799 -0.715189 -0.0135629 96.9802 0.715253 0.698865 -0.000149979 45.224 0.0095859 -0.00959611 0.999908 1.0199
0.702074 -0.711874 -0.0180996 97.4171 0.712066 0.702072 0.00754542 45.6659 0.00733579 -0.0181855 0.999808 1.00491
0.70516 -0.70891 -0.0139889 97.8622 0.709042 0.705097 0.00988375 46.0979 0.00285685 -0.0168884 0.999853 1.05362
0.708369 -0.705734 -0.012409 98.3045 0.705836 0.708175 0.0168363 46.5559 -0.00309422 -0.020685 0.999781 1.06235
0.712247 -0.701835 -0.011458 98.7315 0.701833 0.711786 0.0281354 47.0038 -0.0115908 -0.028081 0.999538 1.03616
0.714846 -0.699202 -0.0105972 99.1813 0.699106 0.714242 0.0333065 47.4072 -0.015719 -0.0312175 0.999389 1.02856
0.715606 -0.698422 -0.0107671 99.6811 0.69838 0.715102 0.0299146 47.8958 -0.0131934 -0.0289266 0.999494 0.996954
0.715215 -0.698762 -0.0141062 100.169 0.698877 0.714862 0.0233141 48.3604 -0.006207 -0.0265331 0.999629 1.01377
0.714373 -0.699571 -0.0164472 100.658 0.699765 0.714189 0.016256 48.847 0.000374123 -0.023122 0.999733 1.03181
0.712526 -0.701382 -0.0192385 101.143 0.701626 0.712442 0.0120895 49.3401 0.00522696 -0.0221123 0.999742 1.03505
0.71042 -0.703518 -0.0191145 101.647 0.703762 0.710325 0.0125495 49.8465 0.00474869 -0.0223675 0.999739 1.03487
0.708673 -0.705351 -0.0162393 102.138 0.705538 0.708479 0.0165566 50.3343 -0.000173011 -0.0231907 0.999731 1.02864
0.706818 -0.707272 -0.0132506 102.69 0.707349 0.70643 0.0247769 50.8718 -0.00816338 -0.0268856 0.999605 1.06156
0.705171 -0.708951 -0.0110555 103.191 0.708935 0.704718 0.0280082 51.3817 -0.0120655 -0.0275882 0.999547 1.07065
0.704503 -0.70953 -0.0155677 103.699 0.709642 0.703993 0.0283354 51.9286 -0.00914521 -0.0310099 0.999477 1.08051
0.702303 -0.711617 -0.0192789 104.212 0.711866 0.701877 0.0248038 52.4794 -0.00411938 -0.0311437 0.999506 1.09289
0.699426 -0.714259 -0.0252209 104.773 0.714704 0.699019 0.0238767 53.0629 0.000575745 -0.0347255 0.999397 1.07681
0.696217 -0.717256 -0.0287327 105.336 0.717828 0.695768 0.0250851 53.6361 0.00199884 -0.0380898 0.999272 1.08168
0.693551 -0.719911 -0.0267375 105.91 0.720408 0.693095 0.0251496 54.2144 0.000426129 -0.0367044 0.999326 1.08666
0.68987 -0.723649 -0.0202916 107.053 0.723901 0.6893 0.0288661 55.4027 -0.0069019 -0.034603 0.999377 1.1028
0.689308 -0.724346 -0.0133227 107.636 0.724419 0.688929 0.0243856 56.0012 -0.00848518 -0.0264604 0.999614 1.12298
0.689504 -0.724171 -0.0126727 108.208 0.724221 0.689113 0.0250352 56.61 -0.00939683 -0.0264397 0.999606 1.08954
0.689685 -0.724019 -0.0115 108.75 0.724054 0.689346 0.0234069 57.2123 -0.00901955 -0.02447 0.99966 1.09213
0.69011 -0.72353 -0.0158711 109.316 0.72367 0.689699 0.0248371 57.8293 -0.00702414 -0.0286258 0.999566 1.10461
0.691016 -0.722537 -0.0208976 109.89 0.722823 0.69052 0.0266186 58.4585 -0.00480265 -0.0334992 0.999427 1.11138
0.692089 -0.721272 -0.0279291 110.464 0.721795 0.691287 0.0336718 59.0662 -0.00497945 -0.043463 0.999043 1.09638
0.693865 -0.719393 -0.0320271 111.059 0.720075 0.692744 0.0399675 59.6842 -0.00656575 -0.050794 0.998688 1.07626
0.696354 -0.716927 -0.033266 111.633 0.717671 0.695174 0.0410061 60.3003 -0.0062727 -0.0524289 0.998605 1.08201
0.698198 -0.715151 -0.03283 112.231 0.71589 0.697165 0.0382435 60.9345 -0.00446204 -0.0502042 0.998729 1.11875
0.699881 -0.713695 -0.0283851 112.881 0.714248 0.699097 0.0333624 61.5943 -0.00396668 -0.0436237 0.99904 1.14351
0.69946 -0.71428 -0.0236557 113.483 0.714659 0.698863 0.0292116 62.2062 -0.00433312 -0.0373381 0.999293 1.14059
0.699698 -0.714105 -0.0218382 114.1 0.714424 0.699155 0.02794 62.8351 -0.00468379 -0.0351512 0.999371 1.13988
0.701317 -0.712503 -0.0222238 114.696 0.712815 0.700632 0.0317808 63.4519 -0.00707324 -0.0381299 0.999248 1.14345
0.70238 -0.711459 -0.0220901 115.299 0.711706 0.701435 0.0382614 64.0757 -0.0117267 -0.0425956 0.999024 1.13794
0.703161 -0.710683 -0.0222401 115.891 0.71084 0.701905 0.0451217 64.6992 -0.0164568 -0.047537 0.998734 1.11987
0.703296 -0.710564 -0.0217656 116.488 0.710765 0.702245 0.0407902 65.3089 -0.0136993 -0.0441578 0.998931 1.11922
0.704001 -0.709774 -0.0245916 117.076 0.710198 0.703496 0.0266882 65.8698 -0.00164249 -0.0362534 0.999341 1.10461
0.702785 -0.710891 -0.0269441 118.284 0.711377 0.702576 0.0181903 67.0858 0.00599891 -0.0319513 0.999471 1.16462
0.701696 -0.712237 -0.0184911 118.874 0.712431 0.70112 0.0295297 67.6914 -0.00806769 -0.0338945 0.999393 1.14718
0.699951 -0.714191 2.01836e-05 119.531 0.713529 0.699304 0.0430113 68.3574 -0.0307324 -0.0300914 0.999075 1.1269
0.699506 -0.714626 -1.72276e-05 120.066 0.714044 0.698935 0.0403811 68.8948 -0.0288454 -0.0282592 0.999184 1.12721
0.698911 -0.715114 -0.0116336 120.597 0.714995 0.698214 0.0357556 69.4817 -0.0174465 -0.033308 0.999293 1.12064
0.698182 -0.715667 -0.0190563 121.182 0.71591 0.697776 0.024122 70.0734 -0.00396623 -0.0304841 0.999527 1.14464
0.696908 -0.716672 -0.0264562 121.76 0.717149 0.696631 0.0200614 70.6752 0.00405283 -0.032954 0.999449 1.15105
0.694747 -0.718827 -0.0247736 122.379 0.719254 0.69436 0.0232155 71.3261 0.000513852 -0.0339474 0.999423 1.12723
0.691438 -0.72224 -0.0168126 122.906 0.722424 0.691105 0.0218382 71.9044 -0.00415315 -0.0272455 0.99962 1.1431
0.689057 -0.724561 -0.0145617 123.481 0.724697 0.688803 0.0190887 72.5008 -0.00380077 -0.0237061 0.999712 1.17192
0.686473 -0.726935 -0.0179013 124.02 0.72715 0.686165 0.0207443 73.0932 -0.00279644 -0.0272573 0.999625 1.15825
0.684215 -0.729 -0.0202245 124.56 0.729276 0.683841 0.0227605 73.7085 -0.00276207 -0.0303223 0.999536 1.17527
0.682552 -0.73053 -0.0211752 125.126 0.730821 0.68206 0.026343 74.3242 -0.00480156 -0.0334557 0.999429 1.16857
0.681558 -0.731478 -0.0204474 125.689 0.731711 0.680906 0.0310732 74.9216 -0.00880663 -0.0361398 0.999308 1.15282
0.681243 -0.731804 -0.0192305 126.256 0.731981 0.680557 0.0323448 75.5026 -0.0105826 -0.0361111 0.999292 1.14807
0.679219 -0.733682 -0.0192996 126.798 0.733906 0.678723 0.0267786 76.1114 -0.00654788 -0.0323527 0.999455 1.18968
0.676231 -0.73643 -0.0195664 127.336 0.736687 0.675921 0.0205494 76.708 -0.00190787 -0.0283104 0.999597 1.21599
0.67144 -0.740797 -0.0197088 127.848 0.741059 0.6712 0.017951 77.2936 -6.95447e-05 -0.0266584 0.999645 1.20022
0.665323 -0.74634 -0.0179528 128.389 0.746551 0.665045 0.0193852 77.9361 -0.00252855 -0.0263002 0.999651 1.1766
0.660698 -0.750526 -0.0137804 128.918 0.750568 0.660238 0.0270852 78.5273 -0.0112298 -0.0282383 0.999538 1.12722
0.657218 -0.75368 -0.00562226 129.494 0.753351 0.656668 0.0353369 79.1383 -0.0229408 -0.0274596 0.99936 1.17323
0.654387 -0.75615 -0.00382673 130.008 0.755656 0.653758 0.0397987 79.7358 -0.027592 -0.0289355 0.9992 1.16976
0.650858 -0.759184 -0.00483912 130.498 0.758755 0.650247 0.0383276 80.3458 -0.025951 -0.0286175 0.999253 1.15785
0.64586 -0.763422 -0.00723673 130.99 0.763229 0.645407 0.0305176 80.9578 -0.0186272 -0.0252334 0.999508 1.13739
0.640237 -0.768104 -0.0106596 131.501 0.768148 0.640029 0.0176128 81.598 -0.006706 -0.0194645 0.999788 1.1672
0.634552 -0.772715 -0.0159676 132.03 0.772872 0.634316 0.0176773 82.2597 -0.00353098 -0.0235581 0.999716 1.15234
0.628864 -0.777354 -0.0158233 132.538 0.777472 0.628483 0.0233737 82.9257 -0.00822499 -0.027001 0.999602 1.09204
0.622719 -0.782302 -0.0149949 133.03 0.782376 0.622294 0.0252536 83.5635 -0.0104247 -0.0274575 0.999569 1.07328
0.615063 -0.788239 -0.0194134 133.523 0.788448 0.614639 0.0238282 84.1988 -0.0068501 -0.0299623 0.999528 1.09794
0.600862 -0.799029 -0.0227616 134.53 0.79935 0.600542 0.019706 85.5455 -0.00207635 -0.0300351 0.999547 1.13972
0.595004 -0.80337 -0.0237868 134.992 0.803684 0.594428 0.0273207 86.2135 -0.00780911 -0.035373 0.999344 1.10701
0.588315 -0.808287 -0.0236033 135.476 0.808525 0.587512 0.0334243 86.8959 -0.0131491 -0.0387479 0.999162 1.11549
0.581646 -0.813188 -0.0203307 135.956 0.813206 0.580693 0.0386317 87.5575 -0.0196089 -0.039003 0.999047 1.09956
0.576322 -0.817037 -0.0174137 136.428 0.816873 0.575321 0.0415246 88.2184 -0.0239087 -0.0381563 0.998986 1.0883
0.572306 -0.819864 -0.0169991 136.911 0.81968 0.571318 0.0414775 88.9096 -0.024294 -0.0376717 0.998995 1.06364
0.569039 -0.821988 -0.0230249 137.383 0.822126 0.568094 0.0371177 89.5947 -0.01743 -0.0400508 0.999046 1.09197
0.566145 -0.823702 -0.0315462 137.832 0.824252 0.565258 0.0330406 90.2708 -0.00938391 -0.0447078 0.998956 1.08561
0.56383 -0.825114 -0.0358209 138.285 0.825879 0.563058 0.0298314 90.9372 -0.00444504 -0.0464035 0.998913 1.08509
0.561135 -0.826846 -0.0381128 138.752 0.827712 0.560277 0.031352 91.6367 -0.00456956 -0.0491391 0.998782 1.08309
0.559027 -0.828382 -0.0356776 139.213 0.829049 0.557772 0.0395923 92.346 -0.0128976 -0.0517116 0.998579 1.06746
0.556475 -0.830268 -0.0314754 139.682 0.830503 0.554716 0.050558 93.0639 -0.0245168 -0.0542747 0.998225 1.06033
0.55228 -0.833246 -0.0262205 140.114 0.833202 0.550664 0.0504242 93.7201 -0.0275771 -0.0496953 0.998384 1.04826
0.547854 -0.836268 -0.0225997 140.554 0.836222 0.546642 0.043754 94.3783 -0.0242361 -0.0428692 0.998787 1.02225
0.541836 -0.840169 -0.0230156 140.988 0.84037 0.541108 0.0313072 95.0783 -0.0138494 -0.036305 0.999245 1.06071
0.536473 -0.843446 -0.0282125 141.444 0.84385 0.535708 0.0305569 95.7956 -0.0106595 -0.0402001 0.999135 1.04824
0.529965 -0.847444 -0.0312404 141.877 0.84791 0.528945 0.0355807 96.5215 -0.0136282 -0.0453456 0.998878 1.0058
0.523473 -0.851809 -0.0199546 142.327 0.851776 0.52258 0.0372443 97.2549 -0.0212971 -0.0364932 0.999107 1.02449
0.512809 -0.8585 0.00200759 143.192 0.858071 0.512624 0.0305029 98.6619 -0.0272159 -0.0139195 0.999533 0.988698
0.507456 -0.861655 0.00629749 143.597 0.861376 0.507458 0.0227535 99.347 -0.0228013 -0.0061219 0.999721 0.985723
0.502585 -0.864485 0.00858434 144.024 0.864411 0.502656 0.0114278 100.049 -0.0141942 0.00167693 0.999898 0.993935
0.49707 -0.867679 0.0073328 144.464 0.867694 0.497095 0.00202019 100.745 -0.00539798 0.00535844 0.999971 0.998388
0.491224 -0.871027 -0.00331316 144.887 0.871012 0.491182 0.00884087 101.478 -0.00607328 -0.00722866 0.999955 0.984064
0.486432 -0.873703 -0.00510989 145.311 0.873491 0.486165 0.0256236 102.272 -0.0199031 -0.0169276 0.999659 0.96167
0.481332 -0.876538 -3.93279e-05 145.721 0.876005 0.481038 0.0349009 103.026 -0.0305731 -0.0168334 0.999391 0.95528
0.477517 -0.878614 0.00394221 146.11 0.877978 0.477334 0.0361393 103.786 -0.0336342 -0.0137959 0.999339 0.953676
0.475817 -0.879543 -0.00122271 146.5 0.879212 0.475599 0.0281614 104.528 -0.0241877 -0.0144747 0.999603 0.909587
0.474743 -0.880052 -0.0112683 146.871 0.880031 0.474468 0.0206366 105.251 -0.0128148 -0.0197136 0.999724 0.902778
0.47323 -0.880768 -0.0173599 147.242 0.880921 0.473003 0.0156768 105.995 -0.00559631 -0.0227115 0.999726 0.955029
0.471923 -0.881515 -0.0148453 147.641 0.881618 0.471724 0.0150397 106.728 -0.00625487 -0.0201854 0.999777 0.974824
0.471395 -0.881845 -0.0116156 148.062 0.881827 0.47111 0.020902 107.489 -0.0129601 -0.020096 0.999714 0.964042
0.471037 -0.882066 -0.00910559 148.465 0.881855 0.470625 0.0290547 108.267 -0.0213429 -0.0217157 0.999536 0.924426
0.469792 -0.882771 -0.00321369 148.853 0.88239 0.469475 0.031322 109.037 -0.0261414 -0.0175505 0.999504 0.89879
0.467524 -0.883976 0.00263637 149.243 0.883745 0.467467 0.0216587 109.767 -0.0203782 -0.00779612 0.999762 0.860361
0.46628 -0.884611 0.00683292 149.64 0.88461 0.466312 0.0042351 110.479 -0.00693269 0.00406972 0.999968 0.916001
0.465583 -0.884943 0.0103695 150.051 0.885002 0.465525 -0.00755956 111.221 0.00186249 0.0126967 0.999918 0.969825
0.465298 -0.885118 0.00795212 150.452 0.885146 0.465239 -0.00830291 111.962 0.00364943 0.0109021 0.999934 0.991639
0.464192 -0.885726 0.00393469 150.866 0.885725 0.464203 0.0025234 112.745 -0.00406154 0.00231371 0.999989 0.934514
0.461464 -0.887133 0.00680756 151.255 0.887049 0.461514 0.0121756 113.535 -0.0139431 0.00042006 0.999903 0.961979
0.459114 -0.888263 0.0142461 151.634 0.888219 0.459276 0.0114842 114.352 -0.0167439 0.00738109 0.999833 0.968041
0.459822 -0.887933 0.011756 152.014 0.887959 0.459898 0.0047599 115.099 -0.00963303 0.00825009 0.99992 0.92548
0.460693 -0.887544 0.00530399 152.378 0.88754 0.460715 0.00389792 115.838 -0.0059032 0.00291175 0.999978 0.962459
0.460684 -0.887563 0.00137116 152.758 0.887547 0.460684 0.00560131 116.575 -0.00560319 -0.00136346 0.999983 0.958606
0.460348 -0.887738 0.000340927 153.135 0.887705 0.460334 0.00854978 117.298 -0.00774691 -0.00363324 0.999963 0.96575
0.459007 -0.88843 -0.00198271 153.511 0.888317 0.458911 0.0171229 118.03 -0.0143026 -0.00962079 0.999851 0.971656
0.458084 -0.888909 -0.000780804 153.87 0.888759 0.45799 0.0187823 118.779 -0.0163381 -0.00929781 0.999823 0.975107
0.45737 -0.889275 0.0016905 154.227 0.889179 0.457347 0.0139405 119.523 -0.0131701 -0.00487282 0.999901 0.972363
0.457097 -0.889413 0.00246667 154.59 0.88939 0.457103 0.00647947 120.264 -0.00689045 -0.000767929 0.999976 0.985991
0.456855 -0.889536 -0.00308239 154.965 0.889535 0.456835 0.00544436 120.987 -0.00343481 -0.00522918 0.99998 1.00324
0.455765 -0.890045 -0.00992791 155.352 0.890056 0.455603 0.0150047 121.723 -0.00883165 -0.015675 0.999838 0.915999
0.453518 -0.891244 -0.00234051 155.718 0.890984 0.453319 0.0254782 122.432 -0.0216463 -0.0136402 0.999673 0.947242
0.452119 -0.891935 0.00639431 156.055 0.891574 0.452123 0.0260766 123.101 -0.0261496 -0.0060887 0.99964 0.981627
0.451722 -0.892131 0.00701958 156.397 0.891904 0.451767 0.020341 123.801 -0.021318 -0.00292766 0.999768 0.98948
0.452359 -0.891832 0.00264313 156.733 0.891729 0.452348 0.0141599 124.474 -0.0138238 -0.00404838 0.999896 0.939538
0.453344 -0.891333 -0.00218624 157.049 0.891302 0.453304 0.00980431 125.133 -0.00774787 -0.00639333 0.99995 0.970922
0.454301 -0.890793 -0.0098947 157.339 0.890838 0.454213 0.00993367 125.719 -0.00435454 -0.0133275 0.999902 0.930344
0.45664 -0.889583 -0.0110616 157.632 0.88965 0.456584 0.00732807 126.302 -0.00146836 -0.0131873 0.999912 0.94648
0.460241 -0.887721 -0.0114167 157.933 0.887794 0.4602 0.0061737 126.89 -0.000226571 -0.012977 0.999916 0.978228
0.465136 -0.88518 -0.0102329 158.239 0.885231 0.465053 0.00951571 127.501 -0.00366425 -0.0134846 0.999902 0.961216
0.470654 -0.882289 -0.00709187 158.559 0.882251 0.470505 0.0160496 128.098 -0.0108236 -0.0138106 0.999846 0.949571
0.475731 -0.879566 -0.0066401 158.894 0.879403 0.475459 0.0242908 128.708 -0.0182083 -0.0173952 0.999683 0.963442
0.481053 -0.87665 -0.00850548 159.2 0.876508 0.480731 0.0251478 129.291 -0.017957 -0.0195525 0.999648 0.961489
0.487105 -0.873285 -0.010081 159.488 0.873277 0.486894 0.0179358 129.852 -0.0107547 -0.0175401 0.999788 0.975892
0.493594 -0.869603 -0.0125164 159.79 0.869691 0.493517 0.00883143 130.419 -0.00150279 -0.0152445 0.999883 0.979593
0.500244 -0.865696 -0.0180843 160.112 0.865868 0.500256 0.00418853 130.986 0.00542076 -0.0177539 0.999828 0.974798
0.506717 -0.861911 -0.0186291 160.479 0.862103 0.506694 0.00626773 131.575 0.00403705 -0.0192362 0.999807 1.0195
0.512189 -0.85874 -0.0151051 160.829 0.858873 0.512118 0.00849492 132.146 0.000440645 -0.0173243 0.99985 1.04954
0.517567 -0.855598 -0.00877437 161.177 0.855629 0.517473 0.0109615 132.695 -0.00483814 -0.0131809 0.999901 1.05674
0.522691 -0.852519 -0.00233398 161.543 0.852476 0.522631 0.0119013 133.244 -0.00892626 -0.00821035 0.999926 1.05069
0.526151 -0.85039 -0.00138782 161.87 0.850326 0.52609 0.0132192 133.772 -0.0105114 -0.00813541 0.999912 1.05088
0.525914 -0.850532 -0.003081 162.202 0.850472 0.525826 0.014314 134.311 -0.0105544 -0.0101482 0.999893 1.04301
0.526195 -0.850364 0.000826994 162.901 0.850232 0.52613 0.0171197 135.485 -0.014993 -0.00830514 0.999853 1.06643
0.526404 -0.850235 0.000345038 163.256 0.850077 0.526314 0.019044 136.062 -0.0163735 -0.00973155 0.999819 1.06719
0.526102 -0.850383 -0.00814914 163.606 0.850325 0.525872 0.0201529 136.633 -0.0128522 -0.0175319 0.999764 1.03107
0.525404 -0.850706 -0.0158195 163.932 0.85083 0.52516 0.0172156 137.179 -0.00633769 -0.0225048 0.999727 1.00234
0.52361 -0.85176 -0.0183621 164.257 0.851955 0.523545 0.00853693 137.729 0.00234196 -0.0201137 0.999795 1.01197
0.520266 -0.853858 -0.0158154 164.588 0.853966 0.520328 0.000170032 138.277 0.00808403 -0.0135943 0.999875 1.06385
0.516602 -0.856092 -0.0151575 164.931 0.856208 0.516625 0.00263907 138.866 0.00557145 -0.0143413 0.999882 1.09566
0.512907 -0.858326 -0.0142286 165.245 0.858435 0.512755 0.0130793 139.474 -0.00393057 -0.0189228 0.999813 1.09295
0.509494 -0.860458 -0.00525161 165.611 0.860277 0.509238 0.0244773 140.094 -0.0183873 -0.0169889 0.999687 1.10234
0.506082 -0.862473 0.0046647 165.981 0.861953 0.505952 0.0324003 140.713 -0.0303045 -0.0123765 0.999464 1.09501
0.503779 -0.863821 0.00444098 166.341 0.863329 0.503654 0.0315605 141.306 -0.0294993 -0.0120655 0.999492 1.05168
0.501997 -0.864869 0.000452824 166.686 0.864549 0.501826 0.0269538 141.915 -0.0235388 -0.0131393 0.999637 1.04261
0.499399 -0.866367 -0.00289745 167.028 0.866208 0.499237 0.0210898 142.516 -0.016825 -0.013042 0.999773 1.03025
0.497004 -0.867748 -0.000824312 167.379 0.867677 0.496951 0.0132325 143.133 -0.0110728 -0.00729183 0.999912 1.03424
0.495873 -0.868369 0.0067191 167.722 0.868331 0.495915 0.00829836 143.723 -0.0105381 0.00171947 0.999943 1.03811
0.495059 -0.868719 0.0156208 168.075 0.868741 0.495208 0.00760908 144.33 -0.0143457 0.00980353 0.999849 1.05152
0.494145 -0.869112 0.0215654 168.438 0.869164 0.494423 0.00999367 144.945 -0.019348 0.0138055 0.999717 1.04788
0.493186 -0.869611 0.0233157 168.771 0.869692 0.493496 0.00983875 145.538 -0.0200621 0.0154251 0.99968 1.0134
