1 3.00375e-09 0 0 3.00579e-09 1 4.74756e-10 0 0 -8.02174e-10 1 0
1 7.2623e-07 -3.15346e-06 0.000388573 -6.82376e-07 1 2.22028e-06 -0.00175381 3.15346e-06 -2.22133e-06 1 -0.00489409
1 -3.43362e-05 -2.7936e-05 -0.000918509 3.43657e-05 1 1.0741e-05 -0.0021652 2.79341e-05 -1.07422e-05 1 -0.00941684
1 2.87385e-05 -1.31074e-05 -0.000481427 -2.86963e-05 1 8.68227e-06 -0.00397611 1.31056e-05 -8.68214e-06 1 -0.00890933
1 -2.76025e-05 -6.97579e-05 0.00109834 2.76611e-05 1 7.57133e-05 -0.0040462 6.97579e-05 -7.57156e-05 1 -0.00978272
1 -1.84767e-05 -8.96472e-05 0.00109813 1.85123e-05 1 8.82592e-05 -0.00339051 8.96454e-05 -8.82618e-05 1 -0.0103828
1 -6.82242e-05 -9.71761e-05 -0.00132632 6.82823e-05 1 0.000129179 -0.00368978 9.71649e-05 -0.000129186 1 -0.000322403
1 -6.5012e-05 -9.25958e-05 -0.0022139 6.50636e-05 1 0.000142834 -0.00259445 9.25865e-05 -0.00014284 1 -0.000237433
1 -0.000109575 -8.74102e-05 -0.000640246 0.000109618 1 0.000183622 -0.00683026 8.73916e-05 -0.000183633 1 0.00108948
1 -0.000124149 -0.000101987 0.00473292 0.000124162 1 0.00017678 -0.00694169 0.000101967 -0.000176793 1 -0.00622065
1 -6.19432e-05 -9.44734e-05 0.00436595 6.1994e-05 1 0.000190299 -0.00742577 9.44603e-05 -0.000190306 1 -0.00872721
1 -7.10234e-05 -8.3277e-05 0.000267249 7.10238e-05 1 0.000194539 -0.00711668 8.32658e-05 -0.000194545 1 -0.0111969
1 -0.00013452 -6.77034e-05 0.00218007 0.000134532 1 0.000215687 -0.0107722 6.76718e-05 -0.000215696 1 -0.007864
1 -0.000174868 -5.85727e-05 0.00348537 0.000174914 1 0.000257143 -0.00833668 5.85262e-05 -0.000257154 1 -0.0133428
1 -0.000188061 -4.71361e-05 0.000613368 0.000188087 1 0.00026676 -0.00584149 4.70858e-05 -0.000266769 1 -0.00409007
1 -0.000231779 -3.61502e-05 0.00110742 0.000231806 1 0.000272897 -0.00466272 3.60869e-05 -0.000272906 1 -0.00358167
1 -0.000174773 -4.25857e-05 0.000118037 0.000174824 1 0.000268064 -0.00613295 4.25391e-05 -0.000268073 1 -0.00329834
1 -0.000179173 -4.00282e-06 -0.00246391 0.000179204 1 0.000270541 -0.00678117 3.95253e-06 -0.000270542 1 -0.00414213
1 -0.000164515 2.52426e-05 -0.00127331 0.000164571 1 0.000262944 -0.00667962 -2.52873e-05 -0.00026294 1 -0.00682237
1 -0.000172297 1.76877e-05 0.00456124 0.00017232 1 0.000268163 -0.0092185 -1.77342e-05 -0.00026816 1 -0.00832381
1 -0.000166708 -4.25614e-06 0.001592 0.000166717 1 0.000230271 -0.00595341 4.21703e-06 -0.000230272 1 -0.0104744
1 -0.000177058 2.55983e-05 0.00087612 0.000177088 1 0.000161226 -0.00697863 -2.56281e-05 -0.000161223 1 -0.0082862
1 -0.000137406 2.51886e-05 -6.31445e-05 0.000137451 1 0.000119162 -0.00648187 -2.52053e-05 -0.00011916 1 -0.0128028
1 -9.80885e-05 7.99261e-06 -0.000761074 9.81419e-05 1 9.07909e-05 -0.0041895 -8.00192e-06 -9.07903e-05 1 -0.00861401
1 -0.000149085 1.74772e-05 0.0014778 0.000149133 1 5.96689e-05 -0.0055292 -1.74865e-05 -5.96661e-05 1 -0.00617575
1 -0.000127559 3.26335e-05 -0.00263699 0.000127586 1 1.93003e-05 -0.00564415 -3.26373e-05 -1.92966e-05 1 -0.00524524
1 -0.000164011 2.0029e-05 -0.00134544 0.000164035 1 2.14675e-05 -0.00340109 -2.00327e-05 -2.14651e-05 1 -0.00562349
1 -0.000113972 3.96017e-05 0.000448041 0.000113966 1 -2.25241e-06 -0.00900561 -3.96017e-05 2.25666e-06 1 -0.00779333
1 -0.000130097 4.46159e-05 -0.000139685 0.000130149 1 -1.44122e-05 -0.00652095 -4.46159e-05 1.44169e-05 1 -0.0144043
1 -0.000161343 7.33193e-05 -0.000914036 0.000161351 1 -8.15997e-05 -0.00679418 -7.33063e-05 8.16099e-05 1 -0.011517
1 -0.000174422 6.89346e-05 -0.00204512 0.000174464 1 -0.000111059 -0.00652879 -6.89141e-05 0.000111071 1 -0.00653539
1 -0.000172089 9.03737e-05 -0.00118703 0.00017208 1 -0.000105342 -0.00752786 -9.03588e-05 0.000105357 1 -0.00702092
1 -0.000216763 7.64597e-05 -0.00317828 0.000216783 1 -0.000122216 -0.00850125 -7.64355e-05 0.000122233 1 -0.00755466
1 -0.000272118 3.458e-05 -0.00104681 0.000272157 1 -0.00014841 -0.00991917 -3.4539e-05 0.000148419 1 -0.0110191
1 -0.000276657 3.67649e-05 0.00037439 0.000276687 1 -0.00015061 -0.0140015 -3.67239e-05 0.00015062 1 -0.0110949
1 -0.00027685 6.3749e-05 0.00221054 0.000276895 1 -0.000151439 -0.0129709 -6.37062e-05 0.000151457 1 -0.00966369
1 -0.000265462 5.33219e-05 -0.00279022 0.000265481 1 -0.000135574 -0.01606 -5.32847e-05 0.000135586 1 -0.00904814
1 -0.000284613 1.22581e-05 0.00274032 0.000284615 1 -0.000155724 -0.013296 -1.22152e-05 0.000155727 1 -0.00575416
1 -0.000763734 1.53352e-05 0.00215754 0.000763747 1 0.000191261 -0.0121797 -1.54786e-05 -0.00019125 1 -0.00316367
0.999995 -0.00319575 -0.000337562 0.0342031 0.00319616 0.999994 0.00106801 -0.0147724 0.000334149 -0.00106908 0.999999 0.00728009
0.999998 -0.00210031 -0.000312485 0.0784553 0.00210021 0.999998 -0.000329668 -0.00760892 0.000313172 0.00032901 1 0.01633
0.999998 -0.00189376 0.000813501 0.121579 0.00189315 0.999998 0.000718758 -0.00511896 -0.000814864 -0.000717217 1 0.0142592
0.999993 -0.00328455 0.00175184 0.179994 0.00328257 0.999994 0.00115636 -0.00331136 -0.00175563 -0.0011506 0.999998 0.0190482
0.999995 -0.00238984 0.00202988 0.250784 0.00239025 0.999997 -0.000202521 -0.00513221 -0.00202939 0.000207371 0.999998 0.0167457
0.999994 -0.00313872 0.00128361 0.330066 0.00313968 0.999995 -0.000724969 -0.00890089 -0.00128133 0.000728995 0.999999 0.0175873
0.99999 -0.0044301 0.000368029 0.41818 0.00443035 0.99999 -0.000576194 -0.0138446 -0.000365475 0.000577818 1 0.0192785
0.999987 -0.00500589 -0.0013177 0.515279 0.00500518 0.999987 -0.000538077 -0.0138878 0.00132038 0.000531474 0.999999 0.0173211
0.999982 -0.00588909 -0.000853876 0.614348 0.00588848 0.999983 -0.000722849 -0.0148284 0.000858119 0.000717808 0.999999 0.0167973
0.999975 -0.00685572 -0.00154311 0.719372 0.00685332 0.999975 -0.00158037 -0.0101477 0.00155391 0.00156975 0.999998 0.0288759
0.999967 -0.00804615 -0.00152273 0.819991 0.00804368 0.999966 -0.00166287 -0.0121597 0.00153606 0.00165057 0.999997 0.0445806
0.999969 -0.00787067 6.59972e-05 0.931268 0.00787077 0.999968 -0.00145195 -0.00629462 -5.45662e-05 0.00145242 0.999999 0.0453633
0.999966 -0.00804832 0.00182494 1.03874 0.00805142 0.999966 -0.00165843 -0.0113638 -0.00181153 0.00167306 0.999997 0.0391809
0.999962 -0.00819336 0.00293684 1.14585 0.00819659 0.999966 -0.00108052 -0.0140055 -0.00292789 0.00110455 0.999995 0.0208906
0.999952 -0.00892162 0.0039854 1.24996 0.00893525 0.999954 -0.00341276 -0.014209 -0.00395477 0.0034482 0.999986 0.0275531
0.999946 -0.00969132 0.00382968 1.35015 0.00970221 0.999949 -0.00282172 -0.0170329 -0.00380214 0.00285872 0.999989 0.0451507
0.99994 -0.0106021 0.00281238 1.44515 0.0106093 0.999941 -0.00255697 -0.00647858 -0.0027851 0.00258665 0.999993 0.0359566
0.999937 -0.0109463 0.00239337 1.55817 0.0109511 0.999938 -0.00197727 -0.0120229 -0.00237158 0.00200336 0.999995 0.0410697
0.999936 -0.0112157 0.00174575 1.66658 0.0112171 0.999937 -0.000778745 -0.0065741 -0.0017369 0.000798277 0.999998 0.0594065
0.999924 -0.0121162 0.00249172 1.78121 0.0121205 0.999925 -0.00170678 -0.0106847 -0.00247086 0.00173685 0.999996 0.0561456
0.999924 -0.0119302 0.00308559 1.88233 0.0119342 0.999928 -0.0012604 -0.00737353 -0.00307033 0.00129712 0.999995 0.0495555
0.999917 -0.0122475 0.00392249 1.99588 0.0122536 0.999924 -0.00152464 -0.0127227 -0.00390352 0.00157258 0.999991 0.0543773
0.999926 -0.0112004 0.00481088 2.1066 0.0112066 0.999937 -0.00125021 -0.0152096 -0.00479657 0.00130403 0.999988 0.0712531
0.999915 -0.0121316 0.00476744 2.21993 0.0121355 0.999926 -0.000788044 -0.023338 -0.00475753 0.000845832 0.999988 0.0660702
0.999898 -0.013215 0.00542304 2.3247 0.0132239 0.999911 -0.00159266 -0.017096 -0.00540152 0.00166421 0.999984 0.0797445
0.999895 -0.013747 0.00452022 2.44158 0.0137509 0.999905 -0.000819372 -0.0202123 -0.00450853 0.000881442 0.99999 0.0821225
0.99989 -0.0145372 0.00301841 2.56365 0.0145374 0.999894 -5.60096e-05 -0.0277017 -0.00301727 9.98825e-05 0.999996 0.0919895
0.999885 -0.0149769 0.00244602 2.68491 0.0149804 0.999887 -0.00143406 -0.0346768 -0.00242427 0.00147054 0.999996 0.0758388
0.999878 -0.0155097 0.00206948 2.81267 0.0155156 0.999876 -0.00289506 -0.0348303 -0.00202433 0.00292681 0.999994 0.0897025
0.999891 -0.0146608 0.00201835 2.92301 0.0146689 0.999884 -0.00405027 -0.0339848 -0.00195874 0.00407943 0.99999 0.0829683
0.99988 -0.0152265 0.00302654 3.04458 0.0152348 0.99988 -0.00269517 -0.0361711 -0.00298514 0.00274095 0.999992 0.109529
0.999877 -0.0151703 0.00408781 3.16016 0.0151835 0.99988 -0.00323486 -0.0367268 -0.00403824 0.00329653 0.999987 0.124687
0.999869 -0.0157541 0.00383736 3.28426 0.0157701 0.999867 -0.00416172 -0.0398111 -0.00377128 0.00422169 0.999984 0.119286
0.999862 -0.0163772 0.00281918 3.40632 0.0163892 0.999857 -0.00424151 -0.035712 -0.00274931 0.00428713 0.999987 0.103148
0.999851 -0.0171135 0.00215057 3.53485 0.0171214 0.999847 -0.00368048 -0.0361126 -0.00208726 0.00371675 0.999991 0.118725
0.999845 -0.0175777 0.000976302 3.64893 0.0175826 0.999832 -0.00525407 -0.03843 -0.000883784 0.00527042 0.999986 0.136058
0.99985 -0.0173167 0.00097451 3.76869 0.0173215 0.999837 -0.00513378 -0.0336646 -0.000885451 0.00514988 0.999986 0.135684
0.99984 -0.0178247 0.001254 3.89516 0.0178307 0.999829 -0.00499607 -0.0263435 -0.00116473 0.00501763 0.999987 0.122422
0.999862 -0.0164627 0.00205717 4.01528 0.0164716 0.999855 -0.00437977 -0.0409605 -0.00198476 0.00441306 0.999988 0.112853
0.999861 -0.016498 0.00251212 4.14406 0.0165109 0.999851 -0.00514914 -0.0331621 -0.00242679 0.0051899 0.999984 0.141136
0.999854 -0.0166038 0.00395226 4.26925 0.0166177 0.999856 -0.00350737 -0.0334045 -0.00389345 0.00357253 0.999986 0.155256
0.999839 -0.0175451 0.00389147 4.39849 0.0175632 0.999835 -0.00465483 -0.0372376 -0.00380916 0.00472242 0.999982 0.142841
0.999826 -0.0185332 0.002064 4.52704 0.0185434 0.999816 -0.00502146 -0.0429229 -0.00197056 0.00505886 0.999985 0.156518
0.999815 -0.0191183 0.00231062 4.6621 0.0191298 0.999804 -0.00504509 -0.0449336 -0.00221372 0.00508836 0.999985 0.172305
0.999822 -0.0188654 0.00089529 4.78606 0.0188692 0.999812 -0.00438708 -0.0463786 -0.000812357 0.00440319 0.99999 0.173803
0.999826 -0.0186293 0.00137868 4.91718 0.0186381 0.999805 -0.00662018 -0.0510309 -0.00125508 0.00664472 0.999977 0.180422
0.999834 -0.0179968 0.00288416 5.04693 0.0180144 0.999819 -0.00617867 -0.0497905 -0.00277244 0.0062296 0.999977 0.157914
0.999838 -0.0178696 0.00207593 5.17862 0.0178883 0.999796 -0.00934544 -0.0516641 -0.00190851 0.00938106 0.999954 0.152542
0.99985 -0.0172237 0.00174283 5.32428 0.0172417 0.999792 -0.010922 -0.0411112 -0.00155435 0.0109504 0.999939 0.150305
0.999845 -0.0175899 0.000367591 5.45546 0.0175931 0.999776 -0.0117735 -0.04318 -0.000160413 0.0117782 0.999931 0.144624
0.999853 -0.0171419 9.66247e-05 5.58782 0.0171419 0.99978 -0.012108 -0.0553889 0.000110948 0.0121078 0.999927 0.134262
0.999851 -0.0170478 -0.00292914 5.72194 0.0170171 0.999804 -0.010174 -0.0560331 0.00310201 0.0101226 0.999944 0.161335
0.999836 -0.0173228 -0.0052683 5.84407 0.0172605 0.999783 -0.0116479 -0.0610923 0.00546893 0.0115551 0.999918 0.170003
0.999832 -0.0172303 -0.00621861 5.98057 0.017169 0.999805 -0.00977156 -0.0599157 0.00638577 0.00966315 0.999933 0.169012
0.999844 -0.0162558 -0.0069909 6.1276 0.0161787 0.999809 -0.0109568 -0.0646525 0.00716768 0.010842 0.999916 0.153798
0.999815 -0.0172399 -0.00851472 6.25936 0.0171667 0.999816 -0.00859542 -0.0629376 0.00866134 0.00844766 0.999927 0.155727
0.999836 -0.0165953 -0.00729397 6.39413 0.0165235 0.999816 -0.00979262 -0.0558463 0.00745514 0.00967048 0.999926 0.167509
0.999794 -0.0168815 -0.011267 6.52996 0.0167814 0.99982 -0.00892136 -0.0633318 0.0114156 0.00873045 0.999897 0.175608
0.999755 -0.0168502 -0.0143574 6.66901 0.0167374 0.999829 -0.00793973 -0.0627217 0.0144887 0.00769748 0.999865 0.176861
0.999704 -0.0171205 -0.0172884 6.81856 0.0169684 0.999816 -0.00890717 -0.0667139 0.0174377 0.00861118 0.999811 0.163689
0.99967 -0.0168736 -0.0193703 6.95058 0.0167018 0.99982 -0.00900036 -0.0696643 0.0195187 0.00867387 0.999772 0.177425
0.99964 -0.0167317 -0.0209575 7.07875 0.0165487 0.999824 -0.00887353 -0.0702605 0.0211022 0.00852351 0.999741 0.183894
0.99965 -0.0159942 -0.0210857 7.22033 0.0158096 0.999836 -0.00889507 -0.0673808 0.0212245 0.0085586 0.999738 0.201892
0.999613 -0.0168699 -0.0221204 7.36181 0.0166569 0.999814 -0.00977912 -0.0727794 0.0222813 0.00940687 0.999708 0.186684
0.999555 -0.0165617 -0.024815 7.4981 0.0162446 0.999785 -0.0129301 -0.0694997 0.0250238 0.0125212 0.999609 0.200191
0.999509 -0.0168146 -0.0264411 7.65116 0.0165 0.999791 -0.0120717 -0.08009 0.0266386 0.0116295 0.999578 0.203582
0.999484 -0.0179052 -0.0266818 7.77923 0.0175409 0.999751 -0.0138269 -0.0764062 0.0269227 0.0133518 0.999548 0.197647
0.999393 -0.0180122 -0.0298115 7.91444 0.0176198 0.999756 -0.0133724 -0.07568 0.030045 0.012839 0.999466 0.185533
0.999509 -0.0160617 -0.0268997 8.04698 0.0158038 0.999828 -0.00977361 -0.0755414 0.027052 0.00934369 0.99959 0.204278
0.999408 -0.0166817 -0.0301051 8.17236 0.0164088 0.999822 -0.00928876 -0.0773842 0.0302547 0.00878926 0.999504 0.214901
0.999589 -0.0142938 -0.0248474 8.32155 0.0140592 0.999855 -0.00959185 -0.0874728 0.0249809 0.00923857 0.999645 0.197823
0.999501 -0.0150773 -0.0277495 8.46296 0.0147443 0.999817 -0.0121669 -0.0852309 0.0279279 0.0117517 0.999541 0.212317
0.99952 -0.0146547 -0.0273166 8.58964 0.0143299 0.999825 -0.0120469 -0.0808396 0.0274884 0.0116497 0.999554 0.20976
0.99948 -0.0146788 -0.0287122 8.72431 0.0142509 0.999785 -0.0150522 -0.0767951 0.028927 0.0146352 0.999474 0.232842
0.999522 -0.0150868 -0.0269894 8.8674 0.0147546 0.999814 -0.0124676 -0.0714413 0.0271724 0.0120634 0.999558 0.239163
0.999522 -0.014431 -0.0273337 9.00224 0.0141148 0.999832 -0.0117282 -0.0793954 0.0274983 0.0113367 0.999558 0.232644
0.999521 -0.0138893 -0.0276578 9.14276 0.0135477 0.99983 -0.0125006 -0.0821729 0.0278268 0.0121199 0.999539 0.236322
0.99957 -0.0126162 -0.0264541 9.28367 0.0123631 0.999877 -0.00970913 -0.0745924 0.0265733 0.0093779 0.999603 0.238406
0.999569 -0.015213 -0.0251086 9.43771 0.0149219 0.99982 -0.011741 -0.0846566 0.0252827 0.0113613 0.999616 0.249014
0.999545 -0.0148793 -0.0262238 9.5929 0.0145984 0.999834 -0.0108716 -0.0954311 0.0263812 0.0104838 0.999597 0.235337
0.99944 -0.0157478 -0.0295119 9.75575 0.0154843 0.999838 -0.00913824 -0.0855528 0.029651 0.00867615 0.999523 0.232392
0.999511 -0.0145379 -0.0276994 9.92297 0.0142693 0.99985 -0.00987164 -0.101634 0.0278387 0.00947156 0.999568 0.227721
0.999532 -0.0147074 -0.0268296 10.0827 0.0144596 0.999851 -0.00941003 -0.0991956 0.026964 0.00901768 0.999596 0.226322
0.999568 -0.0138007 -0.0259454 10.2428 0.0136015 0.999877 -0.00783927 -0.0917581 0.0260504 0.00748299 0.999633 0.240834
0.999563 -0.014948 -0.0254959 10.4072 0.0147533 0.999861 -0.00780832 -0.0983417 0.025609 0.00742876 0.999645 0.258017
0.999546 -0.0144082 -0.0264609 10.5673 0.0142609 0.999882 -0.0057473 -0.0915418 0.0265405 0.00536734 0.999633 0.259926
0.999516 -0.014535 -0.0275211 10.7357 0.0143516 0.999874 -0.0068479 -0.102141 0.0276171 0.00644961 0.999598 0.255674
0.999518 -0.0148419 -0.0272603 10.9047 0.0147013 0.999878 -0.00535068 -0.10209 0.0273364 0.00494734 0.999614 0.260234
0.999525 -0.0148829 -0.0269792 11.0661 0.0147214 0.999873 -0.00617202 -0.0989653 0.0270676 0.00577192 0.999617 0.284368
0.999534 -0.0141467 -0.027044 11.2483 0.0139562 0.999877 -0.00722205 -0.108074 0.0271428 0.00684125 0.999608 0.28215
0.999567 -0.0144651 -0.0256131 11.4161 0.014283 0.999872 -0.00727777 -0.0970347 0.0257151 0.00690879 0.999646 0.28879
0.999527 -0.0142555 -0.027258 11.5772 0.0140655 0.999876 -0.00715088 -0.100877 0.0273566 0.0067641 0.999603 0.287615
0.99951 -0.0150948 -0.0274136 11.7508 0.0148381 0.999844 -0.00954704 -0.101324 0.0275534 0.0091356 0.999579 0.307255
0.999527 -0.0150339 -0.0268368 11.9149 0.0147332 0.999827 -0.0113725 -0.106849 0.0270031 0.0109717 0.999575 0.310133
0.999551 -0.0135793 -0.0266967 12.0812 0.0133154 0.999861 -0.0100398 -0.113272 0.0268294 0.00967983 0.999593 0.308945
0.999575 -0.0129872 -0.0260857 12.2543 0.0126752 0.999847 -0.0120934 -0.104253 0.0262387 0.0117576 0.999587 0.303874
0.99963 -0.0131346 -0.023815 12.4177 0.0128793 0.999858 -0.0108411 -0.108798 0.0239541 0.0105304 0.999658 0.31834
0.999555 -0.0130234 -0.0268464 12.5791 0.0126852 0.999839 -0.0127332 -0.113777 0.0270079 0.012387 0.999559 0.314569
0.999499 -0.0130784 -0.0288096 12.7544 0.0127501 0.999852 -0.0115507 -0.118963 0.0289564 0.0111776 0.999518 0.313836
0.999481 -0.0135823 -0.029215 12.9137 0.0132226 0.999835 -0.0124701 -0.115561 0.0293795 0.0120773 0.999495 0.316931
0.999459 -0.0128413 -0.0302896 13.0764 0.0124745 0.999847 -0.0122664 -0.116581 0.0304425 0.0118819 0.999466 0.320784
0.999516 -0.0122981 -0.0285911 13.252 0.0119325 0.999845 -0.012926 -0.119489 0.0287456 0.0125786 0.999508 0.316954
0.999527 -0.0129736 -0.0278839 13.4195 0.012523 0.999789 -0.0162735 -0.112212 0.0280891 0.0159166 0.999479 0.320488
0.999487 -0.0123424 -0.0295577 13.5753 0.011914 0.999822 -0.0146289 -0.121324 0.029733 0.0142692 0.999456 0.328824
0.9995 -0.0126058 -0.0290092 13.7387 0.0122076 0.999829 -0.0138621 -0.124578 0.029179 0.013501 0.999483 0.316288
0.999432 -0.0132534 -0.0309923 13.9006 0.0128704 0.999839 -0.012527 -0.141532 0.0311534 0.012121 0.999441 0.316427
0.999471 -0.0117059 -0.030337 14.0634 0.0113283 0.999857 -0.0125894 -0.124206 0.03048 0.012239 0.999461 0.345686
0.999472 -0.0122481 -0.030105 14.2287 0.011925 0.99987 -0.01089 -0.131714 0.0302344 0.0105252 0.999488 0.33268
0.999535 -0.0119873 -0.028051 14.3998 0.0116361 0.999852 -0.0126493 -0.13798 0.0281985 0.012317 0.999527 0.331774
0.999467 -0.012946 -0.0299697 14.5593 0.0125535 0.999834 -0.0132518 -0.141538 0.0301362 0.0128685 0.999463 0.350875
0.999483 -0.012475 -0.0296513 14.7241 0.0120845 0.999838 -0.0133143 -0.143184 0.0298126 0.0129491 0.999472 0.351964
0.999421 -0.0129947 -0.0314443 14.8806 0.0125624 0.999824 -0.0139091 -0.141203 0.0316195 0.013506 0.999409 0.35301
0.999481 -0.0117039 -0.0300233 15.0443 0.0112932 0.999841 -0.013814 -0.147598 0.0301802 0.0134677 0.999454 0.362683
0.999502 -0.0113077 -0.0294771 15.2057 0.0109659 0.999871 -0.0117351 -0.149701 0.0296059 0.011406 0.999497 0.378815
0.999511 -0.0114518 -0.0290882 15.3611 0.0111162 0.99987 -0.0116729 -0.155441 0.0292181 0.0113438 0.999509 0.366743
0.999493 -0.0110161 -0.029888 15.5363 0.0106271 0.999857 -0.0131442 -0.165024 0.0300286 0.0128199 0.999467 0.374008
0.999422 -0.00979754 -0.0325527 15.7008 0.0094443 0.999895 -0.0109889 -0.148021 0.0326569 0.0106751 0.99941 0.372991
0.999459 -0.0108244 -0.0310616 15.8595 0.0104559 0.999873 -0.0120031 -0.151603 0.0311876 0.0116718 0.999445 0.383477
0.99937 -0.0118819 -0.0334319 16.0097 0.0115338 0.999878 -0.0105888 -0.153315 0.0335537 0.0101965 0.999385 0.381117
0.999381 -0.010164 -0.0336849 16.1847 0.00988131 0.999915 -0.00854824 -0.156362 0.0337689 0.0082101 0.999396 0.376876
0.99949 -0.00841069 -0.0308188 16.3585 0.00801896 0.999886 -0.0128131 -0.152587 0.030923 0.0125594 0.999443 0.371716
0.999471 -0.00933067 -0.0311505 16.5132 0.00889492 0.999861 -0.014099 -0.155244 0.0312777 0.0138145 0.999415 0.369532
0.999428 -0.00920024 -0.0325432 16.6767 0.00879335 0.999882 -0.0126261 -0.158071 0.0326555 0.0123327 0.999391 0.385001
0.999412 -0.00974116 -0.0328752 16.8424 0.00936485 0.999889 -0.0115817 -0.163455 0.0329843 0.011267 0.999392 0.369603
0.999347 -0.0101725 -0.0346852 17.0047 0.00977148 0.999884 -0.0117138 -0.169818 0.0348003 0.0113672 0.99933 0.369149
0.999367 -0.00887635 -0.0344569 17.163 0.00844376 0.999884 -0.0126814 -0.164049 0.0345654 0.0123824 0.999326 0.369227
0.999446 -0.00745121 -0.0324307 17.3397 0.00709557 0.999914 -0.0110695 -0.170231 0.0325103 0.0108333 0.999413 0.374916
0.99946 -0.00899549 -0.0315961 17.496 0.00858317 0.999877 -0.0131617 -0.168945 0.0317106 0.0128834 0.999414 0.38096
0.999352 -0.00908973 -0.0348279 17.6634 0.00883027 0.999932 -0.00759593 -0.180241 0.0348946 0.00728347 0.999365 0.386695
0.999414 -0.00847075 -0.033162 17.8294 0.00805671 0.999888 -0.0125988 -0.170656 0.0332651 0.0123242 0.999371 0.395603
0.999383 -0.00891246 -0.0339822 17.9856 0.00848195 0.999882 -0.0127934 -0.168387 0.0340922 0.0124972 0.999341 0.402747
0.999407 -0.00863035 -0.0333352 18.1443 0.00816028 0.999866 -0.0142111 -0.17442 0.0334534 0.0139307 0.999343 0.393129
0.999448 -0.00767151 -0.0323309 18.313 0.00728839 0.999902 -0.0119511 -0.171959 0.0324194 0.0117089 0.999406 0.398884
0.999457 -0.00811327 -0.0319371 18.4767 0.00769539 0.999884 -0.0131856 -0.183813 0.0320404 0.0129327 0.999403 0.399755
0.999411 -0.00818117 -0.0333434 18.6348 0.00776105 0.999889 -0.0127104 -0.179105 0.0334437 0.0124442 0.999363 0.403029
0.999415 -0.00713586 -0.0334507 18.8051 0.00674193 0.999907 -0.0118741 -0.179337 0.0335323 0.0116416 0.99937 0.404711
0.999387 -0.00834519 -0.0339944 18.9627 0.00788436 0.999876 -0.0136667 -0.195596 0.0341043 0.0133903 0.999329 0.405978
0.99939 -0.00689516 -0.0342413 19.126 0.00650267 0.999912 -0.0115608 -0.189439 0.034318 0.0113311 0.999347 0.398238
0.999438 -0.0062365 -0.0329297 19.2917 0.00585989 0.999917 -0.0115225 -0.178061 0.0329988 0.0113231 0.999391 0.412443
0.999424 -0.00672775 -0.0332551 19.4456 0.00628345 0.99989 -0.013447 -0.186853 0.0333419 0.0132303 0.999357 0.423748
0.999354 -0.0059227 -0.0354556 19.6157 0.00544829 0.999895 -0.0134634 -0.191734 0.0355316 0.0132615 0.999281 0.416325
0.999364 -0.0059661 -0.0351453 19.7803 0.00548905 0.999892 -0.0136553 -0.205339 0.0352229 0.0134537 0.999289 0.42381
0.999284 -0.00609511 -0.0373433 19.9412 0.00569429 0.999925 -0.0108319 -0.197475 0.0374065 0.0106115 0.999244 0.423333
0.999373 -0.0058543 -0.0349247 20.1019 0.0055358 0.999942 -0.00921074 -0.208568 0.0349766 0.00901163 0.999348 0.447555
0.999387 -0.00564327 -0.0345515 20.2716 0.00533037 0.999944 -0.00914183 -0.211735 0.0346012 0.00895206 0.999361 0.447025
0.999455 -0.00629808 -0.0323979 20.4314 0.00593897 0.99992 -0.01117 -0.214214 0.0324656 0.0109715 0.999413 0.442628
0.999388 -0.00621249 -0.0344138 20.5864 0.00589017 0.999938 -0.00946047 -0.223154 0.0344704 0.00925198 0.999363 0.466854
0.999403 -0.00546487 -0.0341027 20.7618 0.00511998 0.999935 -0.0101943 -0.215147 0.0341562 0.0100136 0.999366 0.46672
0.999428 -0.00698926 -0.0330761 20.9148 0.0065156 0.999875 -0.0144063 -0.205023 0.0331727 0.0141825 0.999349 0.479811
0.999388 -0.00640971 -0.034393 21.0757 0.00599162 0.999907 -0.0122451 -0.21957 0.0344682 0.0120316 0.999334 0.486933
0.999427 -0.00583115 -0.0333365 21.2531 0.00543116 0.999913 -0.0120772 -0.217321 0.0334041 0.0118892 0.999371 0.477234
0.999517 -0.00435302 -0.0307759 21.4269 0.00396134 0.999911 -0.0127777 -0.219447 0.0308288 0.0126496 0.999445 0.480074
0.999559 -0.00617152 -0.0290476 21.5839 0.00559572 0.999787 -0.0198627 -0.213953 0.029164 0.0196913 0.999381 0.47753
0.999459 -0.00473028 -0.0325405 21.739 0.00432637 0.999913 -0.0124715 -0.225231 0.0325967 0.0123239 0.999393 0.462751
0.999327 -0.0054394 -0.0362838 21.9129 0.00510924 0.999945 -0.00918651 -0.231925 0.0363318 0.00899494 0.999299 0.481996
0.999486 -0.0046158 -0.0317172 22.0741 0.00434057 0.999952 -0.0087412 -0.218505 0.031756 0.00859904 0.999459 0.479621
0.999411 -0.00375335 -0.0341174 22.2438 0.00349838 0.999966 -0.00753087 -0.222945 0.0341445 0.00740708 0.99939 0.478493
0.999449 -0.00438881 -0.0329158 22.4072 0.00411201 0.999956 -0.00847234 -0.223402 0.0329515 0.00833231 0.999422 0.476357
0.999462 -0.00487719 -0.0324286 22.5615 0.00458952 0.99995 -0.00893857 -0.221547 0.0324706 0.00878493 0.999434 0.478667
0.999409 -0.00511497 -0.0339901 22.7275 0.00471035 0.999917 -0.0119753 -0.223746 0.0340485 0.0118081 0.999351 0.484276
0.999381 -0.00444729 -0.0349089 22.8935 0.00411072 0.999945 -0.0097094 -0.230959 0.0349501 0.00955989 0.999343 0.496085
0.999401 -0.0044033 -0.0343201 23.0515 0.00400881 0.999925 -0.0115567 -0.228123 0.0343684 0.0114122 0.999344 0.499859
0.999457 -0.00282475 -0.0328475 23.2123 0.00262958 0.999979 -0.00598408 -0.233144 0.0328637 0.00589445 0.999443 0.488277
0.999487 -0.00256346 -0.0319399 23.3903 0.00227241 0.999956 -0.00914628 -0.236427 0.0319619 0.00906901 0.999448 0.494389
0.999504 -0.00289504 -0.0313539 23.5505 0.00264642 0.999965 -0.00796812 -0.239017 0.0313759 0.0078812 0.999477 0.515703
0.999452 -0.00339032 -0.0329248 23.7191 0.00308434 0.999952 -0.00934113 -0.237193 0.0329549 0.00923446 0.999414 0.512355
0.999437 -0.00291653 -0.0334407 23.8745 0.00261255 0.999955 -0.00913072 -0.243686 0.0334658 0.00903821 0.999399 0.507282
0.999434 -0.00202937 -0.0335758 24.0398 0.00168203 0.999945 -0.0103713 -0.24664 0.033595 0.010309 0.999382 0.52068
0.999446 -0.00165441 -0.033249 24.1972 0.00127824 0.999935 -0.0113321 -0.24693 0.0332656 0.0112834 0.999383 0.519542
0.99942 -0.000584585 -0.0340572 24.3686 0.000269654 0.999957 -0.00925247 -0.235914 0.0340612 0.00923791 0.999377 0.513342
0.999448 -0.00153357 -0.033177 24.5304 0.00116835 0.999939 -0.0110259 -0.237341 0.0331919 0.0109811 0.999389 0.52698
0.999365 -0.00203435 -0.03558 24.6967 0.00172735 0.999961 -0.00865654 -0.240215 0.0355962 0.00858958 0.99933 0.527693
0.999362 -0.00260611 -0.035615 24.851 0.00211258 0.999901 -0.0138878 -0.247887 0.0356476 0.0138037 0.999269 0.518502
0.999325 -0.00148409 -0.0367057 25.0192 0.00115693 0.99996 -0.00893347 -0.258988 0.0367175 0.00888497 0.999286 0.510347
0.99945 -0.000358311 -0.0331655 25.189 5.75003e-05 0.999959 -0.00906986 -0.245411 0.0331673 0.00906296 0.999409 0.541423
0.999448 0.000910035 -0.0331982 25.3398 -0.00120513 0.99996 -0.00887029 -0.259561 0.0331888 0.0089054 0.999409 0.533873
0.9995 0.000319057 -0.0316137 25.5098 -0.0007061 0.999925 -0.0122333 -0.26022 0.0316074 0.0122495 0.999425 0.526147
0.999475 -5.32692e-05 -0.0324077 25.6696 -0.000383562 0.999909 -0.0134731 -0.269448 0.0324054 0.0134784 0.999384 0.531852
0.999465 -0.00068165 -0.0327107 25.8309 0.000258954 0.999917 -0.0129264 -0.268968 0.0327168 0.0129111 0.999381 0.540682
0.999466 -0.00118822 -0.0326698 25.9892 0.000766606 0.999916 -0.0129159 -0.276391 0.0326824 0.012884 0.999383 0.54056
0.999455 -0.000234123 -0.0329993 26.1496 -0.000201366 0.999913 -0.013193 -0.270706 0.0329996 0.0131925 0.999368 0.559676
0.999495 0.00133155 -0.0317651 26.3169 -0.00165757 0.999946 -0.0102398 -0.268657 0.0317498 0.0102873 0.999443 0.565507
0.999553 0.0011883 -0.0298897 26.4841 -0.00152684 0.999935 -0.0113059 -0.270851 0.0298744 0.0113464 0.999489 0.571035
0.999491 0.000985658 -0.0318897 26.6419 -0.00133409 0.99994 -0.0109071 -0.272896 0.031877 0.0109441 0.999432 0.565803
0.999485 0.000548818 -0.0321013 26.8104 -0.000914318 0.999935 -0.0113728 -0.273792 0.0320929 0.0113963 0.99942 0.571455
0.999469 0.000778695 -0.0325797 26.9601 -0.00112006 0.999945 -0.0104631 -0.282682 0.0325697 0.010494 0.999414 0.574088
0.99949 0.00200337 -0.0318737 27.1262 -0.00231712 0.999949 -0.00980968 -0.29354 0.0318524 0.00987853 0.999444 0.575598
0.999506 0.00300635 -0.0312812 27.2872 -0.00339934 0.999916 -0.0125176 -0.291017 0.0312409 0.0126178 0.999432 0.578222
0.999547 0.00332997 -0.0299146 27.4573 -0.00368145 0.999925 -0.0117031 -0.294106 0.0298733 0.0118079 0.999484 0.566197
0.999504 0.00140474 -0.0314658 27.6161 -0.00190821 0.999871 -0.0159778 -0.29576 0.0314393 0.0160299 0.999377 0.559983
0.99949 0.00188278 -0.0318754 27.7745 -0.00222232 0.999941 -0.0106199 -0.297339 0.0318535 0.0106854 0.999435 0.555762
0.999458 0.00120588 -0.0328969 27.9319 -0.0015814 0.999934 -0.0113928 -0.310686 0.032881 0.0114386 0.999394 0.562525
0.99943 0.00158232 -0.0337219 28.0882 -0.00194979 0.999939 -0.0108685 -0.306276 0.0337026 0.0109281 0.999372 0.57127
0.999453 0.00278956 -0.0329525 28.2443 -0.0031549 0.999934 -0.0110406 -0.31284 0.0329195 0.0111385 0.999396 0.577612
0.999448 0.00357201 -0.0330269 28.4025 -0.00394052 0.999931 -0.0111006 -0.311411 0.032985 0.0112246 0.999393 0.578187
0.999475 0.00331535 -0.0322278 28.5679 -0.0037146 0.999917 -0.012337 -0.321577 0.0321842 0.0124502 0.999404 0.591287
0.99944 0.00375222 -0.033256 28.7259 -0.00414054 0.999924 -0.0116167 -0.320514 0.0332099 0.0117479 0.999379 0.593961
0.999431 0.00175826 -0.0336765 28.8783 -0.00226951 0.999883 -0.0151505 -0.317588 0.0336459 0.0152183 0.999318 0.601139
0.999454 0.00171713 -0.0329929 29.0322 -0.00217801 0.999901 -0.0139379 -0.312609 0.0329657 0.0140021 0.999359 0.598942
0.999429 0.00222505 -0.033728 29.1909 -0.00265447 0.999916 -0.0126935 -0.314455 0.0336969 0.0127758 0.999351 0.604528
0.999469 0.00379061 -0.032375 29.3494 -0.00408847 0.99995 -0.00913831 -0.315647 0.0323388 0.00926582 0.999434 0.622612
0.999501 0.00367164 -0.0313737 29.5138 -0.00392115 0.999961 -0.00789574 -0.313129 0.0313435 0.00801482 0.999477 0.618191
0.999516 0.0029338 -0.030975 29.6713 -0.00320057 0.999958 -0.00856608 -0.318994 0.0309486 0.00866107 0.999484 0.618355
0.999473 0.00207574 -0.0323926 29.8356 -0.00229601 0.999975 -0.00676566 -0.325792 0.0323777 0.00683647 0.999452 0.619735
0.999471 0.00149201 -0.0325031 29.992 -0.00173492 0.999971 -0.0074467 -0.321804 0.032491 0.00749914 0.999444 0.626381
0.999518 0.00284441 -0.0309101 30.1529 -0.00304479 0.999975 -0.00643768 -0.316658 0.030891 0.00652869 0.999502 0.635903
0.999558 0.00300184 -0.029594 30.3133 -0.0032785 0.999951 -0.00930546 -0.320061 0.0295647 0.00939837 0.999519 0.624915
0.999574 0.00740382 -0.0282197 30.4774 -0.00756819 0.999955 -0.00572275 -0.327784 0.028176 0.00593389 0.999585 0.631692
0.999519 0.0120688 -0.0285538 30.6333 -0.0122904 0.999896 -0.00759607 -0.336336 0.0284591 0.00794335 0.999563 0.62883
0.999224 0.0254512 -0.0300551 30.8014 -0.0257165 0.999633 -0.00847517 -0.338451 0.0298284 0.00924151 0.999512 0.624273
0.999097 0.0292632 -0.0308058 30.9539 -0.0295022 0.999538 -0.00733487 -0.3507 0.0305769 0.00823708 0.999499 0.645655
0.998913 0.0359697 -0.0296451 31.1062 -0.0361646 0.999328 -0.00606329 -0.354447 0.029407 0.0071288 0.999542 0.642032
0.998653 0.0433347 -0.0285378 31.267 -0.0435228 0.999034 -0.00600459 -0.375243 0.0282501 0.00723855 0.999575 0.644351
0.998479 0.0474731 -0.0280488 31.4269 -0.0477343 0.998822 -0.00872074 -0.383872 0.0276017 0.0100464 0.999569 0.654157
0.998164 0.0534341 -0.0285278 31.5872 -0.0537043 0.998518 -0.00879211 -0.390843 0.0280157 0.010308 0.999554 0.65707
0.997933 0.0580037 -0.0276597 31.7467 -0.058239 0.998272 -0.0077806 -0.406033 0.0271606 0.0093754 0.999587 0.663369
0.997605 0.0634862 -0.027445 31.9112 -0.063841 0.997885 -0.0122525 -0.419252 0.0266091 0.0139753 0.999548 0.663252
0.997421 0.0656807 -0.0289428 32.0598 -0.0660987 0.997719 -0.0137287 -0.43798 0.0279751 0.0156064 0.999487 0.668367
0.99724 0.0689227 -0.0276224 32.2212 -0.0693485 0.997483 -0.0147645 -0.453664 0.0265353 0.0166393 0.999509 0.658895
0.996965 0.0733331 -0.0261519 32.3715 -0.0737319 0.997171 -0.0146287 -0.455859 0.0250052 0.0165125 0.999551 0.659637
0.997011 0.0729797 -0.0253529 32.5373 -0.0732955 0.997241 -0.0117573 -0.464404 0.0244249 0.0135804 0.99961 0.660543
0.997048 0.0716491 -0.0276131 32.6891 -0.0720953 0.997277 -0.0155179 -0.484641 0.026426 0.0174628 0.999498 0.674612
0.99688 0.0738416 -0.0279034 32.8463 -0.074256 0.997139 -0.0141182 -0.501442 0.026781 0.0161462 0.999511 0.682673
0.996915 0.0727239 -0.0295341 33.0105 -0.0732613 0.997159 -0.0175394 -0.512291 0.0281746 0.019649 0.99941 0.67815
0.996814 0.0737313 -0.0304209 33.1681 -0.0743069 0.997069 -0.0182421 -0.524576 0.0289867 0.0204445 0.999371 0.680016
0.996692 0.0754553 -0.0301945 33.3183 -0.0760452 0.996926 -0.0188885 -0.541391 0.0286764 0.0211222 0.999366 0.671955
0.996543 0.0777694 -0.0292233 33.47 -0.0782101 0.996835 -0.0142506 -0.558063 0.0280226 0.0164869 0.999471 0.676124
0.99661 0.076131 -0.0311828 33.6241 -0.0765233 0.997001 -0.0115878 -0.575994 0.0302071 0.0139347 0.999447 0.695432
0.996569 0.0759504 -0.0328933 33.7764 -0.0762334 0.997062 -0.00743787 -0.595285 0.0322317 0.00991992 0.999431 0.70541
0.99652 0.0763494 -0.0334433 33.9211 -0.0765709 0.99705 -0.00539032 -0.608844 0.0329331 0.00793235 0.999426 0.701958
0.996348 0.0777879 -0.0352143 34.0779 -0.0780192 0.996938 -0.00524078 -0.612937 0.0346988 0.00796903 0.999366 0.706812
0.996424 0.0773754 -0.0339354 34.2319 -0.0777123 0.996938 -0.00872377 -0.628788 0.0331565 0.0113298 0.999386 0.710217
0.996221 0.0804325 -0.0327827 34.3922 -0.0806039 0.996739 -0.003942 -0.641854 0.0323587 0.00656951 0.999455 0.694625
0.996337 0.0797414 -0.0308794 34.5464 -0.0800056 0.996767 -0.00741665 -0.649392 0.0301881 0.00986 0.999496 0.691834
0.996332 0.0791919 -0.0324171 34.7035 -0.0796179 0.996753 -0.0120632 -0.672788 0.0313565 0.0145999 0.999402 0.707794
0.996201 0.0800824 -0.034212 34.8581 -0.0804475 0.996714 -0.00943168 -0.685686 0.0333443 0.0121481 0.99937 0.703509
0.996252 0.0797306 -0.033553 35.0168 -0.0801971 0.996697 -0.0127948 -0.694359 0.0324221 0.0154377 0.999355 0.711594
0.996304 0.0794077 -0.0327687 35.1744 -0.0798299 0.996739 -0.0117808 -0.713954 0.0317263 0.0143532 0.999394 0.723762
0.99612 0.0814061 -0.0334355 35.3276 -0.081738 0.996616 -0.00867845 -0.724754 0.0326158 0.0113777 0.999403 0.734856
0.996111 0.082367 -0.0312752 35.4859 -0.0826559 0.996546 -0.00805714 -0.732872 0.0305035 0.0106109 0.999478 0.731432
0.996229 0.0809647 -0.0311822 35.6433 -0.081232 0.996668 -0.00740013 -0.752081 0.0304791 0.00990522 0.999486 0.748997
0.996309 0.0795203 -0.0323174 35.7883 -0.0799614 0.996719 -0.012594 -0.758775 0.0312099 0.0151317 0.999398 0.736648
0.996763 0.0730246 -0.0336425 35.9326 -0.0735109 0.997204 -0.0134485 -0.766783 0.0325664 0.0158781 0.999344 0.728389
0.997292 0.0653889 -0.0336668 36.0849 -0.0658337 0.997755 -0.0122755 -0.788021 0.0327886 0.0144587 0.999358 0.726465
0.99744 0.0640731 -0.0317542 36.2164 -0.0644637 0.997855 -0.0114368 -0.79111 0.0309533 0.0134545 0.99943 0.73159
0.997497 0.0632987 -0.0315318 36.3866 -0.0635382 0.997957 -0.0066483 -0.79713 0.0310465 0.00863512 0.999481 0.733669
0.997594 0.0628506 -0.0292638 36.538 -0.0631579 0.997957 -0.00969797 -0.805663 0.0285945 0.0115229 0.999525 0.730028
0.997658 0.0613595 -0.0302323 36.6876 -0.0616295 0.998066 -0.00808227 -0.820184 0.0296779 0.00992654 0.99951 0.748563
0.997593 0.0613658 -0.0322915 36.8283 -0.0616395 0.99807 -0.00755032 -0.824271 0.0317659 0.00952258 0.99945 0.742742
0.997547 0.0620526 -0.0324058 36.9904 -0.0623347 0.998025 -0.00776656 -0.836288 0.0318599 0.00976751 0.999445 0.749484
0.997578 0.0613071 -0.0328579 37.1368 -0.0616934 0.998036 -0.0108727 -0.843433 0.0321268 0.0128734 0.999401 0.756061
0.997608 0.0627602 -0.0289621 37.2735 -0.0628997 0.998012 -0.00393294 -0.855429 0.0286577 0.00574525 0.999573 0.759575
0.997458 0.0647344 -0.0297706 37.436 -0.0649637 0.997865 -0.00680047 -0.867981 0.0292668 0.00871719 0.999534 0.760024
0.99755 0.0639542 -0.0283519 37.5972 -0.0642382 0.997892 -0.00922014 -0.877726 0.0277025 0.0110188 0.999556 0.76305
0.99753 0.0641464 -0.0286237 37.7429 -0.0645372 0.997831 -0.0129415 -0.886033 0.0277314 0.0147569 0.999507 0.764415
0.997519 0.0636512 -0.0300832 37.8891 -0.0639979 0.997893 -0.0107063 -0.899528 0.0293383 0.012605 0.99949 0.769189
0.99745 0.0642961 -0.0309691 38.0477 -0.0648019 0.997776 -0.0156146 -0.918098 0.0298963 0.0175816 0.999398 0.761671
0.997491 0.0640603 -0.0301297 38.1963 -0.0645337 0.997803 -0.0150113 -0.927552 0.0291019 0.016918 0.999433 0.760784
0.997334 0.0662613 -0.030565 38.361 -0.066874 0.997571 -0.0194804 -0.934192 0.0291999 0.0214725 0.999343 0.76287
0.997317 0.0669334 -0.0296419 38.521 -0.0674643 0.997572 -0.0172881 -0.942726 0.0284128 0.0192415 0.999411 0.763377
0.997332 0.065604 -0.0320192 38.6684 -0.0662103 0.997639 -0.0182573 -0.957121 0.0307458 0.0203286 0.999321 0.781573
0.997294 0.0657035 -0.0329789 38.7959 -0.0661776 0.997717 -0.013496 -0.969349 0.0320169 0.0156419 0.999365 0.779329
0.99731 0.0651298 -0.0336159 38.9698 -0.0655087 0.997799 -0.0102937 -0.980871 0.0328714 0.0124681 0.999382 0.770669
0.99747 0.0626869 -0.0335204 39.1121 -0.0630663 0.997955 -0.0103824 -0.983058 0.032801 0.0124701 0.999384 0.79328
0.997331 0.0657352 -0.0317716 39.276 -0.0659046 0.997817 -0.00431293 -0.991169 0.0314187 0.00639531 0.999486 0.785751
0.997184 0.0672701 -0.0331632 39.4485 -0.067587 0.997677 -0.00852852 -0.989752 0.0325125 0.0107459 0.999414 0.798271
0.997177 0.0682369 -0.0313458 39.586 -0.0685756 0.997597 -0.00986147 -1.02064 0.0305976 0.0119832 0.99946 0.796896
0.99721 0.0676114 -0.031654 39.7285 -0.0679877 0.997626 -0.0109674 -1.04399 0.0308373 0.0130888 0.999439 0.787205
0.997079 0.0684393 -0.0338933 39.8914 -0.0688242 0.997576 -0.0103217 -1.05124 0.0331047 0.0126243 0.999372 0.78316
0.997078 0.067718 -0.0353548 40.041 -0.0682096 0.997588 -0.0128839 -1.06339 0.034397 0.0152578 0.999292 0.78119
0.997102 0.0682514 -0.0336153 40.1979 -0.0686337 0.997588 -0.0103504 -1.07055 0.0328278 0.0126275 0.999381 0.802747
0.997055 0.0693454 -0.0327397 40.3603 -0.0697816 0.997486 -0.0123738 -1.08132 0.0317994 0.014622 0.999387 0.809796
0.996974 0.0708113 -0.0320664 40.5193 -0.0711719 0.997411 -0.0102467 -1.09142 0.0312578 0.0124979 0.999433 0.815586
0.997024 0.0697086 -0.0329266 40.6641 -0.0701808 0.997444 -0.0134108 -1.11121 0.0319076 0.0156817 0.999368 0.814235
0.996966 0.0701032 -0.0338258 40.8251 -0.0704858 0.99746 -0.0102523 -1.12115 0.0330211 0.0126054 0.999375 0.82786
0.996912 0.0707714 -0.0340236 40.9747 -0.0712767 0.99736 -0.013874 -1.13303 0.0329519 0.0162562 0.999325 0.832192
0.996858 0.0709922 -0.0351387 41.1221 -0.0713802 0.9974 -0.00991299 -1.14866 0.0343435 0.01239 0.999333 0.831884
0.996857 0.0711667 -0.0348146 41.2787 -0.071561 0.997384 -0.0102133 -1.15339 0.0339966 0.0126726 0.999342 0.837934
0.996758 0.0735892 -0.0325392 41.4306 -0.0738798 0.997237 -0.00781757 -1.17428 0.0318739 0.0101962 0.99944 0.843305
0.996833 0.0723007 -0.0331139 41.5926 -0.0727418 0.997275 -0.0123168 -1.16489 0.0321331 0.0146866 0.999376 0.833042
0.996823 0.0723198 -0.0333722 41.7306 -0.0727315 0.997288 -0.0112906 -1.17599 0.0324651 0.013682 0.999379 0.835077
0.99668 0.0739085 -0.0341473 41.899 -0.0742973 0.997184 -0.0102587 -1.20435 0.033293 0.0127617 0.999364 0.850429
0.99678 0.0726004 -0.0340441 42.031 -0.0730108 0.997271 -0.010971 -1.20973 0.0331547 0.0134213 0.99936 0.862863
0.996728 0.0738087 -0.0329629 42.2061 -0.0741339 0.99721 -0.00875229 -1.21989 0.0322249 0.0111673 0.999418 0.854024
0.996684 0.0748279 -0.0319709 42.3745 -0.0751064 0.997147 -0.00759998 -1.21094 0.0313109 0.00997599 0.99946 0.84547
0.996567 0.0756124 -0.0337086 42.5325 -0.0760015 0.997053 -0.0104139 -1.22659 0.0328219 0.0129401 0.999378 0.863846
0.996698 0.0747501 -0.0317232 42.6792 -0.0751495 0.997105 -0.0115915 -1.24672 0.0307649 0.0139372 0.99943 0.869128
0.996555 0.0760006 -0.0332006 42.8392 -0.0762794 0.997061 -0.00721307 -1.2544 0.0325548 0.00972074 0.999423 0.868133
0.996574 0.0747856 -0.0353326 42.9899 -0.0752481 0.997093 -0.0119444 -1.26371 0.0343366 0.0145622 0.999304 0.882685
0.996453 0.0765432 -0.0349545 43.1601 -0.0768951 0.997 -0.00883622 -1.27349 0.0341733 0.0114927 0.99935 0.895566
0.996491 0.0766742 -0.0335688 43.3275 -0.0771004 0.996956 -0.0115895 -1.2779 0.032578 0.014137 0.999369 0.903498
0.996412 0.0773027 -0.0344775 43.4807 -0.0777024 0.996922 -0.0104041 -1.29528 0.0335671 0.0130457 0.999351 0.902789
0.996471 0.0764618 -0.0346382 43.6422 -0.0768357 0.996998 -0.00959291 -1.29663 0.0338007 0.0122205 0.999354 0.906721
0.996283 0.078661 -0.0351137 43.7901 -0.0790191 0.996833 -0.00892776 -1.31268 0.0343002 0.0116692 0.999344 0.910023
0.996159 0.0792775 -0.0371809 43.9531 -0.0797802 0.996737 -0.0122359 -1.32379 0.0360896 0.0151552 0.999234 0.918382
0.996158 0.0791909 -0.0373985 44.1148 -0.0796773 0.996752 -0.0116978 -1.33264 0.0363507 0.0146327 0.999232 0.927417
0.996215 0.0785572 -0.0372214 44.2742 -0.0789878 0.996823 -0.0102409 -1.3474 0.0362986 0.0131422 0.999255 0.931315
0.996149 0.0801623 -0.0355281 44.4244 -0.0805221 0.996714 -0.00881089 -1.38567 0.0347051 0.0116377 0.99933 0.902152
0.996149 0.0801548 -0.0355284 44.5783 -0.0805161 0.996714 -0.00885519 -1.39645 0.0347019 0.0116817 0.99933 0.893654
0.996158 0.0795356 -0.0366476 44.7302 -0.0798521 0.99678 -0.00725305 -1.4137 0.0359527 0.0101516 0.999302 0.904725
