0.999993 -0.00343549 -0.00152645 0.680544 0.00343148 0.999991 -0.00261855 -0.00344752 0.00153544 0.0026133 0.999995 0.0113618
0.999969 -0.00732522 -0.00296234 1.38594 0.00732104 0.999972 -0.0014186 0.0100645 0.00297265 0.00139686 0.999995 0.0164136
0.999926 -0.0113742 -0.00436799 2.1032 0.0113694 0.999935 -0.00112467 0.0173847 0.0043805 0.00107493 0.99999 0.0198499
0.999857 -0.0161405 -0.00497085 2.84807 0.016143 0.99987 0.00046096 0.0410512 0.00496277 -0.000541139 0.999988 0.0219724
0.999777 -0.0205267 -0.00504929 3.59189 0.0205244 0.999789 -0.000503658 0.0572196 0.00505856 0.000399912 0.999987 0.0298958
0.999663 -0.0252699 -0.00591395 4.34941 0.0252736 0.99968 0.000560683 0.0873913 0.0058979 -0.000709961 0.999982 0.0416403
0.999529 -0.029967 -0.00654437 5.13031 0.0299915 0.999543 0.00367242 0.119743 0.00643133 -0.00386696 0.999972 0.0544091
0.999389 -0.0345009 -0.00565444 5.92671 0.0345334 0.999387 0.00576003 0.153946 0.00545225 -0.00595178 0.999967 0.0569413
0.999242 -0.0388168 -0.00304197 6.73247 0.0388341 0.999228 0.00586699 0.192999 0.00281188 -0.00598067 0.999978 0.0666238
0.999091 -0.0426141 -0.000743557 7.54363 0.0426169 0.999082 0.00425599 0.224616 0.000561509 -0.00428381 0.999991 0.0759331
0.998979 -0.0451693 -0.000716382 8.35684 0.0451721 0.998969 0.00455059 0.268642 0.000510096 -0.00457831 0.999989 0.0842145
0.998879 -0.0473226 -0.00132795 9.18058 0.0473279 0.99887 0.00430078 0.313245 0.00112292 -0.0043588 0.99999 0.0835924
0.998792 -0.0491192 -0.00142884 10.0111 0.0491226 0.99879 0.00246734 0.350471 0.00130592 -0.00253454 0.999996 0.098218
0.998684 -0.0512834 -0.000763096 10.8574 0.0512852 0.998681 0.00254364 0.397457 0.000631642 -0.00257943 0.999996 0.100183
0.998624 -0.052443 -0.000720581 11.7188 0.052443 0.998624 -5.45395e-05 0.439383 0.00072245 1.6675e-05 1 0.107525
0.998526 -0.0542088 -0.00258021 12.5831 0.0542106 0.998529 0.000634614 0.498154 0.00254201 -0.000773554 0.999996 0.113597
0.998441 -0.0555733 -0.0052273 13.4546 0.0555837 0.998452 0.00188005 0.555402 0.00511473 -0.00216767 0.999985 0.122213
0.998332 -0.0573264 -0.00679309 14.3331 0.057367 0.998336 0.00593607 0.615405 0.00644149 -0.00631587 0.999959 0.133858
0.998261 -0.0585502 -0.00680376 15.2154 0.058603 0.998251 0.00783648 0.668494 0.00633303 -0.00822157 0.999946 0.137267
0.998194 -0.059834 -0.00531264 16.1332 0.0598745 0.998175 0.00783993 0.725014 0.00483385 -0.00814387 0.999955 0.145897
0.998111 -0.0612993 -0.0040902 17.026 0.0613299 0.998087 0.00782773 0.785234 0.00360254 -0.0080638 0.999961 0.159022
0.998049 -0.062335 -0.0035532 17.9344 0.0623603 0.998025 0.00753485 0.842385 0.00307649 -0.00774172 0.999965 0.173796
0.997951 -0.0638453 -0.00429905 18.8438 0.0638728 0.997936 0.00658898 0.912315 0.00386951 -0.00685007 0.999969 0.179091
0.997879 -0.0649144 -0.00477966 19.7603 0.0649427 0.997871 0.0060206 0.970596 0.00437866 -0.00631824 0.99997 0.189692
0.997839 -0.065623 -0.00321229 20.6851 0.0656444 0.997818 0.00708376 1.03053 0.00274043 -0.00727932 0.99997 0.200463
0.99783 -0.0658475 5.55801e-05 21.6116 0.0658443 0.997788 0.00913138 1.09873 -0.000656735 -0.0091079 0.999958 0.208009
0.997869 -0.0651422 0.00369393 22.5503 0.0651044 0.997833 0.00955553 1.16533 -0.0043084 -0.00929468 0.999948 0.210252
0.99795 -0.0636495 0.00672877 23.4839 0.0635881 0.997936 0.00898033 1.22791 -0.00728648 -0.00853404 0.999937 0.210525
0.998051 -0.0619127 0.00780515 24.432 0.0618684 0.998067 0.00579322 1.29328 -0.00814874 -0.00529903 0.999953 0.208425
0.998164 -0.0603135 0.00554405 25.3759 0.0602898 0.998171 0.00435657 1.35512 -0.00579667 -0.00401433 0.999975 0.208829
0.998244 -0.0592195 0.00139488 26.338 0.059214 0.998238 0.00371875 1.42614 -0.00161265 -0.00362962 0.999992 0.21421
0.998319 -0.0579281 -0.00172565 27.2921 0.0579364 0.998307 0.00524752 1.4834 0.00141875 -0.00533868 0.999985 0.218487
0.998363 -0.0571904 -0.00123027 28.2718 0.057198 0.998336 0.0073274 1.54133 0.00080917 -0.00738577 0.999972 0.234358
0.998367 -0.057036 0.00310966 29.2435 0.0570111 0.998345 0.00755537 1.60177 -0.00353544 -0.00736575 0.999967 0.235293
0.998298 -0.0578847 0.00704814 30.2247 0.0578688 0.998321 0.00244513 1.65851 -0.00717784 -0.0020331 0.999972 0.23516
0.998237 -0.0588604 0.0075757 31.2036 0.0589233 0.998227 -0.00837046 1.70202 -0.00706958 0.0088021 0.999936 0.235806
0.998169 -0.0603063 0.00467357 32.1787 0.0603567 0.99811 -0.0115403 1.75914 -0.00396878 0.0118013 0.999923 0.241909
0.998079 -0.0619478 0.00122786 33.164 0.0619575 0.998019 -0.0108982 1.8211 -0.000550308 0.0109533 0.99994 0.252841
0.997963 -0.0637932 -0.000225974 34.1549 0.06379 0.997938 -0.00709086 1.89105 0.000677857 0.007062 0.999975 0.252748
0.997911 -0.0645922 0.000772113 35.1584 0.0645956 0.997895 -0.00581758 1.95558 -0.000394717 0.00585531 0.999983 0.268267
0.997819 -0.0659354 0.00324139 36.1614 0.0659462 0.997818 -0.00333346 2.03343 -0.00301453 0.00353995 0.999989 0.272254
0.997746 -0.0669339 0.00477434 37.1543 0.0669411 0.997756 -0.00135977 2.11191 -0.00467262 0.0016763 0.999988 0.278764
0.997667 -0.0678948 0.00711371 38.1541 0.0679064 0.997691 -0.0014084 2.18668 -0.00700166 0.00188818 0.999974 0.276085
0.997634 -0.0679863 0.0102215 39.1642 0.0679957 0.997685 -0.000579505 2.24849 -0.0101584 0.00127315 0.999948 0.285439
0.997556 -0.068716 0.0126858 40.1712 0.0686975 0.997636 0.00188759 2.33533 -0.0127856 -0.00101149 0.999918 0.280893
0.997569 -0.0685508 0.0125115 41.1612 0.0685178 0.997645 0.00304441 2.40811 -0.0126908 -0.00217975 0.999917 0.276973
0.997582 -0.0685361 0.0114982 42.1508 0.0685323 0.997649 0.000723193 2.47656 -0.0115207 6.65527e-05 0.999934 0.274859
0.997612 -0.0684623 0.00908051 43.147 0.0684326 0.997649 0.00353756 2.55545 -0.00930136 -0.00290771 0.999952 0.278906
0.997544 -0.0695043 0.00861182 44.1421 0.0694536 0.997567 0.006052 2.62895 -0.00901151 -0.00543902 0.999945 0.281898
0.997443 -0.0707868 0.0098589 45.1398 0.0707649 0.99749 0.00255146 2.69659 -0.0100148 -0.00184727 0.999948 0.276423
0.99737 -0.0716601 0.010878 46.1251 0.0716307 0.997427 0.00306853 2.77099 -0.0110699 -0.00228126 0.999936 0.273188
0.99738 -0.0717891 0.00895252 47.1113 0.0717708 0.997418 0.00235019 2.84635 -0.00909812 -0.0017015 0.999957 0.286704
0.997362 -0.072465 0.00424218 48.0797 0.0724426 0.997359 0.00521029 2.92831 -0.00460854 -0.00488923 0.999977 0.283234
0.997335 -0.0729157 0.00263995 49.052 0.0728974 0.997318 0.00648869 3.00585 -0.003106 -0.00627895 0.999975 0.290774
0.997299 -0.0732757 0.00506562 50.0325 0.07324 0.99729 0.00689931 3.07809 -0.00555744 -0.00650967 0.999963 0.286344
0.997265 -0.073377 0.00883856 51.0062 0.0733474 0.9973 0.00362116 3.15052 -0.00908041 -0.00296298 0.999954 0.297276
0.997239 -0.0736057 0.00983158 51.968 0.0735797 0.997285 0.00297938 3.22431 -0.0100242 -0.00224775 0.999947 0.296677
0.997228 -0.0738089 0.00943179 52.9381 0.0738176 0.997272 -0.000579201 3.29485 -0.00936331 0.00127383 0.999955 0.303768
0.99721 -0.0741597 0.0085344 53.9034 0.0741949 0.997236 -0.00387732 3.3605 -0.00822327 0.00449971 0.999956 0.311217
0.997132 -0.0750975 0.00939738 54.8505 0.0751415 0.997163 -0.00441928 3.43637 -0.00903884 0.00511274 0.999946 0.309676
0.997032 -0.0758965 0.0128915 55.8047 0.0759771 0.997092 -0.00587658 3.50405 -0.012408 0.0068386 0.9999 0.304595
0.996886 -0.0766633 0.0184792 56.778 0.0768248 0.997011 -0.00819231 3.57121 -0.017796 0.00958646 0.999796 0.311788
0.996781 -0.0773661 0.0210193 57.7284 0.0775435 0.996959 -0.00775802 3.65323 -0.0203552 0.00936296 0.999749 0.301583
0.99674 -0.0785345 0.0184975 58.6676 0.0787011 0.996862 -0.00845764 3.73618 -0.0177753 0.00988584 0.999793 0.298883
0.996719 -0.080075 0.0117883 59.6036 0.0801676 0.996752 -0.0076027 3.81721 -0.0111412 0.0085228 0.999902 0.299639
0.996705 -0.0808826 0.00615082 60.5219 0.0809117 0.99671 -0.0046333 3.89154 -0.00575584 0.0051157 0.99997 0.30602
0.996627 -0.0818744 0.00552398 61.4381 0.0818677 0.996642 0.00142577 3.98562 -0.00562216 -0.000968726 0.999984 0.300056
0.996546 -0.0826973 0.00753815 62.3375 0.0826619 0.996566 0.00489121 4.0695 -0.00791676 -0.0042512 0.99996 0.304426
0.996439 -0.0838363 0.0089996 63.2178 0.0837887 0.996468 0.00554361 4.15167 -0.00943257 -0.0047698 0.999944 0.311139
0.996344 -0.0849626 0.00897515 64.0934 0.0849114 0.996371 0.00593731 4.22991 -0.00944703 -0.00515351 0.999942 0.314514
0.996212 -0.0864286 0.00953583 64.946 0.0863635 0.996239 0.0070485 4.31102 -0.0101092 -0.00619826 0.99993 0.316028
0.996085 -0.0878318 0.0100509 65.7973 0.0877578 0.996113 0.00758316 4.38913 -0.0106779 -0.00667143 0.999921 0.320432
0.995953 -0.0892633 0.0104848 66.6258 0.0891764 0.99598 0.00848111 4.46705 -0.0111997 -0.00751179 0.999909 0.32832
0.995833 -0.0904778 0.0114196 67.4414 0.0903798 0.995868 0.00882596 4.54535 -0.0121709 -0.00775709 0.999896 0.330797
0.995684 -0.0918153 0.0135317 68.2439 0.0916492 0.995714 0.0124232 4.62725 -0.0146144 -0.0111294 0.999831 0.334025
0.995517 -0.0930367 0.0170572 69.0365 0.0928017 0.995585 0.0140876 4.70342 -0.0182926 -0.0124415 0.999755 0.324212
0.995313 -0.0947886 0.0191463 69.8171 0.0945231 0.99542 0.0143298 4.7846 -0.0204169 -0.0124529 0.999714 0.319891
0.995224 -0.0961899 0.0166298 70.57 0.0959553 0.995282 0.0143759 4.86594 -0.0179342 -0.0127116 0.999758 0.332937
0.995212 -0.0972827 0.00947797 71.2929 0.097138 0.995163 0.0146882 4.93965 -0.010861 -0.0136972 0.999847 0.331262
0.995124 -0.0985632 0.00356802 72.0044 0.0985043 0.995038 0.0140229 5.01814 -0.00493246 -0.0136031 0.999895 0.335562
0.995096 -0.0989026 0.00157348 72.6968 0.0988593 0.994943 0.0177663 5.08966 -0.00332266 -0.0175237 0.999841 0.335532
0.995009 -0.0997072 0.003998 73.3825 0.0996 0.994797 0.0214094 5.16756 -0.00611187 -0.0209043 0.999763 0.341388
0.994859 -0.101063 0.00651099 74.039 0.100921 0.994707 0.0193341 5.24358 -0.00843048 -0.0185776 0.999792 0.343675
0.994791 -0.101834 0.00453451 74.675 0.101751 0.994682 0.0159312 5.30545 -0.00613274 -0.0153868 0.999863 0.354154
0.994806 -0.101792 0.000401577 75.292 0.101784 0.994767 0.0088303 5.35648 -0.00129833 -0.00874356 0.999961 0.364932
0.994908 -0.100714 -0.00372767 75.8928 0.100729 0.994905 0.00423082 5.41641 0.00328257 -0.00458476 0.999984 0.37538
0.995196 -0.0977965 -0.00454872 76.4779 0.0978271 0.995178 0.00705796 5.48305 0.00383654 -0.00746904 0.999965 0.384451
0.995592 -0.0937537 -0.00256711 77.0419 0.0937779 0.995521 0.0119616 5.55107 0.00143417 -0.0121496 0.999925 0.382068
0.996012 -0.0892224 0.000426394 77.6008 0.0892124 0.995953 0.0109189 5.59886 -0.00139887 -0.0108373 0.99994 0.386507
0.996493 -0.0835311 0.00490232 78.1423 0.0834887 0.996474 0.00829694 5.64049 -0.00557809 -0.00785856 0.999954 0.392976
0.997081 -0.0758272 0.00895167 78.6655 0.0757916 0.997115 0.00425375 5.66953 -0.00924839 -0.00356287 0.999951 0.40443
0.99781 -0.0654506 0.00951495 79.1774 0.0653915 0.997839 0.00639763 5.70754 -0.00991311 -0.00576142 0.999934 0.421522
0.998661 -0.0508877 0.00926769 79.6799 0.0507864 0.99865 0.0108652 5.73739 -0.00980809 -0.01038 0.999898 0.428481
0.999403 -0.0331368 0.00974995 80.1607 0.0329792 0.99933 0.0159002 5.75292 -0.0102703 -0.0155691 0.999826 0.420773
0.999875 -0.0116172 0.0107159 80.6342 0.0114563 0.999822 0.0149579 5.74388 -0.0108877 -0.0148333 0.999831 0.416005
0.999824 0.0142939 0.0121248 81.0891 -0.0144403 0.999823 0.0120731 5.72431 -0.01195 -0.0122461 0.999854 0.418381
0.998946 0.0436413 0.0142402 81.5326 -0.0438001 0.998979 0.0110383 5.68837 -0.0137439 -0.0116504 0.999838 0.428545
0.99696 0.0761557 0.0164892 81.9691 -0.0763383 0.997024 0.0107415 5.63951 -0.0156221 -0.0119676 0.999806 0.43317
0.993404 0.113342 0.0173999 82.3933 -0.113534 0.993479 0.0104855 5.59107 -0.016098 -0.0123918 0.999794 0.433261
0.987794 0.15465 0.0186077 82.8117 -0.154862 0.98788 0.0105193 5.52002 -0.0167554 -0.0132725 0.999772 0.432049
0.979733 0.199404 0.0190282 83.2114 -0.199625 0.979816 0.0105085 5.42432 -0.0165487 -0.014094 0.999764 0.431602
0.9685 0.248338 0.0183212 83.5927 -0.248577 0.968536 0.0121297 5.32916 -0.0147325 -0.0163018 0.999759 0.430907
0.953657 0.300421 0.0169149 83.9696 -0.300647 0.953648 0.0128886 5.19714 -0.0122589 -0.0173767 0.999774 0.431778
0.93448 0.355653 0.0160454 84.3301 -0.355861 0.934451 0.0128137 5.04776 -0.0104364 -0.0176842 0.999789 0.431211
0.910998 0.412119 0.0155266 84.6753 -0.41232 0.910944 0.0131569 4.87428 -0.00872164 -0.0183879 0.999793 0.430986
0.882962 0.46922 0.0145261 85.0034 -0.469401 0.882879 0.0136997 4.67455 -0.0063966 -0.0189148 0.999801 0.417039
0.85057 0.525704 0.0128998 85.3139 -0.525843 0.850493 0.0122809 4.44841 -0.00451508 -0.0172291 0.999841 0.425504
0.814782 0.579628 0.0127192 85.6073 -0.579757 0.814706 0.0116609 4.20141 -0.00360338 -0.0168751 0.999851 0.432278
0.775856 0.630755 0.0139806 85.8893 -0.630895 0.7758 0.0102732 3.94203 -0.00436628 -0.0167908 0.999849 0.446769
0.734197 0.678729 0.0167747 86.158 -0.67891 0.734163 0.00930029 3.67026 -0.00600298 -0.0182167 0.999816 0.447059
0.690007 0.723601 0.0171071 86.4067 -0.723779 0.689983 0.00818415 3.37408 -0.00588159 -0.0180289 0.99982 0.439367
0.644403 0.764551 0.0143579 86.6375 -0.764674 0.644384 0.00658397 3.06173 -0.00421822 -0.0152219 0.999875 0.436594
0.598254 0.801232 0.0109524 86.8444 -0.801298 0.598254 0.00365776 2.73252 -0.0036216 -0.0109644 0.999933 0.449722
0.552154 0.833652 0.0122682 87.0356 -0.833735 0.55215 0.00403372 2.41136 -0.00341117 -0.0124557 0.999917 0.468811
0.50556 0.862662 0.0149254 87.2173 -0.862789 0.505524 0.00637386 2.07623 -0.00204665 -0.0160998 0.999868 0.475258
0.460262 0.887653 0.0151868 87.3849 -0.887783 0.460191 0.00806705 1.73249 0.000171927 -0.0171955 0.999852 0.469407
0.417865 0.908463 0.00919492 87.5344 -0.908506 0.417816 0.00676114 1.37823 0.00230046 -0.0111789 0.999935 0.438594
0.377661 0.925942 -0.00175819 87.6504 -0.925944 0.377661 -0.000166229 1.00627 0.00051008 0.00169076 0.999998 0.443993
0.341625 0.939819 -0.00568806 87.7668 -0.939831 0.341597 -0.00541256 0.640463 -0.0031438 0.00719488 0.999969 0.472023
0.308101 0.951346 -0.00380541 87.8872 -0.951352 0.308089 -0.00334558 0.281027 -0.0020104 0.00465106 0.999987 0.503128
0.276923 0.960882 0.00442281 88.008 -0.96089 0.276909 0.00357495 -0.0912177 0.00221039 -0.00523981 0.999984 0.515538
0.248256 0.968652 0.00904532 88.1165 -0.968673 0.248178 0.00889794 -0.471496 0.00637416 -0.0109709 0.999919 0.504988
0.222239 0.974959 0.00801402 88.2012 -0.974954 0.22215 0.0106887 -0.86368 0.00864077 -0.0101888 0.999911 0.501107
0.198305 0.98014 0.000908637 88.271 -0.980076 0.198282 0.011615 -1.26875 0.0112041 -0.00319385 0.999932 0.494388
0.177433 0.984105 -0.00736336 88.3321 -0.983979 0.177533 0.0163309 -1.68153 0.0173786 0.00434774 0.99984 0.506978
0.157753 0.98743 -0.00980492 88.3967 -0.987181 0.157941 0.0229785 -2.1099 0.0242383 0.00605431 0.999688 0.50927
0.139802 0.990163 -0.00577945 88.4621 -0.98986 0.139903 0.0245982 -2.54725 0.0251647 0.00228197 0.999681 0.521519
0.124282 0.992245 -0.00205162 88.5203 -0.992029 0.124298 0.020705 -3.00554 0.0207994 -0.000537992 0.999784 0.528048
0.109878 0.993944 -0.00178352 88.5705 -0.99379 0.109892 0.0174553 -3.47423 0.0175455 -0.0001455 0.999846 0.540426
0.0969452 0.995285 -0.00299035 88.6131 -0.995172 0.0969795 0.0151157 -3.95941 0.0153345 0.00151051 0.999881 0.551044
0.0851722 0.99634 -0.00719726 88.643 -0.996259 0.0852666 0.0140368 -4.45177 0.0145991 0.00597479 0.999876 0.561359
0.0750733 0.997124 -0.0103483 88.6785 -0.997066 0.0752162 0.0141933 -4.97266 0.0149309 0.00925235 0.999846 0.573271
0.0670478 0.997671 -0.0125299 88.7102 -0.997631 0.067228 0.0145629 -5.5016 0.0153714 0.0115238 0.999815 0.583968
0.0611812 0.998029 -0.0139919 88.7429 -0.998003 0.0613885 0.0148957 -6.04799 0.0157253 0.0130526 0.999791 0.593575
0.0558522 0.998329 -0.0148322 88.7717 -0.998303 0.056084 0.0156981 -6.60683 0.0165037 0.0139303 0.999767 0.604974
0.0496481 0.998652 -0.0151282 88.7977 -0.998623 0.0498925 0.0162297 -7.19142 0.0169626 0.0143015 0.999754 0.611234
0.0452969 0.998826 -0.0171692 88.8206 -0.998825 0.0455797 0.0164538 -7.79991 0.017217 0.0164038 0.999717 0.620358
0.0424736 0.99893 -0.0182971 88.8513 -0.998951 0.0427737 0.0163344 -8.41724 0.0170996 0.0175842 0.999699 0.633504
0.0394976 0.999039 -0.0190207 88.8758 -0.999083 0.0397995 0.0157661 -9.06254 0.016508 0.0183806 0.999695 0.651091
0.0370978 0.999107 -0.0201992 88.8912 -0.999179 0.0374143 0.0155262 -9.71758 0.016268 0.0196067 0.999675 0.655376
0.0361969 0.999067 -0.0235452 88.9134 -0.999217 0.0365583 0.0151034 -10.3976 0.0159501 0.0229801 0.999609 0.669121
0.0370741 0.998938 -0.0273535 88.9311 -0.999193 0.0374784 0.0144188 -11.0947 0.0154286 0.0267968 0.999522 0.681744
0.0397251 0.998785 -0.0291525 88.9538 -0.999092 0.0401529 0.0142407 -11.7962 0.0153939 0.0285603 0.999474 0.697281
0.0434402 0.998581 -0.0308061 88.9847 -0.998933 0.0438977 0.0143339 -12.5216 0.0156659 0.0301506 0.999423 0.707674
0.047699 0.998368 -0.0313897 89.0174 -0.998742 0.0481566 0.0139871 -13.2655 0.0154759 0.0306831 0.999409 0.72047
0.0515021 0.998112 -0.0334818 89.048 -0.998571 0.0519471 0.0125576 -14.0378 0.0142732 0.0327872 0.99936 0.732302
0.0556403 0.997889 -0.0334929 89.1001 -0.998369 0.0560335 0.0109185 -14.8145 0.0127722 0.0328308 0.999379 0.748301
0.0597362 0.997743 -0.030674 89.1598 -0.998154 0.0600427 0.00916773 -15.6142 0.0109888 0.0300697 0.999487 0.760329
0.063746 0.997548 -0.0288766 89.2123 -0.997917 0.0640029 0.00806145 -16.4027 0.00988987 0.0283025 0.99955 0.771887
0.0679039 0.997328 -0.0269504 89.2691 -0.997637 0.0681579 0.00861756 -17.2087 0.0104314 0.0263016 0.9996 0.79164
0.0712982 0.997108 -0.0263293 89.3345 -0.997359 0.0716335 0.0120172 -18.0152 0.0138685 0.025403 0.999581 0.815403
0.0725685 0.997078 -0.0238593 89.4108 -0.997186 0.0729862 0.0171324 -18.8338 0.0188237 0.0225488 0.999569 0.831042
0.0726489 0.997181 -0.0187443 89.4806 -0.997122 0.0730275 0.020372 -19.6437 0.0216834 0.0172103 0.999617 0.849916
0.0731316 0.997194 -0.016012 89.5554 -0.997093 0.0734498 0.0202788 -20.468 0.021398 0.0144825 0.999666 0.866588
0.0734116 0.99721 -0.0135496 89.6274 -0.997107 0.0736589 0.018756 -21.2967 0.0197017 0.0121335 0.999732 0.892367
0.0731314 0.997213 -0.0147854 89.6887 -0.997157 0.0733812 0.0171206 -22.1199 0.0181578 0.0134913 0.999744 0.914255
0.0735555 0.997215 -0.0123405 89.7566 -0.997139 0.0737545 0.0165339 -22.9344 0.017398 0.0110891 0.999787 0.935835
0.0735786 0.99724 -0.00992977 89.8253 -0.997139 0.073737 0.016657 -23.7566 0.0173432 0.00867577 0.999812 0.961832
0.0737011 0.997246 -0.00830502 89.8871 -0.997124 0.0738346 0.0171036 -24.5844 0.0176697 0.00702057 0.999819 0.985286
0.0726042 0.997352 -0.00423832 89.9588 -0.997189 0.0726699 0.018263 -25.3988 0.0185226 0.00290043 0.999824 1.01437
0.0700496 0.997542 -0.00186405 90.0311 -0.99738 0.0700718 0.0179668 -26.2138 0.0180533 0.000600601 0.999837 1.03835
0.066461 0.997787 0.00195674 90.1014 -0.997651 0.0664191 0.0167689 -27.0255 0.0166019 -0.00306663 0.999857 1.053
0.0615669 0.998095 0.00406129 90.1661 -0.998005 0.0615032 0.0142898 -27.8347 0.0140128 -0.00493297 0.99989 1.07837
0.0557241 0.998434 0.00499221 90.2222 -0.99837 0.0556576 0.012597 -28.6573 0.0122995 -0.00568603 0.999908 1.09927
0.0480563 0.998834 0.00467884 90.2706 -0.998772 0.0479957 0.0122967 -29.4815 0.0120578 -0.00526403 0.999913 1.12406
0.0390558 0.999221 0.00573514 90.3088 -0.999155 0.0389786 0.0130052 -30.2926 0.0127715 -0.00623822 0.999899 1.14224
0.0291922 0.999561 0.00498998 90.3383 -0.999492 0.0291256 0.0129418 -31.0985 0.0127908 -0.00536525 0.999904 1.16303
0.0188969 0.999811 0.00463043 90.3586 -0.999746 0.0188382 0.0124061 -31.8925 0.0123165 -0.00486369 0.999912 1.18262
0.00810236 0.99995 0.00581734 90.372 -0.999904 0.00803632 0.0112824 -32.6996 0.0112351 -0.0059082 0.999919 1.20499
-0.00309181 0.999988 0.0039018 90.367 -0.999942 -0.00313175 0.0102719 -33.4844 0.010284 -0.00386982 0.99994 1.21873
-0.0141746 0.99989 0.00435187 90.3584 -0.999842 -0.0142205 0.0107132 -34.2848 0.0107739 -0.00419932 0.999933 1.245
-0.0250185 0.999679 0.00387478 90.342 -0.999627 -0.025059 0.0108203 -35.065 0.0109139 -0.00360263 0.999934 1.26491
-0.0358863 0.999349 0.00362829 90.3175 -0.999284 -0.0359269 0.0118406 -35.8444 0.0119632 -0.00320078 0.999923 1.28301
-0.0459635 0.99894 0.00248105 90.286 -0.998863 -0.0459912 0.0125814 -36.6256 0.0126822 -0.00189995 0.999918 1.30331
-0.0557132 0.998445 0.00171678 90.2573 -0.998361 -0.0557309 0.0129989 -37.3814 0.0130743 -0.000989754 0.999914 1.31975
-0.0649171 0.997888 0.00212509 90.2066 -0.997801 -0.0649397 0.013277 -38.1431 0.013387 -0.00125851 0.99991 1.34118
-0.0742724 0.997237 0.001497 90.1516 -0.997145 -0.0742859 0.0135157 -38.8893 0.0135896 -0.000488885 0.999908 1.36064
-0.0830636 0.996544 0.000546489 90.082 -0.996461 -0.0830637 0.0128836 -39.6337 0.0128844 0.000525599 0.999917 1.38212
-0.0902908 0.995915 0.000673048 90.0183 -0.995848 -0.0902925 0.011575 -40.3815 0.0115885 0.000374866 0.999933 1.40132
-0.0955181 0.995427 -0.00107924 89.9474 -0.995377 -0.0955024 0.0101392 -41.1066 0.00998973 0.00204273 0.999948 1.41843
-0.0995179 0.995032 -0.00282524 89.8675 -0.995003 -0.0994914 0.0083699 -41.8261 0.00804722 0.00364408 0.999961 1.43675
-0.102455 0.994724 -0.00513296 89.7978 -0.994715 -0.102417 0.00721103 -42.5393 0.00664729 0.00584464 0.999961 1.45435
-0.104101 0.994542 -0.00703605 89.7268 -0.994551 -0.104057 0.00643252 -43.2176 0.00566526 0.00766734 0.999955 1.46884
-0.104694 0.994484 -0.0064349 89.6597 -0.994485 -0.10465 0.006859 -43.8962 0.00614776 0.00711751 0.999956 1.48214
-0.103944 0.994552 -0.00788297 89.588 -0.99456 -0.103884 0.00768494 -44.5552 0.00682416 0.00863889 0.999939 1.49354
-0.100827 0.994867 -0.00858774 89.5233 -0.99487 -0.100749 0.00914782 -45.2022 0.00823566 0.00946603 0.999921 1.50936
-0.0957924 0.995357 -0.00936504 89.4564 -0.995362 -0.0957003 0.00983651 -45.825 0.0088946 0.0102639 0.999908 1.52231
-0.0877948 0.996103 -0.00839344 89.3988 -0.996093 -0.087707 0.0103111 -46.446 0.00953479 0.00926591 0.999912 1.53745
-0.0766307 0.997043 -0.00574899 89.3616 -0.997009 -0.0765676 0.0104737 -47.0398 0.0100026 0.0065344 0.999929 1.54885
-0.063044 0.997994 -0.00573219 89.3363 -0.997954 -0.0629783 0.0109913 -47.6179 0.0106083 0.0064134 0.999923 1.56899
-0.0457731 0.998938 -0.00520723 89.3106 -0.998878 -0.0457058 0.0123821 -48.1688 0.012131 0.00576816 0.99991 1.58145
-0.0248405 0.999678 -0.0051934 89.3142 -0.999577 -0.0247588 0.0152386 -48.7117 0.0151051 0.00556974 0.99987 1.59736
-9.87053e-05 0.999993 -0.00377493 89.3279 -0.999837 -3.05176e-05 0.0180501 -49.2563 0.0180499 0.00377609 0.99983 1.61365
0.0279129 0.999608 -0.00219944 89.358 -0.999406 0.0279516 0.0201766 -49.7909 0.0202302 0.00163495 0.999794 1.63211
0.0607686 0.998151 -0.000950727 89.4139 -0.997946 0.0607754 0.0202643 -50.3225 0.0202846 -0.000282657 0.999794 1.64614
0.0984789 0.995139 -0.000951148 89.4889 -0.994961 0.0984793 0.0188058 -50.8598 0.018808 -0.000905617 0.999823 1.6505
0.14002 0.990149 -0.000148127 89.5931 -0.990025 0.140005 0.0157806 -51.3788 0.0156459 -0.00206295 0.999875 1.66359
0.184986 0.982739 0.00201861 89.7271 -0.982671 0.184948 0.0122859 -51.8959 0.0117005 -0.00425636 0.999923 1.67221
0.232733 0.972523 0.00583003 89.8857 -0.972511 0.232674 0.00928393 -52.4008 0.00767234 -0.00783044 0.99994 1.69348
0.283815 0.958839 0.00875222 90.0654 -0.958867 0.283754 0.00760755 -52.8931 0.00481094 -0.0105514 0.999933 1.70924
0.337681 0.941215 0.00926456 90.2811 -0.941252 0.337619 0.00764473 -53.3666 0.00406744 -0.0113018 0.999928 1.71064
0.394974 0.918669 0.00652076 90.5134 -0.91868 0.394923 0.00791177 -53.8142 0.00469311 -0.00911543 0.999947 1.73293
0.454434 0.890775 0.00306052 90.7667 -0.890743 0.454381 0.010715 -54.2494 0.00815399 -0.00759538 0.999938 1.75009
0.513503 0.858084 -0.00251158 91.0413 -0.857981 0.513484 0.0142248 -54.6516 0.0134958 -0.00514961 0.999896 1.76401
0.571461 0.820625 -0.0027529 91.3494 -0.820458 0.571407 0.0185207 -55.0275 0.0167715 -0.0083252 0.999825 1.77889
0.627024 0.778991 -0.00362593 91.6819 -0.778759 0.626939 0.0219755 -55.3761 0.0193919 -0.0109554 0.999752 1.77999
0.679776 0.733394 -0.00617613 92.0289 -0.733108 0.679708 0.0234391 -55.702 0.0213881 -0.0114056 0.999706 1.78368
0.728851 0.684625 -0.00807197 92.3867 -0.684336 0.728812 0.0227383 -56.0052 0.0214502 -0.0110489 0.999709 1.78528
0.77406 0.633092 -0.00497954 92.7716 -0.632899 0.77398 0.0198526 -56.2921 0.0164226 -0.0122155 0.99979 1.80479
0.815454 0.57882 -0.00153576 93.1714 -0.578734 0.815373 0.015264 -56.5382 0.0100873 -0.0115583 0.999882 1.80567
0.851915 0.523666 0.00374441 93.5895 -0.523668 0.851829 0.0125767 -56.7586 0.0033964 -0.0126751 0.999914 1.82327
0.882893 0.469498 0.00852855 94.0063 -0.469568 0.882835 0.0104322 -56.9459 -0.00263139 -0.0132153 0.999909 1.81958
0.908463 0.417712 0.0145646 94.4389 -0.417863 0.90846 0.0095103 -57.1099 -0.00925879 -0.0147258 0.999849 1.83916
0.928624 0.370592 0.0178482 94.8706 -0.370808 0.928647 0.0107679 -57.2536 -0.0125841 -0.0166176 0.999783 1.85388
0.955464 0.29434 0.0212507 95.765 -0.29475 0.955372 0.0196793 -57.4857 -0.0145099 -0.0250665 0.999581 1.84733
0.964506 0.263314 0.0198699 96.2245 -0.26373 0.964335 0.0224583 -57.5939 -0.0132477 -0.0269014 0.99955 1.81619
0.970283 0.241273 0.0183743 96.6812 -0.241594 0.970213 0.0178824 -57.7014 -0.0135124 -0.0217901 0.999671 1.81485
0.974034 0.225696 0.0178746 97.1603 -0.225973 0.974011 0.0154241 -57.8018 -0.0139289 -0.0190628 0.999721 1.81558
0.976798 0.213355 0.0185879 97.6686 -0.213698 0.976716 0.0189389 -57.8819 -0.0141144 -0.0224717 0.999648 1.8228
0.978819 0.20375 0.0199804 98.1684 -0.204202 0.978632 0.0240883 -57.9646 -0.0146455 -0.0276581 0.99951 1.81319
0.980091 0.197579 0.019597 98.6861 -0.198112 0.979704 0.0305181 -58.0426 -0.0131695 -0.0337929 0.999342 1.81067
0.98069 0.194824 0.0170248 99.2063 -0.19533 0.980065 0.0363022 -58.1253 -0.00961284 -0.0389266 0.999196 1.80302
0.98085 0.194232 0.0143947 99.7453 -0.194651 0.980124 0.0383184 -58.2227 -0.00666592 -0.0403866 0.999162 1.79695
0.980376 0.196856 0.0105547 100.289 -0.19711 0.979744 0.0353544 -58.3342 -0.00338112 -0.036741 0.999319 1.79321
0.979602 0.200915 0.00365941 100.847 -0.200925 0.979056 0.0328378 -58.458 0.00301484 -0.0329033 0.999454 1.79955
0.978732 0.205143 9.09169e-05 101.422 -0.205015 0.978106 0.0357418 -58.5804 0.00724325 -0.0350003 0.999361 1.80391
0.977743 0.2098 0.00188937 102.004 -0.209697 0.97689 0.0413933 -58.6796 0.00683858 -0.0408682 0.999141 1.81045
0.976524 0.215312 0.00637379 102.607 -0.215377 0.975476 0.0453784 -58.7981 0.00355304 -0.0456859 0.99895 1.80248
0.975523 0.219647 0.0104681 103.22 -0.219895 0.974586 0.0427499 -58.9395 -0.000812223 -0.0440054 0.999031 1.8029
0.974565 0.22357 0.0155038 103.847 -0.22402 0.973778 0.0396366 -59.0834 -0.00623575 -0.0421016 0.999094 1.80226
0.973668 0.227116 0.0197365 104.479 -0.227722 0.973002 0.0375435 -59.2256 -0.0106769 -0.0410493 0.9991 1.79737
0.972994 0.230037 0.0191405 105.121 -0.230563 0.972516 0.0324525 -59.3858 -0.0111491 -0.0359892 0.99929 1.79149
0.972906 0.230692 0.0153302 105.766 -0.231042 0.972556 0.0274528 -59.5509 -0.00857631 -0.0302509 0.999506 1.78766
0.97313 0.230117 0.00797858 106.431 -0.230249 0.972772 0.0264733 -59.7091 -0.00166938 -0.027599 0.999618 1.79504
0.97331 0.229484 0.00212118 107.096 -0.229444 0.972865 0.0298178 -59.8581 0.00477909 -0.0295087 0.999553 1.79446
0.973921 0.226887 -0.000350703 107.78 -0.226745 0.973364 0.0338988 -60.0118 0.00803256 -0.0329352 0.999425 1.80789
0.974474 0.224471 0.00375731 108.486 -0.224459 0.973819 0.0359766 -60.1685 0.00441676 -0.0359016 0.999346 1.79709
0.974818 0.222756 0.0104958 109.206 -0.222985 0.974259 0.0331182 -60.3351 -0.0028484 -0.0346247 0.999396 1.80275
0.975402 0.219849 0.0160712 109.929 -0.220261 0.974936 0.031393 -60.4927 -0.0087667 -0.0341606 0.999378 1.80685
0.975766 0.218237 0.0159508 110.661 -0.21866 0.975239 0.0331081 -60.6447 -0.00833043 -0.0357935 0.999325 1.81084
0.976294 0.21607 0.0127887 111.401 -0.216413 0.975495 0.0396798 -60.7962 -0.00390163 -0.0415068 0.999131 1.81004
0.9771 0.212646 0.00755131 112.156 -0.212775 0.976203 0.0418883 -60.9522 0.00153578 -0.0425358 0.999094 1.81156
0.977987 0.208614 0.00459846 112.92 -0.208625 0.977136 0.0409899 -61.1194 0.00405775 -0.041047 0.999149 1.81225
0.978828 0.204615 0.00539158 113.701 -0.204666 0.978029 0.0396403 -61.2856 0.00283788 -0.0399045 0.999199 1.81109
0.979557 0.201066 0.00643509 114.5 -0.201168 0.97892 0.0353049 -61.4525 0.000799185 -0.0358777 0.999356 1.8201
0.979955 0.199024 0.00879254 115.302 -0.199211 0.979343 0.0346828 -61.6136 -0.0017082 -0.0357391 0.99936 1.82314
0.980189 0.197801 0.0102168 116.101 -0.198024 0.979729 0.0303074 -61.7799 -0.00401484 -0.0317301 0.999488 1.81714
0.980289 0.197273 0.0108285 116.916 -0.197495 0.979957 0.0260813 -61.9478 -0.0054663 -0.0277058 0.999601 1.82644
0.980358 0.196831 0.0124767 117.746 -0.197104 0.980014 0.0268747 -62.1086 -0.00693761 -0.0288061 0.999561 1.82954
0.980323 0.19703 0.0120676 118.557 -0.197312 0.979874 0.0302445 -62.2642 -0.0058657 -0.0320305 0.99947 1.83821
0.980217 0.197677 0.00994459 119.381 -0.197908 0.979585 0.0352888 -62.4136 -0.00276577 -0.0365588 0.999328 1.83576
0.980056 0.198449 0.010393 120.234 -0.198717 0.979008 0.0453374 -62.5686 -0.00117769 -0.0464985 0.998918 1.83879
0.97951 0.200998 0.0126574 121.065 -0.201387 0.978134 0.05193 -62.7266 -0.00194283 -0.0534149 0.998571 1.84165
0.978898 0.203811 0.0148357 121.911 -0.204324 0.977354 0.0550557 -62.8869 -0.00327876 -0.0569252 0.998373 1.83831
0.978344 0.206493 0.0142804 122.758 -0.20697 0.976805 0.0549037 -63.0652 -0.00261196 -0.0566703 0.99839 1.84237
0.977936 0.208566 0.0118976 123.603 -0.208904 0.976527 0.052481 -63.2306 -0.000672578 -0.0538085 0.998551 1.84388
0.97764 0.210012 0.0106838 124.451 -0.210283 0.976517 0.0468603 -63.4196 -0.000591693 -0.0480592 0.998844 1.84469
0.9776 0.210278 0.00905509 125.289 -0.210473 0.976744 0.0408846 -63.6077 -0.000247357 -0.0418746 0.999123 1.85783
0.977443 0.211013 0.00884398 126.139 -0.211198 0.976671 0.0388402 -63.7978 -0.000441871 -0.0398319 0.999206 1.88582
0.977098 0.212441 0.0121711 126.984 -0.212766 0.976242 0.0410057 -63.9807 -0.00317067 -0.0426561 0.999085 1.89072
0.976757 0.213568 0.0182777 127.837 -0.214174 0.97585 0.042962 -64.1524 -0.00866101 -0.045878 0.998909 1.88765
0.976471 0.214435 0.022827 128.687 -0.215287 0.975475 0.045814 -64.3251 -0.0124431 -0.0496505 0.998689 1.88286
0.976309 0.215751 0.0164889 129.512 -0.216288 0.975276 0.0453396 -64.5038 -0.00629915 -0.0478318 0.998836 1.87165
0.976305 0.216398 0.00120744 130.32 -0.216258 0.975442 0.0417807 -64.6844 0.00786347 -0.0410518 0.999126 1.87445
0.976312 0.216258 -0.00693217 131.138 -0.215825 0.975627 0.0396375 -64.8683 0.0153352 -0.0372025 0.99919 1.91163
0.976551 0.215281 0.00142519 131.967 -0.215178 0.975833 0.0380534 -65.0572 0.00680144 -0.0374678 0.999275 1.92246
0.976684 0.213772 0.0197544 132.828 -0.214333 0.976206 0.0328965 -65.2418 -0.012252 -0.0363635 0.999264 1.91984
0.977021 0.211306 0.0279248 134.472 -0.21205 0.976884 0.0270653 -65.5925 -0.0215602 -0.0323648 0.999244 1.91025
0.977535 0.21026 0.0147117 135.286 -0.210657 0.976935 0.0349454 -65.75 -0.00702477 -0.0372595 0.999281 1.91764
0.977848 0.2092 0.00692345 136.086 -0.209311 0.977115 0.037888 -65.9263 0.00116114 -0.0384978 0.999258 1.90278
0.978179 0.207674 0.00604116 136.902 -0.207755 0.977491 0.0367217 -66.0954 0.00172095 -0.0371755 0.999307 1.91967
0.978754 0.204905 0.0074308 137.72 -0.205039 0.97815 0.0343792 -66.2654 -0.000223981 -0.0351723 0.999381 1.93828
0.97955 0.201101 0.00640028 138.534 -0.201202 0.978953 0.0341972 -66.4256 0.000611524 -0.0347856 0.999395 1.95473
0.980442 0.19674 0.00508926 139.341 -0.196797 0.979825 0.0348404 -66.5792 0.00186793 -0.0351605 0.99938 1.95967
0.981084 0.193501 0.00562972 140.142 -0.193572 0.980299 0.0392914 -66.7315 0.00208413 -0.0396379 0.999212 1.97486
0.981551 0.191097 0.00626056 140.951 -0.191185 0.980546 0.0444816 -66.87 0.00236155 -0.0448579 0.998991 1.98139
0.981818 0.189617 0.00884637 141.761 -0.189824 0.980721 0.0463988 -67.0147 0.000122201 -0.0472345 0.998884 1.98507
0.982063 0.188137 0.0125009 142.566 -0.188517 0.980999 0.0458583 -67.1729 -0.00363575 -0.0473923 0.99887 1.97819
0.98235 0.186615 0.0128121 143.365 -0.187006 0.981356 0.0443824 -67.3237 -0.00429074 -0.045995 0.998932 1.98897
0.982845 0.184186 0.00953289 144.174 -0.184426 0.981934 0.0423367 -67.466 -0.00156284 -0.0433685 0.999058 1.99775
0.983661 0.179946 0.00546224 144.979 -0.180021 0.982878 0.0392872 -67.6188 0.00170088 -0.0396286 0.999213 2.00819
0.984801 0.173647 0.00382874 145.777 -0.173671 0.984135 0.0362811 -67.7553 0.00253211 -0.0363946 0.999334 2.01812
0.985923 0.167017 0.00784113 146.574 -0.167194 0.985239 0.0367485 -67.8939 -0.00158775 -0.0375421 0.999294 2.0131
0.986851 0.160904 0.0153058 147.372 -0.161344 0.986309 0.0340906 -68.0174 -0.00961097 -0.0361119 0.999302 2.01271
0.987369 0.156563 0.0243044 148.176 -0.157316 0.986998 0.0329517 -68.1544 -0.0188294 -0.036359 0.999161 2.01873
0.987917 0.15238 0.0282903 148.98 -0.15334 0.987532 0.0356075 -68.2599 -0.0225117 -0.0395153 0.998965 2.01999
0.988698 0.147984 0.0240441 149.785 -0.148788 0.988211 0.0360691 -68.3719 -0.018423 -0.0392388 0.99906 2.01464
0.989837 0.141479 0.0143947 150.594 -0.141913 0.989232 0.035782 -68.4724 -0.00917727 -0.0374611 0.999256 2.02193
0.99084 0.134798 0.00815348 151.378 -0.134997 0.990283 0.0333851 -68.5839 -0.003574 -0.03418 0.999409 2.01747
0.991713 0.128186 0.00854557 152.197 -0.128414 0.99106 0.0361887 -68.6903 -0.00383028 -0.0369862 0.999308 2.0143
0.992645 0.120455 0.0120877 153.015 -0.120863 0.991767 0.0423042 -68.7725 -0.00689242 -0.043454 0.999032 2.01817
0.993589 0.112513 0.0110118 153.843 -0.112904 0.992541 0.0459869 -68.8497 -0.00575552 -0.0469354 0.998881 2.01949
0.994675 0.102868 0.00624644 154.664 -0.10305 0.993505 0.0482604 -68.9228 -0.00124143 -0.0486471 0.998815 2.02016
0.995541 0.0942818 0.00311905 155.478 -0.0943237 0.994422 0.0471955 -69.0053 0.00134802 -0.0472792 0.998881 2.02077
0.996263 0.0862122 0.00530243 156.305 -0.0863666 0.995145 0.0471899 -69.0645 -0.00120834 -0.0474715 0.998872 2.02705
0.996877 0.0781406 0.0113694 157.139 -0.0786122 0.995668 0.049661 -69.116 -0.00743962 -0.0503997 0.998701 2.02365
0.997894 0.0617585 0.0198456 158.796 -0.0627201 0.996667 0.0521689 -69.2098 -0.0165576 -0.0533038 0.998441 2.01772
0.998226 0.0553805 0.0218719 159.628 -0.0564576 0.997042 0.052158 -69.2494 -0.0189187 -0.0533003 0.998399 2.02041
0.998493 0.051018 0.0202352 160.454 -0.0519977 0.99733 0.0512734 -69.2947 -0.0175653 -0.0522483 0.99848 2.01244
0.998785 0.0466764 0.0158343 161.289 -0.0474866 0.997336 0.0553753 -69.3147 -0.0132073 -0.0560599 0.99834 2.02162
0.999033 0.0429205 0.00957531 162.095 -0.0434264 0.99719 0.0610366 -69.3376 -0.00692869 -0.0613933 0.99809 2.02059
0.999179 0.0399466 0.00682592 162.918 -0.0402974 0.997207 0.0628884 -69.3603 -0.00429467 -0.0631118 0.997997 2.01168
0.99926 0.0365566 0.0119927 163.758 -0.0372639 0.997169 0.065303 -69.3826 -0.00957152 -0.0657015 0.997793 2.0108
0.999121 0.0302975 0.0289826 165.435 -0.032228 0.997121 0.0686385 -69.4207 -0.0268196 -0.0695122 0.997221 1.99473
0.999334 0.0255849 0.0260387 166.245 -0.0271653 0.99769 0.0622687 -69.4495 -0.0243854 -0.0629345 0.99772 1.97535
0.999643 0.0208423 0.0166898 167.057 -0.0216674 0.99847 0.0508839 -69.4767 -0.0156037 -0.0512274 0.998565 1.97788
0.999831 0.0143582 0.0114574 167.872 -0.0149074 0.998669 0.0493848 -69.4903 -0.0107331 -0.0495472 0.998714 1.97144
0.999854 -0.000906516 0.0170877 169.533 -6.16682e-05 0.998398 0.0565741 -69.4789 -0.0171117 -0.0565669 0.998252 1.94741
0.999756 -0.008149 0.0205551 170.377 0.00710397 0.998703 0.0504106 -69.4788 -0.0209393 -0.0502523 0.998517 1.94613
0.999611 -0.0141884 0.0239979 171.223 0.0131411 0.998978 0.0432462 -69.4742 -0.0245869 -0.042914 0.998776 1.92051
0.999501 -0.0200688 0.0244093 172.069 0.0191971 0.999188 0.0354361 -69.4636 -0.0251007 -0.0349499 0.999074 1.91933
0.999477 -0.0261878 0.0189536 172.898 0.0256551 0.999284 0.0278209 -69.447 -0.0196686 -0.0273201 0.999433 1.92974
0.999393 -0.0335272 0.00949928 173.72 0.0333387 0.999257 0.0193597 -69.4255 -0.0101413 -0.0190312 0.999767 1.91639
0.999192 -0.0398341 0.00536015 174.564 0.0397473 0.999091 0.0154251 -69.4164 -0.00596972 -0.0151996 0.999867 1.91193
0.998418 -0.0516153 0.0222847 176.263 0.0508577 0.99815 0.0333197 -69.3003 -0.0239633 -0.0321336 0.999196 1.88038
0.997946 -0.0563147 0.0305279 177.119 0.0551933 0.997812 0.03641 -69.2423 -0.0325115 -0.0346503 0.998871 1.87599
0.997785 -0.0598152 0.0291109 177.959 0.0589268 0.997797 0.0304753 -69.1882 -0.0308697 -0.0286924 0.999112 1.86548
0.997882 -0.0619724 0.0197529 178.805 0.061356 0.997652 0.0304188 -69.1308 -0.0215917 -0.0291424 0.999342 1.87449
0.997868 -0.0644872 0.0100427 179.637 0.0640472 0.997174 0.0392598 -69.0517 -0.0125461 -0.0385329 0.999179 1.86515
0.997758 -0.0666682 0.00585384 180.49 0.0663711 0.996939 0.0413117 -68.9838 -0.0085901 -0.0408305 0.999129 1.84858
0.99759 -0.0687142 0.00963397 181.339 0.0683117 0.996968 0.037248 -68.929 -0.0121642 -0.0365001 0.99926 1.83326
0.997454 -0.0690879 0.0176656 182.192 0.0683999 0.996973 0.0369648 -68.8706 -0.0201659 -0.0356624 0.99916 1.81791
0.997317 -0.0693745 0.0233743 183.05 0.068437 0.996902 0.0387683 -68.8099 -0.0259914 -0.0370646 0.998975 1.80222
0.9972 -0.0710191 0.0234253 183.906 0.0701947 0.996943 0.034313 -68.7434 -0.0257906 -0.0325726 0.999137 1.8018
0.997223 -0.0727612 0.0158507 184.749 0.0723097 0.997006 0.0274041 -68.6777 -0.0177971 -0.0261819 0.999499 1.79752
0.997198 -0.0746279 0.00510317 185.594 0.0745156 0.997029 0.0194857 -68.6336 -0.00654219 -0.0190509 0.999797 1.7935
0.997076 -0.0764115 0.0011819 186.442 0.0763906 0.996998 0.0126097 -68.5806 -0.00214188 -0.0124826 0.99992 1.79183
0.996984 -0.0774546 0.00489644 187.303 0.0773349 0.996781 0.021157 -68.4964 -0.00651938 -0.0207146 0.999764 1.78808
0.996798 -0.0787148 0.014095 188.158 0.0783282 0.996585 0.0261507 -68.4188 -0.0161053 -0.0249629 0.999559 1.7741
0.996611 -0.0802137 0.0182321 189.003 0.0797297 0.996481 0.0258799 -68.3486 -0.0202439 -0.0243386 0.999499 1.77469
0.996598 -0.0809652 0.0154145 189.834 0.0806066 0.996489 0.022614 -68.2786 -0.0171913 -0.0212945 0.999625 1.78341
0.99669 -0.0806668 0.0100823 190.666 0.0804241 0.996506 0.0225221 -68.208 -0.0118639 -0.0216367 0.999695 1.78942
0.996661 -0.0812257 0.00830346 191.518 0.0809218 0.996206 0.0320203 -68.1217 -0.0108728 -0.0312415 0.999453 1.77771
0.996616 -0.0814898 0.01077 192.362 0.081064 0.996081 0.0353611 -68.0417 -0.0136094 -0.0343684 0.999317 1.76972
0.996526 -0.0822428 0.0131194 193.196 0.0816463 0.995822 0.0408997 -67.9606 -0.0164283 -0.0396865 0.999077 1.76313
0.996481 -0.0823528 0.0156406 194.032 0.0815695 0.995631 0.0454391 -67.8891 -0.0193143 -0.0440034 0.998845 1.75611
0.996428 -0.0830236 0.015446 194.857 0.0822547 0.99559 0.0450981 -67.8065 -0.0191221 -0.0436665 0.998863 1.7479
0.996435 -0.0834785 0.0122313 195.682 0.0828581 0.995563 0.0445948 -67.7358 -0.0158998 -0.0434223 0.99893 1.74854
0.996397 -0.0845022 0.00717349 196.498 0.0840931 0.995425 0.0453623 -67.6556 -0.0109739 -0.0445956 0.998945 1.75025
0.996285 -0.0857749 0.00764763 197.304 0.0853171 0.995215 0.0476301 -67.5809 -0.0116965 -0.0468006 0.998836 1.75715
0.996022 -0.087774 0.0153331 198.122 0.0869099 0.994959 0.0500422 -67.5025 -0.0196482 -0.0485106 0.998629 1.73184
0.995678 -0.0895425 0.0246512 198.917 0.0883344 0.995011 0.0463741 -67.4372 -0.0286806 -0.0439961 0.99862 1.72865
0.995546 -0.0903258 0.0270088 199.688 0.0892944 0.995309 0.0372258 -67.3817 -0.0302446 -0.0346483 0.998942 1.72144
0.995629 -0.0907575 0.0220228 200.432 0.0899696 0.995348 0.0344587 -67.3128 -0.0250477 -0.0323267 0.999163 1.72936
0.995804 -0.0900123 0.0164742 201.163 0.0894072 0.995402 0.034376 -67.2427 -0.0194927 -0.0327589 0.999273 1.71718
0.995954 -0.0891322 0.0114679 201.883 0.0886858 0.99545 0.0348495 -67.1702 -0.014522 -0.0336915 0.999327 1.72696
0.996075 -0.0881981 0.00740909 202.584 0.087929 0.995643 0.0310281 -67.1037 -0.0101134 -0.0302549 0.999491 1.71939
