0.475994 -0.879309 0.0156554 1.1032 0.879448 0.475929 -0.00788334 1.32109 -0.000518959 0.0175205 0.999846 0.786844
0.474654 -0.880079 0.0128648 1.52696 0.880173 0.474594 -0.00753079 2.098 0.000522137 0.0148977 0.999889 0.78539
0.471831 -0.881577 0.0140387 2.57512 0.881686 0.471813 -0.00476183 4.02428 -0.00242574 0.0146245 0.99989 0.792796
0.471288 -0.881863 0.0143412 2.81542 0.881975 0.471276 -0.00445948 4.4685 -0.00282602 0.0147503 0.999887 0.79399
0.468816 -0.883176 0.0145339 3.74562 0.883294 0.468782 -0.00592591 6.19197 -0.00157962 0.0156159 0.999877 0.794797
0.468161 -0.883516 0.0150045 4.11838 0.883641 0.468127 -0.0059036 6.88599 -0.00180809 0.0160224 0.99987 0.795852
0.467816 -0.883691 0.0154257 4.6701 0.883811 0.467837 -0.00241281 7.92107 -0.00508456 0.0147622 0.999878 0.801075
0.468085 -0.883539 0.0159807 4.99183 0.883648 0.468151 0.000452908 8.52723 -0.00788153 0.0139093 0.999872 0.804074
0.46916 -0.882936 0.0176949 5.51789 0.883033 0.469293 0.00404284 9.51567 -0.0118737 0.0137284 0.999835 0.805207
0.470204 -0.882359 0.0187321 5.87549 0.882449 0.470373 0.00572747 10.1886 -0.0138648 0.0138371 0.999808 0.802691
0.471672 -0.881601 0.0174778 6.41885 0.881682 0.471816 0.00505174 11.2107 -0.0126999 0.0130271 0.999834 0.794299
0.472493 -0.881204 0.0151583 6.76804 0.881275 0.472592 0.00350424 11.873 -0.0102516 0.0117029 0.999879 0.787031
0.473762 -0.880572 0.0119111 7.32625 0.880638 0.47379 -0.000552308 12.9303 -0.00515699 0.010751 0.999929 0.777357
0.474446 -0.880203 0.0119453 7.66555 0.880269 0.474474 -0.000615846 13.5815 -0.00512565 0.0108072 0.999928 0.775913
0.474674 -0.880035 0.0149658 8.23981 0.880118 0.474751 0.00192309 14.6782 -0.00879743 0.0122588 0.999886 0.781009
0.474029 -0.880319 0.0183235 8.71279 0.880417 0.474178 0.00463744 15.5952 -0.012771 0.013934 0.999821 0.786529
0.473515 -0.880523 0.02149 9.01282 0.880661 0.473718 0.00526124 16.1909 -0.0148129 0.0164342 0.999755 0.786595
0.471789 -0.881406 0.0231852 9.65862 0.881658 0.471888 -0.00137487 17.4547 -0.00972898 0.02109 0.99973 0.777633
0.47059 -0.882117 0.0203442 10.0343 0.882332 0.47061 -0.00412507 18.2185 -0.00593539 0.0198916 0.999785 0.771821
0.467257 -0.883939 0.0179556 11.2354 0.88408 0.467335 0.000142284 20.6413 -0.00851706 0.0158077 0.999839 0.770584
0.465929 -0.884673 0.016258 11.7874 0.884759 0.466036 0.00334296 21.7993 -0.0105342 0.0128268 0.999862 0.772998
0.465262 -0.885008 0.0171225 12.1126 0.88506 0.465424 0.00696928 22.4927 -0.0141371 0.0119119 0.999829 0.771974
0.464635 -0.885317 0.0180998 12.6741 0.885338 0.464846 0.00974805 23.6704 -0.0170437 0.0114951 0.999789 0.772114
0.464508 -0.885401 0.0172615 12.9887 0.88532 0.464751 0.0146359 24.3397 -0.020981 0.00848347 0.999744 0.769783
0.464168 -0.885605 0.0158752 13.8762 0.885445 0.464403 0.0177772 26.1953 -0.0231161 0.00580504 0.999716 0.756362
0.464232 -0.885622 0.0127606 14.4188 0.885506 0.464387 0.0149933 27.3198 -0.0192042 0.00433924 0.999806 0.746031
0.463952 -0.885767 0.0128877 14.7605 0.885642 0.464111 0.0154667 28.0113 -0.0196812 0.00423807 0.999797 0.742939
0.461747 -0.886875 0.0155563 15.7676 0.886794 0.461951 0.0140586 30.0928 -0.0196545 0.00730371 0.99978 0.739839
0.461378 -0.887066 0.0156289 16.0796 0.886977 0.461587 0.0144939 30.6945 -0.0200711 0.00717526 0.999773 0.739516
0.460686 -0.887491 0.011296 16.6262 0.887457 0.46079 0.00957564 31.8048 -0.0137034 0.00561335 0.99989 0.733863
0.460281 -0.887698 0.0115652 16.9646 0.887676 0.460385 0.00879054 32.467 -0.0131278 0.00622003 0.999894 0.733258
0.459736 -0.887961 0.0129858 17.4893 0.887943 0.459861 0.00922835 33.5217 -0.0141661 0.00728806 0.999873 0.739593
0.459513 -0.888016 0.016615 17.859 0.887998 0.459712 0.0111222 34.2423 -0.0175148 0.00964329 0.9998 0.747848
0.459145 -0.88814 0.0198441 18.3908 0.888158 0.459403 0.0111042 35.3064 -0.0189786 0.0125263 0.999741 0.756891
0.459007 -0.888142 0.0227324 18.8459 0.888265 0.459267 0.00768912 36.2023 -0.0172693 0.0166631 0.999712 0.762062
0.458663 -0.88824 0.0256546 19.2308 0.888467 0.458916 0.00468461 36.9465 -0.0159344 0.0206446 0.99966 0.765916
0.45784 -0.88859 0.0280973 19.6578 0.88889 0.458107 0.0035668 37.7801 -0.016041 0.0233424 0.999599 0.770951
0.456823 -0.888968 0.0323888 20.1188 0.889366 0.457178 0.00411602 38.6883 -0.0184665 0.0269252 0.999467 0.778532
0.455917 -0.889208 0.0380689 20.543 0.88972 0.45646 0.00655544 39.5163 -0.0232061 0.0308819 0.999254 0.785886
0.455189 -0.889477 0.0404149 20.9272 0.88999 0.455881 0.00945554 40.2685 -0.0268349 0.0316648 0.999138 0.78909
0.45423 -0.890014 0.0393774 21.4235 0.890509 0.454878 0.00895292 41.2641 -0.0258801 0.0309992 0.999184 0.785721
0.453083 -0.890817 0.0340798 21.9315 0.891327 0.45336 0.000461444 42.2771 -0.0158615 0.0301672 0.999419 0.774299
0.452477 -0.891192 0.0322656 22.2207 0.891699 0.452617 -0.003216 42.8385 -0.0117379 0.0302264 0.999474 0.772473
0.451479 -0.891894 0.0263155 22.7516 0.892244 0.451533 -0.00417941 43.9193 -0.00815473 0.0253668 0.999645 0.776748
0.450809 -0.892231 0.026357 22.9955 0.892556 0.450935 -0.0013197 44.3933 -0.0107078 0.02412 0.999652 0.785529
0.448498 -0.893464 0.0238989 23.8948 0.893703 0.448656 0.00140533 46.241 -0.011978 0.0207282 0.999713 0.80461
0.447411 -0.894013 0.0237354 24.2314 0.894249 0.447567 0.00143273 46.9006 -0.0119041 0.0205843 0.999717 0.812143
0.444716 -0.895343 0.0242564 24.9097 0.895557 0.44493 0.00397377 48.2803 -0.0143503 0.0199557 0.999698 0.827953
0.4432 -0.896068 0.0252045 25.3481 0.896307 0.44342 0.00362394 49.157 -0.0144235 0.0209848 0.999676 0.837041
0.440926 -0.897188 0.0252354 26.0526 0.897341 0.44125 0.00884909 50.6062 -0.0190744 0.018743 0.999642 0.849442
0.439694 -0.897796 0.0251394 26.3822 0.897897 0.44006 0.0113104 51.272 -0.0212173 0.0175994 0.99962 0.857234
0.438464 -0.89849 0.0215862 26.7267 0.898548 0.438747 0.0106227 51.9765 -0.0190152 0.0147385 0.999711 0.860861
0.437527 -0.899009 0.018798 26.9714 0.899074 0.437724 0.00793269 52.4852 -0.0153599 0.01343 0.999792 0.864217
0.435296 -0.900179 0.0139852 27.5932 0.900275 0.43532 -0.0014572 53.7966 -0.0047763 0.0132248 0.999901 0.867061
0.434691 -0.900484 0.0131459 27.9232 0.900563 0.434725 -0.000292605 54.4877 -0.00545135 0.0119659 0.999914 0.881433
0.433827 -0.900901 0.0130519 28.2416 0.900955 0.433901 0.00330472 55.1627 -0.00864044 0.0103254 0.999909 0.90589
0.43297 -0.901302 0.0138016 28.5035 0.901381 0.433025 0.00106619 55.7079 -0.00693738 0.0119788 0.999904 0.921915
0.432733 -0.901312 0.0194819 28.9835 0.901522 0.432618 -0.00997738 56.6955 0.000564503 0.0218809 0.99976 0.941083
0.435166 -0.900141 0.0194152 29.2934 0.90034 0.434959 -0.0141054 57.3365 0.00425202 0.0236184 0.999712 0.957027
0.441806 -0.896949 0.017015 29.7647 0.897111 0.441729 -0.00820608 58.3199 -0.000155593 0.0188898 0.999822 0.987797
0.445103 -0.89524 0.020721 29.9848 0.895471 0.445079 -0.00599274 58.7453 -0.00385757 0.0212225 0.999767 1.00709
0.453813 -0.890657 0.0280065 30.3098 0.891052 0.453882 -0.00420283 59.3721 -0.0089684 0.0268626 0.999599 1.03622
0.458572 -0.888196 0.0286249 30.4686 0.888592 0.458689 -0.00272899 59.6831 -0.0107061 0.0266873 0.999586 1.04961
0.473235 -0.880612 0.0238797 30.7728 0.880875 0.473347 -0.00105406 60.2579 -0.0103752 0.0215339 0.999714 1.0637
0.482843 -0.875446 0.021379 30.9527 0.875634 0.482974 0.00114498 60.5775 -0.0113279 0.0181673 0.999771 1.07171
0.503582 -0.863709 0.0203052 31.255 0.863862 0.503724 0.00226284 61.0829 -0.0121826 0.0164014 0.999791 1.08198
0.519082 -0.85443 0.0224199 31.4587 0.85462 0.51925 0.00200338 61.3948 -0.0133533 0.0181206 0.999747 1.08985
0.550581 -0.834396 0.0253657 31.7905 0.834649 0.550781 0.0010835 61.8838 -0.014875 0.0205749 0.999678 1.10338
0.578756 -0.815075 0.0263545 32.0539 0.815341 0.578981 0.00110144 62.2432 -0.0161565 0.0208504 0.999652 1.11333
0.606851 -0.79437 0.0266076 32.3051 0.794636 0.607085 0.000931596 62.5604 -0.0168931 0.020578 0.999646 1.12022
0.626734 -0.77876 0.0271618 32.4961 0.779033 0.626983 0.000817773 62.7699 -0.0176668 0.0206474 0.999631 1.12158
0.706258 -0.707493 0.0255522 33.1944 0.707733 0.70648 -0.000484493 63.468 -0.0177093 0.0184263 0.999673 1.12921
0.738249 -0.674102 0.0239836 33.474 0.674337 0.73842 -0.00240962 63.6777 -0.0160857 0.0179519 0.999709 1.12893
0.777732 -0.6282 0.0222959 33.8227 0.628435 0.777847 -0.00494198 63.9125 -0.0142383 0.0178551 0.999739 1.12797
0.813097 -0.581742 0.0212002 34.156 0.581981 0.813172 -0.00709142 64.0965 -0.0131141 0.0181041 0.99975 1.12355
0.881243 -0.47228 0.0190621 34.8815 0.472538 0.881224 -0.012381 64.4275 -0.0109507 0.0199183 0.999742 1.11616
0.903684 -0.427766 0.019248 35.1784 0.428055 0.903633 -0.0146914 64.5068 -0.0111087 0.0215156 0.999707 1.11083
0.935844 -0.35187 0.0196037 35.6556 0.352194 0.935779 -0.0166257 64.6234 -0.0124946 0.0224634 0.99967 1.11213
0.955818 -0.293224 0.0207657 36.0279 0.293563 0.955811 -0.0156884 64.691 -0.0152479 0.0210914 0.999661 1.11074
0.968985 -0.246134 0.0220505 36.3434 0.246488 0.969028 -0.0150887 64.7362 -0.0176537 0.0200559 0.999643 1.10566
0.991715 -0.126567 0.0219337 37.1628 0.127014 0.991692 -0.0203534 64.797 -0.0191754 0.0229707 0.999552 1.10056
0.998324 -0.0542526 0.0201237 37.6757 0.0546784 0.998278 -0.0212473 64.8023 -0.0189363 0.022312 0.999572 1.10057
0.999824 -0.00180313 0.018678 38.0614 0.00211623 0.999857 -0.0167567 64.803 -0.0186451 0.0167933 0.999685 1.10046
0.998399 0.0543385 0.0157262 38.4562 -0.0541171 0.998434 -0.0141777 64.7353 -0.0164719 0.0133039 0.999776 1.1
0.995953 0.0887819 0.0140137 38.7125 -0.0885512 0.995938 -0.0163114 64.6598 -0.0154049 0.0150045 0.999769 1.0943
0.988784 0.148903 0.0115757 39.2039 -0.148487 0.98843 -0.0309347 64.5006 -0.016048 0.0288689 0.999454 1.09416
0.984412 0.175518 0.0112546 39.451 -0.175004 0.983882 -0.0367433 64.4104 -0.0175223 0.0342009 0.999261 1.09042
0.977281 0.211697 0.0102581 39.8339 -0.211174 0.976709 -0.0380013 64.2876 -0.0180639 0.0349717 0.999225 1.08783
0.969524 0.24489 0.00727173 40.2201 -0.244576 0.969169 -0.0299108 64.175 -0.0143724 0.0272207 0.999526 1.08589
0.959634 0.281209 0.00478644 40.6811 -0.28109 0.959524 -0.0173958 64.0286 -0.00948455 0.0153482 0.999837 1.09105
0.951619 0.30727 0.00248363 41.0523 -0.307213 0.95155 -0.0131612 63.9043 -0.00640733 0.0117614 0.99991 1.09538
0.9448 0.327648 -4.40963e-05 41.3862 -0.327619 0.944714 -0.0134349 63.7876 -0.00436024 0.0127077 0.99991 1.09023
0.934489 0.35585 -0.0100407 41.8945 -0.355976 0.934339 -0.0170726 63.5761 0.00330618 0.0195284 0.999804 1.07418
0.928896 0.369976 -0.0164052 42.1806 -0.370227 0.928795 -0.0164784 63.4627 0.0091404 0.0213804 0.99973 1.05766
0.921095 0.388752 -0.0213338 42.5913 -0.389071 0.921108 -0.0135646 63.2746 0.0143774 0.0207947 0.99968 1.05054
0.905531 0.424037 -0.0143642 43.5367 -0.42419 0.905518 -0.00997747 62.7904 0.00877624 0.0151281 0.999847 1.08699
0.900414 0.434836 -0.0131669 43.8557 -0.434971 0.900387 -0.0101488 62.6354 0.00744221 0.0148653 0.999862 1.09446
0.892982 0.449883 -0.0137432 44.3656 -0.450043 0.892921 -0.012373 62.3595 0.00670522 0.0172339 0.999829 1.10443
0.886897 0.461682 -0.0162072 44.8337 -0.4619 0.886821 -0.014047 62.1013 0.00788765 0.0199444 0.99977 1.10852
0.882577 0.469825 -0.0179363 45.2377 -0.470082 0.882502 -0.0145925 61.886 0.00897286 0.0213105 0.999733 1.10818
0.879089 0.476281 -0.0189547 45.6698 -0.476562 0.879014 -0.014948 61.6557 0.009542 0.0221737 0.999709 1.10625
0.874636 0.484317 -0.0212061 46.2689 -0.484646 0.874587 -0.0146791 61.3251 0.0114373 0.0231163 0.999667 1.10921
0.87105 0.49067 -0.0226838 46.751 -0.491019 0.871044 -0.013552 61.0593 0.013109 0.0229427 0.999651 1.10818
0.868735 0.49473 -0.0232845 47.1793 -0.495098 0.868725 -0.013966 60.8225 0.0133184 0.0236608 0.999631 1.10399
0.866092 0.499276 -0.0246575 47.7846 -0.499694 0.86607 -0.0151225 60.4739 0.0138048 0.0254187 0.999582 1.10569
0.862044 0.506173 -0.02588 48.9605 -0.506642 0.861998 -0.0165289 59.7791 0.013942 0.0273606 0.999528 1.11983
0.861215 0.507544 -0.0266058 49.4038 -0.508059 0.861127 -0.0183214 59.5309 0.0136121 0.029296 0.999478 1.1125
0.860553 0.508541 -0.0289061 50.0938 -0.509169 0.860402 -0.0213363 59.1317 0.0140205 0.033079 0.999354 1.11177
0.860786 0.508024 -0.0309683 50.7807 -0.508746 0.860611 -0.0229492 58.741 0.0149929 0.0355094 0.999257 1.11084
0.861858 0.506138 -0.0320027 51.3248 -0.506912 0.861667 -0.0238699 58.4431 0.0154942 0.036795 0.999203 1.10432
0.863571 0.503155 -0.0328737 51.9989 -0.503972 0.863374 -0.0244679 58.0729 0.0160711 0.0376972 0.99916 1.10068
0.865137 0.500514 -0.0320093 52.5019 -0.501312 0.864895 -0.0253617 57.8081 0.0149908 0.037988 0.999166 1.09009
0.867267 0.496893 -0.0307477 53.2494 -0.497657 0.866978 -0.0262183 57.4076 0.0136299 0.03804 0.999183 1.08561
0.86926 0.493546 -0.0282555 53.9822 -0.494209 0.86897 -0.0254703 57.0236 0.0119824 0.0361045 0.999276 1.08051
0.871075 0.490489 -0.0254663 54.59 -0.491045 0.870787 -0.0245761 56.7131 0.0101215 0.0339128 0.999374 1.06932
0.873423 0.486345 -0.0245229 55.49 -0.486845 0.873211 -0.0220195 56.2467 0.0107046 0.0311712 0.999457 1.06392
0.874989 0.48345 -0.0258918 56.1733 -0.48395 0.874897 -0.0186189 55.8969 0.0136514 0.0288217 0.999491 1.05386
0.875845 0.481834 -0.0270244 56.7346 -0.482303 0.875884 -0.0145037 55.6141 0.0166819 0.0257369 0.99953 1.0396
0.876069 0.481274 -0.0296454 57.5875 -0.481688 0.876302 -0.00842599 55.1837 0.0219231 0.0216616 0.999525 1.03357
0.876172 0.48113 -0.0289315 58.2083 -0.481472 0.876442 -0.00582686 54.878 0.0225533 0.019035 0.999564 1.02826
0.876229 0.481187 -0.0260893 59.0857 -0.481435 0.876474 -0.00380575 54.4401 0.0210353 0.015895 0.999652 1.03768
0.876361 0.480984 -0.0253896 59.846 -0.481214 0.876596 -0.00349308 54.0593 0.0205763 0.015279 0.999672 1.04353
0.876365 0.481072 -0.0235377 60.3996 -0.48127 0.876566 -0.00326747 53.7814 0.0190604 0.0141915 0.999718 1.0391
0.876836 0.480262 -0.0225256 62.0819 -0.480349 0.877076 0.00171918 52.9359 0.0205823 0.00931273 0.999745 1.06486
0.876476 0.480968 -0.0214474 62.573 -0.481012 0.876707 0.00337137 52.692 0.0204247 0.00736155 0.999764 1.05416
0.875571 0.482638 -0.0208835 63.4817 -0.482597 0.875812 0.00731762 52.2419 0.0218218 0.0036712 0.999755 1.05656
0.874195 0.485198 -0.0191509 64.1688 -0.485101 0.874404 0.00969271 51.903 0.0214485 0.000816805 0.99977 1.05444
0.87222 0.488838 -0.0164303 64.8626 -0.488718 0.872373 0.0109306 51.5603 0.0196766 -0.00150413 0.999805 1.05357
0.86964 0.493514 -0.0130295 65.46 -0.493399 0.869731 0.0111837 51.2591 0.0168515 -0.00329706 0.999853 1.04818
0.865522 0.500747 -0.0111351 66.338 -0.500622 0.865579 0.0122646 50.8074 0.0157798 -0.0050408 0.999863 1.05012
0.861543 0.507561 -0.0111784 67.0232 -0.507423 0.861597 0.0131105 50.4423 0.0162857 -0.0056231 0.999852 1.04429
0.856584 0.515862 -0.0122471 67.7589 -0.515718 0.856657 0.013179 50.0387 0.0172901 -0.00497287 0.999838 1.03762
0.852357 0.52283 -0.0116886 68.2967 -0.522704 0.852426 0.0123003 49.735 0.0163946 -0.00437457 0.999856 1.02745
0.845689 0.533561 -0.0111018 69.1597 -0.533445 0.845752 0.0118108 49.2415 0.0156912 -0.00406603 0.999869 1.02665
0.840362 0.541911 -0.0111247 69.8018 -0.541812 0.840431 0.0107566 48.8541 0.0151787 -0.00301189 0.99988 1.02101
0.835455 0.549456 -0.0105996 70.3279 -0.54938 0.83552 0.00937003 48.5239 0.0140046 -0.00200503 0.9999 1.01154
0.828041 0.560547 -0.0115695 71.1578 -0.560472 0.828121 0.00927388 48.0014 0.0147794 -0.00119477 0.99989 1.00646
0.822536 0.568575 -0.0125307 71.7796 -0.568498 0.822631 0.00937279 47.5904 0.0156373 -0.000585799 0.999878 0.998144
0.817706 0.575497 -0.0126758 72.2912 -0.57543 0.817804 0.00875603 47.2416 0.0154054 0.000134158 0.999881 0.988413
0.810972 0.5849 -0.0146833 73.0727 -0.584839 0.811104 0.00860802 46.7109 0.0169445 0.00160649 0.999855 0.98282
0.806778 0.59066 -0.0151562 73.5416 -0.590613 0.806916 0.00787515 46.3797 0.0168813 0.00259794 0.999854 0.974078
0.800148 0.599571 -0.0166866 74.3025 -0.59953 0.800313 0.00790741 45.8404 0.0180956 0.00367704 0.999829 0.971846
0.795549 0.605624 -0.0179305 74.8625 -0.605613 0.795732 0.00667644 45.4225 0.0183113 0.0055475 0.999817 0.96655
0.791375 0.611057 -0.0183143 75.4201 -0.611089 0.79155 0.00448627 44.9949 0.017238 0.00764131 0.999822 0.962722
0.787793 0.615651 -0.0188642 76.0197 -0.615743 0.787946 0.00113918 44.532 0.0155653 0.010718 0.999821 0.959322
0.785545 0.618498 -0.019462 76.5539 -0.618656 0.785657 -0.00281537 44.1094 0.0135492 0.0142519 0.999807 0.953911
0.783933 0.620531 -0.0197513 77.0821 -0.620733 0.784 -0.00590769 43.6877 0.0118191 0.0168915 0.999787 0.94645
0.782791 0.621966 -0.0199185 77.6495 -0.622193 0.782824 -0.00788919 43.2364 0.0106859 0.0185688 0.99977 0.93729
0.782215 0.622689 -0.0199761 78.1573 -0.622926 0.782232 -0.00877278 42.8303 0.0101632 0.0193058 0.999762 0.926381
0.782202 0.622673 -0.0209545 78.66 -0.622938 0.782212 -0.00959785 42.4303 0.0104146 0.0205608 0.999734 0.915045
0.783059 0.621566 -0.0217513 79.0775 -0.621861 0.783054 -0.0107626 42.0891 0.0103428 0.0219541 0.999705 0.905714
0.786268 0.61744 -0.0234663 79.667 -0.617777 0.786274 -0.0111713 41.6174 0.0115533 0.0232806 0.999662 0.895672
0.790921 0.611443 -0.0240973 80.1601 -0.611789 0.790948 -0.0106845 41.2272 0.0125268 0.023193 0.999653 0.886025
0.794695 0.606549 -0.0236479 80.5051 -0.606889 0.79471 -0.0110445 40.9609 0.0120941 0.0231286 0.999659 0.880061
0.803376 0.595013 -0.0233725 81.0488 -0.595346 0.803394 -0.0109734 40.5556 0.012248 0.0227306 0.999667 0.875306
0.809949 0.58605 -0.0229795 81.4089 -0.58637 0.809973 -0.0106553 40.2957 0.0123683 0.0221047 0.999679 0.870983
0.82343 0.566879 -0.0247308 81.9342 -0.567206 0.823532 -0.00853959 39.9316 0.0155257 0.0210592 0.999658 0.862225
0.835636 0.548649 -0.0264004 82.3424 -0.548959 0.835829 -0.00579547 39.6683 0.0188865 0.0193356 0.999635 0.852735
0.849006 0.527676 -0.0273239 82.7578 -0.527952 0.849267 -0.00355774 39.418 0.021328 0.0174463 0.99962 0.844895
0.865368 0.500407 -0.0270278 83.2223 -0.500647 0.865648 -0.00248772 39.1594 0.0221517 0.0156842 0.999632 0.83938
0.877523 0.478901 -0.024652 83.5902 -0.479106 0.877753 -0.00283242 38.9783 0.0202819 0.0142964 0.999692 0.837722
0.899791 0.435858 -0.0200726 84.1698 -0.436014 0.899932 -0.00391496 38.7201 0.0163576 0.0122746 0.999791 0.836846
0.916944 0.398744 -0.0147133 84.6247 -0.398839 0.917012 -0.00412201 38.5536 0.0118487 0.00964789 0.999883 0.834689
0.930061 0.36728 -0.00960206 85.0087 -0.367324 0.930087 -0.00330671 38.4428 0.00771626 0.00660251 0.999948 0.830661
0.951256 0.30838 -0.00365233 85.6049 -0.308383 0.951262 -0.000390025 38.2968 0.00335405 0.00149733 0.999993 0.822167
0.966075 0.258261 -0.00105842 86.0723 -0.258259 0.966074 0.00163938 38.2229 0.0014459 -0.00131041 0.999998 0.810928
0.976573 0.215187 -0.00036543 86.4655 -0.215187 0.976572 0.00126629 38.1875 0.000629362 -0.00115799 0.999999 0.800267
0.990533 0.137233 -0.00334681 87.0628 -0.137233 0.990539 0.000217786 38.1549 0.00334504 0.000243566 0.999994 0.783231
0.996005 0.0891248 -0.00562716 87.4387 -0.0891274 0.99602 -0.000217204 38.1765 0.00558541 0.000717869 0.999984 0.771173
0.999932 -0.00480194 -0.010626 88.0837 0.00481237 0.999988 0.000952831 38.2392 0.0106213 -0.0010039 0.999943 0.748908
0.998261 -0.0577599 -0.0117971 88.4625 0.0578028 0.998322 0.00332413 38.3209 0.0115853 -0.00400026 0.999925 0.735053
0.993254 -0.115307 -0.0122862 88.8842 0.115369 0.993313 0.00447322 38.4303 0.0116883 -0.0058605 0.999915 0.721214
0.979299 -0.202072 -0.0118209 89.4773 0.202124 0.979354 0.00336893 38.614 0.0108961 -0.00568848 0.999924 0.706153
0.963904 -0.26614 -0.00760097 89.9177 0.266172 0.963919 0.00350039 38.7931 0.00639513 -0.00539721 0.999965 0.698203
0.9444 -0.328798 -0.00117134 90.3504 0.328799 0.944383 0.00567282 39.0061 -0.000759021 -0.00574255 0.999983 0.690614
0.918813 -0.394655 0.00548459 90.8141 0.394601 0.91881 0.00884169 39.2739 -0.00852871 -0.00595963 0.999946 0.680513
0.899363 -0.437081 0.0103633 91.1438 0.436962 0.899401 0.0119504 39.4908 -0.0145441 -0.00621932 0.999875 0.671564
0.865669 -0.50034 0.0166421 91.6441 0.500092 0.865806 0.0170019 39.8483 -0.0229156 -0.00639549 0.999717 0.65914
0.835492 -0.549198 0.0182899 92.0579 0.548838 0.835655 0.0213898 40.188 -0.0270313 -0.00783284 0.999604 0.646224
0.815236 -0.578859 0.017657 92.3446 0.578389 0.815357 0.0256819 40.4459 -0.029263 -0.0107242 0.999514 0.636151
0.783689 -0.621014 0.0132113 92.8132 0.620501 0.783663 0.0291673 40.878 -0.0284665 -0.0146604 0.999487 0.612715
0.761724 -0.647826 0.00986021 93.1543 0.647361 0.761622 0.0292712 41.2118 -0.0264724 -0.0159135 0.999523 0.595798
0.747183 -0.664535 0.0105328 93.4307 0.664131 0.747148 0.0264533 41.4897 -0.0254487 -0.0127703 0.999595 0.585699
0.728019 -0.685431 0.0131589 93.9014 0.685138 0.72811 0.0209916 41.9855 -0.0239694 -0.00626658 0.999693 0.572513
0.720835 -0.692991 0.0126786 94.1329 0.692733 0.720926 0.0196464 42.2174 -0.0227551 -0.00537893 0.999727 0.574152
0.708524 -0.705645 0.00772999 94.6043 0.705394 0.708503 0.0210654 42.7407 -0.0203414 -0.00947266 0.999748 0.558678
0.704213 -0.709974 0.00459031 94.8238 0.70974 0.704122 0.0219588 42.9816 -0.0188223 -0.0122057 0.999748 0.558929
0.698536 -0.715561 -0.00445847 95.2646 0.715454 0.69829 0.0227176 43.4926 -0.0131425 -0.0190589 0.999732 0.54864
0.69673 -0.717294 -0.00749961 95.5194 0.717264 0.696478 0.0212247 43.7688 -0.010001 -0.0201671 0.999747 0.556184
0.696076 -0.717901 -0.00983005 95.9586 0.717949 0.695895 0.0167044 44.2511 -0.00515141 -0.018685 0.999812 0.561025
0.700129 -0.713863 -0.014799 96.7347 0.713964 0.700179 0.00232153 45.0975 0.0087047 -0.0121913 0.999888 0.545062
0.702249 -0.71169 -0.0185354 97.1387 0.711822 0.702359 0.000784312 45.5132 0.0124603 -0.0137447 0.999828 0.558561
0.70439 -0.709551 -0.0193028 97.4353 0.709715 0.704484 0.00255054 45.8048 0.0117887 -0.015496 0.99981 0.575138
0.708303 -0.705706 -0.0169093 97.9435 0.705858 0.708336 0.00502495 46.3141 0.00843133 -0.0154948 0.999844 0.59662
0.711429 -0.70268 -0.0104686 98.4709 0.702747 0.711421 0.00516147 46.8267 0.00382072 -0.0110288 0.999932 0.621477
0.713393 -0.700734 -0.00652135 98.8446 0.700764 0.713373 0.00535929 47.1825 0.000896715 -0.00839321 0.999964 0.639835
0.715076 -0.699039 -0.00330387 99.1975 0.699046 0.715063 0.00433989 47.5107 -0.000671277 -0.00541291 0.999985 0.652395
0.716395 -0.697695 -0.000878001 99.732 0.697693 0.716395 -0.00152819 48.0158 0.0016952 0.000482211 0.999998 0.656519
0.716355 -0.697734 -0.0018912 100.189 0.697701 0.716343 -0.00811835 48.4407 0.00701919 0.00449612 0.999965 0.659922
0.715985 -0.698102 -0.0043849 100.576 0.698013 0.715973 -0.0126723 48.8021 0.011986 0.00601242 0.99991 0.661487
0.714693 -0.699368 -0.00997663 101.146 0.699195 0.714747 -0.016194 49.3488 0.0184564 0.00459814 0.999819 0.658064
0.713053 -0.701045 -0.00959874 101.579 0.700876 0.713102 -0.0160889 49.7624 0.0181239 0.00474467 0.999824 0.663609
0.711459 -0.702712 -0.00474006 102.097 0.702614 0.711449 -0.0131601 50.261 0.01262 0.00603241 0.999902 0.675867
0.709689 -0.704513 0.00154274 102.693 0.704502 0.709661 -0.0075504 50.8363 0.00422454 0.0064453 0.99997 0.694936
0.708117 -0.706091 0.00215486 103.148 0.706093 0.708107 -0.00408174 51.2797 0.00135621 0.00441188 0.999989 0.705032
0.706617 -0.707584 -0.00417161 103.802 0.707578 0.706629 -0.00288079 51.9324 0.00498618 -0.000916133 0.999987 0.70525
0.704672 -0.709494 -0.00749082 104.196 0.709488 0.704707 -0.00387506 52.3322 0.00802816 -0.00258401 0.999964 0.706193
0.701161 -0.712917 -0.0111042 104.837 0.712878 0.701244 -0.00782036 52.9783 0.0133621 -0.00243265 0.999908 0.704409
0.698427 -0.715608 -0.0101874 105.286 0.71556 0.6985 -0.00843254 53.4371 0.0131503 -0.00140021 0.999913 0.710775
0.694944 -0.719033 -0.00662351 105.963 0.718975 0.694973 -0.00930553 54.122 0.0112942 0.00170468 0.999935 0.722596
0.69274 -0.721179 -0.00345159 106.409 0.721142 0.692743 -0.00789175 54.5843 0.00808243 0.00297785 0.999963 0.734347
0.691031 -0.722825 0.000227857 107.109 0.722808 0.691012 -0.0070975 55.3059 0.0049728 0.00506929 0.999975 0.746251
0.689666 -0.724118 0.00366512 107.552 0.724124 0.689637 -0.00680325 55.769 0.00239875 0.00734596 0.99997 0.753973
0.689072 -0.724666 0.00633674 108.276 0.724693 0.689044 -0.00611928 56.5201 6.81351e-05 0.00880881 0.999961 0.760632
0.688218 -0.725486 0.00515021 108.702 0.725503 0.688211 -0.0033277 56.9809 -0.00113023 0.00602667 0.999981 0.764256
0.688471 -0.725261 -0.00202047 109.387 0.725261 0.688474 -0.000779408 57.7137 0.00195631 -0.000928771 0.999998 0.762509
0.688893 -0.724805 -0.00921288 109.988 0.724849 0.688903 0.0025347 58.362 0.00450961 -0.00842409 0.999954 0.762398
0.689712 -0.723944 -0.0142343 110.489 0.724072 0.689678 0.00792948 58.9103 0.00407661 -0.0157758 0.999867 0.766293
0.690872 -0.72279 -0.0164722 111.007 0.722976 0.690742 0.0134774 59.4715 0.00163665 -0.0212202 0.999774 0.772459
0.693449 -0.720271 -0.018416 111.734 0.720505 0.693265 0.0159849 60.2435 0.00125369 -0.0243535 0.999703 0.778266
0.694009 -0.719713 -0.0191149 112.186 0.719964 0.693831 0.0158225 60.7286 0.00187484 -0.024743 0.999692 0.783705
0.695577 -0.718285 -0.015448 112.945 0.718446 0.695496 0.0110215 61.516 0.0028274 -0.0187649 0.99982 0.793978
0.695771 -0.718171 -0.0115248 113.521 0.718259 0.695736 0.0074227 62.1101 0.00268745 -0.0134423 0.999906 0.806867
0.695495 -0.718479 -0.00858423 113.994 0.718529 0.695471 0.00602773 62.6021 0.00163928 -0.0103603 0.999945 0.818946
0.696896 -0.717115 -0.00907066 114.798 0.717173 0.696845 0.00838731 63.4327 0.000306181 -0.0123503 0.999924 0.83389
0.697391 -0.716638 -0.00869294 115.315 0.716681 0.697264 0.0138587 63.9767 -0.0038704 -0.015895 0.999866 0.845432
0.69791 -0.716145 -0.0076669 115.891 0.716118 0.697657 0.0211926 64.5814 -0.00982811 -0.0202809 0.999746 0.858601
0.698575 -0.715466 -0.0100451 116.517 0.715492 0.698305 0.02102 65.2351 -0.00802458 -0.0218712 0.999729 0.86472
0.698309 -0.715696 -0.0120295 116.974 0.715793 0.698153 0.0149256 65.7064 -0.00228376 -0.0190333 0.999816 0.866145
0.697424 -0.716527 -0.013711 118.312 0.716573 0.697509 -0.0020701 67.0592 0.0110468 -0.00838121 0.999904 0.875233
0.696344 -0.717694 -0.00445548 118.777 0.717707 0.696317 0.00636681 67.5413 -0.001467 -0.00763122 0.99997 0.897158
0.695239 -0.718663 0.0129294 119.584 0.718308 0.695322 0.0236819 68.3724 -0.0260094 -0.00717735 0.999636 0.932853
0.694725 -0.719173 0.0121696 120.088 0.718776 0.694773 0.0255074 68.8975 -0.0267993 -0.00897344 0.999601 0.933847
0.693881 -0.72007 0.00531587 120.536 0.719822 0.693806 0.02215 69.373 -0.0196377 -0.011543 0.999741 0.921878
0.692932 -0.720971 -0.00685236 121.255 0.720991 0.692833 0.012433 70.1273 -0.00421632 -0.0135557 0.999899 0.897732
0.691723 -0.722127 -0.00724376 121.69 0.722161 0.691663 0.00922923 70.5828 -0.00165443 -0.0116152 0.999931 0.89895
0.689663 -0.724115 -0.00476269 122.382 0.724122 0.689609 0.00930401 71.3057 -0.00345278 -0.00986541 0.999945 0.912033
0.68735 -0.726306 -0.00543183 123.021 0.726324 0.687307 0.00788638 71.9862 -0.00199459 -0.00936597 0.999954 0.918703
0.684874 -0.728641 -0.00552941 123.402 0.728659 0.684832 0.00779844 72.3924 -0.00189554 -0.00937001 0.999954 0.924451
0.681554 -0.731697 -0.0101524 124.153 0.731768 0.68149 0.00937186 73.205 6.13951e-05 -0.0138166 0.999905 0.931232
0.680082 -0.733032 -0.0123496 124.507 0.733135 0.679964 0.0127329 73.6019 -0.000936352 -0.0177134 0.999843 0.937658
0.678453 -0.73449 -0.0150347 125.126 0.734641 0.678252 0.0166519 74.2872 -0.00203331 -0.0223426 0.999748 0.944936
0.677335 -0.735558 -0.0131284 125.799 0.735652 0.677066 0.0199201 75.027 -0.00576359 -0.0231505 0.999715 0.957243
0.676524 -0.736332 -0.0113806 126.272 0.736387 0.676265 0.0200205 75.5422 -0.00704546 -0.0219249 0.999735 0.964749
0.675099 -0.737651 -0.0105945 126.705 0.737698 0.674873 0.0186466 76.0148 -0.00660475 -0.0204039 0.99977 0.97116
0.671868 -0.740604 -0.00996482 127.388 0.740667 0.671762 0.0121503 76.7616 -0.00230455 -0.015544 0.999876 0.976359
0.667806 -0.744284 -0.00871719 127.904 0.744335 0.667768 0.00714361 77.3321 0.000504189 -0.0112591 0.999937 0.980419
0.663903 -0.74779 -0.0066006 128.328 0.747817 0.663855 0.00809876 77.814 -0.00167433 -0.0103128 0.999945 0.987564
0.657574 -0.75339 0.000393659 129.073 0.753312 0.657513 0.0140527 78.6678 -0.010846 -0.00894415 0.999901 0.999334
0.655328 -0.755327 0.00516002 129.383 0.755163 0.655305 0.0174659 79.0229 -0.0165738 -0.00754923 0.999834 1.00697
0.651188 -0.758892 0.00610167 130.047 0.758536 0.651095 0.0264104 79.7998 -0.0240154 -0.0125698 0.999633 1.00628
0.647473 -0.762088 0.000740418 130.623 0.761831 0.64728 0.0253386 80.4876 -0.0197895 -0.015842 0.999679 0.993754
0.638236 -0.769813 -0.00653517 131.555 0.769824 0.638144 0.0119423 81.6106 -0.00502296 -0.0126529 0.999907 0.961671
0.63452 -0.772884 -0.00588843 131.946 0.772895 0.634449 0.0103944 82.1003 -0.00429779 -0.0111466 0.999929 0.959117
0.62773 -0.778396 -0.00735792 132.553 0.778396 0.627584 0.0154419 82.8754 -0.00740225 -0.0154208 0.999854 0.959463
0.621428 -0.783376 -0.0122541 133.076 0.783432 0.621163 0.0197779 83.5646 -0.00788174 -0.0218908 0.999729 0.95831
0.616258 -0.787391 -0.0155378 133.457 0.78752 0.615962 0.020061 84.0708 -0.00622518 -0.0245991 0.999678 0.956413
0.599763 -0.799968 -0.01829 134.603 0.800176 0.599561 0.0156651 85.6121 -0.00156562 -0.0240306 0.99971 0.946941
0.595779 -0.802965 -0.0171506 134.933 0.803127 0.595473 0.0199527 86.0815 -0.00580857 -0.0256615 0.999654 0.953568
0.588269 -0.808508 -0.0159301 135.498 0.808551 0.587741 0.0283825 86.8885 -0.0135848 -0.0295769 0.99947 0.959625
0.580564 -0.814083 -0.0146299 136.035 0.814023 0.579944 0.0321189 87.6612 -0.017663 -0.0305562 0.999377 0.956775
0.577107 -0.816558 -0.0133947 136.363 0.816424 0.576457 0.0338978 88.135 -0.0199581 -0.0304985 0.999336 0.955285
0.571347 -0.820597 -0.0135349 136.951 0.82047 0.570706 0.0335185 88.9954 -0.0197807 -0.0302557 0.999346 0.942538
0.568881 -0.822274 -0.0154606 137.307 0.822222 0.568231 0.0326343 89.5204 -0.0180491 -0.0312771 0.999348 0.936741
0.563976 -0.825408 -0.0251615 137.891 0.825728 0.563291 0.02962 90.3996 -0.0102754 -0.0374815 0.999244 0.919971
0.562182 -0.826537 -0.0280852 138.225 0.826981 0.561534 0.0279742 90.9018 -0.00735093 -0.0389525 0.999214 0.915175
0.55916 -0.828581 -0.0281623 138.742 0.829012 0.558442 0.0296904 91.6833 -0.00887386 -0.0399486 0.999162 0.912289
0.556335 -0.830553 -0.0259374 139.26 0.830782 0.555304 0.037946 92.4767 -0.017113 -0.042659 0.998943 0.914142
0.555064 -0.831498 -0.0226847 139.6 0.831452 0.553822 0.0443741 92.9961 -0.0243337 -0.0434917 0.998757 0.918557
0.550474 -0.834595 -0.0207115 140.143 0.83441 0.549207 0.0461684 93.8309 -0.027157 -0.0426965 0.998719 0.913392
0.547282 -0.836754 -0.0180229 140.507 0.836636 0.546362 0.0391091 94.3818 -0.0228777 -0.0364823 0.999072 0.902881
0.539433 -0.841881 -0.0157859 141.09 0.841947 0.539025 0.0240025 95.2779 -0.0116983 -0.0262386 0.999587 0.874873
0.534197 -0.84517 -0.0179165 141.469 0.845301 0.533789 0.0231172 95.8754 -0.00997434 -0.027494 0.999572 0.864864
0.52963 -0.848073 -0.0162301 141.827 0.848137 0.529193 0.0248741 96.4548 -0.0125063 -0.0269394 0.999559 0.864894
0.521472 -0.853219 -0.00916314 142.359 0.853077 0.521097 0.0267821 97.3249 -0.0180761 -0.021783 0.999599 0.866194
0.51039 -0.859931 0.00458235 143.225 0.859642 0.510345 0.0237296 98.7692 -0.0227444 -0.00817219 0.999708 0.850251
0.506502 -0.862214 0.00653701 143.553 0.861974 0.50652 0.0209456 99.3212 -0.0213707 -0.00497425 0.999759 0.845607
0.497897 -0.867206 0.00726458 144.115 0.867195 0.497937 0.00554642 100.28 -0.00842719 0.00353826 0.999958 0.824707
0.492459 -0.870242 0.0127995 144.478 0.870335 0.492427 -0.00572819 100.885 -0.00131794 0.0139608 0.999902 0.816388
0.488244 -0.872544 0.0168449 144.81 0.872701 0.488221 -0.00576691 101.45 -0.00319213 0.0175162 0.999841 0.817249
0.481797 -0.876132 0.0162801 145.319 0.876156 0.48196 0.00804307 102.375 -0.0148932 0.0103888 0.999835 0.821832
0.477525 -0.878484 0.0153374 145.705 0.87828 0.477753 0.0194044 103.088 -0.0243739 0.00420444 0.999694 0.825939
0.474737 -0.879985 0.015851 146.026 0.879713 0.474989 0.0221543 103.686 -0.0270245 0.00342683 0.999629 0.823529
0.471755 -0.881647 0.012123 146.515 0.881545 0.471893 0.0139893 104.611 -0.0180544 0.00408743 0.999829 0.802055
0.469507 -0.882928 0.000699023 146.886 0.882892 0.469495 0.00874839 105.323 -0.0080524 -0.00349027 0.999961 0.783511
0.468059 -0.883686 -0.00449109 147.2 0.883691 0.468029 0.00627837 105.927 -0.00344615 -0.00690738 0.99997 0.777354
0.465177 -0.885218 1.06171e-07 147.716 0.885211 0.465173 0.003847 106.903 -0.00340548 -0.00178945 0.999993 0.780457
0.464532 -0.88555 0.00348228 147.993 0.885519 0.464545 0.00735323 107.417 -0.00812932 -0.000332192 0.999967 0.789081
0.46461 -0.885493 0.00635709 148.487 0.885368 0.464651 0.0149268 108.36 -0.0161714 -0.00130679 0.999868 0.796718
0.464136 -0.885735 0.00711437 148.788 0.885568 0.464187 0.0173052 108.936 -0.0186302 -0.0017317 0.999825 0.799461
0.46251 -0.886597 0.00547906 149.255 0.886514 0.462542 0.012139 109.829 -0.0132967 -0.000757165 0.999911 0.794526
0.460651 -0.887552 0.00717183 149.703 0.887581 0.460636 -0.00374417 110.665 1.95429e-05 0.00809033 0.999967 0.788343
0.45909 -0.888303 0.012421 150.051 0.888366 0.45893 -0.0137753 111.3 0.00653629 0.0173585 0.999828 0.792343
0.458108 -0.88876 0.0155576 150.375 0.888874 0.457902 -0.0151394 111.897 0.00633143 0.0207642 0.999764 0.802503
0.45702 -0.889299 0.0167216 150.862 0.889453 0.456988 -0.00593007 112.82 -0.00236796 0.0175832 0.999843 0.823299
0.455826 -0.889893 0.0177086 151.173 0.890025 0.455911 0.000917304 113.411 -0.00888986 0.015343 0.999843 0.837732
0.453975 -0.89085 0.0171111 151.962 0.890992 0.454016 -0.00162126 114.938 -0.00632442 0.0159819 0.999852 0.840955
0.454015 -0.890925 0.0111051 152.416 0.890992 0.454004 -0.00357608 115.833 -0.00185574 0.0115181 0.999932 0.839773
0.453454 -0.891238 0.00859621 152.729 0.891272 0.45347 -8.30973e-05 116.453 -0.00382407 0.00769923 0.999963 0.845859
0.452972 -0.891499 0.00682525 153.158 0.891495 0.453006 0.00473339 117.292 -0.00731169 0.00394058 0.999965 0.85607
0.452353 -0.891823 0.00529021 153.495 0.891779 0.452383 0.00886047 117.951 -0.0102952 0.000709634 0.999947 0.862347
0.452273 -0.891878 0.00135528 153.952 0.891808 0.452256 0.0119706 118.854 -0.0112893 -0.00420535 0.999927 0.865489
0.450873 -0.892586 -0.00181943 154.607 0.892562 0.450844 0.00855723 120.146 -0.00681779 -0.00548218 0.999962 0.866697
0.449997 -0.893012 -0.00564886 155.048 0.893026 0.449967 0.00585127 121.026 -0.00268345 -0.00767763 0.999967 0.864222
0.448502 -0.893764 -0.0057113 155.348 0.893762 0.448439 0.00958656 121.624 -0.00600695 -0.00940413 0.999938 0.868434
0.447817 -0.894094 -0.00744388 155.718 0.894106 0.447738 0.0102217 122.352 -0.00580629 -0.0112331 0.99992 0.882671
0.447805 -0.89408 -0.00956135 156.081 0.894118 0.447713 0.0103534 123.065 -0.004976 -0.0131853 0.999901 0.906074
0.448304 -0.893801 -0.0119974 156.439 0.893873 0.448203 0.0102292 123.773 -0.00376562 -0.01531 0.999876 0.93769
0.449405 -0.893207 -0.0147367 156.793 0.893326 0.449304 0.00972099 124.471 -0.00206159 -0.0175334 0.999844 0.975605
0.451115 -0.892286 -0.0178834 157.139 0.892466 0.451029 0.00882886 125.159 0.000188066 -0.0199432 0.999801 1.02177
0.453664 -0.890913 -0.0215037 157.474 0.891167 0.453619 0.00720789 125.826 0.00333289 -0.0224334 0.999743 1.07379
0.456949 -0.889126 -0.0255477 157.799 0.889463 0.45698 0.0049611 126.474 0.00726376 -0.0249907 0.999661 1.13296
0.460855 -0.88697 -0.0299377 158.117 0.887396 0.461002 0.00220797 127.107 0.0118429 -0.0275842 0.999549 1.19932
0.465232 -0.884513 -0.0345902 158.429 0.885029 0.465536 -0.000849955 127.73 0.0168548 -0.0302179 0.999401 1.27128
0.470053 -0.881758 -0.0394037 158.739 0.882357 0.470561 -0.0042347 128.341 0.0222758 -0.0327776 0.999214 1.34862
0.475199 -0.878764 -0.0442797 159.048 0.879435 0.475955 -0.00779766 128.945 0.0279275 -0.0352357 0.998989 1.43168
0.480736 -0.875472 -0.0494043 159.352 0.876205 0.481797 -0.0116785 129.537 0.0340271 -0.037674 0.998711 1.51978
0.486675 -0.871858 -0.0548713 159.65 0.872635 0.488113 -0.0159605 130.116 0.0406986 -0.040115 0.998366 1.61304
0.492928 -0.867961 -0.060552 159.943 0.868757 0.494812 -0.0205364 130.685 0.0477867 -0.042482 0.997954 1.71084
0.505411 -0.860166 -0.0683662 160.541 0.860944 0.507995 -0.0267635 131.817 0.0577507 -0.045333 0.997301 1.93721
0.512251 -0.856366 -0.0650826 160.863 0.85693 0.51469 -0.0276578 132.379 0.0571826 -0.0416036 0.997497 2.05851
0.517001 -0.853993 -0.0583566 161.132 0.854282 0.51907 -0.0277185 132.818 0.0539626 -0.0355225 0.997911 2.14909
0.523585 -0.850568 -0.048914 161.511 0.850395 0.525246 -0.0307466 133.435 0.051844 -0.0254977 0.99833 2.28608
0.526868 -0.848715 -0.0457455 161.777 0.848377 0.528403 -0.0323593 133.848 0.0516359 -0.0217603 0.998429 2.35787
0.529587 -0.846945 -0.0471384 162.182 0.846608 0.531203 -0.032832 134.505 0.052847 -0.0225204 0.998349 2.48462
0.529869 -0.846811 -0.04637 162.417 0.846489 0.531431 -0.0322061 134.862 0.0519149 -0.0221867 0.998405 2.52811
0.529381 -0.847298 -0.0429169 163.117 0.847128 0.530672 -0.0275744 136.022 0.0461385 -0.0217588 0.998698 2.76304
0.529041 -0.847224 -0.048247 163.462 0.847197 0.530578 -0.0272935 136.572 0.0487225 -0.0264353 0.998462 2.83873
0.528272 -0.847398 -0.053346 163.721 0.847474 0.53009 -0.0281378 136.977 0.0521221 -0.030345 0.99818 2.87084
0.52633 -0.848192 -0.0595562 164.085 0.848077 0.528716 -0.0349928 137.569 0.0611689 -0.0320904 0.997611 2.94633
0.523301 -0.8501 -0.0590449 164.433 0.849426 0.525909 -0.0435308 138.128 0.0680578 -0.0273746 0.997306 3.01893
0.519891 -0.852431 -0.0554462 164.778 0.851658 0.522267 -0.0437766 138.692 0.0662742 -0.0244621 0.997502 3.09726
0.516967 -0.854184 -0.0558076 165.085 0.854111 0.519061 -0.0327184 139.225 0.0569151 -0.0307515 0.997905 3.16928
0.514393 -0.856171 -0.0486909 165.4 0.856491 0.515753 -0.0205511 139.774 0.0427078 -0.031132 0.998603 3.24722
0.511204 -0.858684 -0.0364967 165.749 0.859001 0.511858 -0.0109309 140.375 0.0280673 -0.0257628 0.999274 3.33187
0.509258 -0.860044 -0.0313174 166.028 0.860315 0.509703 -0.00780368 140.849 0.0226741 -0.0229688 0.999479 3.36657
0.506248 -0.861645 -0.0357758 166.447 0.861977 0.506852 -0.00984738 141.605 0.026618 -0.0258527 0.999311 3.44945
0.504725 -0.862465 -0.0375199 166.687 0.862805 0.505412 -0.0112393 142.025 0.0286566 -0.0266996 0.999233 3.45597
0.50102 -0.8647 -0.0356621 167.119 0.864626 0.501908 -0.0225743 142.804 0.0374191 -0.0195242 0.999109 3.52986
0.500482 -0.865273 -0.028633 167.414 0.865067 0.501126 -0.023067 143.327 0.034308 -0.0132248 0.999324 3.564
0.50035 -0.865571 -0.020922 167.69 0.865348 0.50073 -0.0210379 143.815 0.028686 -0.0075785 0.99956 3.5931
0.499094 -0.866457 -0.0125329 168.097 0.866242 0.49925 -0.0193682 144.558 0.0230388 -0.00118998 0.999734 3.6813
0.498604 -0.866775 -0.00973253 168.416 0.866557 0.498698 -0.0194842 145.141 0.021742 0.00128112 0.999763 3.72438
0.498134 -0.867068 -0.00750132 168.736 0.866738 0.498157 -0.0246032 145.72 0.0250694 0.00575399 0.999669 3.75755
0.497981 -0.867183 -0.00294007 169.023 0.866816 0.497863 -0.0276144 146.226 0.0254105 0.0112029 0.999614 3.77739
0.497348 -0.867542 0.00404337 169.411 0.867247 0.497044 -0.0288261 146.942 0.0229981 0.0178432 0.999576 3.84322
0.49698 -0.867725 0.00805064 169.751 0.86758 0.496665 -0.0250704 147.569 0.0177557 0.0194441 0.999653 3.89205
0.496593 -0.8679 0.0120094 170.069 0.867888 0.496286 -0.0216843 148.146 0.0128597 0.021191 0.999693 3.92841
0.496355 -0.867999 0.0144767 170.39 0.86805 0.496034 -0.0209527 148.727 0.0110059 0.0229665 0.999676 3.95991
0.496327 -0.868005 0.015092 170.73 0.868011 0.495885 -0.0256039 149.349 0.0147404 0.0258079 0.999558 3.99389
0.496544 -0.867891 0.0144805 170.985 0.867814 0.496006 -0.0296315 149.808 0.0185345 0.0272797 0.999456 3.9926
0.496238 -0.868102 0.0121332 171.329 0.867823 0.495578 -0.0358523 150.453 0.0251105 0.0283207 0.999283 4.0268
0.496076 -0.868211 0.0108881 171.618 0.867899 0.49545 -0.0357794 150.99 0.0256695 0.0271991 0.9993 4.04605
0.495806 -0.868321 0.0139921 171.983 0.868196 0.495229 -0.0313503 151.676 0.0202928 0.0276916 0.999411 4.1075
