0.35254 -0.935777 0.00599026 0 0.935644 0.352591 0.0158112 0 -0.0169078 3.06723e-05 0.999857 0
0.352709 -0.935714 0.00605188 -0.00293183 0.93558 0.352761 0.0157926 -0.00204283 -0.0169122 9.18403e-05 0.999857 -0.00162435
0.353068 -0.935579 0.00605247 -0.0083629 0.935446 0.353119 0.0157807 -2.39583e-06 -0.0169013 9.00953e-05 0.999857 -0.00182649
0.353188 -0.935534 0.00607775 -0.0145503 0.935401 0.353239 0.0157799 -0.00223582 -0.0169095 0.000111867 0.999858 -0.00253921
0.353179 -0.935539 0.00601438 -0.0191973 0.935405 0.353229 0.0158242 -7.01249e-05 -0.0169285 3.71114e-05 0.999858 -0.00215689
0.352971 -0.935618 0.00608526 -0.0125462 0.935485 0.353023 0.0157167 0.00369833 -0.016853 0.000145123 0.999859 -0.00228896
0.352886 -0.935651 0.00613949 -0.00254364 0.935518 0.352938 0.0156959 -0.00287614 -0.0168526 0.00020475 0.999859 -0.000591301
0.352878 -0.935656 0.00606667 0.00321683 0.935522 0.352928 0.0157683 -0.00871341 -0.0168947 0.000111234 0.999859 -8.12523e-05
0.352696 -0.935726 0.00609108 0.00399615 0.935591 0.352747 0.0158092 -0.00102704 -0.0169416 0.000122913 0.999859 -0.00105518
0.352707 -0.935723 0.0061103 -0.00183339 0.935589 0.352758 0.0157685 0.000687919 -0.0169103 0.000155051 0.99986 -0.00190368
0.352894 -0.935654 0.00609121 -0.00539548 0.93552 0.352945 0.0157829 -0.00845749 -0.016917 0.00012875 0.99986 0.000470962
0.353145 -0.935561 0.0059623 -0.000950787 0.935426 0.353194 0.0157953 -0.0157562 -0.0168831 -7.501e-07 0.999861 -0.00107257
0.353051 -0.935598 0.00601916 0.000222821 0.935463 0.3531 0.0157656 -0.0112841 -0.0168755 6.46091e-05 0.999861 -0.00235984
0.352808 -0.93569 0.00598901 0.00545042 0.935555 0.352857 0.01582 -0.00704611 -0.0169157 2.1612e-05 0.999861 -0.00343894
0.352468 -0.935818 0.00616563 0.0135044 0.935683 0.35252 0.0157579 -0.00497419 -0.0169199 0.000214889 0.99986 -0.00147798
0.352405 -0.935843 0.0062187 0.0136399 0.935707 0.352457 0.015782 -2.24439e-05 -0.0169612 0.000257202 0.99986 3.92926e-05
0.35269 -0.935739 0.00600152 0.0120254 0.935602 0.352738 0.0157729 0.00382405 -0.0168761 5.20753e-05 0.999861 -0.00209122
0.353077 -0.935594 0.00599589 0.00687745 0.935456 0.353125 0.0157579 0.00371226 -0.0168602 4.51021e-05 0.999861 -0.00446811
0.353173 -0.935558 0.0061182 -0.00158441 0.93542 0.353222 0.015771 -0.00239252 -0.0169157 0.000153163 0.99986 -0.00501576
0.352915 -0.935657 0.00606005 0.0017594 0.935517 0.352963 0.015839 -0.00571758 -0.0169588 7.93946e-05 0.999859 -0.00330269
0.352707 -0.935736 0.00619316 0.00106228 0.935595 0.352757 0.0158293 -0.00684295 -0.0169967 0.000211137 0.999858 -0.00231282
0.352705 -0.935738 0.00613858 -0.0012331 0.935598 0.352754 0.0157561 -0.00583278 -0.0169089 0.000185944 0.999859 0.000937634
0.352806 -0.935702 0.00615324 0.000755474 0.93556 0.352854 0.0157735 -0.00159074 -0.0169304 0.000191717 0.999858 0.00252646
0.35298 -0.935638 0.00610623 -0.002794 0.935496 0.353026 0.015736 -0.00142771 -0.0168789 0.000157827 0.999858 -0.000663134
0.3531 -0.935595 0.00610077 -0.00899506 0.93545 0.353145 0.0158195 0.000107117 -0.0169551 0.000121071 0.999857 -0.00369964
0.353133 -0.935584 0.00599561 -0.0136469 0.93544 0.353176 0.0157341 0.00289127 -0.0168382 5.22432e-05 0.999858 -0.00882657
0.353167 -0.935573 0.00602424 -0.0231103 0.935427 0.35321 0.015789 0.00787168 -0.0168997 5.90235e-05 0.999857 -0.00749309
0.352999 -0.935638 0.00598084 -0.0168385 0.935491 0.35304 0.0157775 0.014489 -0.0168736 2.55454e-05 0.999857 -0.00538685
0.352912 -0.935672 0.00593425 -0.00644916 0.935524 0.352952 0.0157996 0.00670593 -0.016878 -2.4286e-05 0.999857 -0.00370543
0.352903 -0.935676 0.0060669 0.00919467 0.935527 0.352945 0.0157797 0.00132956 -0.0169063 0.000106976 0.999856 -0.00435203
0.352843 -0.935701 0.00588807 0.0168237 0.935551 0.352881 0.0158208 -0.00136768 -0.0168816 -7.37383e-05 0.999856 -0.00597466
0.352771 -0.935728 0.00599437 0.0181241 0.935579 0.352811 0.0157677 -0.00319563 -0.0168695 4.57394e-05 0.999856 -0.00358846
0.352838 -0.935705 0.00595189 0.0167768 0.935554 0.352876 0.015806 -0.000646903 -0.0168904 -8.72044e-06 0.999856 -0.000703661
0.352785 -0.935725 0.00602218 0.0134003 0.935576 0.352824 0.0157443 0.00573084 -0.0168576 7.97481e-05 0.999856 0.00212385
0.352938 -0.935669 0.00602708 0.00643636 0.935519 0.352977 0.0157812 -0.00396914 -0.0168939 6.85174e-05 0.999856 0.000972508
0.352996 -0.935648 0.00607761 -0.000175178 0.935498 0.353035 0.0157899 -0.0064584 -0.0169201 0.00011165 0.999855 -0.00166178
0.352899 -0.935687 0.00597143 0.000233722 0.935536 0.352936 0.0158437 -0.00093402 -0.016933 -4.92034e-06 0.999855 -0.00709755
0.352966 -0.935664 0.00591194 0.00145158 0.935513 0.353002 0.015796 -0.00343039 -0.0168674 -4.4947e-05 0.999856 -0.0100898
0.353037 -0.935638 0.00599291 0.00699273 0.935487 0.353074 0.0158094 -0.00560487 -0.0169086 2.4785e-05 0.999855 -0.00676144
0.351787 -0.93611 0.00594953 0.00619981 0.935961 0.351823 0.0157369 -0.00804107 -0.0168256 3.2248e-05 0.999856 -0.0016226
0.350932 -0.936433 0.00593909 0.0160358 0.936283 0.350967 0.0157152 0.00788714 -0.0168016 4.54551e-05 0.999856 -0.000262741
0.350661 -0.936537 0.00590668 0.0305227 0.936387 0.350696 0.0156766 0.0401619 -0.0167541 3.35004e-05 0.999856 0.00482918
0.350452 -0.936617 0.00581274 0.0458543 0.936469 0.350484 0.0156155 0.0845412 -0.0166641 -2.93292e-05 0.999857 0.00401849
0.350282 -0.936683 0.0058341 0.0597297 0.936534 0.350314 0.0155982 0.141041 -0.0166556 -2.6721e-07 0.999856 0.000401888
0.350217 -0.93671 0.00565555 0.0798733 0.936562 0.350245 0.0155435 0.210857 -0.0165419 -0.000147188 0.999858 -0.0132441
0.349994 -0.936797 0.00547108 0.102016 0.936651 0.350019 0.0153648 0.289289 -0.0163101 -0.000253485 0.999861 -0.0181112
0.349275 -0.937067 0.00543058 0.138243 0.936922 0.349299 0.0153491 0.365596 -0.0162815 -0.00027343 0.999861 -0.0179779
0.348453 -0.937375 0.00549896 0.163202 0.93723 0.348477 0.0152906 0.439989 -0.0162509 -0.00017469 0.999861 -0.0133332
0.346921 -0.937945 0.00558047 0.207258 0.937801 0.346946 0.0152754 0.531073 -0.0162654 -6.64752e-05 0.999861 -0.0211654
0.345497 -0.938473 0.00541448 0.25868 0.938332 0.34552 0.0151103 0.624561 -0.0160533 -0.000140505 0.999864 -0.0276066
0.344794 -0.938736 0.00509721 0.306546 0.938598 0.344811 0.0149084 0.725949 -0.0157547 -0.000356689 0.999869 -0.0294905
0.344828 -0.938726 0.00498636 0.347306 0.938589 0.344843 0.0148833 0.842484 -0.0156929 -0.000452633 0.99987 -0.0263892
0.345026 -0.938656 0.00491503 0.362627 0.938522 0.345039 0.0147131 0.939905 -0.0155087 -0.000464189 0.999872 -0.0204449
0.345561 -0.938463 0.00469433 0.371738 0.93833 0.34557 0.0146231 1.04492 -0.0153478 -0.000649014 0.999875 -0.0253357
0.345269 -0.938573 0.00463402 0.377562 0.93844 0.345277 0.0145975 1.16412 -0.0153034 -0.000692033 0.999876 -0.0327283
0.3445 -0.938859 0.00442403 0.400923 0.938729 0.344505 0.0144063 1.28222 -0.0150522 -0.000810785 0.99988 -0.0324836
0.343826 -0.939111 0.0041405 0.43961 0.938983 0.343827 0.014251 1.39993 -0.0148096 -0.00101283 0.999884 -0.0313602
0.343125 -0.93937 0.00410147 0.505811 0.939243 0.343125 0.0142591 1.51249 -0.0148048 -0.00104128 0.999884 -0.0334261
0.342675 -0.939538 0.00419455 0.56567 0.939411 0.342676 0.0141399 1.61929 -0.0147252 -0.00090592 0.999886 -0.0342543
0.342559 -0.939584 0.00407237 0.592759 0.939459 0.342559 0.014022 1.71188 -0.014573 -0.000978574 0.999888 -0.0351046
0.342617 -0.939567 0.0039823 0.607165 0.939442 0.342615 0.0140297 1.79099 -0.0145494 -0.00106677 0.999889 -0.037934
0.342868 -0.93948 0.00375188 0.611504 0.939357 0.342862 0.0139274 1.84567 -0.0143742 -0.00125206 0.999892 -0.0367086
0.342863 -0.939486 0.00368297 0.633787 0.939364 0.342856 0.0137814 1.94767 -0.0142135 -0.00126665 0.999895 -0.0433169
0.342813 -0.93951 0.00347788 0.658591 0.939387 0.342802 0.0137967 2.0608 -0.0141578 -0.00146383 0.999896 -0.0471397
0.342557 -0.939607 0.00333965 0.68842 0.939486 0.342545 0.0137436 2.16657 -0.0140612 -0.00157168 0.999898 -0.0469374
0.341998 -0.939816 0.00336343 0.739801 0.939696 0.341986 0.0135417 2.27537 -0.0138806 -0.00147192 0.999901 -0.0447437
0.341181 -0.940119 0.00297647 0.810311 0.940001 0.341163 0.0133988 2.39512 -0.0136158 -0.00177488 0.999905 -0.047453
0.340053 -0.940532 0.00300545 0.8802 0.940414 0.340035 0.0133722 2.52132 -0.0136029 -0.00172225 0.999906 -0.0530648
0.339323 -0.940801 0.0028296 0.918011 0.940684 0.339302 0.0132608 2.63172 -0.01344 -0.00183935 0.999909 -0.0542685
0.338983 -0.940929 0.00283571 0.95782 0.940812 0.338961 0.0132291 2.74725 -0.0134131 -0.00181801 0.999911 -0.0569011
0.339322 -0.940813 0.00265373 0.999739 0.940698 0.339298 0.0130431 2.86043 -0.0131758 -0.00193092 0.999915 -0.0562259
0.3397 -0.940683 0.00226009 1.03791 0.94057 0.339671 0.0128452 2.99217 -0.0128554 -0.00223926 0.999919 -0.0664455
0.339583 -0.940731 0.00189777 1.07433 0.94062 0.339549 0.0127626 3.12221 -0.0126551 -0.00255042 0.999922 -0.0684534
0.339106 -0.940909 0.00205034 1.11846 0.940798 0.339073 0.012625 3.23143 -0.0125788 -0.00235381 0.999924 -0.0673853
0.33816 -0.941255 0.00194529 1.15561 0.941145 0.338125 0.0125462 3.30053 -0.0124717 -0.0024134 0.999927 -0.0675799
0.337469 -0.941509 0.00193633 1.22243 0.941399 0.337433 0.0125561 3.39331 -0.0124799 -0.00241604 0.999928 -0.0682218
0.336804 -0.941753 0.00165001 1.28701 0.941645 0.336764 0.012441 3.51453 -0.012277 -0.0026381 0.999931 -0.0725451
0.336955 -0.941705 0.00136676 1.33587 0.9416 0.336912 0.0122787 3.64725 -0.0120284 -0.00285211 0.999934 -0.0768791
0.33746 -0.94153 0.00126578 1.37087 0.941427 0.337416 0.0121572 3.781 -0.0118786 -0.00291263 0.999937 -0.0790454
0.3383 -0.941235 0.00112191 1.39953 0.941134 0.338253 0.0120174 3.89238 -0.011696 -0.00301135 0.999941 -0.07861
0.33839 -0.941209 0.00115605 1.42794 0.941108 0.338343 0.0119651 4.01414 -0.0116581 -0.00296264 0.999943 -0.0825002
0.338184 -0.94129 0.00103072 1.45615 0.941189 0.338135 0.0119376 4.12304 -0.0115908 -0.00306878 0.999945 -0.0852096
0.337125 -0.941677 0.00108278 1.49586 0.941576 0.337076 0.0118405 4.25496 -0.0115205 -0.002974 0.999947 -0.0824836
0.336107 -0.942048 0.000829138 1.55047 0.94195 0.336056 0.0116483 4.39076 -0.0112577 -0.0031359 0.999951 -0.0792442
0.33524 -0.942364 0.00105225 1.61527 0.942267 0.33519 0.0115482 4.53545 -0.0112412 -0.00288175 0.999954 -0.0746643
0.335126 -0.942411 0.000985731 1.67743 0.942315 0.335075 0.0115191 4.66609 -0.011192 -0.00293331 0.999956 -0.0788092
0.336178 -0.942043 0.000741991 1.72033 0.941949 0.336124 0.0114253 4.79988 -0.0110186 -0.00314386 0.99996 -0.082751
0.337079 -0.941728 0.000751987 1.76231 0.941636 0.337025 0.011275 4.94629 -0.0108776 -0.00309434 0.999963 -0.0891734
0.337593 -0.94155 0.000939661 1.79896 0.94146 0.337541 0.0111662 5.08487 -0.010837 -0.00288689 0.999966 -0.0886567
0.337975 -0.94142 0.000924924 1.84783 0.941329 0.337921 0.0112369 5.21533 -0.0108976 -0.00292906 0.999968 -0.0966056
0.337866 -0.941466 0.001011 1.91782 0.941378 0.337813 0.0110821 5.33597 -0.0107815 -0.00279451 0.999971 -0.092385
0.33778 -0.941503 0.00154906 1.98947 0.941414 0.337732 0.0111225 5.44079 -0.0110017 -0.00230066 0.999973 -0.0845092
0.337741 -0.941524 0.00114903 2.05495 0.941437 0.337688 0.0111798 5.52244 -0.0109208 -0.00269619 0.999975 -0.0857488
0.337786 -0.941515 0.00144495 2.11424 0.941431 0.337736 0.0108229 5.61648 -0.0106848 -0.00229762 0.999981 -0.0883412
0.337677 -0.941561 0.00146628 2.15789 0.941479 0.337628 0.0107219 5.73671 -0.0105974 -0.00224224 0.999984 -0.0936619
0.337578 -0.941603 0.00196812 2.19524 0.941522 0.337533 0.010686 5.8812 -0.0107335 -0.00175657 0.999987 -0.0928519
0.337311 -0.941707 0.00178042 2.225 0.941629 0.337263 0.0105304 6.01263 -0.0105243 -0.00187782 0.999992 -0.0834404
0.337778 -0.941546 0.00242543 2.27017 0.941472 0.337737 0.0100811 6.15257 -0.0103184 -0.00112409 0.999998 -0.0834712
0.338153 -0.941418 0.00287128 2.33332 0.941347 0.338116 0.00985467 6.29453 -0.0102557 -0.000631994 1 -0.0803002
0.338256 -0.941385 0.00382108 2.40426 0.94132 0.338228 0.0093654 6.43754 -0.0101165 0.000426351 1.00001 -0.0821842
0.338239 -0.941396 0.00466615 2.48218 0.941335 0.338219 0.0090815 6.5761 -0.0101353 0.00131795 1.00001 -0.0884133
0.338052 -0.941471 0.00482406 2.54471 0.941412 0.338032 0.00905603 6.6895 -0.0101646 0.00147716 1.00001 -0.0967835
0.337797 -0.941569 0.00514072 2.58484 0.941513 0.33778 0.00888115 6.78948 -0.0101067 0.00183703 1.00001 -0.0998562
0.337316 -0.941742 0.00635334 2.61954 0.941689 0.337311 0.00899269 6.90995 -0.0106201 0.00294632 1.00001 -0.0855263
0.337034 -0.941838 0.00805963 2.65345 0.941795 0.337046 0.00885144 7.04456 -0.0110615 0.00460386 1 -0.0675407
0.33726 -0.941724 0.0119012 2.68701 0.941709 0.337315 0.00873858 7.19867 -0.0122524 0.00825651 0.999965 -0.0431391
0.33728 -0.941623 0.018259 2.71952 0.941681 0.33742 0.00874066 7.35534 -0.0144002 0.0142417 0.999872 -0.00037282
0.337632 -0.941365 0.0244367 2.73649 0.941525 0.337873 0.00905015 7.50674 -0.0167851 0.019947 0.99974 0.0380776
0.338092 -0.941133 0.0271584 2.75789 0.941356 0.338377 0.00889685 7.64028 -0.0175721 0.022552 0.999674 0.050782
0.33958 -0.940621 0.0266172 2.7848 0.940831 0.339856 0.00897033 7.76233 -0.0174929 0.0219901 0.999691 0.052332
0.340837 -0.940223 0.0248525 2.81041 0.940395 0.341085 0.00907065 7.8765 -0.0170144 0.0202732 0.999738 0.037643
0.340469 -0.940397 0.0235855 2.86445 0.940544 0.340697 0.00921245 8.0137 -0.016708 0.01904 0.999771 0.0254711
0.339418 -0.940792 0.0233572 2.92379 0.940942 0.339635 0.00886167 8.13847 -0.0162791 0.0189629 0.999783 0.0193605
0.338388 -0.941162 0.0237464 2.9902 0.941324 0.338609 0.00873628 8.26427 -0.0162722 0.0193893 0.999778 0.0121102
0.338204 -0.941231 0.0239463 3.04281 0.941397 0.33843 0.00885508 8.36414 -0.0164481 0.0195402 0.999775 0.0101854
0.338995 -0.940956 0.0239675 3.09468 0.941121 0.339222 0.00894563 8.47783 -0.016557 0.0195155 0.999777 0.0148044
0.339662 -0.940718 0.0242101 3.13572 0.940894 0.339888 0.00869958 8.58823 -0.0164219 0.0198154 0.999777 0.0151272
0.340386 -0.940468 0.0241033 3.15767 0.940652 0.3406 0.0081656 8.70197 -0.0158985 0.0198841 0.999788 0.0096665
0.339914 -0.940664 0.0234652 3.19931 0.940839 0.340116 0.00806708 8.85325 -0.0155787 0.0193252 0.999808 0.00276018
0.339195 -0.940934 0.0234075 3.25032 0.941114 0.339391 0.00781498 9.02416 -0.0153071 0.0193683 0.999815 -0.00685372
0.338899 -0.941041 0.0237619 3.31117 0.941232 0.339096 0.00764259 9.19743 -0.0152591 0.0197649 0.999812 -0.0140823
0.339357 -0.940883 0.0238586 3.37624 0.941079 0.339553 0.00750957 9.34282 -0.0151765 0.0198935 0.999814 -0.0166397
0.340264 -0.940565 0.0238185 3.44321 0.940765 0.340455 0.00736682 9.48871 -0.0150478 0.0198896 0.99982 -0.0238906
0.340657 -0.940448 0.0231964 3.50546 0.940637 0.340838 0.00732444 9.63771 -0.0148042 0.0193125 0.999839 -0.0256552
0.34092 -0.940372 0.0228207 3.56881 0.940558 0.341092 0.00713719 9.79384 -0.0145053 0.0190188 0.999853 -0.0205064
0.340806 -0.940428 0.0225949 3.61826 0.940618 0.340964 0.00658137 9.91608 -0.0139032 0.0189977 0.999866 -0.0151748
0.340266 -0.940627 0.0228306 3.65833 0.940827 0.340421 0.00631369 10.0296 -0.0137209 0.0193184 0.999866 -0.0159628
0.3396 -0.940872 0.023026 3.70819 0.941079 0.339756 0.00627343 10.1737 -0.0137358 0.0195255 0.999866 -0.0233033
0.339242 -0.941007 0.0231245 3.75724 0.94122 0.339397 0.00617069 10.3259 -0.0136653 0.0196581 0.999868 -0.0280309
0.339309 -0.940997 0.0229716 3.81113 0.941204 0.339465 0.00638533 10.5061 -0.0138169 0.0194402 0.999874 -0.0330928
0.339369 -0.940985 0.0229555 3.87334 0.941195 0.339523 0.00629064 10.6918 -0.0137237 0.0194561 0.999879 -0.0344833
0.339388 -0.940994 0.0227154 3.92394 0.941203 0.339534 0.00616145 10.8506 -0.013521 0.0192737 0.999889 -0.0288474
0.339198 -0.941066 0.0229617 3.98684 0.941282 0.339348 0.00617171 11.0119 -0.0136105 0.0195045 0.999888 -0.0303816
0.338576 -0.94129 0.0233442 4.05222 0.941514 0.338732 0.0062704 11.1614 -0.0138203 0.0198399 0.999882 -0.0365268
0.338406 -0.941371 0.0229193 4.11744 0.941588 0.338557 0.00638711 11.3064 -0.0137828 0.0194028 0.999896 -0.0317862
0.338762 -0.941259 0.0226638 4.17824 0.941474 0.338907 0.00630475 11.4617 -0.0136261 0.019185 0.999906 -0.0186935
0.339081 -0.941146 0.0229676 4.24402 0.941373 0.339225 0.00605413 11.6408 -0.0134999 0.0195511 0.999905 -0.0221674
0.339688 -0.940923 0.0235503 4.32146 0.941165 0.339838 0.00594392 11.8252 -0.013607 0.0201279 0.999896 -0.039099
0.340117 -0.940767 0.0239672 4.37953 0.941022 0.34027 0.00584513 11.9877 -0.0136653 0.0205473 0.999891 -0.0460184
0.340215 -0.940737 0.0241755 4.44011 0.940998 0.34037 0.0058417 12.1457 -0.0137352 0.0207428 0.99989 -0.0472434
0.339945 -0.940843 0.0241993 4.4981 0.941112 0.340094 0.00558546 12.3031 -0.0134963 0.0208562 0.999895 -0.0484075
0.339548 -0.941012 0.0235963 4.55337 0.941269 0.33969 0.00568551 12.4605 -0.0133768 0.0202603 0.999913 -0.0452217
0.339263 -0.941127 0.0234872 4.60985 0.941384 0.339406 0.00583199 12.6085 -0.0134717 0.0201119 0.999919 -0.0430564
0.338878 -0.941269 0.0237705 4.66022 0.941539 0.339016 0.00545156 12.7623 -0.0132014 0.0205128 0.999919 -0.0414127
0.338267 -0.941481 0.024459 4.72497 0.941771 0.338409 0.00525299 12.9303 -0.0132343 0.0212366 0.999908 -0.043842
0.337859 -0.941614 0.0253763 4.78458 0.941931 0.338004 0.00489119 13.0827 -0.0131946 0.0222281 0.999891 -0.044985
0.338148 -0.941527 0.0251379 4.84495 0.941844 0.338286 0.00477982 13.2166 -0.0130159 0.0220371 0.999903 -0.0488914
0.339088 -0.94123 0.0239709 4.903 0.941526 0.339208 0.0046787 13.3717 -0.0125467 0.02096 0.999937 -0.051942
0.339491 -0.941112 0.0233212 4.96957 0.941397 0.339603 0.00468585 13.5496 -0.0123417 0.0203406 0.999957 -0.050839
0.33998 -0.940953 0.0230063 5.01433 0.941234 0.340089 0.00475735 13.688 -0.0123126 0.0200135 0.999969 -0.0437416
0.33954 -0.941111 0.0235021 5.06371 0.941406 0.339651 0.00464088 13.845 -0.0123621 0.0205251 0.999963 -0.0367272
0.339377 -0.941173 0.0237775 5.1264 0.941479 0.339489 0.00453092 14.0026 -0.0123487 0.0208236 0.999961 -0.0372874
0.339972 -0.940974 0.023602 5.18017 0.94128 0.340078 0.00441137 14.1604 -0.0121897 0.0206911 0.99997 -0.0417567
0.340726 -0.940717 0.023353 5.22733 0.941023 0.340827 0.00432239 14.2864 -0.0120378 0.0204773 0.999981 -0.0421922
0.341279 -0.940537 0.0229629 5.28157 0.940837 0.341375 0.00438718 14.4321 -0.0119776 0.0200811 0.999994 -0.0502634
0.341209 -0.940552 0.0238424 5.34342 0.940876 0.341308 0.00409905 14.5988 -0.0120054 0.0210072 0.999979 -0.0517429
0.341034 -0.940635 0.0235107 5.41198 0.940956 0.341128 0.00407411 14.7797 -0.0118649 0.0207058 0.999992 -0.0572014
0.340703 -0.940768 0.0234269 5.45768 0.941093 0.34079 0.00383415 14.9231 -0.0116033 0.0207127 1 -0.0557065
0.340611 -0.940801 0.0238629 5.50685 0.941144 0.340693 0.0034296 15.0735 -0.0113692 0.0212615 0.999996 -0.0531796
0.34084 -0.940732 0.0237619 5.56515 0.941074 0.340922 0.00351316 15.2293 -0.0114187 0.021135 1 -0.0485361
0.341084 -0.940657 0.0236554 5.6243 0.940997 0.341171 0.0038254 15.3898 -0.0116817 0.0209252 1.00001 -0.0431872
0.34123 -0.940623 0.0233327 5.67626 0.94096 0.34131 0.00375131 15.5205 -0.0115051 0.020645 1.00002 -0.0410409
0.340898 -0.940752 0.0234651 5.70852 0.941097 0.340973 0.0034952 15.6154 -0.0113021 0.0208607 1.00002 -0.0403335
0.340153 -0.941017 0.0240656 5.75586 0.941383 0.340227 0.00316936 15.758 -0.0111833 0.0215453 1.00002 -0.0472982
0.339762 -0.941164 0.0242477 5.82511 0.941539 0.339833 0.00303247 15.9298 -0.0111074 0.0217676 1.00002 -0.0560009
0.33981 -0.941175 0.0235487 5.89699 0.941541 0.339869 0.00283173 16.1268 -0.0106819 0.0211773 1.00004 -0.0587807
0.340783 -0.940849 0.0229792 5.95575 0.941204 0.340838 0.00301047 16.306 -0.0106779 0.0205693 1.00006 -0.055159
0.341117 -0.940739 0.0229571 6.00489 0.941096 0.341174 0.00313157 16.4606 -0.0107918 0.0205032 1.00006 -0.0527913
0.341222 -0.940688 0.0238985 6.06296 0.941073 0.341279 0.0027335 16.6121 -0.010741 0.021523 1.00005 -0.0510313
0.340772 -0.940847 0.0244654 6.11329 0.941249 0.340832 0.00265517 16.7484 -0.0108503 0.0220879 1.00004 -0.0435104
0.340453 -0.94097 0.0245514 6.1587 0.941378 0.340514 0.0026864 16.8687 -0.0109016 0.0221615 1.00004 -0.0377459
0.33998 -0.941147 0.0247422 6.20171 0.941564 0.340036 0.00243239 16.9938 -0.0107163 0.0224326 1.00004 -0.0384801
0.3406 -0.940944 0.0243335 6.24611 0.941355 0.340652 0.00250625 17.1233 -0.0106614 0.0220158 1.00006 -0.0377079
0.341173 -0.940759 0.0238645 6.31266 0.941162 0.34122 0.00255324 17.2958 -0.010559 0.0215519 1.00007 -0.0430969
0.341258 -0.940733 0.0240996 6.38036 0.941147 0.3413 0.00227211 17.4881 -0.0103767 0.0218678 1.00007 -0.0512515
0.341048 -0.940824 0.0239413 6.42917 0.941237 0.341089 0.00229816 17.6643 -0.0103424 0.0217121 1.00008 -0.0494542
0.340699 -0.940949 0.0243969 6.48354 0.941381 0.340733 0.0018544 17.8203 -0.010072 0.0222955 1.00008 -0.0484616
0.341234 -0.94076 0.0246485 6.54135 0.941205 0.341261 0.0014893 17.9732 -0.00982711 0.0226509 1.00008 -0.0493012
0.341367 -0.940743 0.0238628 6.60594 0.941175 0.341383 0.00141197 18.1395 -0.00948925 0.0219366 1.00011 -0.0494555
0.341767 -0.940613 0.0236718 6.66481 0.941041 0.341789 0.00175586 18.2817 -0.00975697 0.0216353 1.00012 -0.0488746
0.34192 -0.940552 0.0242958 6.72539 0.940999 0.341945 0.00169823 18.4141 -0.00991981 0.0222399 1.00011 -0.0395103
0.341986 -0.940543 0.0241672 6.79108 0.94099 0.342012 0.00186074 18.5469 -0.0100303 0.0220625 1.00012 -0.0300131
0.341416 -0.940742 0.0248738 6.85041 0.941214 0.341438 0.00142262 18.7076 -0.0098461 0.0228825 1.00011 -0.0311981
0.341174 -0.940851 0.0244934 6.90584 0.941323 0.341178 0.000844602 18.8834 -0.00916638 0.0227241 1.00012 -0.0321234
0.341067 -0.940905 0.024331 6.94105 0.941381 0.341062 0.000571678 19.0357 -0.00885156 0.0226652 1.00013 -0.0287933
0.340614 -0.941096 0.0236498 6.98671 0.941559 0.34061 0.000962325 19.1784 -0.00897631 0.0218952 1.00015 -0.0310839
0.340606 -0.941105 0.0238704 7.04747 0.941579 0.340597 0.000728954 19.33 -0.00883167 0.0221821 1.00016 -0.035862
0.340122 -0.941293 0.0237647 7.11654 0.941769 0.340115 0.000932151 19.5039 -0.00897566 0.0220178 1.00016 -0.0327566
0.339912 -0.941379 0.0237718 7.19394 0.941862 0.3399 0.000745835 19.688 -0.00879778 0.0220895 1.00017 -0.036945
0.339395 -0.941578 0.0236697 7.24794 0.942061 0.339391 0.00121486 19.84 -0.00919281 0.0218388 1.00018 -0.0270662
0.339795 -0.941445 0.0236099 7.29317 0.941936 0.339781 0.00084177 19.9721 -0.00883046 0.0219051 1.00019 -0.0231432
0.340429 -0.941244 0.0229048 7.34079 0.941718 0.340427 0.00178344 20.1319 -0.00949175 0.0209149 1.00021 -0.0147495
0.341278 -0.940955 0.022586 7.3952 0.94143 0.341267 0.00154134 20.3053 -0.00917399 0.0206889 1.00022 -0.0135668
0.341738 -0.940776 0.0235103 7.44582 0.941287 0.341708 0.000368158 20.4578 -0.00839607 0.0219542 1.00021 -0.0153109
0.341848 -0.940731 0.0241619 7.47752 0.941267 0.341809 -0.000230422 20.5571 -0.00805822 0.0227704 1.0002 -0.0147588
0.34202 -0.94069 0.0236955 7.53575 0.941224 0.341972 -0.000415946 20.694 -0.0077283 0.0223935 1.00021 -0.018343
0.341939 -0.940741 0.0232486 7.60245 0.941269 0.341894 -8.13258e-05 20.857 -0.00788845 0.0218592 1.00023 -0.0277384
0.340988 -0.941102 0.0229674 7.66708 0.941632 0.340939 -0.000106257 21.0538 -0.007747 0.0216108 1.00024 -0.0298868
0.340023 -0.941473 0.022463 7.73282 0.941999 0.339971 -3.48257e-05 21.2306 -0.00762059 0.0211194 1.00026 -0.025202
0.339152 -0.941792 0.0226887 7.81102 0.942328 0.339105 0.000184569 21.4147 -0.00788432 0.0212642 1.00026 -0.00916983
0.339133 -0.941797 0.0231934 7.87974 0.942354 0.339081 -0.000151335 21.5627 -0.00773869 0.0218531 1.00025 0.00117464
0.339734 -0.941586 0.0233597 7.94058 0.942157 0.339673 -0.000546666 21.7142 -0.00743686 0.0221388 1.00026 -0.000861242
0.341108 -0.941109 0.0229555 7.98189 0.94168 0.341037 -0.00078627 21.8654 -0.00710576 0.0218289 1.00027 -0.0112652
0.341779 -0.940884 0.0226481 8.0099 0.941453 0.341711 -0.000519391 21.9997 -0.00726753 0.0214433 1.00028 -0.0155908
0.342087 -0.94078 0.0227354 8.05458 0.94136 0.342015 -0.000672365 22.1435 -0.00716054 0.0215751 1.00029 -0.0202947
0.341611 -0.94096 0.0228647 8.10123 0.941549 0.34154 -0.000589121 22.2773 -0.00727217 0.0216716 1.00029 -0.0195354
0.341901 -0.940863 0.0229724 8.16092 0.941464 0.341824 -0.000856076 22.4043 -0.00706448 0.0218616 1.0003 -0.0127853
0.34171 -0.940944 0.0229132 8.24116 0.941548 0.341638 -0.000479613 22.5697 -0.00739419 0.0216785 1.0003 -0.00662617
0.342263 -0.94074 0.0234136 8.31404 0.941367 0.342185 -0.000915813 22.7539 -0.0071678 0.0222937 1.0003 -0.000505677
0.342244 -0.94075 0.0236862 8.37187 0.941393 0.342161 -0.00109974 22.9195 -0.00708758 0.0226128 1.0003 -0.0018004
0.341552 -0.941026 0.0231123 8.42355 0.941663 0.341467 -0.000932192 23.0925 -0.00703263 0.0220207 1.00032 0.00727818
0.341277 -0.94113 0.0233728 8.48213 0.941781 0.341191 -0.00103797 23.2594 -0.00701554 0.0223036 1.00032 0.00500438
0.341061 -0.941215 0.0235274 8.54512 0.94188 0.340968 -0.00128213 23.3962 -0.00683325 0.0225337 1.00032 0.0126987
0.341582 -0.941039 0.0234592 8.60465 0.941713 0.341478 -0.00171868 23.5317 -0.0064115 0.0226145 1.00033 0.0100874
0.342295 -0.940813 0.0225331 8.64564 0.941473 0.342189 -0.00143423 23.6784 -0.00637938 0.0216412 1.00036 0.00572195
0.343139 -0.940534 0.0218263 8.68609 0.941186 0.343029 -0.00132113 23.8291 -0.0062627 0.0209319 1.00038 0.00660065
0.343028 -0.940584 0.0218611 8.73982 0.941244 0.34292 -0.00114608 24.0031 -0.00643689 0.0209051 1.00039 0.0126126
0.342802 -0.940686 0.0214529 8.80138 0.941344 0.342698 -0.000761076 24.1805 -0.00665426 0.0203907 1.0004 0.0175198
0.34206 -0.940965 0.0215219 8.85989 0.941631 0.34196 -0.000470565 24.3558 -0.00693519 0.0203613 1.00041 0.0153872
0.342098 -0.940963 0.0214834 8.92994 0.941635 0.342 -0.0003291 24.5057 -0.00705601 0.0202761 1.00041 0.0193284
0.342716 -0.940756 0.0211967 8.99318 0.941434 0.342604 -0.000799095 24.6501 -0.00652884 0.0201626 1.00043 0.017488
0.343097 -0.940635 0.0208844 9.0436 0.941318 0.342974 -0.00117416 24.7697 -0.00607698 0.0199947 1.00044 0.0177346
0.343078 -0.940661 0.0205343 9.08342 0.941344 0.342954 -0.00101983 24.8822 -0.00610172 0.0196125 1.00045 0.0252561
0.342931 -0.940713 0.021089 9.13106 0.941418 0.3428 -0.00150742 25.0279 -0.00583007 0.0203018 1.00045 0.0240842
0.342635 -0.94083 0.0211645 9.18769 0.941545 0.342505 -0.00138803 25.1971 -0.00596193 0.0203335 1.00045 0.0282903
0.342589 -0.940854 0.0213081 9.2462 0.941582 0.34245 -0.00179321 25.3514 -0.00562882 0.0206072 1.00046 0.0341209
0.342737 -0.940817 0.0210635 9.31287 0.941547 0.342597 -0.00168228 25.5242 -0.00565271 0.0203381 1.00047 0.0351349
0.34369 -0.940497 0.0202775 9.36941 0.941217 0.343554 -0.00119761 25.6767 -0.00585923 0.0194268 1.00049 0.0342045
0.343722 -0.940508 0.0196822 9.41734 0.941226 0.343583 -0.00104243 25.8429 -0.00580135 0.0188135 1.00051 0.0353601
0.343955 -0.94043 0.0198767 9.47175 0.94116 0.343813 -0.00118702 26.0046 -0.00573691 0.0190443 1.00051 0.041361
0.343934 -0.940446 0.0199306 9.51825 0.941188 0.343786 -0.00145328 26.1323 -0.00550459 0.0191863 1.00052 0.0485149
0.343175 -0.940729 0.0201195 9.5638 0.941485 0.34302 -0.00178445 26.2485 -0.00524233 0.0194817 1.00052 0.0511929
0.342938 -0.940832 0.0198434 9.61768 0.94159 0.342781 -0.001743 26.3613 -0.00518176 0.0192088 1.00053 0.0558516
0.342994 -0.94082 0.0199132 9.68603 0.94159 0.342833 -0.00186668 26.5109 -0.00509049 0.0193163 1.00053 0.0568646
0.343739 -0.940574 0.0191437 9.75848 0.941337 0.343579 -0.00152637 26.6598 -0.00516159 0.0184718 1.00055 0.0601922
0.34396 -0.94051 0.0188002 9.81929 0.941277 0.343791 -0.00184492 26.8372 -0.0047482 0.018257 1.00057 0.0540151
0.343929 -0.940531 0.01881 9.85907 0.941309 0.343752 -0.00220018 26.9963 -0.00441682 0.0183881 1.00057 0.046531
0.343537 -0.940672 0.0193658 9.90519 0.94147 0.343361 -0.00214894 27.1624 -0.00464825 0.0188946 1.00056 0.0371773
0.342674 -0.940987 0.0198018 9.94581 0.941802 0.342501 -0.00208177 27.3239 -0.00484355 0.0192856 1.00056 0.0449943
0.342434 -0.941081 0.019894 9.98525 0.941907 0.342265 -0.00179292 27.4823 -0.00514215 0.0192745 1.00057 0.0565792
0.343512 -0.940702 0.019705 10.0341 0.941534 0.343337 -0.00193587 27.6005 -0.00496491 0.0191397 1.00057 0.0617541
0.344063 -0.940516 0.0194106 10.0806 0.941354 0.343878 -0.00230342 27.7183 -0.00452918 0.0189862 1.00058 0.0596806
0.34382 -0.940617 0.0192963 10.1413 0.941464 0.343621 -0.00289405 27.8716 -0.00392927 0.0190824 1.00059 0.0574035
0.343023 -0.940929 0.0187044 10.2125 0.941774 0.342821 -0.00285902 28.0478 -0.00374313 0.0185169 1.00061 0.0532676
0.342426 -0.941161 0.0184175 10.2925 0.942011 0.34222 -0.00292734 28.229 -0.00356887 0.0182725 1.00062 0.0545466
0.341974 -0.941341 0.0181315 10.358 0.942194 0.341767 -0.00283573 28.3774 -0.00354863 0.0179736 1.00063 0.0581574
0.342478 -0.941182 0.0173748 10.4282 0.942031 0.342268 -0.00280085 28.5235 -0.00333214 0.0172478 1.00065 0.0684689
0.345682 -0.940031 0.0169145 10.5042 0.94088 0.345465 -0.0028613 28.669 -0.00317522 0.0168246 1.00066 0.070282
0.350498 -0.938267 0.0164851 10.5641 0.939116 0.35028 -0.00254189 28.7998 -0.00341112 0.0162936 1.00067 0.0690573
0.356898 -0.935859 0.0168096 10.6192 0.936723 0.356671 -0.0028377 28.9223 -0.00336154 0.0166787 1.00067 0.0665888
0.364293 -0.933007 0.0175082 10.6694 0.933892 0.364055 -0.00328033 29.0393 -0.00333518 0.017464 1.00067 0.0643299
0.372888 -0.92962 0.0175598 10.7231 0.930513 0.37264 -0.00346726 29.1944 -0.00334217 0.01755 1.00067 0.073594
0.381481 -0.926157 0.0168106 10.7771 0.927045 0.381223 -0.0034783 29.3778 -0.00320916 0.0168291 1.00069 0.0805989
0.388731 -0.923163 0.016264 10.8278 0.924048 0.388474 -0.00290703 29.5861 -0.00365664 0.0160775 1.0007 0.0835599
0.394426 -0.920768 0.0157187 10.8762 0.921651 0.39417 -0.00237589 29.7807 -0.00403045 0.0153436 1.00072 0.0848913
0.399134 -0.918754 0.015637 10.9249 0.919644 0.39887 -0.00254109 29.9581 -0.0039248 0.0153135 1.00073 0.0814069
0.402273 -0.917402 0.0154034 10.9825 0.918294 0.402014 -0.00193437 30.1114 -0.00444015 0.014842 1.00074 0.0841684
0.404382 -0.916487 0.0154557 11.0473 0.917385 0.404132 -0.00117038 30.2428 -0.0051959 0.014571 1.00074 0.0861663
0.405504 -0.916007 0.0152923 11.1077 0.916906 0.405266 -0.000137957 30.3468 -0.00609345 0.0139968 1.00075 0.094943
0.407102 -0.915314 0.015132 11.1768 0.916222 0.406855 -0.000513298 30.4706 -0.00570909 0.0139921 1.00076 0.0951668
0.40766 -0.915077 0.0152739 11.2464 0.915996 0.407414 -0.000400151 30.6112 -0.00587899 0.0140721 1.00076 0.101329
0.408031 -0.914924 0.0153108 11.3228 0.915853 0.407783 -0.000478503 30.77 -0.005828 0.0141352 1.00077 0.109373
0.407559 -0.915146 0.0153692 11.4028 0.916085 0.407312 -0.000350055 30.9369 -0.00596198 0.0141391 1.00077 0.113485
0.406429 -0.915651 0.0158869 11.4751 0.916609 0.406184 -0.000454052 31.0843 -0.00605945 0.0146621 1.00077 0.116252
0.406336 -0.915698 0.0162851 11.5616 0.91667 0.406095 -0.000254517 31.2253 -0.00640237 0.0149459 1.00077 0.111722
0.407288 -0.915281 0.0166724 11.6303 0.916271 0.407042 -0.000655191 31.3482 -0.00620872 0.0154562 1.00077 0.100245
0.408503 -0.914745 0.017101 11.6929 0.915759 0.408234 -0.00213838 31.4824 -0.00504705 0.0164446 1.00077 0.0934723
0.409473 -0.914329 0.0168708 11.7482 0.915356 0.409175 -0.00372012 31.6207 -0.00352356 0.0168755 1.00077 0.0833805
0.40966 -0.914264 0.0165674 11.7889 0.915298 0.409348 -0.00439024 31.7325 -0.00278988 0.0168715 1.00078 0.0855578
0.409555 -0.91432 0.0168001 11.827 0.915368 0.40924 -0.00456308 31.8417 -0.00272501 0.0171548 1.00079 0.0855671
0.409869 -0.914189 0.0170083 11.887 0.915249 0.40956 -0.00419767 31.9762 -0.00315037 0.0171944 1.00079 0.0912502
0.410962 -0.913716 0.0167634 11.9732 0.914783 0.410645 -0.00447558 32.1322 -0.00281633 0.0170808 1.0008 0.0926716
0.412398 -0.913098 0.0159625 12.0436 0.914162 0.412073 -0.00475354 32.2831 -0.0022593 0.01646 1.00082 0.0902341
0.413415 -0.912664 0.0152902 12.0962 0.913725 0.413094 -0.00428691 32.4276 -0.00242594 0.0156516 1.00084 0.0960009
0.413404 -0.912683 0.0153251 12.1604 0.913753 0.413089 -0.00382783 32.5994 -0.00285924 0.0154937 1.00085 0.0971686
0.413139 -0.912805 0.0160819 12.2289 0.913894 0.412833 -0.00326415 32.7716 -0.0036818 0.015952 1.00085 0.0931675
0.412907 -0.912909 0.0168737 12.3056 0.914018 0.412613 -0.00277385 32.9378 -0.00445216 0.0164728 1.00084 0.0874495
0.412372 -0.913163 0.016982 12.3622 0.914287 0.412064 -0.00353809 33.0729 -0.00378887 0.0168886 1.00085 0.0755911
0.412743 -0.913015 0.016696 12.4299 0.914147 0.412413 -0.0047768 33.2057 -0.00254634 0.0171365 1.00085 0.073004
0.412767 -0.913023 0.0164374 12.4901 0.91416 0.412435 -0.00478277 33.3396 -0.00243461 0.0169027 1.00086 0.0839376
0.412317 -0.913242 0.0163002 12.5369 0.914387 0.411988 -0.00457505 33.4504 -0.00255942 0.016693 1.00087 0.0991231
0.410116 -0.914236 0.0167736 12.5801 0.915396 0.409805 -0.00365803 33.5819 -0.0035517 0.0167557 1.00088 0.102813
0.405986 -0.916088 0.0168211 12.6267 0.917258 0.405686 -0.00315976 33.7206 -0.0039516 0.0166128 1.00089 0.106773
0.399886 -0.91877 0.0171755 12.6923 0.919957 0.399591 -0.00326043 33.8847 -0.00388964 0.0170038 1.00089 0.109245
0.394418 -0.921151 0.0166439 12.7742 0.922345 0.394095 -0.00500446 34.0306 -0.00197133 0.0172237 1.0009 0.101879
0.392746 -0.9219 0.0153808 12.8716 0.923082 0.392437 -0.00402601 34.1698 -0.00234661 0.01568 1.00093 0.0939524
0.392138 -0.922183 0.0147849 12.9548 0.923366 0.391824 -0.00419484 34.3113 -0.00194693 0.0151984 1.00095 0.0911509
0.392353 -0.922104 0.0150089 13.0109 0.923301 0.392033 -0.00453853 34.4315 -0.00172121 0.0155387 1.00095 0.0941685
0.392786 -0.921919 0.0159097 13.0541 0.923142 0.392448 -0.00562033 34.5651 -0.00108426 0.0167915 1.00094 0.0898397
0.392973 -0.921849 0.0162439 13.1011 0.923087 0.392634 -0.00562811 34.6985 -0.00121165 0.0171019 1.00094 0.0969792
0.392705 -0.921973 0.016498 13.1445 0.923225 0.392381 -0.004728 34.8213 -0.00213653 0.0169833 1.00095 0.116854
0.392765 -0.921974 0.0157944 13.1867 0.923226 0.392429 -0.00531352 34.931 -0.00132139 0.0165644 1.00096 0.125522
0.393579 -0.92165 0.0153944 13.2479 0.922905 0.393236 -0.00551958 35.0478 -0.000988717 0.0162756 1.00098 0.122081
0.394447 -0.921296 0.0153468 13.3173 0.922558 0.394115 -0.00467218 35.1945 -0.00176627 0.015897 1.00099 0.116065
0.394899 -0.921116 0.0154056 13.388 0.922389 0.394574 -0.00410947 35.3519 -0.00231576 0.0157283 1.001 0.117044
0.395031 -0.921069 0.0157771 13.4483 0.922358 0.394704 -0.00422723 35.5006 -0.00235604 0.016116 1.001 0.117439
0.394763 -0.921188 0.0163394 13.5141 0.922496 0.394447 -0.00358798 35.6477 -0.00316212 0.016382 1.001 0.121425
0.39483 -0.921175 0.0163418 13.5785 0.922489 0.394526 -0.00272052 35.7972 -0.00396355 0.0160419 1.00101 0.127532
0.395498 -0.9209 0.0165248 13.6437 0.922224 0.395209 -0.00173842 35.9687 -0.00495223 0.0158195 1.00102 0.133552
0.396208 -0.920609 0.0166198 13.7006 0.921942 0.395922 -0.00137599 36.1125 -0.00533573 0.0157595 1.00103 0.137811
0.39593 -0.920735 0.0171047 13.7678 0.922089 0.395637 -0.00191933 36.2592 -0.00502215 0.0164217 1.00102 0.137992
0.395528 -0.920922 0.0171236 13.8275 0.922294 0.395208 -0.00348722 36.3762 -0.00357771 0.01706 1.00103 0.13618
0.394139 -0.921532 0.0170797 13.8876 0.922917 0.393805 -0.00429944 36.5045 -0.00278562 0.0173443 1.00103 0.139817
0.393117 -0.921998 0.0162364 13.9513 0.923382 0.392754 -0.00592655 36.6461 -0.000934152 0.0172088 1.00105 0.131816
0.393374 -0.921911 0.0158772 14.009 0.923299 0.392993 -0.00685089 36.7667 5.48388e-05 0.0172404 1.00106 0.123668
0.394309 -0.921526 0.0159579 14.0621 0.922926 0.393931 -0.00647827 36.8942 -0.000337975 0.0171678 1.00106 0.114752
0.39541 -0.921068 0.0161195 14.1169 0.922478 0.395056 -0.00493893 37.0504 -0.00184083 0.0167085 1.00108 0.124608
0.396218 -0.920733 0.0163232 14.1745 0.922155 0.395875 -0.00419974 37.1992 -0.002617 0.0166017 1.00109 0.138448
0.396704 -0.920526 0.0171133 14.2438 0.921971 0.396363 -0.00401147 37.37 -0.00311219 0.0172521 1.00108 0.150602
0.396676 -0.920536 0.0179955 14.3034 0.922006 0.396343 -0.00366574 37.5138 -0.00377959 0.0179263 1.00107 0.162376
0.396873 -0.920466 0.0180806 14.362 0.921948 0.396535 -0.00386221 37.6251 -0.00363609 0.0180813 1.00108 0.168182
0.397248 -0.920331 0.0175037 14.4188 0.921814 0.396903 -0.00405082 37.742 -0.00324071 0.017624 1.0011 0.167111
0.397339 -0.920318 0.0168827 14.4815 0.921802 0.396989 -0.00409207 37.8879 -0.00295783 0.017069 1.00112 0.162005
0.397203 -0.920389 0.017063 14.55 0.921887 0.39685 -0.00422146 38.0551 -0.00290755 0.0172862 1.00112 0.164486
0.397406 -0.920305 0.0176924 14.6207 0.921827 0.397042 -0.00486068 38.2102 -0.00257257 0.0181176 1.00111 0.166276
0.397223 -0.920396 0.0178222 14.6963 0.921933 0.396847 -0.005455 38.3701 -0.00207303 0.0184728 1.00112 0.160855
0.397061 -0.920482 0.0177618 14.7692 0.922031 0.396678 -0.0056837 38.5297 -0.00183501 0.018508 1.00112 0.155336
0.397657 -0.920245 0.0174421 14.8391 0.921801 0.397263 -0.00615575 38.6775 -0.00128529 0.0184 1.00113 0.15297
0.398452 -0.919923 0.0170676 14.8857 0.921483 0.398062 -0.00577258 38.8116 -0.00150477 0.0179022 1.00115 0.15269
0.398728 -0.919815 0.0172566 14.9316 0.921388 0.39835 -0.00494465 38.94 -0.00234729 0.0177458 1.00116 0.165035
0.398602 -0.919883 0.01729 14.973 0.921469 0.398222 -0.00494827 39.0482 -0.00235467 0.017778 1.00117 0.176996
0.397913 -0.920186 0.0177533 15.0336 0.921793 0.397535 -0.00487937 39.1818 -0.0025888 0.0181781 1.00117 0.183762
0.397845 -0.920234 0.0175871 15.1037 0.921851 0.397438 -0.00630215 39.3171 -0.00121118 0.0185901 1.00117 0.175008
0.397862 -0.920243 0.0174273 15.1692 0.921871 0.397448 -0.00654009 39.4454 -0.000928847 0.0185375 1.00118 0.175405
0.398495 -0.919996 0.0168147 15.2398 0.921624 0.398073 -0.00681915 39.5931 -0.000440816 0.0180846 1.00119 0.17356
0.39916 -0.919721 0.0168971 15.2956 0.921361 0.398742 -0.00646824 39.7384 -0.000809633 0.0180201 1.0012 0.174504
0.399501 -0.919589 0.0168395 15.3464 0.92124 0.399087 -0.00609008 39.8883 -0.0011412 0.0178159 1.00121 0.172609
0.399828 -0.91945 0.0174654 15.4044 0.921123 0.39941 -0.00621145 40.0497 -0.00128577 0.0184385 1.00121 0.17177
0.399833 -0.919446 0.018309 15.4711 0.921148 0.399406 -0.00661261 40.1965 -0.00125356 0.019373 1.0012 0.173899
0.399908 -0.919421 0.0186239 15.5408 0.921142 0.399469 -0.00719796 40.328 -0.000842294 0.0198955 1.0012 0.178577
0.40022 -0.919299 0.0187007 15.6163 0.921032 0.39978 -0.00713257 40.4804 -0.000939781 0.0199393 1.0012 0.190408
0.40039 -0.919243 0.0185175 15.6856 0.920984 0.399955 -0.00671134 40.6474 -0.00125758 0.0196025 1.00122 0.20639
0.400106 -0.91938 0.0185439 15.7449 0.921134 0.399672 -0.00659853 40.8 -0.00136569 0.0195819 1.00122 0.208747
0.400197 -0.91935 0.0187768 15.8009 0.921121 0.399749 -0.0072057 40.9294 -0.000902014 0.0200378 1.00122 0.199434
0.400545 -0.919204 0.0192073 15.8735 0.920995 0.400095 -0.00723325 41.0718 -0.0010564 0.0204435 1.00122 0.200386
0.400938 -0.919032 0.0198814 15.9434 0.920849 0.40049 -0.00705364 41.2007 -0.00150019 0.0209897 1.00122 0.207263
0.401053 -0.918981 0.0205966 16.0093 0.920825 0.400598 -0.00733896 41.3393 -0.00152676 0.0217599 1.00121 0.213528
0.401556 -0.918788 0.0200086 16.0602 0.920633 0.401071 -0.00858294 41.4746 -0.000158869 0.0217176 1.00122 0.204456
0.40182 -0.918713 0.0188309 16.1193 0.920545 0.401328 -0.00880435 41.6374 0.000511196 0.0207254 1.00124 0.198308
0.402063 -0.918625 0.0186195 16.1804 0.920465 0.401563 -0.0090987 41.7979 0.000861287 0.0206494 1.00125 0.200592
0.401992 -0.918663 0.0189558 16.2402 0.920522 0.401487 -0.00925727 41.9571 0.000873751 0.0210213 1.00125 0.20437
0.401556 -0.91886 0.0193292 16.3138 0.920738 0.401041 -0.0096226 42.1153 0.00107008 0.0215096 1.00125 0.213257
0.401243 -0.919016 0.0190504 16.3792 0.920901 0.400727 -0.00961947 42.2464 0.0011864 0.0212518 1.00126 0.209702
0.401203 -0.919049 0.0189915 16.4633 0.920945 0.40071 -0.00840192 42.4236 9.11489e-05 0.0207102 1.00128 0.212923
0.401359 -0.918976 0.019854 16.5598 0.920902 0.400886 -0.00740478 42.6253 -0.00117511 0.0211024 1.00128 0.22506
0.401806 -0.918767 0.0211193 16.6463 0.920733 0.401322 -0.00783077 42.818 -0.00130134 0.0224334 1.00126 0.231169
0.401825 -0.918767 0.0213283 16.7188 0.920751 0.401267 -0.010954 43.0318 0.00148664 0.0238767 1.00123 0.237812
