1 1.7542e-08 0 0 -1.22575e-08 1 1.92813e-10 0 1.86265e-09 3.52884e-10 1 0
1 -2.49042e-05 -2.72915e-05 0.000388546 2.49333e-05 1 2.64367e-05 -0.00175389 2.72915e-05 -2.64367e-05 1 -0.00489406
1 3.03461e-05 -1.35619e-05 -0.000918552 -3.03505e-05 1 2.70742e-05 -0.00216533 1.35638e-05 -2.70737e-05 1 -0.00941681
1 3.75207e-05 -3.52617e-05 -0.000481484 -3.75023e-05 1 4.23516e-05 -0.00397624 3.52636e-05 -4.23501e-05 1 -0.00890927
1 2.28678e-05 -6.14766e-05 0.00109829 -2.28683e-05 1 0.000110134 -0.00404635 6.14803e-05 -0.000110133 1 -0.00978267
1 -5.4229e-06 -8.14125e-05 0.00109808 5.44464e-06 1 0.000120693 -0.00339068 8.14106e-05 -0.000120693 1 -0.0103828
1 -2.01705e-05 -8.18837e-05 -0.00132635 2.02266e-05 1 0.0001494 -0.00368977 8.188e-05 -0.000149401 1 -0.000322345
1 -8.72929e-05 -9.00757e-05 -0.00221392 8.73417e-05 1 0.000172991 -0.00259443 9.00626e-05 -0.000172999 1 -0.000237389
1 -7.6612e-05 -7.93543e-05 -0.000640303 7.66423e-05 1 0.000187594 -0.00683024 7.93412e-05 -0.0001876 1 0.00108958
1 -0.000115536 -9.94522e-05 0.00473284 0.000115595 1 0.000191636 -0.00694182 9.94317e-05 -0.000191647 1 -0.00622056
1 -8.60304e-05 -9.6187e-05 0.00436587 8.60605e-05 1 0.000208841 -0.00742593 9.61684e-05 -0.000208848 1 -0.00872711
1 -0.000104603 -7.13784e-05 0.000267159 0.000104626 1 0.000226441 -0.00711684 7.13561e-05 -0.000226448 1 -0.0111968
1 -0.000154793 -7.39451e-05 0.00217996 0.000154814 1 0.000257049 -0.0107723 7.3906e-05 -0.00025706 1 -0.00786384
1 -0.000166256 -5.60377e-05 0.00348527 0.000166317 1 0.000271999 -0.00833691 5.59893e-05 -0.000272008 1 -0.0133426
1 -0.000171502 -3.40752e-05 0.000613307 0.000171531 1 0.000268494 -0.00584155 3.40287e-05 -0.0002685 1 -0.00408999
1 -0.000285841 -4.56162e-05 0.00110737 0.000285853 1 0.000281738 -0.00466278 4.55342e-05 -0.000281751 1 -0.0035816
1 -0.000206765 -4.01419e-05 0.000117976 0.000206788 1 0.000293349 -0.006133 4.00841e-05 -0.000293357 1 -0.00329825
1 -0.000170591 -1.4659e-06 -0.00246398 0.000170606 1 0.000285396 -0.00678121 1.41747e-06 -0.000285396 1 -0.00414202
1 -0.000155963 2.77795e-05 -0.00127339 0.000155972 1 0.0002778 -0.00667971 -2.78223e-05 -0.000277795 1 -0.00682227
1 -0.000158923 -2.17557e-06 0.00456114 0.000158924 1 0.000275479 -0.00921866 2.13645e-06 -0.00027548 1 -0.00832368
1 -0.000175769 -1.61603e-05 0.00159192 0.000175733 1 0.000224262 -0.00595358 1.61212e-05 -0.000224265 1 -0.0104743
1 -0.000176879 4.7287e-05 0.000876039 0.000176863 1 0.000158622 -0.00697876 -4.7313e-05 -0.000158614 1 -0.0082861
1 -0.000134694 2.46577e-05 -6.32326e-05 0.000134693 1 0.000139414 -0.00648206 -2.46745e-05 -0.00013941 1 -0.0128027
1 -0.000116408 3.15141e-05 -0.000761132 0.000116424 1 9.25382e-05 -0.00418962 -3.15253e-05 -9.25347e-05 1 -0.00861395
1 -0.00013357 2.89213e-05 0.00147773 0.00013359 1 7.19281e-05 -0.0055293 -2.89325e-05 -7.19241e-05 1 -0.00617568
1 -0.000152724 2.27932e-05 -0.00263705 0.000152724 1 1.64078e-05 -0.00564421 -2.27969e-05 -1.64041e-05 1 -0.00524515
1 -0.000131012 3.96464e-05 -0.00134548 0.000131057 1 2.92996e-05 -0.00340117 -3.96483e-05 -2.92937e-05 1 -0.00562344
1 -0.000132753 4.19766e-05 0.000447944 0.000132756 1 1.97833e-05 -0.00900573 -4.19803e-05 -1.97777e-05 1 -0.0077932
1 -9.97018e-05 5.73117e-05 -0.000139778 9.97638e-05 1 -8.9261e-06 -0.00652116 -5.73117e-05 8.93173e-06 1 -0.0144042
1 -0.000168255 7.7758e-05 -0.000914124 0.000168308 1 -6.81349e-05 -0.00679434 -7.77468e-05 6.81486e-05 1 -0.0115169
1 -0.000164491 8.70023e-05 -0.00204519 0.000164523 1 -0.000101148 -0.00652887 -8.69837e-05 0.000101162 1 -0.00653529
1 -0.000212504 8.37408e-05 -0.00118712 0.000212565 1 -0.000105683 -0.00752795 -8.37184e-05 0.000105701 1 -0.0070208
1 -0.000224612 6.69472e-05 -0.00317838 0.000224665 1 -9.01435e-05 -0.00850134 -6.69248e-05 9.01593e-05 1 -0.00755453
1 -0.000278679 3.28813e-05 -0.00104693 0.000278728 1 -0.000121284 -0.00991932 -3.28477e-05 0.000121294 1 -0.0110189
1 -0.000241696 3.99668e-05 0.000374241 0.000241743 1 -0.000150147 -0.0140017 -3.99295e-05 0.000150156 1 -0.0110947
1 -0.000268563 5.804e-05 0.0022104 0.000268594 1 -0.000143585 -0.012971 -5.80009e-05 0.000143601 1 -0.0096635
1 -0.000260763 4.74732e-05 -0.00279038 0.000260786 1 -0.000135383 -0.0160601 -4.74397e-05 0.000135396 1 -0.0090479
1 -0.000269525 8.96491e-06 0.00274019 0.000269579 1 -0.000152882 -0.0132961 -8.9258e-06 0.000152884 1 -0.00575397
0.999997 -0.00234376 2.56523e-05 0.00215743 0.00234373 0.999997 0.000869364 -0.0121798 -2.76882e-05 -0.000869301 1 -0.0031635
0.999998 -0.00186729 -9.01204e-05 0.034203 0.00186729 0.999998 -0.000508482 -0.0147726 9.10703e-05 0.000508314 1 0.00728022
0.999998 -0.00175303 0.000769883 0.0784553 0.00175287 0.999998 0.000241429 -0.00760935 -0.000770304 -0.000240079 1 0.0163299
0.999998 -0.00188518 0.000816042 0.121579 0.00188457 0.999998 0.000733607 -0.0051198 -0.000817426 -0.000732067 1 0.014259
0.999994 -0.0029549 0.00198436 0.179994 0.00295472 0.999996 9.53938e-05 -0.00331262 -0.00198463 -8.95293e-05 0.999998 0.0190478
0.999996 -0.00273955 0.00130535 0.250784 0.00274014 0.999996 -0.000432483 -0.00513413 -0.00130416 0.000436059 0.999999 0.0167451
0.999993 -0.00366378 0.00105299 0.330066 0.00366513 0.999993 -0.00127072 -0.00890347 -0.00104832 0.00127457 0.999999 0.0175866
0.999991 -0.00424167 0.000394778 0.41818 0.00424207 0.999991 -0.000919042 -0.0138479 -0.000390876 0.00092071 1 0.0192777
0.999987 -0.00499724 -0.00131517 0.515279 0.00499661 0.999987 -0.00052321 -0.0138919 0.00131777 0.000516632 0.999999 0.01732
0.999978 -0.0065077 -0.00167419 0.614348 0.00650724 0.999979 -0.000303824 -0.0148334 0.00167613 0.000292923 0.999999 0.016796
0.999971 -0.00746922 -0.00177423 0.719372 0.00746712 0.999971 -0.00121716 -0.0101534 0.00178327 0.00120388 0.999998 0.0288742
0.999969 -0.00780642 -0.000643151 0.819991 0.00780575 0.999969 -0.00109825 -0.0121661 0.000651706 0.00109319 0.999999 0.0445787
0.999969 -0.00786206 6.85174e-05 0.931269 0.00786217 0.999968 -0.0014371 -0.00630196 -5.72167e-05 0.00143759 0.999999 0.0453611
0.999967 -0.00788377 0.00203367 1.03874 0.00788641 0.999968 -0.00129362 -0.0113721 -0.0020234 0.00130961 0.999997 0.0391784
0.999964 -0.00812978 0.00262401 1.14585 0.00813721 0.999963 -0.00281814 -0.0140151 -0.002601 0.00283939 0.999993 0.0208879
0.999952 -0.00899083 0.00404648 1.24996 0.00900482 0.999954 -0.00345292 -0.0142193 -0.00401525 0.0034892 0.999986 0.0275502
0.999946 -0.00968816 0.00374208 1.35015 0.00969869 0.999949 -0.00279584 -0.0170438 -0.0037148 0.00283199 0.999989 0.0451476
0.999942 -0.0105051 0.00247335 1.44515 0.0105103 0.999943 -0.00209158 -0.00649048 -0.00245123 0.00211745 0.999995 0.035953
0.99993 -0.0114198 0.00309433 1.55817 0.0114267 0.999932 -0.00224189 -0.0120357 -0.00306852 0.00227709 0.999993 0.0410659
0.999924 -0.0119638 0.00296288 1.66658 0.01197 0.999926 -0.00208346 -0.00658752 -0.00293773 0.00211877 0.999994 0.0594024
0.999928 -0.0117471 0.00238652 1.78121 0.0117512 0.99993 -0.00171782 -0.0106992 -0.00236617 0.00174574 0.999996 0.0561412
0.999924 -0.0119216 0.00308811 1.88233 0.0119256 0.999928 -0.00124557 -0.00738906 -0.00307304 0.0012823 0.999995 0.0495508
0.999918 -0.0124448 0.00315262 1.99588 0.012449 0.999922 -0.00129815 -0.012739 -0.00313622 0.00133729 0.999994 0.0543725
0.99991 -0.0123946 0.00520079 2.1066 0.0123973 0.999923 -0.00048911 -0.0152267 -0.00519433 0.000553542 0.999987 0.071248
0.999908 -0.0124023 0.00559646 2.21993 0.0124124 0.999921 -0.00178247 -0.0233561 -0.00557392 0.00185178 0.999983 0.0660649
0.999898 -0.0134813 0.00468711 2.3247 0.0134837 0.999909 -0.000490166 -0.0171148 -0.00468007 0.000553316 0.999989 0.0797389
0.999895 -0.0135398 0.00510718 2.44158 0.013543 0.999908 -0.000585632 -0.0202321 -0.00509878 0.000654738 0.999987 0.0821166
0.999884 -0.0150045 0.00273409 2.56365 0.0150056 0.999887 -0.000393477 -0.0277224 -0.00272788 0.000434459 0.999996 0.0919834
0.999879 -0.0153612 0.00259615 2.68491 0.0153689 0.999878 -0.00296302 -0.0346987 -0.00255032 0.00300256 0.999992 0.0758326
0.99987 -0.0160836 0.0016137 2.81267 0.0160882 0.999867 -0.00284295 -0.0348532 -0.00156776 0.00286854 0.999995 0.0896959
0.999887 -0.0149579 0.00183272 2.92301 0.0149646 0.999881 -0.00367451 -0.0340087 -0.00177754 0.00370152 0.999992 0.0829614
0.999881 -0.0151553 0.00304727 3.04458 0.0151615 0.999883 -0.00203183 -0.0361955 -0.00301612 0.00207779 0.999993 0.109522
0.999877 -0.0153313 0.00322825 3.16016 0.0153423 0.999876 -0.00343653 -0.036752 -0.00317516 0.00348564 0.999989 0.124679
0.999862 -0.0160818 0.00411987 3.28426 0.0160968 0.999864 -0.00361807 -0.0398376 -0.00406112 0.00368389 0.999985 0.119278
0.999855 -0.0167727 0.00285451 3.40632 0.0167833 0.999852 -0.00370803 -0.0357397 -0.00279189 0.0037554 0.999989 0.10314
0.999852 -0.0171049 0.00215307 3.53485 0.0171127 0.999847 -0.00366564 -0.0361412 -0.00209004 0.00370195 0.999991 0.118717
0.999851 -0.0172432 0.000874013 3.64893 0.0172468 0.999842 -0.00435538 -0.0384592 -0.000798773 0.00436981 0.99999 0.136049
0.999845 -0.0174838 0.00198027 3.76869 0.0174934 0.999835 -0.00495374 -0.0336949 -0.00189333 0.00498762 0.999986 0.135675
0.99984 -0.0178895 0.000202743 3.89516 0.0178902 0.999832 -0.0039833 -0.0263753 -0.000131449 0.00398629 0.999992 0.122412
0.999863 -0.0164181 0.00211121 4.01528 0.0164268 0.999857 -0.00413582 -0.0409933 -0.002043 0.00416994 0.999989 0.112844
0.99986 -0.0165873 0.0021865 4.14406 0.016597 0.999852 -0.0044746 -0.0331956 -0.00211195 0.00451026 0.999988 0.141126
0.999844 -0.0169484 0.00497085 4.26925 0.0169741 0.999843 -0.00515789 -0.0334388 -0.00488265 0.00524146 0.999974 0.155246
0.999835 -0.0179401 0.00297649 4.39849 0.0179551 0.999826 -0.00506311 -0.0372733 -0.00288514 0.00511572 0.999983 0.14283
0.999826 -0.0184832 0.00270417 4.52704 0.0184978 0.999814 -0.00546885 -0.0429597 -0.00260258 0.00551791 0.999981 0.156507
0.999815 -0.0191097 0.00231311 4.6621 0.0191211 0.999805 -0.00503026 -0.044971 -0.00221653 0.00507356 0.999985 0.172294
0.999816 -0.0191178 0.00185005 4.78606 0.0191298 0.999795 -0.00668071 -0.0464171 -0.00172195 0.00671487 0.999976 0.173791
0.999815 -0.019044 0.0025662 4.91718 0.0190604 0.999797 -0.00655765 -0.0510705 -0.00244079 0.00660536 0.999975 0.180411
0.999836 -0.0180008 0.00207889 5.04693 0.0180155 0.999812 -0.00724292 -0.0498315 -0.00194812 0.00727918 0.999972 0.157902
0.999848 -0.0173843 0.00173763 5.17862 0.0173975 0.999818 -0.00785727 -0.0517064 -0.00160072 0.0078863 0.999968 0.152529
0.999838 -0.0177271 0.00300087 5.32428 0.0177557 0.999795 -0.00978 -0.0411547 -0.00282688 0.0098317 0.999948 0.150293
0.999853 -0.0171549 4.14383e-05 5.45546 0.0171544 0.999795 -0.0107425 -0.0432247 0.000142857 0.0107417 0.999942 0.144611
0.99985 -0.0172905 -0.000654416 5.58782 0.017283 0.9998 -0.0100598 -0.0554349 0.000828227 0.010047 0.999949 0.134249
0.999837 -0.0174817 -0.00456066 5.72194 0.0174236 0.99977 -0.0124848 -0.0560798 0.00477787 0.0124033 0.999912 0.161322
0.999813 -0.018786 -0.00452431 5.84407 0.018743 0.99978 -0.00936563 -0.06114 0.00469926 0.00927908 0.999946 0.169989
0.999846 -0.016754 -0.00527367 5.98057 0.0167018 0.999813 -0.00978857 -0.0599646 0.00543668 0.00969898 0.999938 0.168998
0.999846 -0.0164136 -0.00624633 6.1276 0.016346 0.999809 -0.0107265 -0.0647028 0.00642119 0.0106227 0.999923 0.153783
0.999805 -0.0170127 -0.0100393 6.25936 0.0169253 0.999819 -0.00873585 -0.0629893 0.0101861 0.00856422 0.999912 0.155712
0.999787 -0.0177498 -0.0105292 6.39413 0.0176492 0.999798 -0.00957066 -0.0558988 0.0106969 0.0093828 0.999899 0.167493
0.999777 -0.0163118 -0.0133947 6.52996 0.0162022 0.999835 -0.00825016 -0.0633852 0.013527 0.0080313 0.999876 0.175592
0.999747 -0.0163136 -0.015524 6.66901 0.0161775 0.99983 -0.00885726 -0.0627765 0.0156659 0.00860388 0.99984 0.176845
0.999688 -0.0168104 -0.0184606 6.81856 0.016651 0.999823 -0.00875527 -0.0667702 0.0186045 0.00844515 0.999791 0.163673
0.999692 -0.0161428 -0.0188657 6.95058 0.0159682 0.999829 -0.00936935 -0.0697213 0.0190137 0.00906521 0.999778 0.177408
0.999665 -0.0161559 -0.0202346 7.07875 0.0159814 0.999834 -0.00875611 -0.0703184 0.0203727 0.00842979 0.999757 0.183877
0.99965 -0.0159856 -0.0210832 7.22033 0.0158013 0.999836 -0.00888004 -0.0674401 0.0212217 0.00854379 0.999738 0.201875
0.999598 -0.0166999 -0.0229325 7.3618 0.0164497 0.999804 -0.0110572 -0.0728398 0.0231127 0.0106755 0.999676 0.186666
0.999538 -0.0173864 -0.0249445 7.4981 0.017039 0.999756 -0.0140773 -0.0695613 0.0251831 0.0136458 0.99959 0.200173
0.999404 -0.0168756 -0.0301283 7.65116 0.0163831 0.999729 -0.0165202 -0.0801526 0.030399 0.0160168 0.99941 0.203563
0.999481 -0.0167055 -0.0275427 7.77923 0.0163307 0.999772 -0.013779 -0.0764703 0.0277666 0.0133221 0.999526 0.197629
0.999326 -0.0179936 -0.0320121 7.91444 0.017659 0.999787 -0.0107058 -0.0757453 0.0321979 0.0101333 0.99943 0.185514
0.999464 -0.0159405 -0.0285895 8.04698 0.0156559 0.999826 -0.0101501 -0.0756074 0.0287463 0.00969709 0.99954 0.204259
0.99941 -0.0148239 -0.0310003 8.17236 0.0145328 0.999848 -0.00959692 -0.0774512 0.0311378 0.00914073 0.999473 0.214881
0.999563 -0.0141358 -0.0259494 8.32155 0.0138168 0.999827 -0.0124341 -0.0875413 0.0261207 0.0120701 0.999586 0.197803
0.999502 -0.0150687 -0.0277471 8.46296 0.0147361 0.999818 -0.0121518 -0.0853005 0.0279252 0.0117369 0.999541 0.212297
0.99952 -0.014646 -0.0273142 8.58964 0.0143217 0.999825 -0.0120318 -0.0809104 0.0274857 0.0116349 0.999555 0.20974
0.999498 -0.0152694 -0.0277491 8.72431 0.0148953 0.999796 -0.0136391 -0.0768668 0.0279517 0.013219 0.999522 0.232821
0.9995 -0.0148683 -0.0279037 8.8674 0.0145536 0.999829 -0.011447 -0.0715141 0.0280691 0.0110352 0.999545 0.239142
0.999528 -0.0139833 -0.0273615 9.00224 0.0136849 0.999845 -0.011065 -0.0794693 0.027512 0.0106853 0.999564 0.232622
0.999521 -0.0138806 -0.0276554 9.14276 0.0135395 0.99983 -0.0124855 -0.0822478 0.027824 0.0121051 0.99954 0.2363
0.999596 -0.014125 -0.0246729 9.28367 0.0139147 0.999866 -0.00867433 -0.0746687 0.0247922 0.0083275 0.999658 0.238383
0.999538 -0.0158008 -0.0259618 9.43771 0.0155023 0.999812 -0.0116602 -0.0847337 0.0261412 0.0112523 0.999595 0.248991
0.999524 -0.0151526 -0.0268851 9.5929 0.0148759 0.999835 -0.0104625 -0.0955103 0.0270392 0.0100575 0.999584 0.235315
0.999544 -0.0144322 -0.0265363 9.75575 0.0141654 0.999848 -0.0102137 -0.0856331 0.0266797 0.00983313 0.999596 0.232368
0.999511 -0.0145293 -0.0276969 9.92297 0.0142611 0.99985 -0.00985655 -0.101716 0.027836 0.00945675 0.999568 0.227697
0.999548 -0.0141912 -0.0265091 10.0827 0.013983 0.99987 -0.00802414 -0.099279 0.0266195 0.00764984 0.999617 0.226298
0.999579 -0.0138416 -0.0255108 10.2428 0.0136351 0.999873 -0.00825368 -0.0918427 0.0256218 0.00790236 0.999641 0.240809
0.999594 -0.0148217 -0.0243488 10.4072 0.0146585 0.999869 -0.00686857 -0.0984273 0.0244474 0.00650887 0.99968 0.257992
0.999546 -0.0143996 -0.0264584 10.5673 0.0142528 0.999882 -0.00573223 -0.0916288 0.0265378 0.00535252 0.999634 0.259901
0.999494 -0.0154708 -0.0277977 10.7357 0.0153039 0.999864 -0.00620924 -0.102229 0.02789 0.00578069 0.999594 0.255648
0.999524 -0.0146071 -0.0271775 10.9047 0.0144394 0.999876 -0.00635559 -0.102179 0.0272669 0.00596013 0.999611 0.260208
0.999522 -0.0146491 -0.0272241 11.0661 0.0145277 0.999884 -0.00465249 -0.0990564 0.0272891 0.00425476 0.999619 0.284341
0.999561 -0.0138018 -0.0262067 11.2483 0.0136346 0.999886 -0.00655035 -0.108167 0.0262941 0.00619016 0.999635 0.282123
0.999515 -0.0145651 -0.0275109 11.4161 0.0143581 0.999867 -0.00770958 -0.0971284 0.0276196 0.00731084 0.999592 0.288762
0.999527 -0.0142469 -0.0272556 11.5772 0.0140573 0.999876 -0.0071358 -0.100972 0.0273538 0.00674928 0.999603 0.287587
0.999472 -0.0148316 -0.028904 11.7508 0.0144988 0.999827 -0.0116922 -0.101421 0.0290724 0.0112669 0.999514 0.307226
0.999491 -0.0149489 -0.0281845 11.9149 0.0146451 0.999833 -0.0109561 -0.106947 0.0283435 0.0105378 0.999543 0.310104
0.999553 -0.0135413 -0.0266472 12.0812 0.0132799 0.999862 -0.00996596 -0.113371 0.0267785 0.00960764 0.999595 0.308916
0.999582 -0.0130255 -0.0257998 12.2543 0.0127064 0.999841 -0.0124958 -0.104355 0.0259585 0.0121628 0.999589 0.303844
0.999613 -0.0125029 -0.0248643 12.4177 0.012238 0.999867 -0.0107781 -0.1089 0.0249958 0.0104697 0.999633 0.31831
0.999546 -0.0123011 -0.0275126 12.5791 0.0119452 0.999843 -0.0130639 -0.11388 0.027669 0.0127293 0.999536 0.314539
0.9995 -0.0130698 -0.0288071 12.7544 0.0127419 0.999852 -0.0115356 -0.119068 0.0289536 0.0111628 0.999519 0.313805
0.999471 -0.0136025 -0.0295344 12.9137 0.013248 0.999838 -0.0121664 -0.115667 0.0296951 0.0117687 0.99949 0.3169
0.99947 -0.0128149 -0.029936 13.0764 0.0124164 0.999832 -0.0134613 -0.116688 0.0301035 0.0130825 0.999461 0.320752
0.999535 -0.0123067 -0.0279101 13.252 0.0119056 0.999824 -0.0144928 -0.119598 0.0280835 0.0141538 0.999505 0.316922
0.999533 -0.0130754 -0.0276157 13.4195 0.012655 0.999802 -0.0153425 -0.112323 0.0278108 0.0149859 0.999501 0.320456
0.999521 -0.0127142 -0.0282109 13.5753 0.0123528 0.99984 -0.0129471 -0.121435 0.028371 0.0125924 0.999518 0.328792
0.999484 -0.0134394 -0.0291729 13.7387 0.0130324 0.999816 -0.0140973 -0.124692 0.029357 0.0137098 0.999475 0.316255
0.999395 -0.0130155 -0.0322497 13.9006 0.0126275 0.999846 -0.0122083 -0.141646 0.0324037 0.0117937 0.999405 0.316394
0.999449 -0.0124171 -0.0307815 14.0634 0.0120436 0.999852 -0.0122898 -0.124321 0.0309296 0.0119123 0.999451 0.345652
0.999525 -0.0113699 -0.0286636 14.2287 0.0110688 0.999882 -0.0106443 -0.131831 0.0287813 0.010322 0.999533 0.332646
0.999486 -0.0128377 -0.0293692 14.3998 0.0124671 0.999841 -0.0127702 -0.138099 0.0295285 0.0123975 0.999487 0.331739
0.999457 -0.013107 -0.0302524 14.5593 0.0127264 0.999838 -0.0127401 -0.141658 0.0304144 0.0123482 0.999461 0.35084
0.999469 -0.0125331 -0.0300866 14.7241 0.0121137 0.999827 -0.014084 -0.143305 0.0302579 0.0137121 0.999448 0.351929
0.999443 -0.0126502 -0.0308926 14.8806 0.0122342 0.999833 -0.013618 -0.141325 0.0310597 0.0132325 0.99943 0.352975
0.999469 -0.0116628 -0.0304465 15.0444 0.0112596 0.999847 -0.0133818 -0.147721 0.0305979 0.0130318 0.999447 0.362647
0.999512 -0.0107687 -0.0293422 15.2057 0.010455 0.999887 -0.0108246 -0.149826 0.0294555 0.0105125 0.999511 0.378779
0.999524 -0.0105679 -0.0289725 15.3611 0.0102113 0.999871 -0.0124283 -0.155568 0.0291001 0.0121265 0.999503 0.366706
0.999389 -0.00977369 -0.0335629 15.5363 0.00937263 0.999883 -0.0120866 -0.165152 0.0336771 0.0117647 0.999364 0.373971
0.999477 -0.0096962 -0.0308408 15.7008 0.00933167 0.999885 -0.0119419 -0.14815 0.0309531 0.0116478 0.999453 0.372953
0.99939 -0.0116526 -0.032916 15.8595 0.0112713 0.999867 -0.0117494 -0.151733 0.0330485 0.0113712 0.999389 0.383439
0.999274 -0.0118574 -0.0362127 16.0097 0.011552 0.999896 -0.00862985 -0.153447 0.0363113 0.00820526 0.999307 0.381079
0.999431 -0.00860145 -0.0326098 16.1847 0.0082154 0.999895 -0.0119556 -0.156495 0.0327092 0.0116809 0.999397 0.376838
0.999505 -0.00889426 -0.0301866 16.3585 0.00843027 0.999845 -0.0154638 -0.152723 0.0303195 0.0152017 0.999425 0.371677
0.999452 -0.00922275 -0.0317967 16.5132 0.00878495 0.999865 -0.013882 -0.155381 0.0319204 0.013595 0.999398 0.369493
0.99943 -0.00928569 -0.0324688 16.6767 0.00887075 0.999878 -0.0128992 -0.158208 0.0325846 0.0126038 0.99939 0.384961
0.999423 -0.0094654 -0.0326099 16.8424 0.00911015 0.999898 -0.011026 -0.163595 0.0327109 0.0107225 0.999407 0.369563
0.999367 -0.00962403 -0.0342546 17.0047 0.00922594 0.999888 -0.0117616 -0.169959 0.034364 0.0114382 0.999344 0.369108
0.999435 -0.00772725 -0.0327001 17.163 0.0074054 0.999923 -0.00995389 -0.164191 0.0327745 0.00970612 0.999416 0.369186
0.99949 -0.00764882 -0.031006 17.3397 0.00728494 0.999904 -0.0118326 -0.170375 0.0310935 0.0116006 0.999449 0.374875
0.999486 -0.00856382 -0.0308869 17.496 0.00815772 0.999879 -0.0132501 -0.16909 0.0309967 0.0129914 0.999435 0.380919
0.999374 -0.00810961 -0.0344264 17.6634 0.00771437 0.999903 -0.0115986 -0.180387 0.0345172 0.0113257 0.99934 0.386653
0.999404 -0.0091671 -0.0332895 17.8294 0.00870484 0.999864 -0.0140047 -0.170804 0.0334133 0.0137066 0.999348 0.395561
0.999356 -0.00952059 -0.0345981 17.9856 0.00909172 0.99988 -0.0125329 -0.168535 0.0347132 0.0122103 0.999323 0.402704
0.99939 -0.00863445 -0.0338512 18.1443 0.0082507 0.9999 -0.0114599 -0.17457 0.0339468 0.0111736 0.999361 0.393086
0.999442 -0.00796948 -0.0324387 18.313 0.00756647 0.999893 -0.0125288 -0.172111 0.0325351 0.0122763 0.999395 0.39884
0.999419 -0.00800913 -0.0331184 18.4767 0.00762494 0.999902 -0.0117128 -0.183966 0.033209 0.0114535 0.999383 0.39971
0.999462 -0.00748274 -0.0319476 18.6348 0.0070282 0.999873 -0.0143166 -0.179259 0.0320507 0.0140844 0.999387 0.402984
0.999419 -0.00761492 -0.0332291 18.8051 0.00713223 0.999868 -0.0146207 -0.179493 0.0333361 0.0143752 0.999341 0.404666
0.999387 -0.00825537 -0.0340371 18.9627 0.00778815 0.999874 -0.0138378 -0.195753 0.034147 0.0135643 0.999325 0.405933
0.999432 -0.00590136 -0.0331725 19.126 0.00556846 0.999933 -0.0101204 -0.189598 0.03323 0.0099299 0.999398 0.398193
0.999488 -0.00563436 -0.0314839 19.2917 0.00533678 0.99994 -0.00952919 -0.178221 0.0315358 0.00935629 0.999459 0.412397
0.999409 -0.00590375 -0.0338719 19.4456 0.00547983 0.999906 -0.0125948 -0.187013 0.0339431 0.0124017 0.999347 0.423702
0.999347 -0.00633645 -0.0355631 19.6157 0.00587445 0.999897 -0.0130807 -0.191897 0.0356424 0.0128632 0.999282 0.416279
0.999365 -0.00595749 -0.0351428 19.7803 0.00548098 0.999892 -0.0136401 -0.205503 0.0352203 0.0134389 0.999289 0.423763
0.999344 -0.00694028 -0.0355454 19.9412 0.0065104 0.999905 -0.0121958 -0.19764 0.0356267 0.0119564 0.999294 0.423285
0.999327 -0.00634675 -0.0361256 20.1019 0.00602825 0.999942 -0.00891913 -0.208734 0.0361801 0.00869536 0.999308 0.447508
0.999336 -0.00598507 -0.0359393 20.2716 0.00569773 0.999951 -0.00809241 -0.211903 0.035986 0.00788227 0.999321 0.446976
0.999434 -0.00612398 -0.0330854 20.4314 0.00575204 0.999919 -0.0113257 -0.214384 0.0331521 0.011129 0.999388 0.442579
0.999398 -0.00547766 -0.0342579 20.5864 0.00516984 0.999946 -0.00906753 -0.223324 0.0343057 0.00888496 0.999372 0.466806
0.99942 -0.00671709 -0.0334025 20.7618 0.00630245 0.999902 -0.012504 -0.215319 0.0334832 0.0122862 0.999364 0.466671
0.999414 -0.00706938 -0.0334845 20.9148 0.00663635 0.999893 -0.0130262 -0.205195 0.033573 0.0127964 0.999354 0.479761
0.999391 -0.00672395 -0.0342414 21.0757 0.00630194 0.999903 -0.0124181 -0.219744 0.0343216 0.0121948 0.999337 0.486883
0.999421 -0.00580885 -0.0335447 21.2531 0.00539223 0.999907 -0.0124977 -0.217496 0.0336142 0.0123096 0.999359 0.477183
0.999513 -0.00547016 -0.0307135 21.4269 0.00502895 0.999883 -0.014426 -0.219624 0.0307888 0.0142645 0.999424 0.480023
0.999514 -0.00536019 -0.0307209 21.5839 0.00484957 0.999849 -0.0166717 -0.214132 0.0308056 0.0165146 0.999389 0.477478
0.999416 -0.00470706 -0.0338553 21.739 0.00444891 0.999961 -0.00769642 -0.225411 0.0338902 0.00754131 0.999397 0.462699
0.999416 -0.00495601 -0.0338018 21.9129 0.00456048 0.99992 -0.0117684 -0.232106 0.0338575 0.0116074 0.999359 0.481944
0.99952 -0.00391247 -0.0307207 22.0741 0.00374074 0.999977 -0.00564597 -0.218688 0.030742 0.00552835 0.999512 0.479569
0.999425 -0.00389155 -0.033685 22.2438 0.00359792 0.999955 -0.00877338 -0.223129 0.0337176 0.00864714 0.999394 0.47844
0.999446 -0.00453982 -0.032976 22.4072 0.00423295 0.999947 -0.00937046 -0.223587 0.0330168 0.00922568 0.999412 0.476303
0.999462 -0.00486856 -0.0324262 22.5615 0.00458144 0.99995 -0.00892345 -0.221734 0.032468 0.00877009 0.999434 0.478614
0.999409 -0.00510636 -0.0339876 22.7275 0.00470223 0.999918 -0.0119602 -0.223934 0.0340459 0.0117933 0.999351 0.484221
0.999399 -0.00437821 -0.0343941 22.8935 0.0040485 0.999945 -0.00965013 -0.231148 0.0344345 0.00950508 0.999362 0.49603
0.999464 -0.00429695 -0.0324543 23.0515 0.00398623 0.999946 -0.00963284 -0.228313 0.0324939 0.00949831 0.999427 0.499804
0.99946 -0.00309792 -0.0327029 23.2123 0.00289467 0.999976 -0.00626084 -0.233337 0.0327215 0.0061628 0.999446 0.488222
0.999487 -0.00255486 -0.0319374 23.3903 0.00226426 0.999956 -0.00913116 -0.236621 0.0319593 0.00905416 0.999448 0.494333
0.999463 -0.00266289 -0.0326687 23.5505 0.00239667 0.999964 -0.00818683 -0.239212 0.0326893 0.00810414 0.999433 0.515647
0.999448 -0.00217236 -0.0331599 23.7191 0.00183545 0.999946 -0.010187 -0.23739 0.0331803 0.0101205 0.999398 0.512298
0.999396 -0.00254366 -0.0346549 23.8745 0.00222619 0.999955 -0.00919769 -0.243884 0.0346767 0.00911499 0.999357 0.507225
0.999443 -0.00252867 -0.0332831 24.0397 0.00209772 0.999914 -0.0129768 -0.246839 0.0333131 0.0128997 0.999362 0.520622
0.999427 -0.000457551 -0.0338427 24.1972 0.0001301 0.999953 -0.00967945 -0.247131 0.0338455 0.00966951 0.99938 0.519485
0.999456 -0.00112677 -0.0329643 24.3686 0.000746975 0.999933 -0.0115325 -0.236116 0.0329751 0.0115016 0.99939 0.513283
0.999478 -0.00136573 -0.0322708 24.5304 0.00107555 0.999959 -0.00900874 -0.237544 0.0322817 0.00896934 0.999439 0.526921
0.999397 -0.00197665 -0.0346751 24.6967 0.00158285 0.999934 -0.0113823 -0.240418 0.0346954 0.0113205 0.999334 0.527634
0.99936 -0.00177249 -0.0357268 24.851 0.00138303 0.999939 -0.0109227 -0.248093 0.035744 0.0108663 0.999302 0.518443
0.999356 -0.000548686 -0.0358904 25.0192 0.000269086 0.99997 -0.0077956 -0.259196 0.0358936 0.00778091 0.999325 0.510287
0.999468 -0.000299231 -0.0326298 25.189 -6.24092e-05 0.999939 -0.0110832 -0.245619 0.0326311 0.0110793 0.999406 0.541362
0.999481 0.000560254 -0.0322137 25.3398 -0.000853707 0.999958 -0.00909683 -0.259772 0.0322072 0.00911961 0.99944 0.533812
0.99948 -0.000501151 -0.0322513 25.5098 7.68428e-05 0.999914 -0.013156 -0.260432 0.0322551 0.0131467 0.999393 0.526086
0.999505 -0.000280793 -0.0314604 25.6696 -0.000134843 0.999913 -0.0132092 -0.269661 0.0314613 0.0132069 0.999418 0.531791
0.99943 -0.000417716 -0.0337701 25.8309 -8.6655e-05 0.999889 -0.0149322 -0.269182 0.0337726 0.0149266 0.999318 0.540621
0.999446 0.000200489 -0.0332729 25.9892 -0.000659713 0.999905 -0.0137924 -0.276607 0.0332669 0.0138068 0.999351 0.540499
0.999458 0.000742062 -0.0329272 26.1496 -0.00112357 0.999932 -0.0115702 -0.270923 0.0329164 0.0116009 0.999391 0.559614
0.999501 0.0015905 -0.0315405 26.3169 -0.0018831 0.999956 -0.00925073 -0.268874 0.0315244 0.00930551 0.99946 0.565444
0.999506 0.000698917 -0.0314114 26.4841 -0.00110157 0.999918 -0.0128047 -0.271071 0.0313999 0.012833 0.999425 0.570972
0.999458 0.000899239 -0.0329017 26.6419 -0.00124451 0.999944 -0.0104759 -0.273118 0.0328905 0.0105112 0.999404 0.56574
0.999487 0.000342963 -0.0320293 26.8104 -0.000797 0.999899 -0.0141651 -0.274014 0.0320212 0.0141834 0.999387 0.571391
0.999475 0.000929026 -0.0323772 26.9601 -0.0012476 0.999951 -0.00982192 -0.282904 0.0323665 0.00985716 0.999428 0.574024
0.999475 0.00247433 -0.0323198 27.1262 -0.00282271 0.999938 -0.0107392 -0.293764 0.0322912 0.0108248 0.99942 0.575534
0.999506 0.00301497 -0.0312788 27.2873 -0.00340747 0.999916 -0.0125025 -0.291243 0.0312384 0.0126029 0.999433 0.578158
0.99955 0.00295395 -0.0298443 27.4573 -0.00335079 0.999907 -0.0132557 -0.294334 0.0298023 0.0133498 0.999467 0.566131
0.999491 0.00207164 -0.0318517 27.6161 -0.00247318 0.999918 -0.0125724 -0.295989 0.0318231 0.0126447 0.999414 0.559917
0.999471 0.00227005 -0.0324541 27.7746 -0.00261806 0.99994 -0.0106844 -0.29757 0.0324279 0.0107637 0.999416 0.555696
0.999432 0.00102013 -0.033688 27.9319 -0.00136977 0.999946 -0.0103574 -0.310918 0.0336756 0.0103977 0.999379 0.562459
0.99942 0.00156484 -0.0340113 28.0882 -0.0019138 0.999946 -0.0102312 -0.306508 0.0339934 0.0102903 0.999369 0.571204
0.999441 0.00311041 -0.0333027 28.2443 -0.00350437 0.999925 -0.0117782 -0.313074 0.0332636 0.0118883 0.999376 0.577545
0.999491 0.00380032 -0.0316859 28.4025 -0.00418202 0.99992 -0.0119893 -0.311646 0.0316378 0.0121157 0.999426 0.57812
0.99947 0.00243397 -0.032478 28.5679 -0.0028321 0.999921 -0.0122189 -0.321814 0.0324457 0.0123044 0.999398 0.59122
0.99944 0.00376083 -0.0332536 28.7259 -0.00414861 0.999924 -0.0116016 -0.320753 0.0332074 0.0117331 0.99938 0.593893
0.999426 0.00163483 -0.0338433 28.8783 -0.00214698 0.999884 -0.0151034 -0.317827 0.0338147 0.0151674 0.999313 0.601071
0.999446 0.00215278 -0.0332298 29.0322 -0.0025862 0.999912 -0.013007 -0.312851 0.0331989 0.0130857 0.999363 0.598874
0.999476 0.00302352 -0.0322266 29.1909 -0.00336941 0.999937 -0.0106853 -0.314698 0.0321923 0.0107883 0.999424 0.604459
0.999515 0.00402078 -0.0308724 29.3494 -0.00429792 0.999951 -0.0089175 -0.315889 0.0308351 0.00904587 0.999484 0.622542
0.999511 0.00353249 -0.0310797 29.5138 -0.00379283 0.999958 -0.00832198 -0.313374 0.031049 0.00843579 0.999482 0.618121
0.99945 0.00199163 -0.0331183 29.6713 -0.00219582 0.999979 -0.00613043 -0.319239 0.0331054 0.00619977 0.999433 0.618285
0.999502 0.00202947 -0.0314991 29.8356 -0.00224422 0.999974 -0.00678559 -0.326038 0.0314845 0.0068529 0.999481 0.619664
0.999482 0.00197887 -0.0321283 29.992 -0.00217127 0.99998 -0.00595533 -0.322052 0.0321159 0.006022 0.999466 0.62631
0.999503 0.00277643 -0.0314146 30.1529 -0.00298216 0.999974 -0.00650558 -0.316908 0.0313957 0.00659603 0.999485 0.635832
0.999567 0.0035176 -0.0292069 30.3133 -0.00373082 0.999967 -0.00724871 -0.320313 0.0291804 0.00735454 0.999547 0.624843
0.999556 0.0111241 -0.0276288 30.4774 -0.0113293 0.999909 -0.00728007 -0.328037 0.0275453 0.00758986 0.999592 0.63162
0.999487 0.015455 -0.0280708 30.6333 -0.0156349 0.999859 -0.00620183 -0.336591 0.027971 0.00663753 0.999587 0.628757
0.999253 0.0250991 -0.0293969 30.8014 -0.0253478 0.999646 -0.0081186 -0.338706 0.0291827 0.00885768 0.999535 0.6242
0.999122 0.0285061 -0.0307008 30.9539 -0.0287248 0.999565 -0.00670724 -0.350956 0.0304963 0.00758323 0.999506 0.645581
0.998856 0.0383682 -0.0285473 31.1062 -0.0385185 0.999247 -0.00473264 -0.354704 0.0283442 0.00582683 0.999581 0.641958
0.998635 0.0444849 -0.0273793 31.267 -0.0446402 0.99899 -0.00508443 -0.375503 0.0271254 0.0062997 0.999612 0.644277
0.998387 0.0495954 -0.0276561 31.4269 -0.0498445 0.998722 -0.00839093 -0.384133 0.0272046 0.0097559 0.999582 0.654083
0.998078 0.0551866 -0.0281896 31.5872 -0.0554791 0.998413 -0.00970085 -0.391106 0.0276095 0.0112461 0.999556 0.656996
0.997733 0.0613229 -0.0277163 31.7467 -0.0615934 0.998061 -0.0090115 -0.406296 0.0271099 0.0106982 0.999575 0.663294
0.997556 0.0638112 -0.0284741 31.9112 -0.0642231 0.99784 -0.0137915 -0.419516 0.0275325 0.0155865 0.999499 0.663177
0.997308 0.0671668 -0.0294112 32.0598 -0.0675924 0.997619 -0.0137236 -0.438247 0.0284194 0.0156746 0.999473 0.668292
0.997151 0.0702211 -0.0275696 32.2212 -0.0706872 0.997365 -0.016315 -0.453931 0.0263513 0.0182174 0.999487 0.65882
0.996964 0.0733417 -0.0261495 32.3715 -0.0737401 0.99717 -0.0146136 -0.456126 0.0250037 0.0164975 0.999551 0.659562
0.996965 0.0732486 -0.0263948 32.5373 -0.0736545 0.997175 -0.0147452 -0.464675 0.0252401 0.0166445 0.999543 0.660467
0.997009 0.0720751 -0.0278866 32.6891 -0.0724605 0.997286 -0.0130627 -0.484913 0.0268694 0.0150443 0.999526 0.674537
0.996861 0.0735373 -0.0293375 32.8463 -0.0740237 0.997131 -0.0158505 -0.501715 0.0280877 0.0179725 0.999444 0.682597
0.996914 0.0727325 -0.0295317 33.0105 -0.0732694 0.997158 -0.0175243 -0.512565 0.0281732 0.019634 0.99941 0.678074
0.996803 0.0740768 -0.0299552 33.1681 -0.0746576 0.997033 -0.0187588 -0.524851 0.0284767 0.0209352 0.999375 0.67994
0.996641 0.0762832 -0.0298038 33.3183 -0.0767676 0.996929 -0.0154608 -0.541667 0.0285328 0.0176969 0.999436 0.671879
0.996612 0.0771369 -0.0285439 33.47 -0.0775568 0.996891 -0.0139048 -0.55834 0.0273826 0.0160715 0.999496 0.676047
0.99661 0.0761657 -0.0311191 33.6241 -0.0764534 0.99704 -0.00816318 -0.576273 0.0304052 0.0105147 0.999482 0.695355
0.996595 0.0760341 -0.031895 33.7764 -0.0762911 0.997062 -0.00692028 -0.595565 0.0312751 0.00933003 0.999467 0.705334
0.996545 0.0763926 -0.0326027 33.9211 -0.0766141 0.997045 -0.00559773 -0.609125 0.0320788 0.00807622 0.999453 0.701881
0.99644 0.0772592 -0.0337292 34.0779 -0.0774693 0.996982 -0.00496658 -0.61322 0.0332437 0.00756188 0.999419 0.706734
0.996304 0.0785057 -0.0348709 34.2319 -0.0788161 0.99686 -0.00761461 -0.629072 0.0341636 0.0103349 0.999363 0.710139
0.996205 0.0813353 -0.0309957 34.3922 -0.0815325 0.996657 -0.00515026 -0.64214 0.0304732 0.00765787 0.999506 0.694547
0.996396 0.0797435 -0.0289232 34.5464 -0.0799513 0.99678 -0.00609873 -0.649678 0.0283437 0.00838919 0.999563 0.691756
0.996346 0.0785986 -0.0334382 34.7035 -0.0789135 0.996848 -0.00820474 -0.673076 0.0326879 0.0108135 0.999407 0.707716
0.996212 0.0802661 -0.0334591 34.8581 -0.0806922 0.996672 -0.0115811 -0.685975 0.0324181 0.0142371 0.999373 0.703431
0.996193 0.0805655 -0.0333093 35.0168 -0.0810192 0.996634 -0.012503 -0.694649 0.0321898 0.0151541 0.999367 0.711516
0.996302 0.0792347 -0.0332454 35.1744 -0.0796656 0.996751 -0.011844 -0.714245 0.0321989 0.0144487 0.999377 0.723683
0.996033 0.0833128 -0.0312787 35.3276 -0.083574 0.996476 -0.00713758 -0.725047 0.0305738 0.00972334 0.999485 0.734777
0.996161 0.0810803 -0.0329928 35.4859 -0.0814241 0.996637 -0.00921177 -0.733167 0.032135 0.0118628 0.999413 0.731353
0.996137 0.081197 -0.0334388 35.6433 -0.0816048 0.996604 -0.0110156 -0.752377 0.0324308 0.0137018 0.99938 0.748918
0.996397 0.0780704 -0.0331516 35.7883 -0.0785195 0.996835 -0.0124664 -0.759071 0.0320734 0.0150245 0.999373 0.736569
0.997054 0.0691009 -0.0332877 35.9326 -0.0695179 0.997514 -0.0115353 -0.767081 0.0324078 0.0138154 0.999379 0.728309
0.997379 0.0635677 -0.0345634 36.0849 -0.0639534 0.997901 -0.0101698 -0.788321 0.0338443 0.0123536 0.999351 0.726385
0.997456 0.0637964 -0.031806 36.2164 -0.0641266 0.997897 -0.00947311 -0.791411 0.0311347 0.0114886 0.999449 0.73151
0.997523 0.0634692 -0.030338 36.3866 -0.0637914 0.997916 -0.00977147 -0.797431 0.0296546 0.0116826 0.999492 0.733588
0.997619 0.0626432 -0.0288497 36.5379 -0.0629009 0.997987 -0.00811288 -0.805966 0.0282834 0.00990823 0.999551 0.729947
0.997631 0.061565 -0.0307075 36.6876 -0.0618587 0.998047 -0.00870654 -0.820487 0.0301115 0.0105854 0.999491 0.748482
0.997555 0.0620504 -0.0321431 36.8283 -0.0623167 0.998029 -0.00734974 -0.824577 0.0316237 0.00933482 0.999456 0.742661
0.997573 0.061917 -0.0318562 36.9904 -0.0621845 0.998037 -0.00747599 -0.836594 0.0313308 0.00943881 0.999465 0.749403
0.997657 0.0605047 -0.0319239 37.1368 -0.0608405 0.998101 -0.00965454 -0.843742 0.0312792 0.0115742 0.999444 0.755979
0.997608 0.0627688 -0.0289596 37.2735 -0.0629078 0.998012 -0.00391785 -0.855738 0.0286561 0.00573026 0.999573 0.759493
0.997458 0.064743 -0.0297682 37.436 -0.0649718 0.997864 -0.00678536 -0.868292 0.0292653 0.00870221 0.999534 0.759942
0.997571 0.0634045 -0.0288465 37.5972 -0.0637603 0.997898 -0.0115877 -0.878037 0.0280511 0.0133988 0.999517 0.762968
0.997566 0.0631206 -0.0296197 37.7429 -0.0635071 0.997906 -0.012294 -0.886347 0.0287817 0.0141452 0.999486 0.764333
0.99744 0.064504 -0.0308606 37.8891 -0.0648869 0.997826 -0.0115719 -0.899843 0.0300471 0.0135447 0.999457 0.769106
0.99745 0.0643048 -0.0309667 38.0477 -0.0648101 0.997776 -0.0155994 -0.918413 0.0298947 0.0175666 0.999399 0.761588
0.997438 0.0649296 -0.030021 38.1963 -0.0654274 0.997731 -0.0159078 -0.927869 0.02892 0.0178312 0.999423 0.760701
0.997334 0.066034 -0.0310506 38.361 -0.0666884 0.997563 -0.0205365 -0.93451 0.0296188 0.0225525 0.999307 0.762787
0.997343 0.0667198 -0.0292452 38.521 -0.0672138 0.997606 -0.0162471 -0.943046 0.0280912 0.0181696 0.99944 0.763294
0.997371 0.0652961 -0.0314299 38.6684 -0.0658259 0.997701 -0.0161292 -0.957442 0.0303045 0.0181557 0.999376 0.781489
0.997294 0.0657121 -0.0329765 38.7959 -0.0661857 0.997716 -0.0134809 -0.969671 0.0320153 0.015627 0.999365 0.779245
0.997304 0.0654793 -0.0331328 38.9697 -0.0658231 0.997787 -0.00939459 -0.981194 0.0324444 0.0115502 0.999407 0.770585
0.997367 0.0646319 -0.032889 39.1121 -0.0649586 0.997848 -0.00896389 -0.983382 0.0322389 0.0110767 0.999419 0.793195
0.997287 0.0668625 -0.0307883 39.276 -0.0670891 0.997727 -0.00638911 -0.991496 0.0302911 0.00843734 0.999506 0.785666
0.997151 0.0677292 -0.0331971 39.4485 -0.0681073 0.997624 -0.0103961 -0.990078 0.0324141 0.0126274 0.999395 0.798185
0.997245 0.0669575 -0.0319205 39.586 -0.067333 0.997672 -0.0108385 -1.02097 0.0311205 0.0129579 0.999432 0.796811
0.997201 0.0674347 -0.0322881 39.7285 -0.0678237 0.997636 -0.0111091 -1.04432 0.0314626 0.0132679 0.999417 0.78712
0.997081 0.0683059 -0.0341098 39.8914 -0.0686832 0.997588 -0.0100162 -1.05157 0.0333433 0.0123298 0.999368 0.783075
0.997077 0.0677267 -0.0353524 40.041 -0.0682176 0.997588 -0.0128687 -1.06372 0.0343955 0.0152428 0.999292 0.781105
0.997101 0.0682601 -0.0336129 40.1979 -0.0686417 0.997588 -0.0103353 -1.07088 0.0328263 0.0126126 0.999382 0.802662
0.997041 0.0693688 -0.0331124 40.3603 -0.0697997 0.997488 -0.0120406 -1.08166 0.032194 0.0143162 0.999379 0.809709
0.99705 0.070189 -0.0310635 40.5193 -0.0705468 0.997452 -0.0105755 -1.09176 0.030242 0.0127357 0.999462 0.815499
0.997037 0.0688351 -0.034342 40.6641 -0.0693094 0.997513 -0.0128198 -1.11155 0.0333742 0.015162 0.999328 0.814148
0.996966 0.0701118 -0.0338233 40.8251 -0.0704939 0.99746 -0.0102371 -1.12149 0.0330197 0.0125904 0.999376 0.827774
0.996929 0.0700882 -0.0349487 40.9747 -0.0706187 0.997403 -0.0141819 -1.13337 0.0338639 0.0166064 0.999289 0.832105
0.996899 0.0706422 -0.0346811 41.1221 -0.0710085 0.997431 -0.00944511 -1.149 0.0339248 0.0118785 0.999354 0.831797
0.996855 0.0714821 -0.0342096 41.2787 -0.0718465 0.99737 -0.0095423 -1.15373 0.0334376 0.0119701 0.999369 0.837846
0.996757 0.0735978 -0.0325367 41.4306 -0.0738879 0.997236 -0.00780244 -1.17462 0.0318725 0.0101812 0.99944 0.843217
0.996833 0.0723093 -0.0331115 41.5926 -0.0727499 0.997274 -0.0123017 -1.16523 0.0321317 0.0146716 0.999376 0.832954
0.996855 0.0720255 -0.0330511 41.7306 -0.0724095 0.997319 -0.0105704 -1.17634 0.0322011 0.0129304 0.999398 0.834989
0.996775 0.0725795 -0.034227 41.899 -0.073074 0.997236 -0.0134224 -1.2047 0.0331582 0.0158802 0.999324 0.85034
0.996698 0.0735807 -0.0343353 42.031 -0.0738985 0.997233 -0.008078 -1.21008 0.0336459 0.0105886 0.999378 0.862775
0.996727 0.0738173 -0.0329604 42.2061 -0.0741419 0.997209 -0.00873716 -1.22024 0.0322235 0.0111523 0.999419 0.853935
0.996618 0.0757179 -0.0319225 42.3745 -0.0759858 0.997083 -0.0072638 -1.21129 0.0312794 0.00966489 0.999464 0.845381
0.996693 0.0747398 -0.0319093 42.5325 -0.0750949 0.997126 -0.0100802 -1.22695 0.0310642 0.0124431 0.99944 0.863756
0.996676 0.0745495 -0.0328459 42.6792 -0.0749504 0.997125 -0.0111478 -1.24707 0.0319204 0.0135725 0.999398 0.869038
0.99651 0.0759401 -0.0346686 42.8392 -0.0763031 0.997042 -0.00926867 -1.25476 0.0338622 0.0118816 0.999356 0.868044
0.996573 0.0747942 -0.0353301 42.9899 -0.0752561 0.997093 -0.0119292 -1.26407 0.0343352 0.0145472 0.999305 0.882595
0.996571 0.0755183 -0.0338177 43.1601 -0.0759152 0.997058 -0.0106086 -1.27385 0.032917 0.0131395 0.999372 0.895476
0.996463 0.0770267 -0.0335793 43.3275 -0.0774004 0.99695 -0.00997376 -1.27826 0.0327086 0.0125375 0.999386 0.903407
0.996409 0.0777618 -0.0335135 43.4807 -0.0780972 0.996907 -0.00881696 -1.29564 0.0327242 0.0114026 0.999399 0.902698
0.996472 0.0771593 -0.0330208 43.6422 -0.0775228 0.996942 -0.00987075 -1.29699 0.0321582 0.0123958 0.999406 0.90663
0.996336 0.0779661 -0.0351447 43.7901 -0.0783118 0.996892 -0.00856734 -1.31305 0.0343675 0.0112882 0.999346 0.909932
0.996252 0.0782118 -0.0369444 43.9531 -0.0787054 0.996825 -0.0120974 -1.32415 0.035881 0.0149597 0.999244 0.91829
0.996202 0.0786941 -0.0372786 44.1147 -0.0791138 0.996816 -0.00992066 -1.333 0.0363792 0.0128322 0.999256 0.927325
0.996176 0.0790355 -0.0372433 44.2742 -0.079431 0.996797 -0.00926169 -1.34777 0.036392 0.0121845 0.999263 0.931223
0.996148 0.0801709 -0.0355256 44.4244 -0.0805301 0.996713 -0.00879574 -1.38604 0.0347037 0.0116227 0.99933 0.90206
0.996227 0.0795205 -0.0347553 44.5783 -0.0798261 0.996781 -0.00749321 -1.39682 0.0340475 0.0102393 0.999368 0.893562
0.996081 0.0803094 -0.0370473 44.7302 -0.0805823 0.99673 -0.00593296 -1.41407 0.0364497 0.00889507 0.999296 0.904633
