0.353214 -0.935537 0.00317527 -189.915 0.935456 0.353225 0.0124454 -113.815 -0.0127647 -0.00142555 0.999918 -0.127425
0.35644 -0.934244 -0.0117547 -189.976 0.93422 0.356557 -0.00998099 -113.937 0.0135159 -0.00742389 0.999881 -0.101766
0.363959 -0.931377 -0.00843762 -190.081 0.931408 0.363905 0.00720968 -114.126 -0.00364443 -0.0104829 0.999938 -0.0199675
0.369963 -0.929036 0.00442707 -190.098 0.928486 0.369901 0.0329604 -114.137 -0.032259 -0.00808366 0.999447 -0.00628617
0.372817 -0.927896 -0.00402189 -190.09 0.927808 0.372712 0.0160734 -114.118 -0.0134154 -0.00972396 0.999863 -0.0135161
0.373443 -0.927618 -0.00813449 -190.092 0.92762 0.37334 0.0117937 -114.121 -0.00790316 -0.01195 0.999897 -0.0143277
0.374259 -0.927293 -0.00762085 -190.101 0.92729 0.374162 0.0116235 -114.117 -0.00792699 -0.011417 0.999903 -0.0367619
0.374381 -0.927246 -0.00729556 -190.084 0.927237 0.374284 0.0119531 -114.119 -0.00835289 -0.0112398 0.999902 -0.0296646
0.374317 -0.927244 -0.0102806 -190.087 0.92727 0.374192 0.0122585 -114.118 -0.00751972 -0.0141215 0.999872 -0.0235438
0.374262 -0.927279 -0.00901694 -190.097 0.927277 0.374128 0.0136396 -114.11 -0.0092742 -0.013466 0.999866 -0.0088085
0.371927 -0.928232 -0.0074681 -190.095 0.928234 0.371842 0.0107027 -114.09 -0.00715765 -0.0109128 0.999915 -0.0281212
0.372538 -0.92798 -0.00822542 -190.059 0.928002 0.372467 0.00902103 -114.018 -0.00530764 -0.0109939 0.999925 -0.0336854
0.371887 -0.928233 -0.00911442 -190.012 0.928254 0.371789 0.0108523 -113.931 -0.00668487 -0.0124963 0.9999 -0.016006
0.370117 -0.928944 -0.00876797 -189.959 0.928937 0.369986 0.0136668 -113.807 -0.00945169 -0.0132032 0.999868 -0.0131293
0.366646 -0.930355 -0.0031681 -189.835 0.93024 0.366541 0.0173692 -113.405 -0.0149983 -0.00931543 0.999844 -0.0418243
0.365644 -0.930723 -0.00763888 -189.626 0.930662 0.365479 0.0171549 -112.901 -0.0131746 -0.0133818 0.999824 0.00117083
0.364129 -0.931273 -0.0118858 -189.516 0.931298 0.363947 0.0150417 -112.627 -0.00968215 -0.0165464 0.999816 0.0194838
0.36388 -0.93141 -0.00821869 -189.431 0.931398 0.363758 0.0133118 -112.424 -0.00940916 -0.0124988 0.999878 -0.00819052
0.364456 -0.931125 -0.0133247 -189.369 0.931176 0.364262 0.0149591 -112.239 -0.00907513 -0.0178596 0.999799 0.00111669
0.363272 -0.931639 -0.00908877 -189.212 0.931567 0.363055 0.0193439 -111.904 -0.0147218 -0.0154939 0.999772 0.00670578
0.36212 -0.932004 -0.0154179 -189.083 0.932058 0.361834 0.0185386 -111.553 -0.0116993 -0.0210836 0.999709 0.0125704
0.362587 -0.931861 -0.0128378 -188.964 0.931911 0.362412 0.0141007 -111.25 -0.00848734 -0.0170765 0.999818 0.00455849
0.361252 -0.932446 -0.00637354 -188.823 0.932291 0.361042 0.0219482 -110.94 -0.0181644 -0.0138708 0.999739 -0.0079309
0.359784 -0.932908 -0.0154307 -188.765 0.932974 0.359521 0.0174566 -110.796 -0.0107377 -0.020677 0.999729 0.0115799
0.360343 -0.932741 -0.0121679 -188.642 0.932649 0.359996 0.0238626 -110.408 -0.0178772 -0.0199471 0.999641 0.0192706
0.360077 -0.932831 -0.0130929 -188.558 0.932859 0.359852 0.0167699 -110.174 -0.010932 -0.0182523 0.999774 0.0245017
0.358696 -0.93341 -0.00914791 -188.479 0.933421 0.358583 0.0120116 -109.942 -0.0079315 -0.0128474 0.999886 0.00786296
0.358334 -0.933561 -0.00778406 -188.387 0.933564 0.358243 0.0109833 -109.728 -0.00746499 -0.0112026 0.999909 -0.00182505
0.359747 -0.933048 -0.00200529 -188.134 0.932714 0.359559 0.0276151 -109.093 -0.0250452 -0.0118048 0.999617 -0.00344297
0.358954 -0.933349 -0.00328004 -188.054 0.933196 0.358826 0.0197104 -108.858 -0.0172197 -0.0101361 0.9998 -0.0104823
0.359328 -0.933211 -0.000290124 -187.948 0.93296 0.359224 0.0233036 -108.582 -0.021643 -0.00864431 0.999728 -0.0125802
0.358355 -0.933574 0.00467931 -187.846 0.933451 0.358384 0.0151848 -108.337 -0.0158532 -0.00107366 0.999874 0.00223087
0.359292 -0.933223 0.00210998 -187.759 0.933123 0.359285 0.0140362 -108.114 -0.013857 -0.00307423 0.999899 0.0096847
0.359262 -0.933183 0.0100256 -187.659 0.93298 0.359395 0.0196119 -107.818 -0.0219046 0.00230781 0.999757 -0.0190081
0.358943 -0.933224 0.0159181 -187.568 0.933173 0.35916 0.0138753 -107.544 -0.0186659 0.00987393 0.999777 -0.0183404
0.357372 -0.93376 0.0194525 -187.471 0.933853 0.357571 0.00786442 -107.339 -0.0142991 0.0153553 0.99978 0.0200667
0.358607 -0.933178 0.0240943 -187.35 0.933211 0.35901 0.0151454 -107.05 -0.0227834 0.0170539 0.999595 0.0291941
0.354037 -0.93486 0.0263723 -187.268 0.934984 0.354452 0.0130278 -106.873 -0.0215269 0.0200454 0.999567 0.000792935
0.360186 -0.932742 0.0160923 -187.122 0.932608 0.360444 0.0179516 -106.439 -0.0225445 0.00854191 0.999709 -0.00613254
0.362132 -0.931888 0.0211138 -186.849 0.932024 0.362335 0.00664558 -105.814 -0.0138432 0.017272 0.999755 0.0203546
0.360295 -0.932712 0.0153645 -186.708 0.932547 0.360546 0.0190531 -105.416 -0.0233106 0.00746338 0.9997 0.0147794
0.360447 -0.93252 0.0219978 -186.573 0.932599 0.360742 0.0111989 -104.967 -0.0183788 0.0164785 0.999695 -0.0393073
0.360706 -0.932404 0.0226819 -186.445 0.932603 0.360881 0.0039974 -104.668 -0.0119127 0.0197114 0.999735 -0.0348317
0.358796 -0.933101 0.0242494 -186.188 0.933303 0.359035 0.00621887 -104.038 -0.0145092 0.0204008 0.999687 -0.0184094
0.360502 -0.932619 0.0161424 -186.05 0.932705 0.360612 0.00444834 -103.753 -0.00996974 0.0134524 0.99986 -0.00267072
0.358989 -0.933226 0.0147027 -185.951 0.933178 0.359177 0.0130518 -103.421 -0.0174611 0.00903475 0.999807 0.00920217
0.358833 -0.933137 0.0222387 -185.85 0.933169 0.359173 0.0137735 -103.103 -0.0208401 0.0158101 0.999658 0.0147798
0.360229 -0.932619 0.0213695 -185.736 0.932591 0.360583 0.0159544 -102.804 -0.0225849 0.0141818 0.999644 0.0343274
0.360374 -0.93238 0.0282385 -185.421 0.932562 0.360809 0.0120428 -102.039 -0.0214172 0.0219943 0.999529 -0.00812428
0.360785 -0.932323 0.0246642 -185.304 0.93227 0.361266 0.0189559 -101.707 -0.0265834 0.0161547 0.999516 0.0232028
0.360664 -0.932402 0.0234086 -185.195 0.93241 0.361061 0.0156962 -101.409 -0.0230871 0.0161654 0.999603 0.0516696
0.361151 -0.932204 0.0237989 -185.086 0.932389 0.361394 0.0067083 -101.134 -0.0148543 0.0197672 0.999694 0.0403076
0.359337 -0.932776 0.0284054 -184.778 0.932762 0.359939 0.0199608 -100.307 -0.0288432 0.0193228 0.999397 0.0416759
0.361056 -0.932059 0.0300751 -184.524 0.932449 0.361293 0.00265681 -99.7503 -0.0133422 0.0270843 0.999544 0.0704965
0.359355 -0.932928 0.0225519 -184.35 0.932963 0.359704 0.0138885 -99.2865 -0.021069 0.0160491 0.999649 0.0489526
0.362547 -0.931675 0.0232603 -184.195 0.931765 0.362874 0.0116979 -98.8309 -0.0193392 0.0174321 0.999661 0.0258241
0.361353 -0.932098 0.0248492 -184.073 0.932301 0.361617 0.0069309 -98.5494 -0.0154461 0.0206624 0.999667 0.00670524
0.362459 -0.931695 0.023826 -183.898 0.931704 0.362869 0.0159347 -98.0656 -0.023492 0.0164231 0.999589 0.0239878
0.360825 -0.932141 0.0303206 -183.769 0.932504 0.361127 0.00496765 -97.753 -0.0155801 0.0264816 0.999528 0.0220508
0.361901 -0.931904 0.0241414 -183.551 0.932159 0.362045 0.00171367 -97.205 -0.0103372 0.0218834 0.999707 0.0487818
0.360602 -0.932244 0.0297928 -183.416 0.932327 0.361193 0.0174938 -96.8664 -0.0270694 0.0214683 0.999403 0.0280339
0.359138 -0.932761 0.0312662 -183.305 0.933119 0.359503 0.00677044 -96.5776 -0.0175555 0.0267436 0.999488 0.0315411
0.361113 -0.932093 0.0282896 -183.181 0.932312 0.361509 0.0102563 -96.2554 -0.0197867 0.0226711 0.999547 0.0245659
0.361404 -0.931992 0.027895 -183.046 0.932125 0.361871 0.0138609 -95.935 -0.0230126 0.0209922 0.999515 0.0357329
0.361426 -0.932045 0.0257424 -182.826 0.932262 0.361711 0.00728999 -95.3044 -0.0161059 0.0213639 0.999642 0.0498973
0.360409 -0.932435 0.025871 -182.325 0.932478 0.360871 0.0160285 -94.0909 -0.0242816 0.0183473 0.999537 0.0739582
0.360025 -0.932671 0.0225009 -182.018 0.932764 0.360323 0.0109005 -93.2478 -0.0182742 0.0170636 0.999687 0.0647256
0.361117 -0.932195 0.024626 -181.809 0.932311 0.36147 0.0116434 -92.6988 -0.0197554 0.0187545 0.999629 0.039596
0.362543 -0.931635 0.0248828 -181.455 0.931849 0.362793 0.00626334 -91.8227 -0.0148625 0.0209163 0.999671 0.0543025
0.362377 -0.931889 0.0162964 -181.283 0.931896 0.362567 0.0106974 -91.3655 -0.0158773 0.01131 0.99981 0.0282177
0.36492 -0.930758 0.0228616 -180.995 0.930892 0.365189 0.0088139 -90.6139 -0.0165524 0.0180653 0.9997 0.0245775
0.362437 -0.931633 0.0264394 -180.77 0.931839 0.362766 0.00875088 -90.0342 -0.0177439 0.0214657 0.999612 0.05413
0.363472 -0.931355 0.0216005 -180.504 0.931447 0.36374 0.00998042 -89.415 -0.0171523 0.0164921 0.999717 0.0866115
0.363309 -0.931307 0.0259757 -180.082 0.93149 0.363644 0.00947053 -88.3461 -0.0182659 0.0207553 0.999618 0.0898695
0.362762 -0.931606 0.0226745 -179.969 0.931733 0.363032 0.00905442 -88.0574 -0.0166667 0.017842 0.999702 0.0731391
0.362807 -0.931564 0.0236411 -179.711 0.931664 0.363138 0.0115082 -87.3475 -0.0193056 0.0178503 0.999654 0.0617698
0.363862 -0.930993 0.0292569 -179.601 0.931168 0.364348 0.0132755 -87.0666 -0.0230191 0.0224127 0.999484 0.0542349
0.365089 -0.930644 0.024732 -179.485 0.930711 0.365487 0.0139964 -86.8085 -0.0220649 0.0179084 0.999596 0.0626516
0.362775 -0.931714 0.0173967 -179.328 0.931842 0.362859 0.00185611 -86.4661 -0.00804193 0.0155377 0.999847 0.0560823
0.373437 -0.927439 0.0200591 -179.047 0.927451 0.373722 0.0129132 -85.6648 -0.0194727 0.0137816 0.999715 0.058054
0.402181 -0.915205 0.0254952 -178.797 0.915507 0.402301 -0.000422189 -85.0798 -0.00987036 0.0235108 0.999675 0.0735446
0.415113 -0.909528 0.0209807 -178.613 0.909723 0.415215 0.000540782 -84.6821 -0.00920334 0.0188621 0.99978 0.0580551
0.426873 -0.904001 0.0236764 -178.029 0.903876 0.427334 0.0198339 -83.5406 -0.0280477 0.012934 0.999523 0.0751187
0.430468 -0.902439 0.0173278 -177.882 0.902247 0.430759 0.0199332 -83.2377 -0.0254526 0.00705337 0.999651 0.0751972
0.433548 -0.900902 0.0202786 -177.311 0.900993 0.433765 0.00773125 -81.9696 -0.0157612 0.014919 0.999764 0.119092
0.435272 -0.899898 0.0268781 -177.016 0.900133 0.435571 0.00620739 -81.4241 -0.0172933 0.021492 0.999619 0.0304089
0.433311 -0.901 0.0209827 -176.87 0.901133 0.433507 0.00565443 -81.1617 -0.0141908 0.0164581 0.999764 0.0682107
0.423776 -0.905612 0.0167484 -176.733 0.905521 0.42402 0.0154526 -80.864 -0.0210957 0.00861755 0.99974 0.0762819
0.417378 -0.908627 0.0138677 -176.581 0.90866 0.417489 0.00630474 -80.4769 -0.0115183 0.00996956 0.999884 0.099166
0.415266 -0.909327 0.0260494 -176.386 0.909555 0.41554 0.00592628 -80.0393 -0.0162135 0.0212324 0.999643 0.08042
0.415853 -0.90915 0.0226609 -175.874 0.909192 0.416186 0.0125807 -78.9642 -0.0208689 0.0153714 0.999664 0.117745
0.41846 -0.908042 0.0187434 -175.758 0.907914 0.418771 0.0179546 -78.6879 -0.0241527 0.0095041 0.999663 0.119555
0.417175 -0.908615 0.0195786 -175.639 0.908538 0.417489 0.0161921 -78.3923 -0.0228863 0.0110329 0.999677 0.11047
0.416317 -0.908928 0.0230181 -175.537 0.90911 0.416527 0.0049979 -78.1449 -0.0141304 0.0188453 0.999723 0.108623
0.417364 -0.90846 0.0225492 -175.255 0.908515 0.417684 0.0118798 -77.5948 -0.0202108 0.0155281 0.999675 0.111232
0.417621 -0.90829 0.0245514 -175.113 0.908354 0.418001 0.0129785 -77.2811 -0.0220508 0.0168813 0.999614 0.116234
0.416709 -0.908813 0.0203113 -175.025 0.908907 0.416926 0.00777533 -77.0747 -0.0155346 0.015221 0.999763 0.0904953
0.418264 -0.908006 0.0240693 -174.778 0.908139 0.418568 0.00915599 -76.5822 -0.0183883 0.0180286 0.999668 0.103112
0.418254 -0.907976 0.0253607 -174.592 0.908174 0.418537 0.00686761 -76.1705 -0.01685 0.0201595 0.999655 0.0782272
0.419966 -0.907293 0.0211463 -174.481 0.907379 0.420216 0.00903867 -75.9326 -0.0170867 0.0153918 0.999735 0.077741
0.420361 -0.907126 0.0204787 -174.276 0.907209 0.420593 0.00855649 -75.4453 -0.016375 0.0149816 0.999754 0.110547
0.420362 -0.907063 0.0230914 -174.173 0.907279 0.420523 0.00237871 -75.2299 -0.0118681 0.0199504 0.999731 0.107734
0.421596 -0.906641 0.0160661 -174.069 0.906737 0.421688 0.00263775 -75.0356 -0.00916638 0.0134557 0.999867 0.0790796
0.420948 -0.906994 0.0128498 -173.873 0.907026 0.421039 0.00539287 -74.591 -0.0103016 0.00938501 0.999903 0.0621827
0.422435 -0.90594 0.02866 -173.479 0.906285 0.422662 0.00207869 -73.7257 -0.0139967 0.0250961 0.999587 0.0844593
0.424321 -0.905118 0.0266992 -173.21 0.905402 0.424545 0.00306238 -73.1521 -0.0141068 0.022874 0.999639 0.0794898
0.422595 -0.90585 0.0291413 -172.933 0.90611 0.422969 0.00786104 -72.5946 -0.0194468 0.0230832 0.999544 0.138499
0.425214 -0.904799 0.0230446 -172.76 0.905066 0.425258 -0.00320407 -72.2437 -0.00690086 0.0222193 0.999729 0.130498
0.423914 -0.905322 0.0262363 -172.637 0.905523 0.424229 0.0076335 -71.9588 -0.018041 0.0205216 0.999627 0.118608
0.424984 -0.904972 0.0203786 -172.325 0.905196 0.424801 -0.0127956 -71.345 0.00292277 0.0238845 0.99971 0.0736032
0.424691 -0.905217 0.0148633 -172.169 0.905283 0.424789 0.0040599 -70.9949 -0.00998885 0.0117313 0.999881 0.118079
0.422443 -0.905962 0.0278228 -171.66 0.906144 0.422844 0.0102921 -69.8579 -0.0210889 0.0208637 0.99956 0.120043
0.424658 -0.90493 0.0277182 -171.325 0.905246 0.424881 0.00244879 -69.0996 -0.0139929 0.0240518 0.999613 0.105283
0.425015 -0.904822 0.0256745 -170.935 0.905102 0.425191 0.00156517 -68.2795 -0.0123328 0.0225729 0.999669 0.145543
0.423977 -0.905384 0.0229035 -170.515 0.905613 0.424105 0.000818133 -67.3266 -0.0104542 0.0203949 0.999737 0.157192
0.423064 -0.905596 0.030216 -170.32 0.905844 0.423502 0.00963789 -66.9736 -0.0215246 0.0232936 0.999497 0.150257
0.425113 -0.904859 0.0225649 -170.16 0.904922 0.425425 0.0113409 -66.6169 -0.0198616 0.0155984 0.999681 0.135932
0.425126 -0.90483 0.0234719 -169.992 0.904903 0.425461 0.0115937 -66.2582 -0.0204767 0.016311 0.999657 0.146615
0.4257 -0.904569 0.023119 -169.832 0.904722 0.425947 0.00683586 -65.9212 -0.016031 0.0180062 0.999709 0.178506
0.42545 -0.904686 0.0231229 -169.667 0.904875 0.425654 0.00449208 -65.6068 -0.0139063 0.0190122 0.999723 0.175866
0.427347 -0.903689 0.0268597 -169.26 0.903845 0.427732 0.0104593 -64.7526 -0.0209407 0.0198073 0.999584 0.152717
0.429188 -0.902894 0.0240864 -168.893 0.903122 0.429374 0.00289886 -64.0186 -0.0129594 0.0205088 0.999706 0.153963
0.428094 -0.903382 0.0252161 -168.74 0.903515 0.428438 0.0100766 -63.7378 -0.0199065 0.0184694 0.999631 0.173024
0.426558 -0.904094 0.0257216 -168.22 0.904138 0.426993 0.0145501 -62.614 -0.0241376 0.0170494 0.999563 0.176887
0.42633 -0.904144 0.0276708 -167.912 0.90434 0.426709 0.00936458 -61.9661 -0.0202743 0.0210314 0.999573 0.181078
0.4267 -0.904096 0.0231897 -167.77 0.904175 0.42702 0.0110252 -61.6582 -0.0198703 0.0162631 0.99967 0.173367
0.428763 -0.903147 0.0220765 -167.575 0.903217 0.429054 0.0105429 -61.2035 -0.0189938 0.0154195 0.999701 0.162516
0.429637 -0.902532 0.0291046 -166.996 0.902551 0.430218 0.0177191 -59.9982 -0.0285134 0.0186556 0.999419 0.165928
0.431083 -0.902028 0.022651 -166.579 0.902065 0.431417 0.0125538 -59.1017 -0.0210959 0.0150209 0.999665 0.142074
0.432675 -0.901178 0.025889 -165.884 0.901357 0.432998 0.00827525 -57.7002 -0.0186674 0.0197547 0.999631 0.146074
0.432784 -0.901215 0.0225906 -165.69 0.901425 0.432931 0.00186262 -57.2846 -0.0114588 0.0195576 0.999743 0.169303
0.433748 -0.900618 0.0273884 -164.775 0.900756 0.434169 0.0116758 -55.3989 -0.0224066 0.0196059 0.999557 0.164811
0.433937 -0.900784 0.0169532 -164.468 0.900785 0.434136 0.0105692 -54.7428 -0.0168805 0.0106848 0.9998 0.142882
0.434918 -0.900073 0.0267559 -163.878 0.900129 0.435378 0.0145801 -53.5938 -0.024772 0.0177426 0.999536 0.125933
0.43606 -0.899686 0.0204215 -163.681 0.899663 0.436364 0.0139065 -53.1885 -0.0214227 0.0123084 0.999695 0.128532
0.434797 -0.899998 0.0309058 -163.284 0.900037 0.435438 0.0180928 -52.3167 -0.0297411 0.0199497 0.999359 0.148498
0.434746 -0.900224 0.0243416 -163.136 0.900367 0.435047 0.00858697 -52.0093 -0.01832 0.0181832 0.999667 0.140144
0.43449 -0.900367 0.0236194 -163.016 0.900483 0.434791 0.00931981 -51.7594 -0.0186607 0.0172195 0.999678 0.128414
0.435827 -0.899594 0.0280348 -162.091 0.89965 0.436337 0.0154891 -49.85 -0.0261666 0.018471 0.999487 0.0863696
0.437443 -0.899055 0.0185542 -161.809 0.899185 0.437561 0.0026233 -49.316 -0.0104771 0.0155361 0.999824 0.13101
0.437086 -0.89912 0.0232256 -161.625 0.899086 0.437482 0.0159725 -48.891 -0.0245219 0.0139004 0.999603 0.130341
0.438265 -0.898449 0.0266848 -161.403 0.898406 0.438786 0.0182413 -48.4349 -0.0280978 0.0159793 0.999477 0.0944114
0.436337 -0.899511 0.0221538 -161.198 0.899553 0.43665 0.0118806 -48.0309 -0.0203602 0.0147446 0.999684 0.112856
0.438841 -0.898416 0.016356 -161.018 0.898289 0.439084 0.0167614 -47.6437 -0.0222403 0.00733681 0.999726 0.106545
0.437717 -0.898731 0.0261825 -160.813 0.898871 0.438089 0.0104263 -47.2188 -0.0208407 0.0189709 0.999603 0.104988
0.43707 -0.898824 0.0329429 -160.478 0.899 0.437698 0.0148124 -46.5432 -0.0277328 0.0231416 0.999347 0.106389
0.438551 -0.898288 0.0274186 -160.317 0.898304 0.439064 0.0165407 -46.1889 -0.0268968 0.0173763 0.999487 0.110929
0.439041 -0.897982 0.0295078 -160.153 0.898202 0.439472 0.00985804 -45.8518 -0.0218202 0.0221759 0.999516 0.0837844
0.439579 -0.897568 0.03379 -159.367 0.897875 0.440125 0.0105315 -44.283 -0.0243246 0.0257097 0.999373 0.102489
0.44021 -0.89752 0.0259381 -159.05 0.897605 0.440618 0.0127033 -43.6593 -0.0228302 0.01769 0.999583 0.115927
0.441584 -0.896792 0.0276899 -158.822 0.896863 0.442069 0.0145575 -43.1741 -0.0252959 0.0184057 0.999511 0.068849
0.440167 -0.897396 0.030541 -158.6 0.897667 0.440591 0.00856016 -42.7334 -0.0211379 0.0236478 0.999497 0.0916292
0.43969 -0.897544 0.0329717 -158.312 0.897715 0.440323 0.014957 -42.1263 -0.0279428 0.0230227 0.999344 0.0669444
0.437963 -0.898358 0.0337851 -158.147 0.89869 0.438482 0.00951393 -41.7833 -0.0233611 0.0261956 0.999384 0.0850564
0.440362 -0.897331 0.0296306 -157.809 0.897429 0.440904 0.0149735 -41.0782 -0.0265005 0.0199976 0.999449 0.0894402
0.440774 -0.897352 0.021883 -157.458 0.897326 0.441121 0.0147749 -40.3701 -0.0229113 0.0131237 0.999651 0.0925492
0.438631 -0.898409 0.0215667 -157.255 0.898462 0.438917 0.0108576 -39.9001 -0.0192205 0.0146144 0.999708 0.0989528
0.439259 -0.897764 0.0327234 -156.546 0.897779 0.439994 0.0199667 -38.4835 -0.0323235 0.0206079 0.999265 0.0913265
0.440373 -0.89719 0.0334797 -156.294 0.897045 0.441233 0.0249526 -37.9892 -0.0371596 0.0190444 0.999128 0.0912529
0.442229 -0.896423 0.0293141 -156.059 0.896394 0.442843 0.0191987 -37.5038 -0.0301917 0.0177868 0.999386 0.078742
0.444786 -0.895264 0.0258612 -155.732 0.895551 0.444957 0.000977678 -36.8395 -0.0123824 0.0227251 0.999665 0.0495009
0.44427 -0.895451 0.0281141 -155.497 0.895739 0.444557 0.00458121 -36.4048 -0.0166006 0.0231476 0.999594 0.0459734
0.444845 -0.89541 0.0187954 -155.357 0.895368 0.445114 0.0137857 -36.0871 -0.02071 0.0106963 0.999728 0.0452586
0.44587 -0.894613 0.0294678 -154.969 0.894551 0.446506 0.0202795 -35.3396 -0.0312999 0.0173184 0.99936 0.0508575
0.441856 -0.896736 0.0250428 -154.734 0.896652 0.442338 0.0187511 -34.8481 -0.0278922 0.0141694 0.99951 0.0667502
0.443004 -0.896258 0.0216414 -154.602 0.896276 0.443317 0.0125928 -34.5762 -0.0208804 0.013818 0.999686 0.0609045
0.44401 -0.895773 0.0211057 -154.516 0.895819 0.444288 0.0108279 -34.4032 -0.0190764 0.0140992 0.999719 0.0533019
0.445474 -0.895078 0.0196985 -154.463 0.89512 0.445714 0.00995842 -34.286 -0.0176935 0.0131963 0.999756 0.0488507
0.445558 -0.894446 0.0380044 -154.053 0.894646 0.446418 0.0178866 -33.5641 -0.0329644 0.026031 0.999117 0.0149188
0.447652 -0.893735 0.0290745 -153.888 0.893537 0.448339 0.0241639 -33.1615 -0.0346314 0.0151621 0.999285 0.0353523
0.44998 -0.892466 0.0319816 -153.647 0.892909 0.450236 0.000907075 -32.6759 -0.0152088 0.0281485 0.999488 0.035932
0.450178 -0.892562 0.0259316 -153.498 0.89278 0.450455 0.00576581 -32.4001 -0.0168274 0.0205555 0.999647 0.0446152
0.450326 -0.892778 -0.0124279 -153.322 0.890454 0.450089 -0.067172 -32.0897 0.0655633 0.0191828 0.997664 0.0878553
0.440157 -0.896813 0.0445856 -153.238 0.895293 0.442123 0.0545623 -31.8297 -0.0686445 0.0159012 0.997514 0.0430442
0.434994 -0.897095 0.077461 -153.126 0.890867 0.441284 0.107819 -31.6151 -0.130906 0.0221067 0.991148 0.0625079
0.44139 -0.895819 0.0518035 -153.056 0.893801 0.444033 0.0628907 -31.4828 -0.0793411 0.0185426 0.996675 -0.0195009
0.447161 -0.894027 0.0276364 -152.799 0.894173 0.447581 0.0112106 -30.9755 -0.0223921 0.0196988 0.999555 0.0505141
0.449896 -0.892755 0.0241264 -152.631 0.892956 0.45012 0.00457748 -30.6444 -0.0149463 0.0194844 0.999698 0.0296689
0.449107 -0.892755 0.0359398 -152.385 0.892901 0.449899 0.0178622 -30.1863 -0.0321158 0.0240686 0.999194 0.0409711
0.44934 -0.892981 0.0260472 -152.09 0.893153 0.449673 0.00844518 -29.5765 -0.0192541 0.0194694 0.999625 0.0321527
0.447198 -0.893984 0.0284138 -151.865 0.894148 0.447634 0.0111164 -29.1039 -0.0226568 0.020435 0.999534 0.0309479
0.450552 -0.89224 0.0301809 -151.363 0.892578 0.450872 0.00440622 -28.1892 -0.0175391 0.0249535 0.999535 0.0330382
0.452358 -0.891463 0.0257968 -150.274 0.891589 0.452724 0.0104563 -25.9797 -0.0210002 0.0182702 0.999613 0.0294431
0.451141 -0.892155 0.0230432 -149.936 0.892401 0.451242 -0.000890478 -25.2918 -0.00960361 0.0209655 0.999734 0.0625021
0.450911 -0.892291 0.0222781 -149.168 0.892202 0.451301 0.0174176 -23.7889 -0.0255957 0.0120228 0.9996 0.035973
0.450734 -0.891948 0.0355922 -148.798 0.892379 0.451232 0.00703511 -23.0259 -0.0223353 0.0285907 0.999342 0.00767668
0.451348 -0.891818 0.0307586 -148.58 0.892073 0.451797 0.00928011 -22.5705 -0.0221728 0.0232503 0.999484 0.042642
0.452714 -0.89106 0.0326007 -147.728 0.891144 0.45339 0.0173307 -20.9111 -0.0302235 0.021206 0.999318 0.0344229
0.475621 -0.879039 0.0327828 -147.373 0.879389 0.476058 0.00662575 -20.2261 -0.0214308 0.0256775 0.999441 0.0322368
0.495277 -0.868022 0.0351976 -146.418 0.868458 0.495735 0.00515215 -18.5512 -0.0219209 0.0280159 0.999367 0.0381172
0.494649 -0.868434 0.0338367 -146.226 0.868636 0.495276 0.0131576 -18.2044 -0.028185 0.0228834 0.999341 0.0260827
0.506161 -0.862025 0.026733 -145.632 0.862302 0.506389 0.00211435 -17.1087 -0.0153599 0.0219817 0.99964 0.0524607
0.506252 -0.86195 0.0274169 -145.442 0.86232 0.50635 -0.0037707 -16.8054 -0.0106324 0.0255511 0.999617 0.0327007
0.517523 -0.855067 0.0321005 -145.189 0.855536 0.51774 -0.00179666 -16.3596 -0.0150834 0.028393 0.999483 -0.0143776
0.519317 -0.853677 0.0392961 -144.73 0.854104 0.520015 0.00951204 -15.6168 -0.0285548 0.0286232 0.999182 0.00731762
0.523777 -0.851252 0.0320547 -144.287 0.85156 0.524216 0.00660982 -14.9243 -0.0224302 0.0238345 0.999464 -0.00569741
0.523642 -0.851132 0.0370537 -143.898 0.851408 0.524355 0.0124716 -14.2895 -0.0300443 0.0250172 0.999235 0.0122094
0.522738 -0.851762 0.0353058 -143.69 0.852044 0.523359 0.0108053 -13.9719 -0.0276811 0.0244338 0.999318 -0.0180834
0.524376 -0.850978 0.0294157 -143.541 0.85112 0.524851 0.0112048 -13.7039 -0.0249739 0.0191608 0.999504 -0.0286496
0.522218 -0.852368 0.0275065 -143.396 0.85256 0.522576 0.00744039 -13.4645 -0.0207162 0.0195654 0.999594 -0.0412244
0.523313 -0.851719 0.0268178 -142.736 0.851744 0.52377 0.014027 -12.3923 -0.0259934 0.0155014 0.999542 -0.0228936
0.528885 -0.848005 0.0341654 -142.235 0.848357 0.52938 0.00684952 -11.5551 -0.0238949 0.0253619 0.999393 -0.0324692
0.530361 -0.847065 0.0346142 -142.096 0.847274 0.531007 0.0125982 -11.3481 -0.0290519 0.0226461 0.999321 -0.024769
0.526608 -0.850038 -0.0109215 -141.741 0.84858 0.526388 -0.0531704 -10.7942 0.0509459 0.0187322 0.998526 0.00386579
0.532443 -0.845982 0.0286367 -141.585 0.846044 0.532941 0.0135683 -10.5045 -0.0267402 0.0170036 0.999498 0.122534
0.526762 -0.847439 0.0661035 -141.425 0.844135 0.530665 0.0763621 -10.2193 -0.099791 0.0155756 0.994886 -0.00829725
0.533155 -0.84543 0.0315281 -140.992 0.84559 0.5337 0.0119256 -9.54792 -0.0269088 0.0203016 0.999432 -0.0325579
0.533095 -0.84555 0.0292597 -140.728 0.845667 0.533579 0.0118574 -9.12308 -0.0256383 0.0184229 0.999502 -0.00663464
0.533124 -0.845497 0.030224 -140.539 0.845749 0.533535 0.0070536 -8.84654 -0.0220894 0.0218015 0.999518 -0.040875
0.533926 -0.845111 0.026645 -140.229 0.845344 0.534206 0.00419294 -8.38326 -0.0177774 0.0202855 0.999636 -0.0448124
0.533424 -0.845425 0.0267385 -140.015 0.845398 0.533905 0.0157606 -8.02771 -0.0276003 0.0141976 0.999518 -0.0636614
0.535028 -0.844505 0.0235641 -139.733 0.844692 0.535242 0.00344487 -7.57364 -0.0155217 0.0180613 0.999716 -0.0348872
0.535696 -0.843735 0.0337787 -139.4 0.843864 0.53636 0.0145475 -7.0232 -0.0303918 0.0207116 0.999323 -0.0340778
0.53528 -0.844029 0.033033 -139.18 0.844321 0.535778 0.00800772 -6.70141 -0.0244571 0.0236041 0.999422 -0.0448906
0.535329 -0.844059 0.0314172 -138.959 0.844424 0.535668 0.00288658 -6.40258 -0.0192656 0.0249842 0.999502 -0.051667
0.540419 -0.84085 0.0303124 -138.711 0.840928 0.540969 0.0138574 -6.01835 -0.0280501 0.0180018 0.999444 -0.0687201
0.564019 -0.825327 0.0267923 -138.342 0.825256 0.564512 0.0166842 -5.41607 -0.0288945 0.0127003 0.999502 -0.0097466
0.584123 -0.811113 0.0299351 -137.577 0.811338 0.584537 0.00680697 -4.30882 -0.0230194 0.0203113 0.999529 -0.0451906
0.609486 -0.792054 0.0343089 -137.142 0.792055 0.610217 0.0168701 -3.74963 -0.0342979 0.0168925 0.999269 -0.0707534
0.629067 -0.776608 0.0339708 -136.574 0.77689 0.629598 0.00692662 -3.06826 -0.0267673 0.0220343 0.999399 -0.0636108
0.666259 -0.745264 0.026082 -135.202 0.745438 0.666562 0.0042199 -1.44057 -0.0205302 0.016631 0.999651 -0.0521908
0.66754 -0.744049 0.027936 -134.862 0.7443 0.667842 0.00203662 -1.07714 -0.0201722 0.0194333 0.999608 -0.0444038
0.669942 -0.741878 0.02819 -134.324 0.74203 0.670333 0.00666984 -0.474358 -0.0238449 0.0164495 0.99958 -0.0487388
0.671422 -0.740543 0.028088 -133.983 0.741004 0.6714 -0.0115973 -0.112022 -0.01027 0.0286 0.999538 -0.0989874
0.672952 -0.739162 0.027852 -133.624 0.739498 0.673153 -0.00276422 0.25708 -0.0167055 0.0224567 0.999608 -0.0435038
0.699412 -0.71333 0.0445308 -132.635 0.713765 0.700339 0.00803323 1.29041 -0.036917 0.026166 0.998976 -0.0387016
0.753936 -0.656229 0.0307289 -131.826 0.656649 0.754179 -0.00510699 2.05042 -0.0198237 0.0240284 0.999515 -0.050838
0.775595 -0.630525 0.0298406 -131.41 0.630983 0.775748 -0.00867991 2.3795 -0.0176759 0.025561 0.999517 -0.060396
0.809646 -0.585913 0.0343292 -130.756 0.586228 0.810146 0.00111169 2.85659 -0.028463 0.0192247 0.99941 -0.0330847
0.840552 -0.540628 0.0345454 -130.059 0.540637 0.841198 0.00986986 3.35762 -0.0343954 0.0103804 0.999354 -0.092542
0.856127 -0.516114 0.025936 -129.619 0.516407 0.856323 -0.00579748 3.61528 -0.0192175 0.0183569 0.999647 -0.0978921
0.869958 -0.492171 0.030665 -128.93 0.492533 0.870278 -0.00513181 3.98785 -0.0241614 0.019568 0.999517 -0.0882712
0.909997 -0.412369 0.0430928 -127.75 0.412624 0.910896 0.00319597 4.56771 -0.040571 0.0148728 0.999066 -0.0361824
0.929088 -0.368972 0.0255741 -127.048 0.369281 0.929279 -0.008463 4.85992 -0.0206428 0.0173069 0.999637 -0.127013
0.934413 -0.355124 0.0275498 -126.577 0.355414 0.934688 -0.00630166 5.06396 -0.0235126 0.0156799 0.999601 -0.114069
0.935455 -0.352868 0.0202108 -125.916 0.353165 0.935462 -0.0136355 5.30569 -0.0140949 0.0198931 0.999703 -0.0762198
0.951479 -0.306781 0.0239455 -124.158 0.306974 0.951706 -0.00474698 5.92967 -0.0213328 0.0118673 0.999702 -0.0771203
0.96128 -0.274753 0.0212703 -123.644 0.274815 0.961497 5.69038e-06 6.09859 -0.0204529 0.00583994 0.999774 -0.0694888
0.985851 -0.166739 0.0172191 -121.148 0.166365 0.985834 0.0212849 6.65673 -0.0205242 -0.0181191 0.999625 -0.0664599
0.98842 -0.150511 0.0193169 -119.922 0.150094 0.988438 0.0215088 6.83109 -0.0223308 -0.0183604 0.999582 -0.0449164
0.990103 -0.140084 0.00854979 -119.169 0.139912 0.989997 0.0181756 6.94479 -0.0110104 -0.0167995 0.999798 -0.0581794
0.991203 -0.128096 0.033291 -118.172 0.128094 0.99176 0.00222336 7.09419 -0.0333015 0.00206057 0.999443 -0.0465064
0.992586 -0.119092 0.0243021 -117.347 0.119152 0.992876 -0.00102093 7.15735 -0.0240074 0.003909 0.999704 -0.0945166
0.994086 -0.107291 0.0167868 -116.854 0.107289 0.994227 0.00106627 7.20365 -0.0168043 0.000741066 0.999858 -0.106672
0.996598 -0.0787413 0.0243303 -116.089 0.0788707 0.996875 -0.00440577 7.2816 -0.0239074 0.00630974 0.999694 -0.083962
0.999219 -0.0162593 0.0360266 -114.731 0.0166197 0.999815 -0.00972518 7.36861 -0.0358618 0.0103163 0.999304 -0.0318447
0.999444 0.0202947 0.0264433 -112.935 -0.0201754 0.999785 -0.00477036 7.33836 -0.0265344 0.0042342 0.999639 -0.0894418
0.998558 0.0340855 0.0414688 -112.367 -0.0341977 0.999413 0.00200007 7.33759 -0.0413763 -0.00341532 0.999138 -0.0847774
0.998594 0.046599 0.0252688 -111.028 -0.0463211 0.998861 -0.0114702 7.28685 -0.0257745 0.0102836 0.999615 -0.107005
0.998194 0.0523593 0.029452 -109.939 -0.0521156 0.998601 -0.00898066 7.22938 -0.029881 0.00742953 0.999526 -0.0903244
0.99678 0.075113 0.0280764 -109.14 -0.0749101 0.997157 -0.00821276 7.17754 -0.0286134 0.00608311 0.999572 -0.0818398
0.996399 0.0801856 0.0275731 -108.623 -0.0800134 0.996767 -0.0072942 7.13573 -0.0280689 0.00506171 0.999593 -0.103276
0.993231 0.114201 0.0212218 -107.272 -0.113913 0.993387 -0.014348 7.00417 -0.0227201 0.0118334 0.999672 -0.135277
0.986548 0.162414 0.0185523 -106.229 -0.162328 0.986718 -0.00603181 6.89869 -0.0192855 0.00293911 0.99981 -0.117485
0.985981 0.16613 0.0155749 -105.743 -0.165992 0.986079 -0.00979539 6.79719 -0.0169854 0.00707277 0.999831 -0.0931068
0.98492 0.172871 0.00697615 -104.492 -0.172873 0.984944 -0.000435879 6.5714 -0.00694647 -0.000776678 0.999976 -0.0634864
0.984401 0.175263 0.0153839 -103.976 -0.17525 0.984522 -0.00222465 6.48623 -0.0155357 -0.000506077 0.999879 -0.0368543
0.983128 0.180824 0.0276184 -102.658 -0.180483 0.983473 -0.0143957 6.23581 -0.0297651 0.00916814 0.999515 0.00776
0.960608 0.277755 0.00913516 -101.408 -0.277841 0.960574 0.0101223 5.94534 -0.00596346 -0.0122617 0.999907 -0.0355318
0.947201 0.320299 0.014799 -100.923 -0.320404 0.947266 0.00530004 5.81451 -0.012321 -0.00976187 0.999876 -0.0223661
0.921271 0.388564 0.0166961 -99.7444 -0.388545 0.921419 -0.00447723 5.35436 -0.0171238 -0.00236244 0.999851 -0.0237518
0.91642 0.39995 0.0146336 -99.3037 -0.399967 0.916528 -0.00186078 5.15649 -0.0141563 -0.00414768 0.999891 -0.0330391
0.912215 0.409343 0.0173666 -97.7018 -0.409329 0.912376 -0.00450627 4.43178 -0.0176894 -0.00299796 0.999839 -0.0557802
0.911428 0.411117 0.0167662 -97.2442 -0.411119 0.911575 -0.00350941 4.23219 -0.0167265 -0.00369435 0.999853 -0.0665539
0.91182 0.410174 0.0184668 -96.5421 -0.410079 0.912007 -0.00882401 3.90383 -0.0204612 0.000473078 0.999791 -0.057875
0.910881 0.412122 0.0212651 -94.922 -0.41248 0.910816 0.01659 3.17187 -0.0125314 -0.0238829 0.999636 -0.0680171
0.909171 0.416368 0.00678982 -92.1744 -0.416247 0.90914 -0.0142626 1.89514 -0.0121114 0.0101409 0.999875 -0.0588308
0.908979 0.4168 0.0059896 -91.721 -0.416758 0.90899 -0.00711231 1.69186 -0.0084089 0.00396872 0.999957 -0.0557516
0.908073 0.418584 0.0137827 -91.2303 -0.418399 0.908148 -0.0144622 1.44576 -0.0185704 0.00736604 0.9998 -0.0325661
0.908301 0.417697 0.0227801 -88.6968 -0.417678 0.908576 -0.00584872 0.293457 -0.0231404 -0.00420234 0.999723 -0.134407
0.907119 0.420078 0.0258889 -88.2088 -0.420098 0.907465 -0.00491168 0.0967255 -0.0255566 -0.0064204 0.999653 -0.0855828
0.907061 0.420483 0.0208565 -87.5241 -0.420435 0.907297 -0.00682537 -0.230911 -0.021793 -0.00257778 0.999759 -0.102853
0.907364 0.41995 0.0182466 -87.0665 -0.419934 0.907541 -0.00488499 -0.447617 -0.018611 -0.00322992 0.999822 -0.113609
0.90697 0.420808 0.0180865 -86.6019 -0.420822 0.907138 -0.00318698 -0.665962 -0.017748 -0.00472071 0.999831 -0.0912126
0.907321 0.419603 0.0264897 -85.9009 -0.419714 0.907655 -0.00148183 -0.986031 -0.0246653 -0.00977362 0.999648 -0.0658401
0.922338 0.386022 0.0167189 -84.7546 -0.386066 0.922471 -0.000647223 -1.47536 -0.0156725 -0.00585764 0.99986 -0.071739
0.923852 0.382329 0.0179194 -84.042 -0.382358 0.924012 -0.00190178 -1.77763 -0.0172848 -0.00509465 0.999838 -0.0779343
0.930495 0.365858 0.0181112 -83.5745 -0.365915 0.930648 -0.000156868 -1.96796 -0.0169125 -0.00648118 0.999836 -0.0706521
0.93937 0.342659 0.0130079 -83.1381 -0.342682 0.939451 -0.000530817 -2.15208 -0.0124022 -0.00395895 0.999915 -0.068965
0.944963 0.326562 0.0200393 -82.6561 -0.326733 0.945098 0.00589978 -2.31935 -0.0170125 -0.0121226 0.999782 -0.0355199
0.950062 0.311524 0.0183043 -81.7107 -0.311817 0.950005 0.016177 -2.62257 -0.0123496 -0.0210768 0.999702 -0.0318356
0.951133 0.308334 0.0166518 -81.2105 -0.3086 0.951041 0.0169311 -2.75883 -0.0106161 -0.0212425 0.999718 -0.0799571
0.951849 0.306116 0.0166044 -80.7206 -0.30634 0.951831 0.0131739 -2.92262 -0.0117719 -0.0176262 0.999775 -0.0467225
0.951714 0.30644 0.0183225 -80.0272 -0.306721 0.951678 0.0151795 -3.13259 -0.0127855 -0.0200664 0.999717 -0.00505547
0.951957 0.305878 0.0147371 -79.3139 -0.306083 0.951893 0.0145735 -3.37656 -0.0095704 -0.0183841 0.999785 -0.0678869
0.951634 0.306934 0.0136028 -78.8353 -0.307107 0.951583 0.0132319 -3.53471 -0.00888288 -0.0167695 0.99982 -0.0521062
0.951481 0.30711 0.0191669 -77.8555 -0.30747 0.951347 0.0200241 -3.84949 -0.0120848 -0.0249458 0.999616 -0.0661471
0.971017 0.237982 0.0221498 -76.2192 -0.238191 0.971191 0.00727279 -4.37268 -0.0197809 -0.0123379 0.999728 0.0248444
0.978764 0.202962 0.0287595 -75.4681 -0.203484 0.978939 0.0165157 -4.50169 -0.0248017 -0.022017 0.99945 0.0944232
0.980628 0.194746 0.0210594 -74.4433 -0.19486 0.980825 0.00345877 -4.69859 -0.019982 -0.00749539 0.999772 0.003787
0.981743 0.18955 0.0158507 -73.7311 -0.189692 0.981811 0.00796153 -4.84682 -0.0140532 -0.0108229 0.999843 0.0147256
0.981775 0.18793 0.0282757 -72.7212 -0.188382 0.981992 0.0142683 -5.02607 -0.0250851 -0.0193349 0.999498 0.0508167
0.983088 0.182309 0.0173642 -71.7692 -0.182393 0.98322 0.00342748 -5.21578 -0.016448 -0.00653664 0.999843 0.0746593
0.985922 0.166653 0.0135924 -71.3064 -0.166789 0.985946 0.00958991 -5.29634 -0.0118032 -0.011722 0.999862 0.0290911
0.987108 0.157695 0.0273977 -69.8264 -0.158069 0.987354 0.0120824 -5.49202 -0.0251459 -0.0162574 0.999552 0.0491237
0.987346 0.157216 0.0207593 -69.3113 -0.157374 0.98752 0.0061937 -5.5726 -0.0195264 -0.00938229 0.999765 0.0369119
0.987456 0.156689 0.0194523 -68.3831 -0.15698 0.987497 0.0144141 -5.72651 -0.0169506 -0.0172869 0.999707 0.0386748
0.944833 0.326781 0.0224401 -66.5329 -0.327331 0.944491 0.0281335 -6.10314 -0.012001 -0.0339268 0.999352 0.0897069
0.921449 0.388469 0.00482571 -66.2323 -0.388471 0.921163 0.0234377 -6.17143 0.00465954 -0.0234713 0.999714 0.0891475
0.877894 0.478853 0.00134675 -65.842 -0.47884 0.87784 0.0104157 -6.4205 0.00380538 -0.00978879 0.999945 0.0763518
0.842316 0.538926 0.00788284 -65.559 -0.538983 0.842246 0.0108781 -6.57317 -0.000776803 -0.0134115 0.99991 0.0841808
0.785283 0.619123 0.00416479 -65.1616 -0.619137 0.785264 0.00541973 -6.87065 8.50172e-05 -0.0068346 0.999977 0.0813717
0.690694 0.723113 0.00697172 -64.6346 -0.723147 0.690657 0.00719805 -7.38885 0.000389941 -0.0100132 0.99995 0.0939817
0.638636 0.769508 0.00102681 -64.4315 -0.769457 0.638578 0.012392 -7.63617 0.00888007 -0.0087041 0.999923 0.0767247
0.562896 0.826481 0.00878317 -64.1333 -0.826517 0.562911 0.000882338 -8.06563 -0.00421491 -0.0077561 0.999961 0.113999
0.460423 0.887669 0.00735552 -63.8068 -0.887697 0.460385 0.00639108 -8.62003 0.00228679 -0.00947207 0.999952 0.135173
0.406846 0.913493 0.00252935 -63.6875 -0.913495 0.406838 0.00331076 -8.93043 0.00199532 -0.00365751 0.999991 0.129318
0.283052 0.958995 0.0145377 -63.4275 -0.959087 0.283107 -0.00185555 -9.61958 -0.00589518 -0.0134177 0.999893 0.138335
0.226281 0.974037 0.00697536 -63.3685 -0.974059 0.226259 0.00389279 -9.97519 0.00221349 -0.00767528 0.999968 0.145557
0.165565 0.986171 0.0074594 -63.3293 -0.986187 0.165521 0.00621553 -10.3106 0.00489489 -0.00838544 0.999953 0.140041
0.0757633 0.997092 0.00819804 -63.2697 -0.99709 0.0756886 0.0090712 -10.7966 0.00842433 -0.00886145 0.999925 0.161957
-0.103355 0.994632 0.00489999 -63.3655 -0.994637 -0.103333 -0.00451457 -12.3547 -0.003984 -0.00534032 0.999978 0.182934
-0.11412 0.993439 0.00752892 -63.4425 -0.993294 -0.114238 0.0178219 -12.8916 0.018565 -0.0054446 0.999813 0.175303
-0.121287 0.992577 0.00900367 -63.6332 -0.992601 -0.121228 -0.00682092 -14.2709 -0.00567879 -0.00976435 0.999936 0.20604
-0.125204 0.992131 -0.000556285 -63.7808 -0.992059 -0.125202 -0.0119515 -15.6964 -0.0119271 -0.00094451 0.999928 0.174396
-0.125464 0.992096 -0.0020328 -63.8695 -0.992021 -0.125479 -0.0122106 -16.2906 -0.0123691 0.000484597 0.999923 0.197931
-0.1266 0.991944 0.00450799 -63.9198 -0.991798 -0.126498 -0.0182834 -16.7357 -0.0175659 -0.00678571 0.999823 0.208386
-0.12708 0.991871 0.00656278 -63.9877 -0.991821 -0.126989 -0.0128436 -17.3538 -0.0119058 -0.00814127 0.999896 0.179657
-0.117227 0.993075 -0.00771787 -64.0932 -0.99294 -0.117345 -0.0173197 -17.9857 -0.0181054 0.00563305 0.99982 0.152823
-0.104008 0.994574 -0.00210698 -64.1648 -0.994506 -0.104026 -0.0117028 -18.5518 -0.0118585 0.000878212 0.999929 0.152318
-0.0440113 0.999015 0.00571529 -64.218 -0.998859 -0.0438968 -0.0188177 -19.3348 -0.0185482 -0.00653696 0.999807 0.151563
-0.0287901 0.999585 -0.00109775 -64.2911 -0.999501 -0.0288018 -0.0129739 -20.8094 -0.0130001 0.000723684 0.999915 0.167401
-0.0262631 0.999654 0.00162135 -64.2801 -0.999574 -0.0262402 -0.0128128 -21.2307 -0.0127658 -0.00195716 0.999917 0.159852
-0.0238802 0.999713 -0.00202382 -64.2768 -0.999683 -0.0238956 -0.0079499 -21.6459 -0.00799597 0.00183334 0.999966 0.158484
-0.0219276 0.999759 0.000538258 -64.2861 -0.999684 -0.0219192 -0.0122988 -22.5553 -0.012284 -0.000807772 0.999924 0.167374
-0.0206179 0.999783 0.00307429 -64.2891 -0.999786 -0.0206127 -0.00172185 -23.4069 -0.0016581 -0.00310914 0.999994 0.17046
-0.0172308 0.999839 0.0050502 -64.2806 -0.999724 -0.0171477 -0.0160599 -24.3195 -0.0159707 -0.00532553 0.999858 0.168529
-0.00159397 0.999947 0.0101891 -64.3131 -0.999953 -0.00149666 -0.00954786 -25.1357 -0.0095321 -0.0102038 0.999902 0.154439
0.000212198 0.999947 0.010297 -64.2969 -0.999967 0.000295549 -0.00809181 -26.2367 -0.00809443 -0.0102949 0.999914 0.138026
0.000859325 0.999997 -0.00239217 -64.2844 -0.999946 0.000834606 -0.0103188 -26.9374 -0.0103167 0.0024009 0.999944 0.160429
-0.00136629 0.999991 0.00401687 -64.2775 -0.999967 -0.00133383 -0.00806206 -27.4166 -0.00805663 -0.00402775 0.999959 0.14632
-0.000793478 0.999999 0.000606683 -64.3031 -0.999859 -0.000783157 -0.0167773 -28.8977 -0.0167768 -0.000619911 0.999859 0.149185
-0.00250686 0.999902 0.0137693 -64.3359 -0.99992 -0.00233523 -0.0124657 -30.6822 -0.0124323 -0.0137994 0.999828 0.0890708
-0.00254025 0.999976 0.00640108 -64.336 -0.999955 -0.00248167 -0.00914237 -31.1676 -0.00912627 -0.00642402 0.999938 0.13295
0.00545272 0.999985 0.000706579 -64.3003 -0.999937 0.00545944 -0.00982158 -33.7274 -0.00982529 -0.000652981 0.999952 0.145806
0.00669381 0.999977 0.000619117 -64.3028 -0.999973 0.0066957 -0.00300418 -35.1299 -0.00300825 -0.000598992 0.999995 0.148663
0.00507426 0.999953 0.00821449 -64.275 -0.999844 0.00521238 -0.0168776 -35.9447 -0.0169197 -0.00812756 0.999824 0.156545
0.00538284 0.999983 0.00245011 -64.2705 -0.99998 0.00539099 -0.00333697 -37.1546 -0.00335012 -0.0024321 0.999991 0.158788
0.00539684 0.999979 0.00369212 -64.2807 -0.99994 0.00543165 -0.00948048 -37.6429 -0.00950032 -0.00364073 0.999948 0.160549
0.00373002 0.999989 0.00286983 -64.2861 -0.99988 0.00377276 -0.0150271 -39.4112 -0.0150378 -0.00281343 0.999883 0.144309
0.00308889 0.999979 0.00560393 -64.27 -0.99996 0.00313604 -0.00842019 -39.8873 -0.00843759 -0.0055777 0.999949 0.155907
0.0033582 0.999992 0.00201213 -64.2699 -0.999821 0.00339507 -0.0186026 -40.4159 -0.0186093 -0.0019493 0.999825 0.153534
0.00218175 0.999995 0.0023587 -64.2726 -0.999936 0.00220781 -0.0110776 -41.1245 -0.0110827 -0.00233438 0.999936 0.1552
0.00131481 0.999999 0.00052627 -64.2575 -0.999871 0.00132305 -0.0159723 -43.0873 -0.015973 -0.000505203 0.999872 0.148023
