0.352497 -0.935795 0.00587234 -189.909 0.935662 0.352546 0.0157725 -113.805 -0.01683 -6.52149e-05 0.999858 -0.130847
0.352453 -0.935811 0.00582023 -189.911 0.935678 0.352501 0.0157889 -113.808 -0.0168271 -0.000118999 0.999858 -0.120647
0.352456 -0.93581 0.00577515 -189.904 0.935677 0.352503 0.0158039 -113.803 -0.0168252 -0.00016651 0.999858 -0.129246
0.352338 -0.935856 0.00572029 -189.907 0.935721 0.352384 0.0158752 -113.806 -0.0168726 -0.000240828 0.999858 -0.124546
0.352331 -0.935858 0.00571526 -189.907 0.935723 0.352377 0.0158906 -113.809 -0.0168853 -0.000250857 0.999857 -0.124547
0.352352 -0.93585 0.00574182 -189.903 0.935714 0.352399 0.0159363 -113.804 -0.0169374 -0.000242486 0.999857 -0.128846
0.352407 -0.935828 0.0060026 -189.904 0.935693 0.352458 0.0158615 -113.807 -0.0169593 2.6905e-05 0.999856 -0.128246
0.35235 -0.935848 0.00611476 -189.907 0.935714 0.352403 0.0158506 -113.809 -0.0169886 0.000136727 0.999856 -0.126947
0.352258 -0.935883 0.0061376 -189.904 0.935749 0.352312 0.0158052 -113.809 -0.0169542 0.000175725 0.999856 -0.131446
0.352265 -0.93588 0.0061322 -189.899 0.935746 0.352318 0.0158273 -113.813 -0.016973 0.00016278 0.999856 -0.129446
0.349523 -0.936915 0.00486811 -189.887 0.936781 0.349555 0.0158859 -113.778 -0.0165854 -0.000992136 0.999862 -0.113745
0.350868 -0.936405 0.00607262 -189.865 0.936262 0.350921 0.0163803 -113.692 -0.0174696 -6.17839e-05 0.999847 -0.108243
0.350263 -0.936626 0.0068916 -189.819 0.93646 0.35033 0.017653 -113.571 -0.0189486 0.0002705 0.99982 -0.10794
0.348362 -0.937337 0.00665546 -189.752 0.937201 0.348425 0.0159664 -113.418 -0.0172848 0.000675412 0.99985 -0.108235
0.345037 -0.938563 0.00699949 -189.612 0.93847 0.345102 0.0133539 -113.041 -0.014949 0.00196122 0.999886 -0.089724
0.343392 -0.939139 0.00997701 -189.421 0.938964 0.343524 0.0184135 -112.547 -0.0207201 0.003045 0.999781 -0.0981096
0.341984 -0.939677 0.00733066 -189.319 0.939521 0.342061 0.017184 -112.247 -0.018655 0.00101065 0.999825 -0.0892012
0.3413 -0.939918 0.00825367 -189.242 0.939742 0.341397 0.0182678 -112.045 -0.019988 0.00152151 0.999799 -0.102695
0.341972 -0.939669 0.00885229 -189.155 0.939459 0.342083 0.0198856 -111.838 -0.0217141 0.00151607 0.999763 -0.0847892
0.339765 -0.940473 0.0083478 -189.033 0.940253 0.339866 0.0203895 -111.526 -0.0220129 0.000921415 0.999757 -0.07958
0.337939 -0.941121 0.00942517 -188.888 0.940977 0.338055 0.0167407 -111.184 -0.0189413 0.00321153 0.999815 -0.0782697
0.338237 -0.941003 0.0104546 -188.764 0.940828 0.33838 0.0185093 -110.859 -0.0209549 0.00357545 0.999774 -0.0491604
0.336427 -0.941655 0.0101887 -188.632 0.941518 0.336557 0.0165397 -110.508 -0.0190037 0.00402849 0.999811 -0.0614504
0.335836 -0.941849 0.0115944 -188.59 0.94175 0.335984 0.0148527 -110.402 -0.0178846 0.00593091 0.999822 -0.0460473
0.336598 -0.941583 0.01108 -188.458 0.941447 0.336746 0.0167408 -110.06 -0.019494 0.00479632 0.999798 -0.0754375
0.336888 -0.941484 0.0106618 -188.376 0.941315 0.337035 0.0182864 -109.819 -0.0208097 0.00387567 0.999776 -0.0373308
0.335373 -0.942024 0.010755 -188.276 0.9419 0.335512 0.0160058 -109.582 -0.0186863 0.00476227 0.999814 -0.0404238
0.334788 -0.942236 0.0104074 -188.181 0.942127 0.334916 0.015116 -109.34 -0.0177285 0.00474447 0.999832 -0.0275168
0.335995 -0.941708 0.0171332 -187.948 0.941709 0.336214 0.0120171 -108.713 -0.0170771 0.0120968 0.999781 -0.0679992
0.336555 -0.941553 0.0144743 -187.842 0.941562 0.336704 0.0094967 -108.468 -0.0138152 0.0104323 0.99985 -0.0557919
0.336426 -0.941621 0.0129381 -187.747 0.941651 0.336527 0.00656058 -108.227 -0.0105316 0.00997602 0.999895 -0.052485
0.336436 -0.941642 0.011028 -187.646 0.94167 0.336502 0.00482679 -107.968 -0.00825607 0.00876086 0.999928 -0.0704776
0.336805 -0.941517 0.0103627 -187.55 0.941558 0.336844 0.00213623 -107.714 -0.00550189 0.00903754 0.999944 -0.0551704
0.336635 -0.941599 0.00822622 -187.446 0.941635 0.336617 -0.00349408 -107.446 0.000520942 0.00892233 0.99996 -0.0719628
0.337027 -0.94147 0.00690093 -187.35 0.941486 0.336982 -0.00691631 -107.203 0.00418601 0.00882811 0.999952 -0.0561559
0.336923 -0.941504 0.00733821 -187.248 0.941517 0.336863 -0.00832424 -106.939 0.00536533 0.00971368 0.999938 -0.0581485
0.336078 -0.941786 0.00951722 -187.098 0.941781 0.335934 -0.0140217 -106.55 0.0100083 0.0136755 0.999856 -0.0542375
0.335991 -0.941831 0.00798813 -187.051 0.941774 0.335828 -0.0167911 -106.423 0.0131317 0.0131647 0.999827 -0.068634
0.339362 -0.940636 0.0062013 -186.896 0.940621 0.339285 -0.0108107 -106.046 0.00806493 0.00950181 0.999922 -0.0632231
0.339301 -0.940649 0.00732346 -186.663 0.940618 0.339182 -0.0138916 -105.406 0.0105831 0.011602 0.999877 -0.0399057
0.338549 -0.940914 0.00812021 -186.505 0.940912 0.338446 -0.0118133 -105 0.00836703 0.0116398 0.999897 -0.0308943
0.339155 -0.940715 0.00545731 -186.318 0.940667 0.339059 -0.013579 -104.552 0.0109236 0.0097389 0.999893 -0.0603815
0.339789 -0.940492 0.00417413 -186.215 0.940457 0.339727 -0.0112203 -104.249 0.00913458 0.00773814 0.999928 -0.0526734
0.33875 -0.940875 0.00138169 -185.971 0.940819 0.338713 -0.0115736 -103.633 0.0104213 0.00522047 0.999932 -0.0444563
0.33939 -0.940644 0.00162822 -185.845 0.940603 0.339358 -0.0101172 -103.314 0.00896414 0.00496519 0.999947 -0.0283474
0.339348 -0.940656 0.00306704 -185.735 0.940603 0.339289 -0.0122063 -103.003 0.0104413 0.00702705 0.999921 -0.0284391
0.338721 -0.940859 0.00716589 -185.611 0.940833 0.33861 -0.013301 -102.689 0.0100879 0.0112472 0.999886 -0.0116304
0.34066 -0.940152 0.00810538 -185.493 0.94014 0.340545 -0.0128522 -102.371 0.00932277 0.0119984 0.999885 -0.0236219
0.34088 -0.940072 0.00804069 -185.192 0.940014 0.340714 -0.0169466 -101.606 0.0131915 0.0133351 0.999824 -0.0206008
0.340796 -0.940068 0.0113825 -185.075 0.940071 0.340603 -0.0160102 -101.283 0.0111737 0.0161565 0.999807 -0.0266923
0.341088 -0.939991 0.00872929 -184.951 0.939951 0.340923 -0.0162128 -100.989 0.0122639 0.0137351 0.99983 -0.036284
0.341908 -0.939707 0.00707007 -184.837 0.939635 0.341755 -0.0170068 -100.684 0.0135652 0.0124581 0.99983 -0.0123758
0.340743 -0.940123 0.00791444 -184.533 0.940041 0.340558 -0.0185089 -99.9258 0.0147054 0.0137467 0.999797 -0.018855
0.34257 -0.939461 0.0077476 -184.279 0.939401 0.342409 -0.0167823 -99.3203 0.0131134 0.0130272 0.999829 -0.00893819
0.341699 -0.9398 0.00410652 -184.123 0.939662 0.341565 -0.0191985 -98.8731 0.0166401 0.0104188 0.999807 -0.0098267
0.34419 -0.938864 0.00819575 -183.944 0.93879 0.344004 -0.0183009 -98.4029 0.0143627 0.0139931 0.999799 -0.0299142
0.34374 -0.93905 0.00523193 -183.82 0.938927 0.343589 -0.0190274 -98.0977 0.0160701 0.0114529 0.999805 -0.0354059
0.345873 -0.938268 0.00490949 -183.638 0.938152 0.345733 -0.0184307 -97.6348 0.0155955 0.0109805 0.999818 -0.0384936
0.344231 -0.938885 0.000813589 -183.515 0.938713 0.344151 -0.0194498 -97.3352 0.0179811 0.00745894 0.999811 -0.0321854
0.345741 -0.93831 0.00617539 -183.294 0.938214 0.345587 -0.0179899 -96.7244 0.014746 0.0120137 0.999819 -0.0309697
0.345243 -0.938493 0.00612298 -183.173 0.938368 0.345067 -0.019864 -96.4257 0.0165294 0.0126035 0.999784 -0.0322617
0.345206 -0.938501 0.00694655 -183.042 0.938369 0.345002 -0.0209187 -96.1246 0.0172357 0.0137397 0.999757 -0.0348534
0.347029 -0.93784 0.00515737 -182.943 0.937716 0.346879 -0.0190577 -95.8106 0.0160841 0.0114497 0.999805 -0.0339458
0.3474 -0.937697 0.00608254 -182.816 0.937532 0.347195 -0.0221071 -95.5121 0.0186179 0.0133826 0.999737 -0.0355376
0.347516 -0.937671 0.00235765 -182.566 0.937507 0.347406 -0.0197362 -94.9051 0.017687 0.00906898 0.999802 -0.0159214
0.347739 -0.937485 0.0141323 -182.101 0.937507 0.347466 -0.0186722 -93.6775 0.0125944 0.0197422 0.999726 -0.00758983
0.348223 -0.937407 0.00291622 -181.749 0.937283 0.348122 -0.0176771 -92.7654 0.0155555 0.00888892 0.999839 -0.0229664
0.348757 -0.937201 0.00469892 -181.57 0.937051 0.348598 -0.0203714 -92.309 0.017454 0.0115078 0.999781 -0.0100546
0.350941 -0.93639 0.00385225 -181.204 0.936249 0.350809 -0.0192565 -91.3905 0.0166801 0.0103645 0.999807 -0.00593095
0.351424 -0.936205 0.00460546 -181.04 0.936075 0.351281 -0.019114 -90.9281 0.0162768 0.0110282 0.999807 -0.00791964
0.353645 -0.935376 0.00258089 -180.734 0.935238 0.353542 -0.0183735 -90.1785 0.0162737 0.00891145 0.999828 -0.0147003
0.351803 -0.936051 0.00655286 -180.489 0.935941 0.351627 -0.0193058 -89.5766 0.0157671 0.0129249 0.999792 -0.0189848
0.353773 -0.935318 0.0049483 -180.262 0.935212 0.353638 -0.0178669 -88.9644 0.0149613 0.0109485 0.999828 -0.00476979
0.354604 -0.935005 0.00468465 -179.84 0.934897 0.354474 -0.0177523 -87.9134 0.0149379 0.0106747 0.999831 -0.0339432
0.354296 -0.935126 0.00358085 -179.721 0.934977 0.354164 -0.0196223 -87.6228 0.0170811 0.0103001 0.999801 -0.0237359
0.354638 -0.934967 0.00828872 -179.432 0.934854 0.354409 -0.0210366 -86.8871 0.0167309 0.0152091 0.999744 -0.00721759
0.354998 -0.934848 0.00597149 -179.324 0.934716 0.354819 -0.0202181 -86.5934 0.016782 0.012759 0.999778 -0.00911056
0.356069 -0.934456 0.0028283 -179.212 0.934353 0.35598 -0.0162045 -86.2906 0.0141356 0.00841254 0.999865 -0.000903274
0.354357 -0.93511 0.000182201 -179.086 0.934987 0.354307 -0.016327 -85.994 0.015203 0.00595593 0.999867 -0.00479573
0.364015 -0.931388 0.00302664 -178.795 0.931321 0.363945 -0.0135762 -85.2511 0.0115432 0.00776073 0.999903 -0.00917754
0.392936 -0.919565 0.00154303 -178.535 0.919496 0.392885 -0.0130001 -84.6718 0.0113482 0.006527 0.999914 -0.00436251
0.406447 -0.913668 0.00351464 -178.337 0.913617 0.406375 -0.0128044 -84.2335 0.0102707 0.00841533 0.999912 0.00654887
0.420151 -0.907375 0.011985 -177.792 0.907384 0.419918 -0.0180016 -83.0882 0.0113014 0.0184384 0.999766 -2.0824e-05
0.422681 -0.906185 0.0130144 -177.657 0.906202 0.422415 -0.0190958 -82.8106 0.0118069 0.0198651 0.999733 -0.0114134
0.425914 -0.904745 0.00584406 -177.045 0.904648 0.425747 -0.0187684 -81.5603 0.0144926 0.0132806 0.999807 0.00101977
0.42783 -0.903856 0.00231769 -176.776 0.903722 0.427719 -0.018528 -80.9942 0.0157553 0.0100214 0.999826 0.0175345
0.427382 -0.904069 0.00191627 -176.639 0.903968 0.427301 -0.0159677 -80.7083 0.013617 0.00855654 0.999871 0.0263419
0.420358 -0.907334 0.0067081 -176.524 0.907223 0.420155 -0.0204044 -80.4431 0.0156951 0.0146629 0.999769 0.000848482
0.411275 -0.911511 0.00108945 -176.335 0.911401 0.411206 -0.0160298 -80.0289 0.0141633 0.00758557 0.999871 -0.00154107
0.409536 -0.912292 0.00166555 -176.154 0.912172 0.409452 -0.0170591 -79.625 0.014881 0.00850561 0.999853 6.90162e-05
0.412434 -0.910936 0.00967781 -175.636 0.910894 0.412217 -0.0186658 -78.5169 0.013014 0.0165139 0.999779 -0.0016029
0.414328 -0.910028 0.0134375 -175.511 0.910044 0.414045 -0.0196515 -78.2294 0.0123197 0.0203709 0.999717 -0.0056959
0.413716 -0.91033 0.0117802 -175.381 0.910301 0.413436 -0.0205813 -77.9496 0.0138654 0.0192383 0.999719 0.00781112
0.413064 -0.910694 0.00376548 -175.252 0.910561 0.412925 -0.0192666 -77.6762 0.0159911 0.011387 0.999807 -0.008182
0.415873 -0.909413 0.00416172 -174.998 0.909319 0.415753 -0.016989 -77.1132 0.0137197 0.0108496 0.999847 0.00763185
0.415831 -0.909436 0.00315257 -174.862 0.909315 0.415713 -0.0181433 -76.8385 0.0151896 0.0104112 0.99983 -0.0112611
0.415915 -0.909396 0.00381875 -174.735 0.909264 0.415773 -0.0192861 -76.5582 0.0159509 0.0114936 0.999807 0.00314577
0.41733 -0.908729 0.00692535 -174.533 0.908631 0.417134 -0.0197209 -76.1362 0.0150322 0.0145227 0.999782 0.00675639
0.418408 -0.908255 0.00287214 -174.336 0.908091 0.418268 -0.0205579 -75.7206 0.0174705 0.0112098 0.999785 0.0166667
0.420697 -0.907199 0.00182828 -174.203 0.907077 0.420605 -0.0173852 -75.4407 0.0150029 0.0089723 0.999847 0.0228737
0.421069 -0.907022 0.00354526 -174.01 0.90688 0.420926 -0.0197518 -75.013 0.016423 0.011532 0.999799 0.022084
0.420926 -0.907091 0.00255348 -173.887 0.906965 0.420817 -0.0181116 -74.731 0.0153543 0.00993955 0.999833 0.0204907
0.421816 -0.90668 0.00182511 -173.836 0.906567 0.421729 -0.0167765 -74.5705 0.0144412 0.00873115 0.999858 0.00909399
0.422875 -0.906187 0.00102933 -173.632 0.906052 0.422792 -0.0177912 -74.1507 0.015687 0.0084561 0.999841 0.0239045
0.425353 -0.905025 0.00195904 -173.242 0.904859 0.425232 -0.020187 -73.2808 0.0174367 0.0103593 0.999794 0.0497252
0.427175 -0.904169 0.000396057 -172.95 0.903976 0.427075 -0.0208463 -72.7132 0.0186794 0.00926304 0.999783 0.0311396
0.42615 -0.904653 -0.000127392 -172.668 0.904403 0.426036 -0.0234152 -72.1115 0.0212369 0.00986316 0.999726 0.0345541
0.42908 -0.903266 0.000508883 -172.493 0.903059 0.42897 -0.0216693 -71.7706 0.0193549 0.00975743 0.999765 0.0380627
0.427994 -0.903778 0.00250759 -172.339 0.903537 0.427812 -0.024455 -71.4243 0.0210291 0.0127323 0.999698 0.0389708
0.429306 -0.903045 -0.0143582 -172.085 0.902969 0.429487 -0.0137068 -70.9134 0.0185445 -0.00708055 0.999803 0.0531834
0.430264 -0.902701 0.00200675 -171.923 0.902522 0.430133 -0.0209646 -70.5139 0.0180616 0.0108314 0.999778 0.0532922
0.43063 -0.902526 0.00207229 -171.374 0.902314 0.430477 -0.0227711 -69.405 0.0196594 0.0116758 0.999739 0.0413192
0.432121 -0.901812 0.00249269 -171.036 0.90158 0.431943 -0.0240682 -68.684 0.0206283 0.0126477 0.999707 0.0504361
0.435127 -0.900365 -0.0025945 -170.617 0.90018 0.435093 -0.0192261 -67.7662 0.0184394 0.00603028 0.999812 0.0445572
0.436684 -0.899614 0.00123783 -170.193 0.899449 0.436577 -0.0198025 -66.8581 0.0172742 0.00976081 0.999803 0.0459782
0.435547 -0.900146 0.00589792 -170.034 0.90001 0.435341 -0.0214442 -66.5097 0.0167353 0.0146482 0.999753 0.0463861
0.437918 -0.898993 0.00624719 -169.879 0.898893 0.437734 -0.0195066 -66.1559 0.0148017 0.0141579 0.99979 0.0567939
0.43921 -0.898369 0.00516292 -169.712 0.898232 0.439023 -0.0209266 -65.8314 0.0165332 0.0138287 0.999768 0.0436017
0.440036 -0.897976 0.0027246 -169.553 0.897832 0.439907 -0.0194739 -65.4927 0.0162885 0.0110154 0.999807 0.0573094
0.440055 -0.897968 0.00212338 -169.374 0.897848 0.439955 -0.0175625 -65.1806 0.0148364 0.00963495 0.999844 0.0546174
0.441917 -0.897049 0.00344542 -168.991 0.896919 0.441778 -0.0191991 -64.3226 0.0157004 0.0115746 0.99981 0.0684363
0.444673 -0.89569 0.00235096 -168.631 0.895565 0.444564 -0.0180739 -63.5535 0.0151434 0.0101424 0.999834 0.0840536
0.443866 -0.89608 0.00478737 -168.485 0.895957 0.443699 -0.0197947 -63.252 0.0156135 0.0130755 0.999793 0.0723604
0.447078 -0.89448 0.00515456 -167.962 0.894357 0.4469 -0.0201709 -62.1175 0.0157389 0.013628 0.999783 0.0816855
0.447878 -0.894046 0.0093611 -167.665 0.89399 0.447641 -0.0200045 -61.5013 0.0136945 0.0173283 0.999756 0.0601993
0.44886 -0.893556 0.00905973 -167.519 0.893469 0.448594 -0.0218413 -61.1649 0.0154523 0.0178983 0.99972 0.0552064
0.450806 -0.892579 0.00873346 -167.285 0.89254 0.450612 -0.0179064 -60.6933 0.0120475 0.0158673 0.999802 0.066617
0.454591 -0.890628 0.0113825 -166.682 0.890611 0.454328 -0.0199292 -59.4368 0.0125781 0.019197 0.999737 0.0629447
0.455691 -0.890094 0.00886153 -166.319 0.890033 0.455462 -0.0198752 -58.6653 0.0136547 0.016944 0.999763 0.0626613
0.460317 -0.887733 0.00619038 -165.62 0.887613 0.460108 -0.0210404 -57.2141 0.01583 0.0151799 0.999759 0.0537928
0.460402 -0.887707 0.0025726 -165.352 0.887544 0.460258 -0.0207064 -56.6623 0.0171971 0.0118166 0.999782 0.0329047
0.463303 -0.886193 0.00340979 -164.453 0.886044 0.463146 -0.0205284 -54.8201 0.0166129 0.0125321 0.999783 0.0438441
0.464347 -0.885614 0.00831528 -164.181 0.885548 0.464126 -0.0198115 -54.2424 0.013686 0.016563 0.999769 0.0693561
0.467519 -0.883943 0.00838941 -163.624 0.883869 0.467285 -0.0205201 -53.0796 0.0142183 0.0170087 0.999754 0.0566802
0.467839 -0.883789 0.00670094 -163.429 0.883699 0.467642 -0.0196851 -52.6901 0.0142638 0.0151311 0.999784 0.0497885
0.467458 -0.883939 0.0116224 -163.039 0.883896 0.467139 -0.0225421 -51.8796 0.0144965 0.0208105 0.999678 0.0653051
0.468066 -0.88362 0.0114331 -162.944 0.883597 0.467784 -0.0208606 -51.6644 0.0130846 0.0198664 0.999717 0.0608093
0.468897 -0.88321 0.00874316 -162.733 0.883135 0.468649 -0.0209914 -51.262 0.0144423 0.0175642 0.999741 0.0549179
0.471973 -0.881595 0.00559209 -161.83 0.881465 0.471768 -0.0213073 -49.4145 0.0161463 0.0149857 0.999757 0.0480556
0.473125 -0.880975 0.00597269 -161.531 0.880855 0.472918 -0.0210472 -48.784 0.0157175 0.015219 0.999761 0.041268
0.473828 -0.880597 0.00599081 -161.316 0.880415 0.473561 -0.024697 -48.3936 0.0189111 0.0169765 0.999677 0.0437764
0.475182 -0.879868 0.00582561 -161.13 0.879739 0.474969 -0.0215389 -47.9744 0.0161844 0.0153599 0.999751 0.0457843
0.475411 -0.879743 0.00609915 -160.911 0.879599 0.475177 -0.0226471 -47.5602 0.0170254 0.0161315 0.999725 0.018893
0.477071 -0.878833 0.00747204 -160.711 0.878711 0.47681 -0.0227907 -47.1332 0.0164665 0.0174385 0.999712 0.0278012
0.476859 -0.878963 0.00540533 -160.502 0.878824 0.476651 -0.0217208 -46.7137 0.0165153 0.0151081 0.999749 0.0378096
0.477666 -0.878477 0.0106209 -160.192 0.878407 0.477347 -0.0232884 -46.0597 0.0153885 0.0204535 0.999672 0.0373221
0.479071 -0.877741 0.0078634 -159.972 0.877596 0.478773 -0.0245235 -45.6226 0.0177605 0.0186494 0.999668 0.0204308
0.481032 -0.876684 0.00575732 -159.866 0.87654 0.480805 -0.0224733 -45.4052 0.0169338 0.0158569 0.999731 0.028735
0.483886 -0.87511 0.00611431 -159.099 0.87491 0.483595 -0.0258433 -43.8107 0.0196589 0.0178547 0.999647 0.0145654
0.485149 -0.874397 0.00775599 -158.76 0.874231 0.484829 -0.0257181 -43.1199 0.0187275 0.0192576 0.999639 0.0218786
0.486894 -0.873452 0.00403948 -158.536 0.873288 0.4867 -0.0221519 -42.6784 0.0173826 0.0143132 0.999746 0.00478714
0.487273 -0.873232 0.00558752 -158.31 0.873028 0.486995 -0.0256469 -42.2153 0.0196746 0.0173751 0.999655 -0.00570415
0.488421 -0.872571 0.00802845 -157.965 0.872432 0.488116 -0.024602 -41.5081 0.0175482 0.0190204 0.999665 0.0161091
0.489431 -0.872033 0.00397982 -157.837 0.871825 0.489203 -0.0245143 -41.2736 0.0194303 0.0154678 0.999692 0.0137138
0.491481 -0.870882 0.00320433 -157.495 0.870705 0.491299 -0.0223198 -40.5806 0.0178636 0.0137598 0.999746 0.00902668
0.494492 -0.869181 0.00128885 -157.15 0.869054 0.494393 -0.0178861 -39.8549 0.0149091 0.00996461 0.999839 -0.000360232
0.493387 -0.869801 0.00396857 -156.913 0.869657 0.49321 -0.0209847 -39.3912 0.0162952 0.0138049 0.999772 -0.00255149
0.496348 -0.867991 0.015197 -156.213 0.868043 0.495986 -0.0223651 -37.9556 0.0118752 0.0242925 0.999634 -0.0371256
0.497907 -0.867119 0.0138921 -155.971 0.867128 0.497538 -0.0233493 -37.4827 0.0133348 0.023672 0.999631 -0.0359168
0.499717 -0.866078 0.0138903 -155.741 0.866129 0.499429 -0.0197948 -36.9952 0.0102066 0.0219226 0.999708 -0.0282083
0.501624 -0.865063 0.00628064 -155.396 0.864917 0.50137 -0.0234035 -36.3148 0.0170965 0.017172 0.999706 -0.014496
0.50477 -0.86325 0.0025975 -155.171 0.863147 0.504658 -0.0172277 -35.8747 0.0135609 0.010938 0.999848 -0.029888
0.505231 -0.862954 0.00725575 -154.954 0.862926 0.505081 -0.0158722 -35.4476 0.0100322 0.0142803 0.999848 -0.0323804
0.507793 -0.861468 0.0044774 -154.68 0.861391 0.50766 -0.0169424 -34.8605 0.0123223 0.01246 0.999846 -0.0328705
0.505638 -0.862616 0.014946 -154.411 0.862668 0.505283 -0.0221875 -34.3506 0.0115873 0.0241123 0.999642 -0.0345612
0.506595 -0.862167 0.00539765 -154.264 0.86208 0.506426 -0.0187478 -34.0841 0.0134302 0.0141507 0.99981 -0.0595562
0.508824 -0.860828 0.00858713 -154.264 0.860762 0.508576 -0.0209751 -34.0841 0.0136888 0.0180641 0.999743 -0.0595562
0.508045 -0.861295 0.0078732 -154.182 0.861213 0.507803 -0.0211997 -33.9154 0.0142611 0.0175509 0.999744 -0.0555533
0.51033 -0.859844 0.0152287 -153.768 0.859785 0.509759 -0.0302684 -33.0859 0.0182631 0.0285402 0.999426 -0.0447389
0.515121 -0.857085 0.00747639 -153.551 0.856933 0.514809 -0.0252577 -32.6676 0.0177991 0.0194175 0.999653 -0.0477315
0.517733 -0.855533 -0.00399841 -153.331 0.855236 0.517667 -0.0243305 -32.2101 0.0228854 0.00917711 0.999696 -0.0269239
0.518412 -0.855128 0.00226122 -153.21 0.854918 0.518222 -0.0237061 -31.9632 0.0190999 0.0142227 0.999716 -0.0313197
0.519301 -0.851297 -0.0749703 -153.029 0.854414 0.518979 0.025245 -31.5961 0.0174171 -0.0771654 0.996866 0.0209864
0.513289 -0.857641 0.0314059 -152.893 0.85799 0.511971 -0.0416944 -31.305 0.0196799 0.0483472 0.998637 -0.0205089
0.512972 -0.853861 0.0882138 -152.784 0.858226 0.508048 -0.0730446 -31.098 0.0175531 0.113177 0.99342 -0.0383052
0.514433 -0.855805 0.0543703 -152.746 0.857425 0.512343 -0.0482353 -31.0045 0.0134238 0.0714323 0.997355 -0.0254039
0.517293 -0.855801 0.003461 -152.502 0.855633 0.517102 -0.0223031 -30.5311 0.0172973 0.0144986 0.999745 -0.0195957
0.519686 -0.854349 0.00382049 -152.301 0.854197 0.519497 -0.0217114 -30.148 0.0165644 0.0145466 0.999757 -0.0234891
0.518385 -0.85513 0.00540804 -152.075 0.854964 0.518132 -0.0240102 -29.7302 0.0177297 0.0170702 0.999697 -0.0282817
0.518928 -0.85481 0.00360425 -151.764 0.854685 0.518769 -0.0198234 -29.1058 0.0150755 0.0133674 0.999797 -0.0301714
0.51766 -0.855565 0.00606825 -151.513 0.85538 0.517367 -0.0256187 -28.6178 0.018779 0.0184524 0.999653 -0.0494633
0.520198 -0.854046 0.000229622 -151.026 0.853857 0.520078 -0.0211584 -27.6269 0.0179508 0.0112026 0.999776 -0.0410473
0.523281 -0.852148 0.00447126 -149.938 0.852056 0.523129 -0.0183497 -25.4563 0.0132976 0.0134118 0.999822 -0.0637126
0.521786 -0.853075 0.00124692 -149.564 0.852974 0.521701 -0.0162118 -24.7246 0.0131794 0.00952268 0.999868 -0.0593009
0.523702 -0.851891 0.00422009 -148.782 0.851749 0.523508 -0.021506 -23.233 0.0161115 0.0148572 0.99976 -0.062077
0.524464 -0.851406 0.00663994 -148.411 0.85122 0.524144 -0.0263966 -22.4895 0.018994 0.0194962 0.999629 -0.0634657
0.525975 -0.850496 0.00276241 -148.167 0.850262 0.525748 -0.0253487 -22.0076 0.0201066 0.0156815 0.999675 -0.0702583
0.52574 -0.850637 0.00365093 -147.326 0.8504 0.525481 -0.0262638 -20.3653 0.0204225 0.0169127 0.999648 -0.0730334
0.547099 -0.837052 0.00518011 -146.949 0.836864 0.54682 -0.0254146 -19.7048 0.0184407 0.0182393 0.999664 -0.0596226
0.568315 -0.82281 -0.00141133 -145.987 0.822509 0.568152 -0.0260994 -17.983 0.0222767 0.0136718 0.999658 -0.0564954
0.569119 -0.822254 0.000743428 -145.743 0.821964 0.568894 -0.0270999 -17.5581 0.0218601 0.0160341 0.999632 -0.0719886
0.579479 -0.81496 -0.00664277 -145.112 0.814679 0.579465 -0.0227707 -16.4998 0.0224064 0.0077834 0.999719 -0.0629714
0.578836 -0.815438 -0.00314428 -144.985 0.815158 0.578731 -0.0242376 -16.2874 0.0215839 0.0114665 0.999701 -0.061368
0.588325 -0.808624 0.00134051 -144.735 0.80836 0.588089 -0.0265613 -15.8666 0.0206898 0.0167103 0.999646 -0.0667612
0.592378 -0.805659 0.0012906 -144.301 0.805353 0.592108 -0.0285383 -15.1546 0.022228 0.0179449 0.999592 -0.0531496
0.597408 -0.801934 0.00247387 -143.836 0.801671 0.597127 -0.027615 -14.4087 0.0206682 0.0184807 0.999616 -0.0693374
0.597755 -0.801673 0.00306976 -143.427 0.801422 0.597463 -0.0275782 -13.7574 0.0202746 0.0189452 0.999615 -0.0870268
0.59809 -0.801404 0.00633655 -143.203 0.801108 0.597609 -0.0330078 -13.442 0.0226658 0.0248179 0.999435 -0.084621
0.599712 -0.800199 0.00526171 -142.985 0.799969 0.59935 -0.0287888 -13.0869 0.0198831 0.0214742 0.999572 -0.0986154
0.597863 -0.801577 0.00581777 -142.882 0.801315 0.597443 -0.0309192 -12.9071 0.0213083 0.0231473 0.999505 -0.0902127
0.600222 -0.799832 0.00110629 -142.244 0.799727 0.60012 -0.0171363 -11.8526 0.0130422 0.0111703 0.999853 -0.0832964
0.605294 -0.795986 0.00504846 -141.755 0.795743 0.604922 -0.0293795 -11.0887 0.0203317 0.0218005 0.999556 -0.117084
0.608187 -0.793769 0.00620429 -141.616 0.793577 0.607821 -0.0280892 -10.8743 0.0185253 0.0220071 0.999586 -0.123381
0.603799 -0.795057 -0.0575366 -141.286 0.796948 0.603652 0.0218766 -10.3448 0.0173389 -0.0590627 0.998104 -0.0545725
0.611037 -0.791465 -0.0147086 -141.107 0.791338 0.611208 -0.0144891 -10.0285 0.0204577 -0.00278612 0.999787 -0.097068
0.609274 -0.790016 0.0682594 -140.897 0.792786 0.605076 -0.0733061 -9.67416 0.0166109 0.0987786 0.994971 -0.0713629
0.613768 -0.789479 0.00338836 -140.483 0.78932 0.613544 -0.0231848 -9.04883 0.016225 0.0169046 0.999725 -0.109453
0.614198 -0.789141 0.00427738 -140.2 0.788984 0.613946 -0.0239793 -8.61319 0.0162969 0.0181028 0.999703 -0.117346
0.614189 -0.789153 0.00302507 -140.009 0.788997 0.613981 -0.02261 -8.30612 0.0159854 0.0162736 0.99974 -0.118341
0.615588 -0.788068 -0.000846224 -139.703 0.787957 0.615519 -0.0161223 -7.82065 0.0132263 0.0092579 0.99987 -0.101434
0.616439 -0.787395 0.0036077 -139.488 0.787272 0.616246 -0.0210946 -7.49043 0.0143865 0.0158437 0.999771 -0.104829
0.617415 -0.786631 0.0032051 -139.177 0.786534 0.617262 -0.0187675 -7.00297 0.0127847 0.0141083 0.999819 -0.120222
0.618223 -0.785988 0.00474809 -138.871 0.78588 0.618009 -0.0213984 -6.53544 0.0138845 0.0169604 0.99976 -0.118314
0.618296 -0.785938 0.00351191 -138.65 0.785793 0.618082 -0.022436 -6.20278 0.0154626 0.0166317 0.999742 -0.120409
0.618496 -0.785769 0.00544971 -138.411 0.785602 0.618184 -0.0260541 -5.83458 0.0171036 0.0203956 0.999646 -0.122804
0.623622 -0.781711 0.0048869 -138.16 0.781567 0.623356 -0.0240827 -5.449 0.0157794 0.0188379 0.999698 -0.130698
0.644548 -0.764559 0.00278331 -137.769 0.764421 0.644353 -0.0216728 -4.88811 0.0147767 0.0160968 0.999761 -0.127089
0.664046 -0.74768 0.00416029 -136.987 0.74755 0.663801 -0.0232 -3.77731 0.0145846 0.0185159 0.999722 -0.128271
0.687857 -0.725825 0.00548432 -136.567 0.725687 0.687529 -0.026124 -3.24411 0.0151909 0.0219495 0.999644 -0.122162
0.706063 -0.708147 0.00203236 -135.995 0.707923 0.705761 -0.0273129 -2.56242 0.0179072 0.0207234 0.999625 -0.15845
0.741092 -0.671393 -0.00365801 -134.537 0.671197 0.740989 -0.0207468 -0.912996 0.0166398 0.0129201 0.999778 -0.153618
0.742627 -0.669696 -0.00358058 -134.201 0.669517 0.742534 -0.0197424 -0.54679 0.0158801 0.012264 0.999799 -0.166011
0.744578 -0.667533 -0.00193535 -133.687 0.667344 0.744431 -0.0217999 0.0253861 0.0159929 0.0149402 0.999761 -0.1598
0.745427 -0.666539 -0.00794578 -133.319 0.666229 0.745365 -0.0239007 0.40776 0.0218532 0.0125225 0.999683 -0.142793
0.748293 -0.66322 -0.0140031 -132.948 0.662968 0.748408 -0.0189132 0.81062 0.0230237 0.00486899 0.999723 -0.144785
0.770636 -0.637224 -0.00818146 -131.98 0.636736 0.770447 -0.0312814 1.82729 0.0262367 0.0188972 0.999477 -0.148265
0.817372 -0.576086 -0.00528638 -131.147 0.575795 0.817194 -0.0255614 2.56535 0.0190456 0.0178493 0.999659 -0.140648
0.836178 -0.548428 -0.00572153 -130.718 0.548197 0.836057 -0.022133 2.89335 0.0169219 0.0153706 0.999739 -0.15934
0.865729 -0.500507 -0.00267128 -130.04 0.500328 0.86554 -0.022628 3.39388 0.0136376 0.0182532 0.99974 -0.157126
0.893054 -0.449938 -0.00316903 -129.344 0.449726 0.89281 -0.0252248 3.82487 0.0141789 0.0211019 0.999677 -0.175412
0.905332 -0.424646 -0.00711706 -128.886 0.424442 0.905233 -0.020046 4.10314 0.014955 0.0151275 0.999774 -0.171003
0.916232 -0.400603 -0.00602433 -128.205 0.400369 0.916051 -0.0235587 4.48917 0.0149563 0.0191733 0.999704 -0.161689
0.948138 -0.317718 -0.00951175 -127.006 0.317411 0.947965 -0.0247597 5.04008 0.0168834 0.0204564 0.999648 -0.172866
0.962617 -0.270414 -0.0156716 -126.29 0.270084 0.962622 -0.0203341 5.32965 0.0205844 0.0153413 0.99967 -0.171352
0.966327 -0.256807 -0.0161703 -125.807 0.256545 0.966389 -0.0166427 5.51558 0.0199008 0.0119339 0.999731 -0.164643
0.967567 -0.252066 -0.0166304 -125.083 0.251919 0.967692 -0.0104281 5.78544 0.0187216 0.00590036 0.999807 -0.166029
0.97834 -0.206562 -0.0135535 -123.368 0.206414 0.978396 -0.0115934 6.37023 0.0156554 0.00854467 0.999841 -0.161596
0.984793 -0.173534 -0.00824483 -122.861 0.173402 0.984742 -0.0146543 6.51064 0.010662 0.0130018 0.999859 -0.165886
0.997898 -0.0632375 0.0141728 -120.34 0.0634243 0.9979 -0.013139 7.01625 -0.0133122 0.0140103 0.999813 -0.149939
0.998859 -0.0459269 0.0130793 -119.076 0.0460898 0.99886 -0.0124392 7.21247 -0.0124931 0.0130279 0.999837 -0.148315
0.99931 -0.0369613 0.00364446 -118.311 0.0369508 0.999313 0.00290774 7.31234 -0.00374943 -0.00277107 0.999989 -0.136101
0.999701 -0.0223197 -0.00995169 -117.254 0.0220882 0.999496 -0.0227942 7.44434 0.0104554 0.0225676 0.999691 -0.132782
0.999889 -0.0140404 -0.00490335 -116.473 0.0139912 0.999853 -0.00992229 7.542 0.00504194 0.00985259 0.999939 -0.116867
0.999972 -0.0024264 -0.00710564 -115.957 0.0023348 0.999914 -0.0128707 7.57965 0.00713626 0.0128537 0.999892 -0.129658
0.999554 0.0269418 -0.0129165 -115.162 -0.0271217 0.999535 -0.0139656 7.64066 0.0125342 0.0143097 0.999819 -0.126344
0.996092 0.0870418 -0.014956 -113.854 -0.0872949 0.996034 -0.0171949 7.67055 0.0134 0.0184333 0.99974 -0.13442
0.992371 0.122836 -0.0105101 -111.993 -0.123035 0.992179 -0.0210413 7.64794 0.0078433 0.0221739 0.999723 -0.135187
0.990875 0.134232 -0.0121471 -111.451 -0.134507 0.990581 -0.0256215 7.62756 0.00859345 0.0270216 0.999598 -0.145478
0.989271 0.144786 -0.0194859 -110.125 -0.145104 0.989287 -0.0160274 7.55746 0.0169566 0.018683 0.999682 -0.166355
0.988857 0.148246 -0.0136274 -109.055 -0.14846 0.988784 -0.0163344 7.50396 0.011053 0.0181755 0.999774 -0.155436
0.985553 0.16871 -0.0148826 -108.235 -0.168949 0.985484 -0.0166289 7.43153 0.0118611 0.0189031 0.999751 -0.172922
0.984757 0.172861 -0.0192831 -107.698 -0.173235 0.984682 -0.019783 7.38004 0.015568 0.0228219 0.999618 -0.189213
0.978734 0.203985 -0.0216707 -106.394 -0.20422 0.978882 -0.00921643 7.24238 0.019333 0.013446 0.999723 -0.172491
0.968143 0.249815 -0.0170973 -105.331 -0.249952 0.968237 -0.00640467 7.07051 0.0149542 0.0104741 0.999833 -0.171273
0.967527 0.252302 -0.0153623 -104.812 -0.252459 0.967563 -0.00929366 6.99188 0.0125192 0.0128702 0.999839 -0.177865
0.966206 0.257712 -0.00548921 -103.547 -0.257685 0.966215 0.00518184 6.76985 0.00663918 -0.00359224 0.999972 -0.164344
0.965722 0.259443 -0.00834201 -103.01 -0.259432 0.965758 0.00246842 6.66985 0.00869679 -0.000219626 0.999962 -0.161235
0.964752 0.262871 -0.0123609 -101.724 -0.263004 0.964735 -0.0107274 6.42633 0.00910505 0.0136003 0.999866 -0.152214
0.936384 0.350941 -0.00505338 -100.492 -0.350951 0.936393 -0.00133735 6.09754 0.00426262 0.00302576 0.999986 -0.149394
0.919234 0.393674 -0.00538324 -100.001 -0.393705 0.919212 -0.00676944 5.92899 0.00228339 0.0083421 0.999963 -0.144586
0.887506 0.46071 -0.00893345 -98.8053 -0.460782 0.887464 -0.00932791 5.44207 0.00363065 0.0123949 0.999917 -0.136267
0.882082 0.47104 -0.00720361 -98.3592 -0.471081 0.882071 -0.00573861 5.24462 0.00365098 0.00845541 0.999958 -0.12846
0.876449 0.481344 -0.0120616 -96.7466 -0.481459 0.876414 -0.00972929 4.52305 0.0058878 0.0143344 0.99988 -0.109935
0.875363 0.48338 -0.00906782 -96.2752 -0.483437 0.87536 -0.00567598 4.31176 0.00519396 0.00935227 0.999943 -0.112528
0.875734 0.482611 -0.0132979 -95.5893 -0.482734 0.875726 -0.00841292 3.9925 0.00758519 0.0137868 0.999876 -0.0958172
0.874383 0.485221 0.00392724 -93.9577 -0.485159 0.874358 -0.0108678 3.27513 -0.00870712 0.00759731 0.999933 -0.101593
0.87252 0.488331 -0.0155533 -91.1745 -0.488399 0.87262 -0.000709285 1.96487 0.0132257 0.00821508 0.999879 -0.112452
0.872554 0.488297 -0.0146591 -90.7274 -0.488337 0.872655 0.000997314 1.76088 0.0132793 0.00628837 0.999892 -0.0933452
0.871726 0.489761 -0.0150573 -90.2509 -0.489833 0.871815 -0.00125005 1.54605 0.0125149 0.00846524 0.999886 -0.0918384
0.873436 0.486748 -0.0136122 -87.6775 -0.486894 0.873393 -0.0108922 0.37266 0.00658699 0.0161414 0.999848 -0.0762023
0.872278 0.488871 -0.0116306 -87.2175 -0.488982 0.872236 -0.0100693 0.15838 0.00522203 0.0144703 0.999882 -0.064296
0.872484 0.488598 -0.00657209 -86.5033 -0.48864 0.872444 -0.00850365 -0.162873 0.00157891 0.0106307 0.999942 -0.0667863
0.872608 0.488359 -0.00782529 -86.0356 -0.488418 0.872553 -0.00999829 -0.389002 0.00194523 0.0125466 0.999919 -0.07628
0.872017 0.489415 -0.00767566 -85.5692 -0.489473 0.871951 -0.010875 -0.604611 0.00137042 0.0132402 0.999911 -0.0754737
0.873614 0.486545 -0.00857411 -84.8683 -0.486617 0.873536 -0.0117732 -0.92376 0.00176162 0.0144575 0.999894 -0.0878644
0.889185 0.457525 -0.00451178 -83.699 -0.457547 0.889127 -0.0102075 -1.43316 -0.000658663 0.0111407 0.999938 -0.104149
0.892413 0.451184 -0.00570223 -82.9973 -0.451215 0.89239 -0.00670848 -1.71621 0.00206186 0.00855966 0.999961 -0.09144
0.900446 0.434943 -0.00468083 -82.5269 -0.434968 0.900407 -0.00836283 -1.90203 0.000577289 0.00956629 0.999954 -0.0981339
0.91144 0.411418 -0.00351756 -82.0579 -0.411433 0.911401 -0.00845214 -2.06625 -0.000271458 0.00915086 0.999958 -0.0837279
0.919443 0.393222 0.000742872 -81.595 -0.393205 0.919418 -0.00777054 -2.22317 -0.00373856 0.00685247 0.99997 -0.0858221
0.926649 0.375876 0.00618491 -80.652 -0.375822 0.926654 -0.00832792 -2.52383 -0.00886154 0.00539264 0.999946 -0.0640102
0.928277 0.37185 0.00548106 -80.1896 -0.371812 0.928283 -0.00679148 -2.67898 -0.00761338 0.00426645 0.999962 -0.0580044
0.929598 0.368508 0.0070188 -79.7109 -0.368451 0.929611 -0.00821203 -2.83246 -0.00955095 0.00504781 0.999942 -0.0496985
0.929978 0.367444 0.0112268 -78.9889 -0.367355 0.930035 -0.0092536 -3.06224 -0.0138415 0.00448142 0.999894 -0.0396896
0.931444 0.363723 0.0108953 -78.2649 -0.363679 0.931506 -0.00581682 -3.29181 -0.0122648 0.00145564 0.999924 -0.0467808
0.931451 0.363663 0.0121382 -77.7829 -0.363621 0.93153 -0.00562986 -3.4505 -0.0133544 0.000830245 0.99991 -0.028575
0.9323 0.361553 0.00980231 -76.8136 -0.361523 0.932351 -0.0047565 -3.75946 -0.0108589 0.000890729 0.999941 -0.0240634
0.956173 0.292793 0.0023697 -75.1353 -0.292734 0.956092 -0.0139938 -4.24649 -0.00636293 0.0126868 0.999899 0.0153562
0.966855 0.255278 0.00487109 -74.4037 -0.255251 0.966859 -0.00555843 -4.38414 -0.0061286 0.00413085 0.999973 -0.0170353
0.969704 0.244277 0.00191489 -73.4524 -0.244237 0.96964 -0.0120991 -4.593 -0.00481228 0.0112648 0.999925 0.0099756
0.971149 0.238396 0.00602137 -72.708 -0.23832 0.971122 -0.0111881 -4.74493 -0.00851468 0.00943028 0.999919 -0.00141599
0.971821 0.235692 0.00376902 -71.7314 -0.235636 0.971773 -0.0115147 -4.94438 -0.00637655 0.0103021 0.999927 0.0231949
0.973935 0.226819 0.00177325 -70.7302 -0.226784 0.973874 -0.0117997 -5.10362 -0.00440334 0.01109 0.999929 -0.00109404
0.97744 0.211196 0.00275487 -70.25 -0.21115 0.97738 -0.0120159 -5.17992 -0.00523028 0.0111632 0.999924 0.0034112
0.980067 0.198619 0.0043878 -68.7655 -0.198536 0.979983 -0.0147154 -5.41447 -0.00722272 0.013551 0.999882 -0.00657282
0.98043 0.19679 0.00563122 -68.2785 -0.19669 0.980354 -0.0147763 -5.48789 -0.00842843 0.0133795 0.999875 -0.0293677
0.981045 0.193369 0.0126004 -67.315 -0.193158 0.981033 -0.0162452 -5.63507 -0.0155028 0.0135034 0.999789 -0.00765755
0.93418 0.356412 0.016692 -65.6268 -0.356319 0.934327 -0.00833731 -6.0623 -0.0185673 0.00184088 0.999826 0.0429596
0.909508 0.415218 0.0197201 -65.3293 -0.415327 0.909671 0.00163948 -6.1871 -0.0172581 -0.00968144 0.999804 0.0486626
0.863466 0.504291 0.0108491 -64.9027 -0.504315 0.86352 -0.000601327 -6.44556 -0.00967162 -0.00495212 0.999941 0.0487667
0.827667 0.561171 0.00735963 -64.6211 -0.561182 0.827692 -0.000654498 -6.64766 -0.00645879 -0.00358839 0.999973 0.0626693
0.768312 0.640054 0.00526057 -64.2196 -0.640048 0.768329 -0.0030081 -6.97644 -0.0059672 -0.00105585 0.999982 0.076273
0.671466 0.741008 0.00636729 -63.7104 -0.741029 0.67147 0.00181536 -7.50256 -0.00293025 -0.00593731 0.999978 0.0854775
0.61747 0.786591 0.00241838 -63.4941 -0.786587 0.617474 -0.00261497 -7.79889 -0.0035502 -0.000287602 0.999994 0.0857793
0.543658 0.839283 0.00636182 -63.2227 -0.839307 0.543644 0.00381094 -8.21006 -0.000260108 -0.00741137 0.999973 0.104481
0.442391 0.896822 -0.000459157 -62.9201 -0.896817 0.44239 0.00328416 -8.81248 0.00314843 -0.0010411 0.999995 0.133384
0.38812 0.921608 0.00102226 -62.7768 -0.921609 0.388119 0.00117126 -9.15244 0.000682686 -0.00139672 0.999999 0.120685
0.263764 0.964587 -0.000117502 -62.5831 -0.964587 0.263764 -0.000240865 -9.84012 -0.000201342 0.000176872 1 0.125885
0.208143 0.978097 0.00173854 -62.5127 -0.978098 0.208142 0.000810966 -10.1913 0.000431341 -0.00186926 0.999998 0.127786
0.144788 0.989462 0.000651854 -62.4639 -0.989462 0.144787 0.00166478 -10.5509 0.00155285 -0.000886024 0.999998 0.144186
0.0552616 0.998467 0.00314823 -62.4362 -0.998466 0.0552508 0.00342798 -11.063 0.00324879 -0.00333284 0.999989 0.147685
-0.124017 0.992279 -0.0014698 -62.5653 -0.992269 -0.124008 0.00503264 -12.6792 0.00481152 0.00208256 0.999986 0.160981
-0.134472 0.990805 0.0148929 -62.6252 -0.990908 -0.134523 0.00241637 -13.2359 0.00439758 -0.0144325 0.999886 0.154479
-0.13686 0.990567 -0.00684318 -62.8018 -0.990579 -0.136822 0.00565671 -14.6429 0.00466705 0.00755289 0.999961 0.176974
-0.136409 0.990567 -0.0130535 -62.9859 -0.990621 -0.136288 0.00976279 -16.0475 0.00789166 0.0142628 0.999867 0.186169
-0.136752 0.990512 -0.0136007 -63.0736 -0.990594 -0.136673 0.00659924 -16.6523 0.00467777 0.0143752 0.999886 0.181666
-0.138708 0.990193 -0.0166563 -63.1228 -0.99033 -0.138648 0.00471056 -17.0938 0.00235499 0.0171487 0.99985 0.187665
-0.138787 0.99019 -0.0161604 -63.2029 -0.990315 -0.138704 0.00618996 -17.7154 0.00388773 0.016863 0.99985 0.183662
-0.129149 0.991494 -0.0161493 -63.2815 -0.991574 -0.12896 0.0122836 -18.3326 0.0100965 0.0175997 0.999794 0.18016
-0.115472 0.993138 -0.0185295 -63.3517 -0.993287 -0.11532 0.00909259 -18.928 0.00689338 0.0194551 0.999787 0.183857
-0.0576382 0.998219 -0.0154049 -63.3917 -0.998327 -0.0575602 0.00545717 -19.7226 0.00456074 0.0156937 0.999866 0.177254
-0.0401713 0.999127 -0.0114431 -63.4313 -0.999139 -0.0400474 0.0108485 -21.1729 0.0103807 0.0118691 0.999876 0.181049
-0.0373008 0.999192 -0.0149761 -63.4373 -0.99925 -0.0371391 0.0109371 -21.5967 0.010372 0.0153728 0.999828 0.179848
-0.0341713 0.999377 -0.00877111 -63.4595 -0.999379 -0.0340937 0.00884841 -22.0282 0.00854386 0.00906803 0.999922 0.183446
-0.0302545 0.999484 -0.0107958 -63.4787 -0.999498 -0.0301504 0.00967753 -22.8977 0.00934703 0.0110832 0.999895 0.173043
-0.0293988 0.999512 -0.0105794 -63.5018 -0.999539 -0.0293161 0.00789212 -23.7901 0.00757812 0.0108065 0.999913 0.174539
-0.0249859 0.999628 -0.0109477 -63.5102 -0.999668 -0.0249149 0.00657503 -24.6581 0.00629982 0.0111083 0.999918 0.190836
-0.00895762 0.999856 -0.0144223 -63.5087 -0.999955 -0.00891089 0.00330563 -25.4746 0.00317664 0.0144513 0.999891 0.206633
-0.00771058 0.99985 -0.0155334 -63.5008 -0.999964 -0.00765514 0.00362555 -26.6152 0.0035061 0.0155608 0.999873 0.197828
-0.0087496 0.999871 -0.0134409 -63.5147 -0.999948 -0.0086776 0.00539888 -27.3298 0.00528155 0.0134875 0.999895 0.206625
-0.00987077 0.999867 -0.0129516 -63.5104 -0.99994 -0.00980842 0.00486537 -27.8031 0.00473768 0.0129989 0.999904 0.203023
-0.00896871 0.999794 -0.0182113 -63.5212 -0.999957 -0.00892806 0.00231439 -29.2706 0.00215132 0.0182313 0.999831 0.209416
-0.00844347 0.99984 -0.0157948 -63.5217 -0.999961 -0.00839758 0.0029726 -31.0369 0.00283949 0.0158193 0.999871 0.213308
-0.00739872 0.999915 -0.0107266 -63.5249 -0.999965 -0.00735605 0.00400386 -31.549 0.00392461 0.0107558 0.999934 0.192205
0.00448054 0.999935 -0.0104781 -63.5291 -0.999947 0.00457674 0.00918046 -34.028 0.00922782 0.0104364 0.999903 0.207293
0.00616562 0.999952 -0.00766322 -63.5219 -0.999953 0.00622302 0.00748481 -35.5088 0.00753213 0.0076167 0.999943 0.207084
0.00651342 0.999917 -0.0111462 -63.5214 -0.99995 0.00659704 0.00748253 -36.2525 0.00755544 0.0110969 0.99991 0.22218
0.0084275 0.999896 -0.0116771 -63.5161 -0.999937 0.00851369 0.00735122 -37.498 0.00744987 0.0116144 0.999905 0.236873
0.00904822 0.999881 -0.0124602 -63.5189 -0.999946 0.00911146 0.00503069 -37.9728 0.00514362 0.012414 0.99991 0.20697
0.00995815 0.999802 -0.0172025 -63.5102 -0.999925 0.0100792 0.00696376 -39.7541 0.00713577 0.0171319 0.999828 0.228659
0.010551 0.999837 -0.0146719 -63.5043 -0.999927 0.0106368 0.0057849 -40.2562 0.00594002 0.0146098 0.999876 0.228756
0.010951 0.999782 -0.0177626 -63.4908 -0.999904 0.0110998 0.0082952 -40.7518 0.00849056 0.0176701 0.999808 0.252453
0.00828153 0.999826 -0.0166807 -63.5254 -0.999908 0.00845879 0.0105848 -41.4848 0.010724 0.0165915 0.999805 0.192048
