0.373764 -0.927363 -0.0172761 -190.074 0.927519 0.373638 0.0101618 -114.131 -0.00296865 -0.019822 0.999799 -0.0211862
0.373812 -0.927349 -0.0170041 -190.073 0.9275 0.373692 0.00984525 -114.146 -0.0027757 -0.0194515 0.999807 -0.0307938
0.373603 -0.927438 -0.0167042 -190.073 0.927579 0.373455 0.0113654 -114.115 -0.00430245 -0.0197406 0.999796 -0.0117285
0.373587 -0.927452 -0.0163037 -190.086 0.927587 0.37345 0.0108754 -114.121 -0.00399779 -0.019186 0.999808 -0.013273
0.374401 -0.927139 -0.0153856 -190.087 0.927258 0.374274 0.010569 -114.122 -0.00404048 -0.0182235 0.999826 -0.0129109
0.374041 -0.927283 -0.0154524 -190.089 0.927398 0.373891 0.0117947 -114.125 -0.00515952 -0.0187422 0.999811 -0.012439
0.374484 -0.927101 -0.015655 -190.099 0.927228 0.374371 0.00971317 -114.116 -0.0031443 -0.0181532 0.99983 -0.0365771
0.374515 -0.927072 -0.016636 -190.079 0.927213 0.374375 0.0109318 -114.119 -0.00390647 -0.0195192 0.999802 -0.0271313
0.374411 -0.927126 -0.0159494 -190.085 0.927256 0.37429 0.0101134 -114.116 -0.00340664 -0.0185758 0.999822 -0.0229125
0.374353 -0.927144 -0.01625 -190.092 0.927271 0.374189 0.0122625 -114.109 -0.00528849 -0.0196587 0.999793 -0.00673878
0.371863 -0.928163 -0.0152064 -190.091 0.928283 0.371763 0.0090801 -114.09 -0.00277464 -0.0174924 0.999843 -0.0312542
0.372863 -0.927751 -0.0158174 -190.053 0.927883 0.372763 0.00896059 -114.02 -0.00241706 -0.0180177 0.999835 -0.0301659
0.372217 -0.927971 -0.0180115 -190.005 0.928135 0.372051 0.0119703 -113.933 -0.00440695 -0.0211726 0.999766 -0.0110287
0.371401 -0.928318 -0.0169137 -189.954 0.928459 0.371238 0.0120855 -113.803 -0.00494016 -0.0201923 0.999784 -0.020521
0.366924 -0.930208 -0.00890139 -189.832 0.930236 0.366848 0.00910463 -113.401 -0.00520374 -0.0116211 0.999919 -0.0449618
0.365776 -0.930541 -0.0173716 -189.623 0.930639 0.365469 0.018541 -112.902 -0.0109043 -0.0229486 0.999677 0.00584161
0.364474 -0.931063 -0.0167149 -189.516 0.931179 0.364247 0.0151535 -112.628 -0.0080205 -0.0210876 0.999745 0.0166299
0.364119 -0.931197 -0.0170191 -189.42 0.931311 0.363871 0.016032 -112.424 -0.00873618 -0.0216876 0.999727 -0.0116444
0.364355 -0.931054 -0.0195793 -189.364 0.931228 0.364088 0.0159292 -112.242 -0.00770239 -0.0240367 0.999681 0.01387
0.362842 -0.931629 -0.0203456 -189.202 0.931829 0.362599 0.0146991 -111.901 -0.00631683 -0.0242921 0.999685 0.00968074
0.361854 -0.932075 -0.017261 -189.084 0.932206 0.361636 0.0145377 -111.552 -0.00730799 -0.0213514 0.999745 0.0139655
0.362144 -0.931956 -0.0175805 -188.959 0.932087 0.361901 0.0155394 -111.253 -0.00811964 -0.022014 0.999725 0.00270974
0.361724 -0.932114 -0.0178365 -188.813 0.932249 0.361475 0.0157646 -110.932 -0.00824694 -0.0223305 0.999717 -0.00572298
0.359933 -0.93283 -0.0166322 -188.765 0.932932 0.359681 0.0163846 -110.808 -0.00930178 -0.0214141 0.999727 0.0248708
0.361 -0.932392 -0.0180103 -188.637 0.932529 0.360745 0.0158985 -110.402 -0.00832648 -0.0225344 0.999711 0.0197073
0.360818 -0.932446 -0.018816 -188.551 0.932598 0.360546 0.0163656 -110.18 -0.00847604 -0.0234528 0.999689 0.0200551
0.359298 -0.93309 -0.015753 -188.473 0.933175 0.359058 0.0161601 -109.947 -0.00942255 -0.0205066 0.999745 0.00781049
0.358313 -0.933478 -0.0152076 -188.378 0.933543 0.358061 0.0170107 -109.733 -0.0104339 -0.0202921 0.99974 -0.00324821
0.359878 -0.932915 -0.0125673 -188.131 0.932858 0.359556 0.0222448 -109.09 -0.0162339 -0.019729 0.999674 -0.00210195
0.358813 -0.933371 -0.00845342 -188.054 0.933263 0.358582 0.0209482 -108.862 -0.0165212 -0.0154057 0.999745 -0.0112633
0.36005 -0.932916 -0.00563705 -187.941 0.932792 0.359885 0.0195399 -108.575 -0.0162004 -0.0122935 0.999793 -0.0151989
0.359734 -0.933052 -0.0024201 -187.84 0.932923 0.359639 0.0177125 -108.344 -0.0156563 -0.00862955 0.99984 0.000281982
0.360369 -0.932809 -0.000909956 -187.758 0.932694 0.360309 0.0160896 -108.12 -0.0146807 -0.00664691 0.99987 0.00587597
0.360301 -0.932831 0.00317755 -187.65 0.932728 0.360309 0.0140093 -107.807 -0.0142132 -0.00208379 0.999897 -0.011995
0.359136 -0.933239 0.00933553 -187.563 0.93316 0.359233 0.0127749 -107.547 -0.0152757 0.00412363 0.999875 -0.00189085
0.358032 -0.933627 0.0124088 -187.466 0.933536 0.35819 0.0144918 -107.351 -0.0179746 0.00639556 0.999818 0.0258992
0.360422 -0.932591 0.0192229 -187.348 0.932538 0.360727 0.015803 -107.047 -0.021672 0.0122303 0.99969 0.0169743
0.358101 -0.933466 0.0201285 -187.256 0.933499 0.358375 0.0121362 -106.868 -0.0185423 0.0144439 0.999724 -0.00117546
0.362557 -0.931871 0.0130229 -187.12 0.931809 0.362715 0.0130547 -106.435 -0.0168889 0.0074018 0.99983 0.00997248
0.362754 -0.931772 0.0145065 -186.846 0.931747 0.362924 0.0115675 -105.817 -0.016043 0.0093202 0.999828 0.0241098
0.360596 -0.932652 0.0114135 -186.708 0.93258 0.360728 0.0130159 -105.411 -0.0162564 0.00595051 0.99985 0.007847
0.359662 -0.932962 0.0150266 -186.568 0.932963 0.359828 0.0102403 -104.967 -0.0149608 0.0103362 0.999835 -0.0456513
0.360164 -0.932837 0.00982856 -186.428 0.93284 0.360233 0.00642255 -104.672 -0.00953177 0.0068553 0.999931 -0.021513
0.358709 -0.933383 0.0111117 -186.182 0.933417 0.35877 0.00408567 -104.035 -0.00780003 0.00890625 0.99993 -0.0192493
0.36113 -0.932462 0.010014 -186.049 0.932473 0.361195 0.00573404 -103.756 -0.0089638 0.00726709 0.999933 0.00299116
0.35902 -0.933259 0.0114988 -185.95 0.933262 0.359115 0.00762301 -103.412 -0.0112436 0.00799461 0.999905 0.0130716
0.35915 -0.933112 0.0176801 -185.841 0.933137 0.359362 0.0106913 -103.106 -0.0163298 0.0126582 0.999787 0.0178863
0.360357 -0.932701 0.0145091 -185.731 0.932644 0.360545 0.0135233 -102.802 -0.0178444 0.00865857 0.999803 0.032679
0.360072 -0.932754 0.0178098 -185.418 0.932795 0.360275 0.00977575 -102.039 -0.0155348 0.0130929 0.999794 -0.0115367
0.360854 -0.932493 0.0155253 -185.299 0.932437 0.361064 0.0138969 -101.701 -0.0185644 0.00946166 0.999783 0.0321409
0.360262 -0.932701 0.0167354 -185.188 0.932687 0.360478 0.0123086 -101.412 -0.017513 0.0111746 0.999784 0.0523426
0.360143 -0.932714 0.0184787 -185.078 0.932766 0.360354 0.00959757 -101.142 -0.0156107 0.0137798 0.999783 0.033839
0.359419 -0.933031 0.0164989 -184.774 0.93304 0.359612 0.0107087 -100.302 -0.0159248 0.0115452 0.999807 0.0430839
0.36165 -0.932177 0.0159418 -184.518 0.93217 0.361842 0.011357 -99.7574 -0.0163551 0.0107532 0.999808 0.0724076
0.3599 -0.932831 0.0172775 -184.35 0.932903 0.360058 0.00707006 -99.2781 -0.0128161 0.0135737 0.999826 0.0478439
0.362406 -0.931854 0.017616 -184.191 0.93184 0.362643 0.0128154 -98.8335 -0.0183304 0.0117709 0.999763 0.0205403
0.361632 -0.932154 0.0176465 -184.065 0.932202 0.361823 0.00910286 -98.5514 -0.0148702 0.0131582 0.999803 0.00232117
0.362364 -0.931893 0.0163709 -183.895 0.931937 0.362526 0.00823417 -98.058 -0.0136082 0.0122729 0.999832 0.029848
0.361856 -0.932057 0.0181619 -183.756 0.932144 0.362023 0.00683681 -97.7572 -0.0129473 0.0144555 0.999812 0.0206468
0.36238 -0.931866 0.0174818 -183.548 0.931917 0.362565 0.00878418 -97.2092 -0.014524 0.0131084 0.999809 0.0523689
0.361555 -0.932188 0.0174322 -183.401 0.932208 0.361764 0.0107386 -96.8492 -0.0163167 0.0123678 0.99979 0.0242369
0.360188 -0.932682 0.0192031 -183.295 0.932768 0.360387 0.00808978 -96.586 -0.0144658 0.0149982 0.999783 0.0368774
0.362096 -0.931946 0.0190687 -183.173 0.932058 0.362261 0.00594376 -96.246 -0.0124471 0.0156209 0.999801 0.0161164
0.361302 -0.932249 0.0193278 -183.042 0.932336 0.361503 0.00808023 -95.9291 -0.0145198 0.0151006 0.999781 0.0337546
0.361509 -0.932138 0.0207299 -182.825 0.9323 0.361663 0.00411317 -95.3035 -0.0113313 0.0178395 0.999777 0.0453478
0.361159 -0.932394 0.0143508 -182.323 0.932292 0.361363 0.0157936 -94.091 -0.0199117 0.00767512 0.999772 0.0744734
0.360217 -0.932712 0.0171123 -182.017 0.9328 0.360352 0.00549034 -93.2464 -0.0112873 0.0139846 0.999838 0.0634175
0.361834 -0.93208 0.0173829 -181.805 0.93215 0.361998 0.00732558 -92.6974 -0.0131206 0.0135528 0.999822 0.0395445
0.362568 -0.93181 0.0165538 -181.453 0.931868 0.362722 0.00741675 -91.8235 -0.0129154 0.0127368 0.999835 0.0555321
0.362349 -0.931942 0.0136568 -181.283 0.931977 0.362458 0.00656506 -91.3611 -0.0110683 0.010349 0.999885 0.0320171
0.365151 -0.930869 0.012173 -180.991 0.930908 0.365226 0.00455335 -90.6127 -0.00868447 0.00966931 0.999916 0.0271386
0.36244 -0.931831 0.0180982 -180.767 0.931886 0.362638 0.00905893 -90.0343 -0.0150045 0.0135822 0.999795 0.056364
0.363951 -0.93132 0.0134992 -180.501 0.931356 0.364056 0.00625397 -89.4128 -0.0107389 0.0102965 0.999889 0.0874503
0.363567 -0.93145 0.0148385 -180.08 0.931494 0.363693 0.00685626 -88.3459 -0.0117829 0.0113293 0.999866 0.088868
0.3631 -0.93163 0.0149697 -179.967 0.931676 0.363227 0.00676685 -88.0578 -0.0117416 0.0114898 0.999865 0.0819945
0.363203 -0.931562 0.0166277 -179.71 0.931588 0.363386 0.00972184 -87.3479 -0.0150988 0.0119591 0.999815 0.0647514
0.363227 -0.931544 0.0170708 -179.588 0.931575 0.363418 0.00979542 -87.063 -0.0153287 0.0123448 0.999806 0.0561847
0.366144 -0.930485 0.0116769 -179.476 0.930512 0.366222 0.0053811 -86.7958 -0.00928337 0.00889525 0.999917 0.0637858
0.362656 -0.931854 0.0113541 -179.327 0.931896 0.362712 0.00328129 -86.4739 -0.00717595 0.00939087 0.99993 0.0526925
0.373596 -0.927533 0.0104467 -179.044 0.92755 0.373663 0.00530298 -85.6614 -0.00882225 0.0077087 0.999931 0.0603034
0.40272 -0.915286 0.00819832 -178.79 0.915285 0.402769 0.00551289 -85.0845 -0.0083479 0.00528365 0.999951 0.0748054
0.414512 -0.909977 0.0109934 -178.609 0.909984 0.414593 0.00641151 -84.6852 -0.0103921 0.00734618 0.999919 0.0515189
0.427408 -0.903927 0.0154243 -178.028 0.903846 0.427616 0.0144146 -83.5393 -0.0196254 0.00778022 0.999777 0.0765622
0.430576 -0.902412 0.0160093 -177.884 0.902342 0.430791 0.0140427 -83.2332 -0.0195689 0.00839942 0.999773 0.071465
0.433514 -0.901054 0.0129652 -177.31 0.90109 0.433603 0.00502533 -81.9695 -0.0101499 0.00950429 0.999903 0.11936
0.435144 -0.900272 0.0126482 -177.011 0.900311 0.435225 0.00436857 -81.423 -0.00943769 0.00948632 0.99991 0.0226139
0.43415 -0.900732 0.0140194 -176.869 0.900781 0.434248 0.00474229 -81.1621 -0.0103594 0.0105696 0.99989 0.0967648
0.425044 -0.905044 0.0152324 -176.737 0.905067 0.425192 0.00813658 -80.8515 -0.0138406 0.0103279 0.999851 0.090861
0.416913 -0.908886 0.0104565 -176.58 0.908904 0.416977 0.0048071 -80.4801 -0.00872924 0.00749984 0.999934 0.102978
0.415394 -0.909531 0.0141968 -176.376 0.909592 0.415484 0.00393556 -80.0368 -0.00947804 0.0112785 0.999891 0.0725581
0.416091 -0.909239 0.0123571 -175.873 0.909196 0.416222 0.0110329 -78.9641 -0.0151748 0.00664433 0.999863 0.118488
0.417828 -0.908383 0.0161256 -175.76 0.908339 0.418037 0.0128658 -78.6829 -0.0184282 0.00927182 0.999787 0.117307
0.416638 -0.908968 0.013767 -175.634 0.908922 0.416796 0.0118846 -78.389 -0.0165408 0.00756151 0.999835 0.109715
0.415172 -0.909634 0.0140311 -175.528 0.909685 0.41527 0.00482644 -78.1503 -0.010217 0.0107601 0.99989 0.112536
0.417473 -0.908634 0.0100508 -175.25 0.908634 0.417544 0.00643494 -77.5918 -0.0100436 0.00644605 0.999929 0.112235
0.417312 -0.908684 0.0119878 -175.104 0.908714 0.41739 0.0048988 -77.274 -0.00945505 0.00884915 0.999916 0.12238
0.41631 -0.909119 0.0136973 -175.025 0.909152 0.416418 0.00615121 -77.0816 -0.011296 0.00989216 0.999887 0.0797133
0.418597 -0.9081 0.0114202 -174.771 0.908097 0.418691 0.00755626 -76.5818 -0.0116434 0.00720758 0.999906 0.106944
0.417822 -0.908431 0.0133293 -174.585 0.908476 0.417911 0.00466295 -76.1678 -0.00980642 0.010161 0.9999 0.0750832
0.41974 -0.90757 0.0115742 -174.474 0.907612 0.419798 0.00301713 -75.9223 -0.00759707 0.00923844 0.999928 0.0829286
0.420351 -0.90726 0.0135719 -174.273 0.907302 0.420448 0.00520647 -75.4459 -0.0104299 0.0101253 0.999894 0.116083
0.42011 -0.90739 0.0122982 -174.155 0.907452 0.420154 0.00117642 -75.2311 -0.00623461 0.0106658 0.999924 0.104367
0.422178 -0.906441 0.0113731 -174.07 0.906486 0.422229 0.00241901 -75.053 -0.00699476 0.00928833 0.999932 0.0697508
0.42053 -0.907155 0.0149723 -173.875 0.907235 0.420615 0.00290138 -74.5881 -0.00892956 0.0123633 0.999884 0.0661333
0.422398 -0.90627 0.0159659 -173.475 0.906362 0.422493 0.00293471 -73.726 -0.00940511 0.0132313 0.999868 0.0877126
0.423785 -0.905613 0.016477 -173.207 0.905729 0.423855 0.000895529 -73.1505 -0.00779486 0.0145442 0.999864 0.0749795
0.422766 -0.906081 0.0169086 -172.928 0.906199 0.422849 0.00148525 -72.59 -0.00849552 0.0146946 0.999856 0.145274
0.424768 -0.905163 0.0158707 -172.759 0.905256 0.424858 0.00269893 -72.2545 -0.00918576 0.0132206 0.99987 0.123332
0.42362 -0.905637 0.0192017 -172.627 0.905734 0.423799 0.00633444 -71.942 -0.0138744 0.0147082 0.999796 0.125197
0.424618 -0.905324 0.0093454 -172.318 0.905331 0.424477 -0.0139912 -71.3436 0.00869971 0.0144016 0.999858 0.0737211
0.423705 -0.905719 0.0120939 -172.176 0.90575 0.423785 0.00487496 -70.9944 -0.00954054 0.00888848 0.999915 0.140355
0.422084 -0.906453 0.0136983 -171.655 0.906515 0.422162 0.0032657 -69.8552 -0.0087431 0.0110393 0.999901 0.118057
0.425048 -0.90499 0.0180789 -171.322 0.90511 0.425166 0.00308382 -69.0997 -0.0104774 0.0150526 0.999832 0.103132
0.425038 -0.905088 0.0125847 -170.931 0.905163 0.425065 -0.000630893 -68.2784 -0.00477832 0.0116594 0.999921 0.146051
0.423927 -0.905592 0.0137846 -170.513 0.905669 0.423984 0.00137498 -67.3271 -0.00708962 0.0119014 0.999904 0.156123
0.424316 -0.905364 0.0165001 -170.303 0.905452 0.42443 0.00396403 -66.9635 -0.010592 0.0132581 0.999856 0.148009
0.42597 -0.9046 0.0157828 -170.16 0.904664 0.426093 0.00535005 -66.6096 -0.0115646 0.0119992 0.999861 0.133906
0.426222 -0.904464 0.0167321 -169.989 0.904551 0.426343 0.00430394 -66.2503 -0.0110264 0.0133006 0.999851 0.155479
0.425372 -0.904923 0.0131378 -169.823 0.904974 0.42545 0.00373727 -65.9231 -0.00897143 0.0102997 0.999907 0.181157
0.426869 -0.904251 0.0106692 -169.658 0.904286 0.426919 0.00281428 -65.6077 -0.00709969 0.00844666 0.999939 0.165928
0.428472 -0.903399 0.0167573 -169.257 0.903495 0.428584 0.00355089 -64.7499 -0.0103898 0.0136187 0.999853 0.15354
0.429515 -0.902955 0.0137455 -168.89 0.903015 0.429596 0.00348716 -64.0192 -0.00905376 0.0109146 0.999899 0.156045
0.428383 -0.903463 0.0155754 -168.733 0.903526 0.428502 0.00517747 -63.7293 -0.0113517 0.0118548 0.999865 0.171247
0.426703 -0.904233 0.0169514 -168.219 0.904298 0.426854 0.00641121 -62.6123 -0.013033 0.0125934 0.999836 0.176196
0.426598 -0.904267 0.0177724 -167.909 0.904296 0.426799 0.00953953 -61.9673 -0.0162115 0.0120019 0.999797 0.18084
0.426994 -0.904065 0.0185192 -167.769 0.904107 0.427204 0.00931296 -61.6576 -0.016331 0.0127668 0.999785 0.17033
0.428866 -0.903306 0.0105998 -167.567 0.903254 0.428969 0.0108276 -61.2035 -0.0143276 0.00493073 0.999885 0.164446
0.429758 -0.90278 0.0172055 -166.993 0.902761 0.429977 0.0119498 -59.997 -0.018186 0.0103969 0.999781 0.166415
0.431875 -0.901764 0.0175004 -166.578 0.901798 0.432065 0.00890956 -59.101 -0.0155956 0.011934 0.999807 0.142069
0.432789 -0.901332 0.0171294 -165.882 0.901385 0.432955 0.00739331 -57.7001 -0.0140801 0.0122405 0.999826 0.146818
0.433211 -0.90112 0.0176236 -165.689 0.901245 0.433306 0.00179397 -57.285 -0.00925301 0.015106 0.999843 0.172652
0.433938 -0.900796 0.0162629 -164.773 0.900846 0.434085 0.0067803 -55.3983 -0.0131672 0.0117082 0.999845 0.16474
0.433621 -0.900979 0.0144957 -164.468 0.900953 0.433782 0.010787 -54.7439 -0.0160069 0.0083825 0.999837 0.142196
0.434895 -0.900377 0.013695 -163.875 0.900323 0.435053 0.0121187 -53.593 -0.0168695 0.00705952 0.999833 0.128075
0.436855 -0.899449 0.0122565 -163.678 0.899404 0.436982 0.0109361 -53.1862 -0.0151923 0.00624603 0.999865 0.127969
0.435213 -0.900172 0.0167192 -163.278 0.900108 0.435442 0.0139941 -52.316 -0.0198773 0.00895866 0.999762 0.151666
0.435385 -0.900153 0.0128191 -163.13 0.900034 0.435546 0.0154004 -52.0295 -0.019446 0.00483255 0.999799 0.139666
0.434381 -0.900568 0.0170687 -163.008 0.900531 0.434605 0.012724 -51.7584 -0.018877 0.0098438 0.999773 0.126883
0.436119 -0.899716 0.0176312 -162.089 0.899752 0.436311 0.00891312 -49.8488 -0.015712 0.0119766 0.999805 0.0866326
0.438052 -0.8988 0.0163933 -161.811 0.898791 0.438244 0.010791 -49.3233 -0.0168832 0.0100072 0.999807 0.136453
0.437109 -0.89919 0.0198031 -161.621 0.89924 0.437348 0.00975679 -48.8737 -0.0174341 0.0135429 0.999756 0.128316
0.437895 -0.898891 0.015558 -161.389 0.89888 0.43807 0.0104259 -48.4271 -0.0161873 0.00941931 0.999825 0.0818021
0.43635 -0.89956 0.0197788 -161.205 0.899644 0.436557 0.0075784 -48.0367 -0.0154518 0.014487 0.999776 0.124094
0.438698 -0.898472 0.0170794 -161.02 0.898399 0.438939 0.0145396 -47.6466 -0.0205602 0.00896561 0.999748 0.101244
0.437554 -0.898979 0.0195862 -160.797 0.89901 0.4378 0.0106166 -47.2169 -0.0181189 0.0129628 0.999752 0.110843
0.43739 -0.899009 0.0217439 -160.471 0.89904 0.437698 0.0121253 -46.5407 -0.020418 0.0142451 0.99969 0.106468
0.439363 -0.898009 0.0232579 -160.321 0.898084 0.439685 0.0110186 -46.178 -0.0201209 0.0160464 0.999669 0.108555
0.4396 -0.89801 0.0181573 -160.147 0.898049 0.439802 0.00902793 -45.8544 -0.0160928 0.0123375 0.999794 0.0783369
0.439936 -0.897717 0.0236665 -159.365 0.897861 0.440211 0.00775962 -44.2827 -0.0173842 0.0178355 0.99969 0.105448
0.440349 -0.897477 0.0250525 -159.052 0.897603 0.440691 0.0100352 -43.6587 -0.0200468 0.0180682 0.999636 0.107449
0.441374 -0.897089 0.0204774 -158.81 0.897195 0.441582 0.00681196 -43.1618 -0.0151534 0.0153656 0.999767 0.0627459
0.439416 -0.897912 0.0258485 -158.595 0.898071 0.439756 0.00909027 -42.7413 -0.0195293 0.0192194 0.999624 0.109408
0.439748 -0.897789 0.0244168 -158.305 0.897909 0.440072 0.00975127 -42.1216 -0.0194997 0.017636 0.999654 0.0644867
0.440216 -0.8976 0.0228785 -158.14 0.897751 0.440455 0.00649197 -41.7845 -0.0159041 0.0176813 0.999717 0.0964009
0.441219 -0.897177 0.0199967 -157.806 0.897288 0.441405 0.00590671 -41.0707 -0.014126 0.0153366 0.999783 0.0857233
0.440539 -0.897631 0.0135829 -157.456 0.897665 0.440642 0.00570662 -40.3658 -0.0111076 0.00967892 0.999891 0.0855757
0.438362 -0.898609 0.0184489 -157.255 0.898662 0.438561 0.00840216 -39.9029 -0.0156412 0.0128961 0.999795 0.103645
0.440032 -0.897767 0.0196572 -156.542 0.897605 0.440376 0.0193376 -38.4837 -0.0260173 0.00913524 0.99962 0.0913327
0.440902 -0.897289 0.0218638 -156.285 0.897159 0.4413 0.0189459 -37.9815 -0.0266484 0.011262 0.999581 0.0875191
0.442581 -0.896561 0.0173285 -156.053 0.896399 0.442859 0.0185507 -37.5095 -0.024306 0.00732306 0.999678 0.0765113
0.445297 -0.895217 0.0172238 -155.728 0.89525 0.44548 0.00868792 -36.8458 -0.0154505 0.0115509 0.999814 0.0500002
0.445945 -0.894936 0.014942 -155.482 0.894991 0.446056 0.00497203 -36.3987 -0.0111146 0.0111557 0.999876 0.0512517
0.446215 -0.894845 0.0120204 -155.361 0.894766 0.446349 0.0128825 -36.0806 -0.0168932 0.00500712 0.999845 0.0455966
0.446311 -0.894767 0.0141088 -154.96 0.894778 0.446442 0.00793099 -35.3318 -0.0133951 0.00908457 0.999869 0.051055
0.443035 -0.89625 0.0213317 -154.738 0.895985 0.443463 0.0234645 -34.8552 -0.0304899 0.00871734 0.999497 0.0712433
0.444055 -0.89585 0.016364 -154.597 0.895868 0.444228 0.00901986 -34.5736 -0.0153498 0.0106547 0.999825 0.0709589
0.445267 -0.895287 0.014064 -154.509 0.895308 0.44539 0.00719226 -34.4056 -0.0127031 0.00938912 0.999875 0.0607269
0.445817 -0.895002 0.0148216 -154.455 0.895034 0.445946 0.00685865 -34.2736 -0.0127481 0.0102081 0.999867 0.0527416
0.446567 -0.894315 0.0278946 -154.05 0.894153 0.44719 0.0225984 -33.5655 -0.0326843 0.0148503 0.999355 0.0167598
0.447372 -0.894047 0.0232017 -153.887 0.894077 0.447724 0.0130325 -33.1544 -0.0220397 0.0149137 0.999646 0.0427034
0.450378 -0.892643 0.0186564 -153.643 0.892799 0.450456 -1.89634e-05 -32.677 -0.00838696 0.016665 0.999826 0.0353792
0.450653 -0.892478 0.0198872 -153.496 0.892595 0.450829 0.00521879 -32.4001 -0.0136234 0.0153994 0.999789 0.0469601
0.450299 -0.892592 -0.0225849 -153.32 0.889852 0.45071 -0.0708866 -32.0888 0.0734521 0.0118229 0.997229 0.0881187
0.441566 -0.896114 0.0447161 -153.237 0.894657 0.443524 0.0536199 -31.8252 -0.0678822 0.0163289 0.99756 0.0430019
0.437511 -0.896854 0.0650941 -153.109 0.892118 0.441996 0.0936244 -31.6067 -0.112739 0.0171098 0.993477 0.0657563
0.442603 -0.895465 0.0473772 -153.051 0.893116 0.44494 0.0661236 -31.4848 -0.0802914 0.0130468 0.996686 -0.0421558
0.447407 -0.894101 0.0202434 -152.797 0.894191 0.447622 0.00750467 -30.9756 -0.0157713 0.0147438 0.999767 0.0575522
0.44989 -0.892891 0.0185936 -152.629 0.892983 0.450055 0.00569686 -30.6484 -0.0134548 0.0140408 0.999811 0.02161
0.449377 -0.893059 0.0225026 -152.373 0.893077 0.449715 0.0130406 -30.1781 -0.0217658 0.0142364 0.999662 0.0485025
0.449263 -0.893235 0.0171428 -152.088 0.89322 0.449475 0.0114318 -29.579 -0.0179166 0.0101764 0.999788 0.03069
0.447034 -0.894218 0.0231504 -151.863 0.894299 0.447347 0.0105216 -29.1035 -0.0197649 0.0159999 0.999677 0.0305773
0.450812 -0.892418 0.0189183 -151.359 0.892526 0.450969 0.00486062 -28.1892 -0.0128693 0.0146938 0.999809 0.0309318
0.452328 -0.89168 0.0175273 -150.273 0.891751 0.452484 0.00611842 -25.9792 -0.0133865 0.0128625 0.999828 0.030457
0.451037 -0.89232 0.0181931 -149.934 0.892422 0.45118 0.00446331 -25.2963 -0.0121911 0.0142228 0.999825 0.0638593
0.450722 -0.892475 0.0183881 -149.167 0.89252 0.450924 0.00871896 -23.7857 -0.0160731 0.0124819 0.999793 0.0345181
0.450333 -0.892481 0.0260449 -148.789 0.892589 0.450724 0.0115364 -23.0312 -0.0220351 0.0180522 0.999594 0.0110071
0.452238 -0.89154 0.0252455 -148.58 0.89167 0.45258 0.00975655 -22.5718 -0.020124 0.0180984 0.999634 0.0490566
0.453128 -0.891125 0.0239115 -147.726 0.891212 0.45346 0.0107379 -20.9097 -0.0204117 0.0164446 0.999656 0.0349741
0.475297 -0.879417 0.0268269 -147.372 0.879602 0.475642 0.00802497 -20.2291 -0.0198173 0.0197828 0.999608 0.0308374
0.495714 -0.868078 0.0266169 -146.417 0.868317 0.495989 0.00449965 -18.5511 -0.0171077 0.0208814 0.999636 0.037517
0.494057 -0.869064 0.0251871 -146.218 0.869198 0.494387 0.0087415 -18.1948 -0.0200491 0.0175738 0.999645 0.0316547
0.506222 -0.862134 0.0215556 -145.631 0.862344 0.506322 -0.000900424 -17.1082 -0.0101378 0.0190441 0.999767 0.0542745
0.506029 -0.862183 0.0239642 -145.428 0.862397 0.506226 0.00254811 -16.8162 -0.0143282 0.0193772 0.99971 0.0196157
0.516684 -0.855863 0.0231685 -145.178 0.85607 0.516857 0.00178018 -16.3605 -0.0134984 0.0189141 0.99973 -0.021243
0.519436 -0.854099 0.026488 -144.724 0.854278 0.519767 0.00717397 -15.6145 -0.0198949 0.0189017 0.999623 0.0120379
0.523764 -0.851504 0.024761 -144.286 0.851604 0.5241 0.00944755 -14.9249 -0.0210219 0.0161383 0.999649 -0.00757972
0.52365 -0.851518 0.0266126 -143.893 0.851661 0.524017 0.00892374 -14.2872 -0.0215442 0.017992 0.999606 0.0174394
0.523153 -0.851728 0.0294875 -143.691 0.851895 0.523612 0.0103011 -13.9722 -0.0242138 0.0197312 0.999512 -0.0303413
0.52469 -0.850912 0.0254693 -143.542 0.851036 0.525032 0.00885608 -13.6983 -0.020908 0.0170286 0.999636 -0.0170175
0.521817 -0.852577 0.0286267 -143.393 0.852767 0.522221 0.0085939 -13.4716 -0.0222765 0.0199275 0.999553 -0.0439108
0.523638 -0.851807 0.0151213 -142.732 0.851881 0.523729 0.00257812 -12.389 -0.0101155 0.0115315 0.999882 -0.0241359
0.529044 -0.848128 0.0281463 -142.234 0.848343 0.529403 0.00678304 -11.5554 -0.0206536 0.0202892 0.999581 -0.0314962
0.531069 -0.846906 0.0267416 -142.09 0.847043 0.531445 0.00918801 -11.3438 -0.0219931 0.0177718 0.9996 -0.0260067
0.526868 -0.849753 -0.0181774 -141.74 0.84794 0.526972 -0.0574281 -10.7931 0.0583787 0.0148437 0.998184 0.00383253
0.532984 -0.845953 0.0170636 -141.581 0.846103 0.533008 -0.00349944 -10.4933 -0.00613466 0.0163027 0.999848 0.154963
0.527475 -0.846904 0.0672611 -141.425 0.842588 0.531627 0.08613 -10.2251 -0.108702 0.0112419 0.994011 -0.0364626
0.533373 -0.845621 0.0209151 -140.989 0.845652 0.53364 0.0100233 -9.54716 -0.019637 0.0123407 0.999731 -0.0267144
0.533193 -0.84573 0.0211163 -140.725 0.845744 0.533476 0.0109798 -9.12385 -0.0205509 0.0120046 0.999717 -0.00924347
0.533492 -0.845515 0.0221753 -140.529 0.845599 0.533757 0.00807045 -8.85021 -0.0186599 0.0144459 0.999721 -0.047065
0.534645 -0.844881 0.0181895 -140.223 0.844988 0.534776 0.00296916 -8.37976 -0.0122359 0.0137825 0.99983 -0.0381642
0.534623 -0.844866 0.0194799 -140.012 0.844931 0.534828 0.00711339 -8.01789 -0.0164282 0.0126562 0.999785 -0.061758
0.535085 -0.844625 0.0171099 -139.729 0.844694 0.535227 0.00483884 -7.57799 -0.0132447 0.0118634 0.999842 -0.0304142
0.535985 -0.843854 0.0250875 -139.39 0.844003 0.536291 0.00709772 -7.01476 -0.0194436 0.0173697 0.99966 -0.0346776
0.535576 -0.844159 0.0235611 -139.176 0.844311 0.535825 0.0054889 -6.70846 -0.0172581 0.0169532 0.999707 -0.047394
0.535801 -0.843948 0.0258843 -138.959 0.844116 0.536117 0.00683184 -6.41258 -0.0196427 0.0181888 0.999642 -0.0470231
0.541261 -0.840517 0.0238428 -138.703 0.840649 0.541538 0.00673828 -6.00138 -0.0185754 0.0163963 0.999693 -0.0684394
0.563556 -0.825852 0.0193247 -138.338 0.825949 0.563727 0.00448467 -5.40831 -0.0145975 0.0134338 0.999803 0.00276474
0.584023 -0.81141 0.0230398 -137.576 0.811485 0.584313 0.00830936 -4.31003 -0.0202048 0.0138436 0.9997 -0.0477197
0.609794 -0.792171 0.0248415 -137.136 0.792197 0.610164 0.0111516 -3.74342 -0.0239914 0.0128792 0.999629 -0.069321
0.6296 -0.776503 0.0254312 -136.571 0.776555 0.62997 0.0100156 -3.07031 -0.023798 0.0134429 0.999626 -0.0594523
0.666561 -0.745165 0.0206138 -135.202 0.745315 0.666712 0.000623245 -1.44016 -0.0142079 0.0149483 0.999787 -0.0517746
0.667982 -0.743949 0.0184327 -134.855 0.744044 0.668126 0.00242874 -1.07847 -0.0141222 0.0120924 0.999827 -0.0436123
0.670229 -0.741884 0.0200367 -134.321 0.741993 0.670402 0.00275881 -0.471419 -0.0154794 0.0130181 0.999795 -0.0443118
0.672039 -0.74006 0.0259808 -133.984 0.740388 0.672161 -0.00503996 -0.121876 -0.0137334 0.0226229 0.99965 -0.110312
0.674255 -0.738237 0.0196649 -133.617 0.73848 0.674189 -0.0107976 0.267688 -0.00528669 0.0218024 0.999748 -0.0308099
0.700324 -0.71318 0.030346 -132.629 0.713563 0.700586 -0.00268751 1.29408 -0.0193433 0.0235359 0.999536 -0.0410407
0.753817 -0.656593 0.0253882 -131.824 0.65686 0.754007 -0.00300162 2.04698 -0.017172 0.0189391 0.999673 -0.0479399
0.775879 -0.630456 0.0231543 -131.401 0.63068 0.776036 -0.00321856 2.37325 -0.0159394 0.0171002 0.999727 -0.0576752
0.810151 -0.58574 0.0237361 -130.75 0.585897 0.810385 0.000408209 2.85789 -0.0194745 0.0135762 0.999718 -0.0245422
0.841093 -0.540202 0.0272867 -130.056 0.540401 0.841407 9.97608e-05 3.3671 -0.0230131 0.0146619 0.999628 -0.098916
0.856571 -0.515544 0.0223905 -129.619 0.515766 0.856714 -0.00518979 3.60665 -0.0165066 0.0159937 0.999736 -0.0892529
0.870466 -0.491713 0.0225388 -128.924 0.491869 0.870668 -0.00164023 3.98697 -0.0188173 0.0125139 0.999745 -0.0808666
0.910335 -0.413016 0.0265927 -127.746 0.413242 0.910615 -0.00341622 4.57028 -0.0228048 0.0140991 0.99964 -0.0352034
0.929497 -0.368241 0.0208522 -127.05 0.36849 0.929582 -0.00960535 4.85987 -0.0158468 0.016612 0.999736 -0.146115
0.934663 -0.355076 0.0180716 -126.567 0.355257 0.934735 -0.00795927 5.06973 -0.014066 0.0138593 0.999805 -0.0947736
0.935795 -0.352275 0.0137782 -125.914 0.352439 0.935756 -0.0121393 5.30215 -0.00861666 0.0162158 0.999831 -0.074921
0.951603 -0.307058 0.0129482 -124.156 0.307184 0.951606 -0.00920941 5.93097 -0.00949378 0.0127412 0.999874 -0.0778941
0.961537 -0.274295 0.0144677 -123.641 0.274362 0.961622 -0.00287843 6.09869 -0.0131229 0.00673709 0.999891 -0.0662613
0.985991 -0.166291 0.0130089 -121.147 0.166034 0.98594 0.0188389 6.65703 -0.0159587 -0.0164151 0.999738 -0.0664012
0.988606 -0.150087 0.0115076 -119.92 0.149861 0.988534 0.018518 6.83181 -0.014155 -0.0165824 0.999762 -0.0446568
0.990052 -0.140694 -0.0013248 -119.164 0.1407 0.990026 0.00723752 6.95198 0.000293318 -0.00735192 0.999973 -0.0592621
0.99132 -0.128352 0.0284602 -118.171 0.128507 0.991702 -0.00368487 7.09468 -0.027751 0.00731023 0.999588 -0.0424982
0.992747 -0.119743 0.0106976 -117.339 0.119778 0.992797 -0.00267895 7.1558 -0.0102997 0.00394086 0.999939 -0.0958186
0.993953 -0.108622 0.0160538 -116.859 0.108696 0.994068 -0.00376368 7.20942 -0.0155498 0.0054859 0.999864 -0.0954581
0.996636 -0.0798614 0.018385 -116.083 0.0800415 0.996748 -0.00927349 7.28326 -0.0175846 0.0107139 0.999788 -0.0790355
0.999696 -0.0158176 0.0189141 -114.726 0.0159861 0.999834 -0.00879549 7.36818 -0.0187718 0.00909518 0.999782 -0.033437
0.999462 0.020089 0.02591 -112.935 -0.0200025 0.999793 -0.00359522 7.33808 -0.0259769 0.00307502 0.999658 -0.0906528
0.998982 0.0345303 0.0290279 -112.351 -0.034431 0.999399 -0.00391362 7.34642 -0.0291456 0.00291017 0.999571 -0.0783825
0.998678 0.0466178 0.021645 -111.028 -0.0462596 0.998789 -0.0167645 7.28789 -0.0224003 0.0157411 0.999625 -0.106267
0.998454 0.0524685 0.0183663 -109.934 -0.0523355 0.9986 -0.00764624 7.2286 -0.0187418 0.0066732 0.999802 -0.0895876
0.996995 0.0753316 0.0180684 -109.138 -0.0751382 0.997111 -0.0111538 7.18123 -0.0188564 0.0097627 0.999775 -0.0823485
0.996464 0.0804146 0.0243511 -108.623 -0.080102 0.996695 -0.013554 7.14659 -0.0253605 0.0115555 0.999612 -0.103931
0.993523 0.112836 0.0134028 -107.269 -0.112583 0.993472 -0.01838 7.00488 -0.0153893 0.016752 0.999741 -0.134465
0.986357 0.164108 0.0130009 -106.228 -0.163907 0.986357 -0.0152917 6.90247 -0.015333 0.0129521 0.999799 -0.11364
0.985998 0.166251 0.012987 -105.743 -0.166131 0.986054 -0.00988385 6.79179 -0.014449 0.00758792 0.999867 -0.0935956
0.98501 0.172364 -0.00673662 -104.488 -0.172387 0.985025 -0.00295402 6.57246 0.00612657 0.00407105 0.999973 -0.0666679
0.984548 0.17511 0.00142045 -103.965 -0.175105 0.984544 -0.00348393 6.48628 -0.00200857 0.00318137 0.999993 -0.0314131
0.983536 0.180341 0.0115552 -102.654 -0.180261 0.983589 -0.00761288 6.2337 -0.0127385 0.00540459 0.999904 0.0116047
0.960615 0.277834 0.00526965 -101.408 -0.277842 0.960626 0.000818631 5.94976 -0.00483473 -0.00225052 0.999986 -0.0407999
0.947247 0.320403 0.00809604 -100.919 -0.320413 0.947278 -3.94252e-05 5.81678 -0.00768183 -0.00255673 0.999967 -0.00243166
0.921247 0.38887 0.00917354 -99.7424 -0.388855 0.921293 -0.00344666 5.35344 -0.00979181 -0.000391954 0.999952 -0.0230389
0.916464 0.400029 0.00834765 -99.2992 -0.40001 0.916502 -0.00398943 5.15931 -0.00924653 0.000317026 0.999957 -0.0373108
0.91237 0.409245 0.00998111 -97.7004 -0.409196 0.912422 -0.00669548 4.43247 -0.0118471 0.00202453 0.999928 -0.0551496
0.911487 0.411239 0.00864277 -97.2382 -0.411205 0.911527 -0.00547593 4.23385 -0.01013 0.00143729 0.999948 -0.0681567
0.911757 0.410612 0.00987539 -96.5382 -0.410515 0.911793 -0.0105011 3.9038 -0.0133162 0.00552049 0.999896 -0.0547328
0.911034 0.412118 0.0132515 -94.9204 -0.412258 0.911007 0.0104406 3.17337 -0.0077695 -0.0149748 0.999858 -0.0680032
0.909179 0.416379 0.00466502 -92.1743 -0.416299 0.909144 -0.0123349 1.89492 -0.00937719 0.00927263 0.999913 -0.0585275
0.908836 0.417151 0.0012833 -91.7173 -0.417109 0.908782 -0.0116631 1.69655 -0.00603153 0.0100646 0.999931 -0.0614789
0.908369 0.418157 0.00304034 -91.2199 -0.418097 0.908325 -0.0118412 1.43896 -0.0077131 0.00948501 0.999925 -0.0313715
0.908281 0.418002 0.0173198 -88.6963 -0.417858 0.908441 -0.0113938 0.294076 -0.0204966 0.0031116 0.999785 -0.135241
0.907457 0.419827 0.0163063 -88.2019 -0.41978 0.907603 -0.00638727 0.0970483 -0.0174812 -0.0010489 0.999847 -0.0693887
0.907028 0.420625 0.0193757 -87.5259 -0.420601 0.907229 -0.00549976 -0.234158 -0.0198915 -0.00316098 0.999797 -0.107805
0.907266 0.420046 0.0207219 -87.0686 -0.420064 0.907487 -0.00370111 -0.448117 -0.0203595 -0.00534663 0.999778 -0.104743
0.906972 0.420734 0.0196187 -86.6017 -0.420753 0.907169 -0.00336132 -0.666028 -0.0192117 -0.00520601 0.999802 -0.0778447
0.90782 0.418854 0.0206149 -85.8949 -0.418861 0.908041 -0.00420246 -0.983566 -0.0204793 -0.00481968 0.999779 -0.0699281
0.922444 0.385918 0.0128601 -84.7547 -0.38595 0.922519 5.76051e-05 -1.47576 -0.0118415 -0.0050165 0.999917 -0.0702768
0.923659 0.383042 0.0115441 -84.0368 -0.383064 0.923722 -0.000309807 -1.77873 -0.0107822 -0.00413599 0.999933 -0.0720599
0.929708 0.367977 0.0153249 -83.576 -0.368045 0.929806 0.00174016 -1.96557 -0.0136088 -0.00725808 0.999881 -0.0662226
0.938942 0.343699 0.0160746 -83.1449 -0.343778 0.939048 0.00233158 -2.15256 -0.0142934 -0.00771531 0.999868 -0.0703515
0.945171 0.326288 0.0136883 -82.6455 -0.326382 0.945223 0.00526153 -2.31538 -0.0112217 -0.00944066 0.999892 -0.0310608
0.95005 0.311811 0.0133757 -81.7093 -0.311951 0.950044 0.010118 -2.61904 -0.00955264 -0.0137852 0.999859 -0.0379685
0.951257 0.308171 0.0118302 -81.2028 -0.308274 0.951264 0.00805018 -2.75173 -0.00877281 -0.0113047 0.999898 -0.0875346
0.951644 0.307035 0.0101809 -80.7176 -0.30714 0.951599 0.0111542 -2.92575 -0.00626342 -0.0137418 0.999886 -0.0258893
0.951396 0.30772 0.0124024 -80.0262 -0.307873 0.951335 0.0132489 -3.13149 -0.00772187 -0.0164233 0.999835 -0.00138524
0.951919 0.306193 0.00983071 -79.3087 -0.306309 0.95183 0.013917 -3.37766 -0.00509589 -0.016259 0.999855 -0.0749638
0.951642 0.307032 0.0103898 -78.8317 -0.307159 0.951549 0.0144065 -3.53536 -0.00546311 -0.0169012 0.999842 -0.0348551
0.951444 0.307604 0.0115377 -77.8504 -0.307741 0.951382 0.0129589 -3.84467 -0.00699054 -0.0158803 0.999849 -0.0665583
0.970913 0.238776 0.0177097 -76.2188 -0.238909 0.971024 0.00582186 -4.37257 -0.0158064 -0.00988353 0.999826 0.0266506
0.979462 0.201426 0.00907948 -75.4586 -0.201504 0.979449 0.00865643 -4.49483 -0.00714926 -0.0103082 0.999921 0.108491
0.981012 0.193487 0.0133719 -74.4444 -0.193588 0.98106 0.00667832 -4.70281 -0.0118265 -0.00914016 0.999888 -0.00860029
0.981887 0.189068 0.0122751 -73.7309 -0.189167 0.981917 0.00741172 -4.84446 -0.0106518 -0.00959951 0.999897 0.0246874
0.981923 0.18872 0.0145379 -72.7145 -0.188815 0.981998 0.0054107 -5.02105 -0.0132551 -0.00805787 0.99988 0.052228
0.982872 0.183825 0.0130952 -71.7698 -0.183891 0.982938 0.00402168 -5.21714 -0.0121324 -0.00636087 0.999906 0.0741488
0.98616 0.165347 0.0122413 -71.3059 -0.16541 0.986215 0.00434504 -5.29169 -0.0113542 -0.00630974 0.999916 0.0218278
0.98725 0.158395 0.0157773 -69.8231 -0.158509 0.987338 0.00622397 -5.49037 -0.0145917 -0.00864545 0.999856 0.0527836
0.987464 0.157132 0.0149515 -69.3104 -0.157248 0.987535 0.00688605 -5.57933 -0.0136831 -0.00915082 0.999865 0.0258273
0.987527 0.156646 0.0159149 -68.3832 -0.15686 0.987532 0.0132194 -5.72602 -0.0136457 -0.0155509 0.999786 0.0364301
0.945181 0.326477 0.00684652 -66.5303 -0.326548 0.944983 0.0193409 -6.10121 -0.00015549 -0.0205164 0.999789 0.0901768
0.921482 0.388421 -0.000682743 -66.2359 -0.388366 0.921379 0.0152331 -6.16986 0.00654591 -0.0137718 0.999884 0.0857174
0.878302 0.478094 -0.00339713 -65.8424 -0.478002 0.878237 0.014621 -6.42532 0.00997372 -0.0112179 0.999887 0.0764477
0.842469 0.538724 0.00466187 -65.546 -0.538743 0.842454 0.00521762 -6.56575 -0.00111655 -0.00690723 0.999976 0.0783676
0.785192 0.619224 0.00589382 -65.1629 -0.619247 0.785187 0.0036188 -6.87151 -0.00238691 -0.00649119 0.999976 0.0811058
0.689807 0.723993 0.000430258 -64.6301 -0.723977 0.689787 0.00714454 -7.38838 0.00487581 -0.00523985 0.999974 0.0946377
0.638134 0.769915 0.00407853 -64.4382 -0.769925 0.638129 0.00247539 -7.62323 -0.000696789 -0.00471979 0.999989 0.0733013
0.561435 0.82752 -0.00136963 -64.1229 -0.827478 0.561422 0.00924636 -8.07191 0.00842049 -0.00405789 0.999956 0.124362
0.460263 0.887781 0.00175868 -63.8052 -0.887781 0.460265 -0.000925586 -8.61452 -0.00163118 -0.00113531 0.999998 0.131691
0.406864 0.913482 0.00341621 -63.691 -0.913489 0.406861 0.00148525 -8.93218 -3.317e-05 -0.00372496 0.999993 0.127357
0.283351 0.958996 0.00625084 -63.4223 -0.959007 0.283371 -0.0026331 -9.61974 -0.00429644 -0.0052485 0.999977 0.139378
0.225978 0.974116 0.00557683 -63.3719 -0.974131 0.225982 -9.0508e-05 -9.96777 -0.00134843 -0.00541211 0.999984 0.150893
0.164927 0.986296 0.00444288 -63.3272 -0.986305 0.164931 -0.000547555 -10.3005 -0.00127282 -0.00429172 0.99999 0.142026
0.0754633 0.997149 -0.00023404 -63.2641 -0.99714 0.0754636 0.00407209 -10.7928 0.00407814 -7.3923e-05 0.999992 0.165515
-0.104148 0.994561 0.00109187 -63.365 -0.99456 -0.104146 -0.00192576 -12.3552 -0.00180157 -0.0012865 0.999998 0.182923
-0.114769 0.99339 0.00190386 -63.44 -0.993331 -0.114783 0.0109092 -12.886 0.0110557 -0.000639124 0.999939 0.170858
-0.121625 0.992572 0.00282088 -63.6318 -0.992549 -0.1216 -0.00780079 -14.271 -0.00739983 -0.00374863 0.999966 0.207152
-0.125655 0.992065 -0.00433115 -63.7803 -0.991918 -0.125711 -0.017188 -15.6955 -0.017596 0.00213639 0.999843 0.17441
-0.125503 0.992082 -0.0046382 -63.8688 -0.991874 -0.125572 -0.0204262 -16.2868 -0.0208469 0.00203696 0.999781 0.202632
-0.127334 0.991859 0.00116467 -63.9121 -0.991743 -0.127301 -0.0155191 -16.7389 -0.0152445 -0.00313116 0.999879 0.206258
-0.127613 0.991824 -0.000505273 -63.9837 -0.991676 -0.127603 -0.0172063 -17.3497 -0.0171301 -0.00169469 0.999852 0.174597
-0.119163 0.992852 -0.00669393 -64.0972 -0.992687 -0.119269 -0.0186334 -17.9859 -0.0192986 0.00442456 0.999804 0.154942
-0.10399 0.994567 -0.0047088 -64.1615 -0.994386 -0.104062 -0.0191758 -18.5446 -0.0195616 0.00268828 0.999805 0.153599
-0.0451993 0.998977 -0.00124562 -64.2143 -0.99882 -0.0452143 -0.0177343 -19.3368 -0.0177725 0.000442577 0.999842 0.150594
-0.0289472 0.999567 -0.00526275 -64.2902 -0.999482 -0.0290181 -0.013918 -20.809 -0.0140647 0.00485714 0.999889 0.167046
-0.026353 0.999617 -0.00850114 -64.2703 -0.999437 -0.026523 -0.0205512 -21.2228 -0.0207687 0.00795477 0.999753 0.158799
-0.0244096 0.999669 -0.00815649 -64.2761 -0.999588 -0.0245291 -0.0148985 -21.6421 -0.0150936 0.00778946 0.999856 0.159607
-0.0222373 0.999747 -0.00329753 -64.2833 -0.999681 -0.022275 -0.0118795 -22.5557 -0.0119499 0.00303231 0.999924 0.16855
-0.0206931 0.999771 -0.00551448 -64.2855 -0.999675 -0.0207727 -0.0147995 -23.3993 -0.0149106 0.00520644 0.999875 0.171339
-0.0175861 0.99984 -0.00315222 -64.2778 -0.999713 -0.0176351 -0.0162419 -24.3222 -0.0162949 0.00286568 0.999863 0.169184
-0.00080995 0.999998 0.00198807 -64.3094 -0.999885 -0.000779722 -0.0151587 -25.1319 -0.0151572 -0.00200011 0.999883 0.15418
0.000445322 0.999999 0.00130991 -64.2938 -0.999885 0.000465159 -0.0151826 -26.2348 -0.0151832 -0.00130299 0.999884 0.137928
0.000374393 1 -0.000599583 -64.2892 -0.999867 0.00036458 -0.0162838 -26.9354 -0.0162836 0.0006056 0.999867 0.163793
-0.000639482 1 0.000261334 -64.2683 -0.999892 -0.000635567 -0.0147152 -27.4128 -0.0147151 -0.000270716 0.999892 0.140322
-0.000977797 0.999999 -0.0011709 -64.3027 -0.999758 -0.0010033 -0.0219783 -28.8966 -0.0219795 0.00114912 0.999758 0.14947
-0.00255672 0.999995 0.00170335 -64.3333 -0.999786 -0.00252124 -0.0205181 -30.6807 -0.0205137 -0.00175544 0.999788 0.0884233
-0.00195889 0.999998 -9.24434e-05 -64.3351 -0.999837 -0.00196023 -0.0179737 -31.1625 -0.0179739 5.72197e-05 0.999838 0.143614
0.00549803 0.999973 -0.0048451 -64.2996 -0.999922 0.00544312 -0.0112745 -33.7273 -0.0112478 0.00490671 0.999925 0.145715
0.00693524 0.999973 -0.00232003 -64.3023 -0.999894 0.00690502 -0.0127884 -35.1279 -0.012772 0.00240847 0.999916 0.14906
0.0047571 0.999988 -0.00141277 -64.2677 -0.999924 0.00474077 -0.0113485 -35.9503 -0.0113416 0.00146665 0.999935 0.154622
0.00515358 0.999985 -0.00182537 -64.27 -0.999899 0.00512889 -0.0132827 -37.1496 -0.0132731 0.00189364 0.99991 0.15761
0.00507884 0.999987 -0.00069128 -64.279 -0.999888 0.00506861 -0.014075 -37.6445 -0.0140713 0.000762687 0.999901 0.159665
0.0037499 0.999989 -0.00276156 -64.285 -0.99985 0.00370263 -0.0169262 -39.4107 -0.0169158 0.00282461 0.999853 0.144202
0.00330622 0.999994 -0.00125191 -64.2641 -0.999858 0.00328512 -0.0164963 -39.8802 -0.0164921 0.00130627 0.999863 0.162983
0.00311952 0.99999 -0.0031403 -64.2659 -0.999853 0.00306614 -0.0168625 -40.4227 -0.0168527 0.00319244 0.999853 0.154849
0.00243656 0.999985 -0.00495171 -64.2667 -0.99984 0.00234847 -0.0177179 -41.1176 -0.017706 0.00499409 0.999831 0.154925
