1 0 0 0 0 1 0 0 0 0 1 0
0.999999 -0.00113532 0.000150804 0.0601407 0.00113531 0.999999 5.73775e-05 0.0421249 -0.000150869 -5.72063e-05 1 0.00426838
1 -0.000703003 0.000134311 -0.00591851 0.000703 1 2.60729e-05 -0.00599462 -0.000134329 -2.59784e-05 1 0.00296115
1 -7.42682e-05 0.000242311 0.0345661 7.42894e-05 1 -8.74692e-05 0.00823922 -0.000242305 8.74872e-05 1 0.00664017
1 0.000283514 0.000273798 0.0478858 -0.000283486 1 -0.000101279 0.0132948 -0.000273827 0.000101201 1 0.00820671
1 -0.000266349 0.000345358 0.0431488 0.000266403 1 -0.000157539 0.00970147 -0.000345316 0.000157631 1 0.0113605
1 -4.28806e-05 0.000360855 0.0448747 4.29649e-05 1 -0.000233711 0.00869806 -0.000360845 0.000233726 1 0.0126745
1 0.000218115 0.000345539 0.0582265 -0.000218032 1 -0.000238984 0.0132935 -0.000345591 0.000238908 1 0.0143809
1 -9.1364e-05 0.000362179 0.0421102 9.14612e-05 1 -0.000268527 0.00258531 -0.000362154 0.00026856 1 0.0143951
1 0.000115589 0.000335205 0.0479207 -0.000115498 1 -0.000271229 0.0101561 -0.000335236 0.00027119 1 0.0159404
1 0.000520789 0.000382993 0.042976 -0.000520683 1 -0.00027758 0.0130921 -0.000383138 0.000277381 1 0.016314
1 0.000532671 0.00036711 0.0458626 -0.000532569 1 -0.000276463 0.0180126 -0.000367257 0.000276268 1 0.0165556
1 0.00031444 0.000409174 0.0461649 -0.000314303 1 -0.000333495 0.0113316 -0.000409278 0.000333366 1 0.017644
1 0.000704077 0.000422374 0.0453016 -0.000703936 1 -0.000334953 0.0181434 -0.000422609 0.000334656 1 0.0191687
1 0.000627445 0.000428917 0.0348642 -0.000627294 1 -0.000352862 0.0224432 -0.000429138 0.000352593 1 0.0197696
1 0.000369231 0.000409312 0.0454987 -0.000369096 1 -0.000329989 0.0113125 -0.000409434 0.000329838 1 0.0190314
1 0.00037024 0.000365968 0.0339702 -0.000370121 1 -0.000324871 0.0172868 -0.000366089 0.000324736 1 0.0190935
1 0.000471181 0.000412698 0.0483969 -0.000471049 1 -0.000320096 0.020754 -0.000412849 0.000319901 1 0.0178947
1 9.08378e-05 0.000395166 0.0275832 -9.07079e-05 1 -0.000328695 0.00900639 -0.000395196 0.000328659 1 0.0178206
1 0.000314031 0.000396422 0.0392766 -0.000313909 1 -0.000309298 0.0263319 -0.000396519 0.000309174 1 0.0186172
1 0.000323357 0.000393127 0.045615 -0.000323237 1 -0.000305504 0.0247996 -0.000393225 0.000305376 1 0.0188501
1 0.000763671 0.00042625 0.0573258 -0.000763525 1 -0.000343835 0.0273285 -0.000426512 0.000343509 1 0.0199096
1 0.000754799 0.000422138 0.0579971 -0.000754648 1 -0.000359123 0.0204862 -0.000422409 0.000358805 1 0.0196398
1 0.000742183 0.000438064 0.0555898 -0.000742036 1 -0.000335855 0.0236568 -0.000438313 0.00033553 1 0.0206101
1 0.00080736 0.000424675 0.0714493 -0.000807224 1 -0.000318851 0.0297541 -0.000424932 0.000318508 1 0.0201123
0.999999 0.000902588 0.000467676 0.048941 -0.000902432 1 -0.00033372 0.0307763 -0.000467977 0.000333298 1 0.0192236
1 0.000862863 0.000451899 0.0513733 -0.000862709 1 -0.000341025 0.0359765 -0.000452194 0.000340635 1 0.0205398
1 0.000374639 0.000437009 0.0464867 -0.000374491 1 -0.00033995 0.0276118 -0.000437136 0.000339786 1 0.0206383
0.999999 0.00089316 0.000475015 0.0516596 -0.000892996 1 -0.000345489 0.0274931 -0.000475324 0.000345065 1 0.020698
0.999999 0.00100221 0.000470234 0.0472752 -0.00100203 0.999999 -0.000372337 0.0383329 -0.000470607 0.000371865 1 0.0225229
1 0.000773286 0.000446501 0.0609222 -0.000773129 1 -0.000350399 0.034308 -0.000446772 0.000350054 1 0.0220604
1 0.000753391 0.000442162 0.0479617 -0.000753241 1 -0.000340708 0.0191152 -0.000442418 0.000340375 1 0.0208979
0.999999 0.000963825 0.000460114 0.0661945 -0.000963663 0.999999 -0.000352593 0.0292607 -0.000460453 0.000352149 1 0.02171
0.999999 0.00107261 0.000481688 0.0617535 -0.00107244 0.999999 -0.000366452 0.024273 -0.000482081 0.000365935 1 0.0215661
0.999999 0.000912149 0.000497495 0.0569509 -0.000911961 1 -0.00037829 0.0123716 -0.000497839 0.000377836 1 0.0214797
0.999999 0.00088616 0.000496983 0.057594 -0.000885965 1 -0.00039367 0.0201705 -0.000497332 0.00039323 1 0.0228665
0.999999 0.00100277 0.000468584 0.0602042 -0.00100259 0.999999 -0.00038502 0.0212431 -0.00046897 0.00038455 1 0.0227979
0.999999 0.0011197 0.000474444 0.0583891 -0.00111952 0.999999 -0.000390264 0.0242567 -0.000474881 0.000389732 1 0.0229156
1 -0.000300389 0.000459612 0.0209139 0.000300551 1 -0.000352964 0.00219798 -0.000459506 0.000353102 1 0.0222452
0.999997 -0.00219696 0.000483455 0.0710164 0.00219714 0.999997 -0.000369683 0.00748754 -0.000482642 0.000370745 1 0.0228089
1 -0.000784531 0.000492148 0.117661 0.000784705 1 -0.000352601 0.0255108 -0.000491871 0.000352987 1 0.0229985
1 -0.000519758 0.00048543 0.112669 0.000519943 1 -0.000381062 0.0588695 -0.000485232 0.000381314 1 0.0252418
0.999999 -0.00162699 0.000498429 0.142477 0.00162718 0.999999 -0.000375474 0.03465 -0.000497818 0.000376284 1 0.0251608
0.999998 -0.00186615 0.00053098 0.202879 0.00186638 0.999998 -0.000419259 0.0557769 -0.000530197 0.000420249 1 0.0270844
0.999997 -0.00242065 0.000612343 0.28586 0.00242092 0.999997 -0.000436402 0.0347812 -0.000611285 0.000437883 1 0.0292853
0.999996 -0.00283441 0.000576059 0.395371 0.00283461 0.999996 -0.000347563 0.0266919 -0.000575072 0.000349194 1 0.0279809
0.999986 -0.00527524 0.000588082 0.385222 0.00527546 0.999986 -0.000382879 -0.0209486 -0.000586054 0.000385976 1 0.0266884
0.999979 -0.00637619 0.000615986 0.533305 0.00637644 0.99998 -0.000415261 -0.0230378 -0.000613326 0.00041918 1 0.0282919
0.999972 -0.00740732 0.000597075 0.585212 0.00740759 0.999972 -0.00045619 -0.0274911 -0.00059368 0.0004606 1 0.0291582
0.999959 -0.00907745 0.000658025 0.738792 0.00907774 0.999959 -0.000437701 -0.0322105 -0.000654024 0.000443656 1 0.0312713
0.999963 -0.00855734 0.000630631 0.75766 0.00855761 0.999963 -0.000429372 -0.0115679 -0.000626933 0.000434753 1 0.0322158
0.999963 -0.00860462 0.000702212 0.92353 0.00860499 0.999963 -0.00052869 0.0136158 -0.000697637 0.000534713 1 0.0354987
0.999956 -0.00930551 0.000712767 0.982789 0.0093059 0.999957 -0.000545567 0.0202223 -0.00070766 0.000552176 1 0.0371276
0.99996 -0.00892513 0.000721786 1.10645 0.00892549 0.99996 -0.000505463 0.0368425 -0.000717246 0.000511885 1 0.035905
0.999946 -0.0103914 0.000759438 1.23168 0.0103919 0.999946 -0.000664279 0.0409677 -0.000752494 0.000672135 0.999999 0.0402836
0.999926 -0.0121672 0.000774692 1.27566 0.0121677 0.999926 -0.000578534 0.0177681 -0.000767595 0.000587917 1 0.0399857
0.999938 -0.0110801 0.000660013 1.33099 0.0110804 0.999938 -0.000480268 0.0429243 -0.000654651 0.000487552 1 0.0386703
0.999923 -0.0123901 0.000720684 1.44137 0.0123905 0.999923 -0.000512786 0.0235431 -0.000714275 0.000521676 1 0.0405267
0.999932 -0.0116717 0.000684342 1.58601 0.0116721 0.999932 -0.000527705 0.0642465 -0.000678136 0.000535657 1 0.0405772
0.999912 -0.0132502 0.00078472 1.69457 0.0132507 0.999912 -0.000643929 0.0296938 -0.000776118 0.00065427 0.999999 0.042259
0.999913 -0.0131776 0.000721469 1.81448 0.013178 0.999913 -0.000566829 0.0397944 -0.000713937 0.000576287 1 0.0451791
0.999898 -0.0142963 0.000722372 1.88173 0.0142967 0.999898 -0.000571576 0.0358843 -0.000714127 0.000581845 1 0.0452219
0.9999 -0.0141529 0.00071108 1.95211 0.0141533 0.9999 -0.000554144 0.044275 -0.000703166 0.000564152 1 0.0465839
0.999901 -0.0140551 0.000707751 2.07633 0.0140555 0.999901 -0.000558487 0.0476003 -0.000699831 0.000568379 1 0.0463449
0.999887 -0.0150352 0.000673898 2.22981 0.0150355 0.999887 -0.000539873 0.0662298 -0.000665704 0.000549945 1 0.0490789
0.999864 -0.0164801 0.000663563 2.322 0.0164805 0.999864 -0.000562594 0.0430039 -0.000654201 0.000573453 1 0.0485123
0.99988 -0.0154809 0.00066392 2.39758 0.0154813 0.99988 -0.00061156 0.0519702 -0.000654373 0.000621765 1 0.0506328
0.999867 -0.0162773 0.000815339 2.57032 0.0162778 0.999867 -0.000643471 0.0268559 -0.000804757 0.000656658 0.999999 0.0452449
0.999833 -0.0182326 0.000822564 2.66052 0.0182331 0.999834 -0.000605997 0.00541503 -0.000811378 0.000620894 0.999999 0.0440785
0.999844 -0.0176275 0.000778842 2.82141 0.017628 0.999844 -0.00061915 0.0295026 -0.000767807 0.000632783 1 0.049043
0.999843 -0.0176817 0.000807766 2.87953 0.0176822 0.999843 -0.000671569 0.0318119 -0.000795765 0.000685747 0.999999 0.0488026
0.999839 -0.0179312 0.000873742 2.99492 0.0179318 0.999839 -0.000685338 0.0525034 -0.000861312 0.000700895 0.999999 0.04893
0.999833 -0.0182778 0.000831744 3.10737 0.0182783 0.999833 -0.000643066 0.0507908 -0.000819851 0.000658161 0.999999 0.054821
0.999823 -0.0187942 0.00085708 3.22933 0.0187947 0.999823 -0.000654377 0.0231422 -0.00084463 0.00067037 0.999999 0.0522536
0.9998 -0.0199897 0.00082576 3.41766 0.0199902 0.9998 -0.000648263 0.00283756 -0.000812636 0.000664641 0.999999 0.0520141
0.999817 -0.0190951 0.000905481 3.45732 0.0190958 0.999817 -0.000740737 0.0116869 -0.000891172 0.000757893 0.999999 0.0522494
0.999812 -0.0193448 0.000850864 3.59884 0.0193454 0.999813 -0.000673548 0.00135182 -0.000837675 0.000689882 0.999999 0.0518932
0.999828 -0.0185165 0.000926365 3.69512 0.0185172 0.999828 -0.000734878 0.0294008 -0.000912599 0.000751905 0.999999 0.0531134
0.999843 -0.0176831 0.000838352 3.8832 0.0176837 0.999843 -0.00067074 0.0373978 -0.00082636 0.00068546 0.999999 0.0555629
0.999833 -0.0182669 0.000886301 3.94054 0.0182675 0.999833 -0.000647903 0.0410602 -0.000874318 0.000663985 0.999999 0.0601835
0.999809 -0.0195033 0.000913368 4.11083 0.019504 0.99981 -0.000771428 0.0422525 -0.000898148 0.000789095 0.999999 0.0623559
0.999771 -0.0214064 0.000771643 4.25349 0.0214069 0.999771 -0.000648243 0.0291751 -0.00075759 0.000664613 0.999999 0.0598564
0.99977 -0.0214333 0.000794658 4.36116 0.0214338 0.99977 -0.000635743 0.0354434 -0.000780849 0.000652629 0.999999 0.063073
0.999769 -0.021482 0.000825387 4.49299 0.0214825 0.999769 -0.000608438 0.0422998 -0.000812126 0.000626029 0.999999 0.0613474
0.999752 -0.0222672 0.000887979 4.58921 0.0222678 0.999752 -0.000699385 0.0374268 -0.000872185 0.000718985 0.999999 0.0625995
0.999774 -0.0212313 0.000858904 4.6835 0.0212319 0.999774 -0.000686265 0.0455742 -0.00084414 0.000704346 0.999999 0.0654448
0.999792 -0.0203839 0.000885629 4.91574 0.0203845 0.999792 -0.000624958 0.043508 -0.000872706 0.000642881 0.999999 0.065099
0.999795 -0.0202195 0.000909631 5.07271 0.0202202 0.999795 -0.000764864 0.0474825 -0.00089398 0.000783101 0.999999 0.0703331
0.999799 -0.0200331 0.00079024 5.13643 0.0200337 0.999799 -0.000720282 0.0551695 -0.000775651 0.000735969 0.999999 0.073325
0.999779 -0.0210189 0.000973118 5.29896 0.0210197 0.999779 -0.000793272 0.0475355 -0.000956229 0.000813551 0.999999 0.0714022
0.999793 -0.0203195 0.000929973 5.39432 0.0203203 0.999793 -0.000908097 0.0111951 -0.000911329 0.000926807 0.999999 0.0700095
0.999822 -0.0188234 0.000885373 5.57682 0.0188241 0.999822 -0.000822636 0.017163 -0.000869731 0.000839157 0.999999 0.0687676
0.999819 -0.0190165 0.000873303 5.72829 0.0190172 0.999819 -0.000876323 0.0189106 -0.00085648 0.000892772 0.999999 0.0691764
0.999813 -0.0193013 0.000896025 5.78353 0.0193022 0.999813 -0.000960363 0.0209089 -0.000877321 0.000977479 0.999999 0.0697586
0.999833 -0.018257 0.000870929 5.90598 0.0182578 0.999833 -0.000898528 0.00720917 -0.000854379 0.000914279 0.999999 0.0686556
0.999814 -0.0192663 0.00102429 6.04554 0.0192674 0.999814 -0.00100899 -0.000143746 -0.00100466 0.00102854 0.999999 0.0684269
0.999831 -0.0183622 0.000961241 6.218 0.0183633 0.999831 -0.00121789 -0.0112923 -0.000938715 0.00123534 0.999999 0.0715734
0.999807 -0.0196269 0.00100423 6.36995 0.0196284 0.999806 -0.00144872 -0.0326099 -0.000975597 0.00146815 0.999998 0.0669186
0.999814 -0.019272 0.000994681 6.47125 0.0192734 0.999813 -0.00151152 -0.0338074 -0.000965365 0.00153041 0.999998 0.0698699
0.999812 -0.01936 0.000964713 6.61283 0.0193618 0.999811 -0.00188519 -0.0395429 -0.000928033 0.00190351 0.999998 0.06915
0.999832 -0.0183304 0.000837579 6.71743 0.0183323 0.999829 -0.00233276 -0.0401165 -0.000794676 0.00234772 0.999997 0.0690009
0.999823 -0.0188037 0.000819813 6.9273 0.0188056 0.99982 -0.00241037 -0.0495335 -0.000774342 0.00242536 0.999997 0.0759682
0.999821 -0.0189103 0.00084642 6.98951 0.0189123 0.999818 -0.00241021 -0.0420461 -0.000800689 0.00242578 0.999997 0.0764268
0.999802 -0.0198671 0.00111443 7.16455 0.0198704 0.999798 -0.0030438 -0.0396964 -0.00105374 0.00306534 0.999995 0.0856457
0.999829 -0.0184642 0.000930413 7.2854 0.0184668 0.999825 -0.00287224 -0.0435099 -0.000877217 0.00288893 0.999995 0.0786103
0.999806 -0.0196631 0.000896706 7.50413 0.0196655 0.999803 -0.00275436 -0.0296975 -0.00084237 0.00277146 0.999996 0.0882155
0.999797 -0.020129 0.00080898 7.61099 0.0201319 0.999791 -0.00367798 -0.0167774 -0.000734777 0.00369352 0.999993 0.0894443
0.999831 -0.0183881 0.000899813 7.69455 0.0183912 0.999824 -0.00357207 0.00078319 -0.000833972 0.00358801 0.999993 0.0816684
0.999838 -0.0179799 0.000704133 7.82394 0.0179823 0.999832 -0.00365801 0.0134497 -0.000638244 0.00367008 0.999993 0.0867824
0.999882 -0.0153544 0.000652916 8.03315 0.0153564 0.999877 -0.00319658 0.038889 -0.000603754 0.00320623 0.999995 0.0889816
0.999858 -0.0168098 0.000833189 8.09728 0.0168125 0.999853 -0.00323995 0.0355116 -0.000778604 0.00325349 0.999994 0.089772
0.999846 -0.0175043 0.000795544 8.23629 0.0175069 0.999841 -0.00338678 0.0243647 -0.000736134 0.00340019 0.999994 0.0903641
0.999827 -0.01858 0.000731799 8.38069 0.0185826 0.999821 -0.00364911 0.0445655 -0.000663867 0.00366207 0.999993 0.0917246
0.999838 -0.0180078 0.000755386 8.49043 0.0180104 0.999831 -0.00366615 0.0602234 -0.000689239 0.00367916 0.999993 0.0917429
0.999865 -0.0164278 0.00056338 8.6498 0.0164297 0.999859 -0.00344445 0.0660216 -0.000506716 0.00345324 0.999994 0.0920254
0.999873 -0.015919 0.000582795 8.86324 0.015921 0.999867 -0.00360545 0.0693423 -0.000525323 0.00361427 0.999993 0.0941815
0.999873 -0.0159555 0.000514459 8.92466 0.0159573 0.999866 -0.00361736 0.0662179 -0.000456673 0.00362511 0.999993 0.0950757
0.999863 -0.0165374 0.000583158 9.15129 0.0165392 0.999858 -0.00324484 0.105155 -0.000529414 0.00325404 0.999995 0.0961972
0.999873 -0.0159408 0.000375058 9.28218 0.015942 0.999867 -0.00348615 0.0970459 -0.000319437 0.00349168 0.999994 0.0950718
0.99985 -0.0173117 0.000296783 9.35118 0.0173127 0.999844 -0.00359206 0.088639 -0.000234551 0.00359666 0.999994 0.0962
0.999877 -0.015656 0.00028569 9.62687 0.0156569 0.999871 -0.00352769 0.0944851 -0.000230424 0.00353174 0.999994 0.0909687
0.999854 -0.0170653 0.000263556 9.69065 0.0170661 0.999848 -0.00343683 0.10205 -0.000204866 0.00344082 0.999994 0.094533
0.999878 -0.0156413 7.30298e-05 9.92495 0.0156415 0.999871 -0.00354268 0.10917 -1.76082e-05 0.00354339 0.999994 0.0907059
0.999858 -0.0168253 8.24312e-05 10.003 0.0168255 0.999852 -0.00357447 0.0976578 -2.22773e-05 0.00357535 0.999994 0.0952787
0.999855 -0.016999 -0.000190284 10.2337 0.0169982 0.999849 -0.00370998 0.113238 0.000253321 0.00370621 0.999993 0.096272
0.999857 -0.0169186 -0.000170668 10.4197 0.0169179 0.99985 -0.00360938 0.1104 0.000231708 0.00360598 0.999993 0.099971
0.999857 -0.016912 -0.000155528 10.5077 0.0169113 0.999849 -0.00393641 0.098882 0.000222077 0.00393321 0.999992 0.099492
0.999858 -0.0168339 -0.000285271 10.7616 0.0168327 0.999851 -0.00386281 0.12869 0.000350255 0.00385746 0.999992 0.103767
0.999853 -0.0171537 -0.000291627 10.9182 0.0171525 0.999846 -0.00376202 0.146981 0.000356115 0.00375647 0.999993 0.102283
0.999852 -0.0171772 -0.000282457 11.009 0.0171761 0.999846 -0.0035369 0.125092 0.000343168 0.00353153 0.999994 0.104024
0.999865 -0.0164053 -0.000266718 11.1742 0.0164043 0.999859 -0.00361869 0.127227 0.000326047 0.00361383 0.999993 0.109572
0.999828 -0.0185597 -0.000199116 11.3333 0.0185588 0.999821 -0.00365306 0.146134 0.00026688 0.00364874 0.999993 0.110486
0.999804 -0.0198196 -0.000209356 11.5893 0.0198188 0.999798 -0.00345453 0.144455 0.000277781 0.0034497 0.999994 0.113075
0.999848 -0.0174534 -0.000251492 11.755 0.0174525 0.999843 -0.00312495 0.158288 0.000305993 0.00312008 0.999995 0.11986
0.999831 -0.0183616 -0.000110124 11.9308 0.0183612 0.999827 -0.00308339 0.170595 0.000166721 0.00308084 0.999995 0.120438
0.999851 -0.0172804 -6.93011e-05 12.0111 0.0172801 0.999847 -0.00276171 0.184713 0.000117014 0.0027601 0.999996 0.123662
0.999829 -0.0184786 -0.000153601 12.2647 0.018478 0.999825 -0.00307828 0.159926 0.000210456 0.00307492 0.999995 0.12925
0.999862 -0.0166168 -0.000296722 12.3238 0.0166158 0.999857 -0.00316483 0.140021 0.000349269 0.00315946 0.999995 0.127281
0.999837 -0.0180262 -0.000322491 12.5076 0.0180249 0.999831 -0.00357689 0.142429 0.000386914 0.00357049 0.999994 0.131714
0.999826 -0.018642 -0.00029539 12.6574 0.0186408 0.99982 -0.0035126 0.133638 0.000360818 0.00350648 0.999994 0.133278
0.999845 -0.0176059 -0.00047001 12.8422 0.0176043 0.99984 -0.00326795 0.148001 0.00052747 0.00325917 0.999995 0.132416
0.999824 -0.0187837 -9.38969e-05 13.0951 0.0187833 0.999819 -0.00293838 0.155871 0.000149074 0.0029361 0.999996 0.140049
0.999819 -0.0190401 -0.000423192 13.2564 0.0190387 0.999814 -0.00313131 0.151567 0.000482734 0.00312269 0.999995 0.139834
0.999833 -0.0182493 -0.000420088 13.4072 0.0182479 0.999829 -0.00309488 0.14619 0.000476495 0.00308669 0.999995 0.145565
0.999804 -0.0197745 -0.000413779 13.495 0.019773 0.999799 -0.00335779 0.140552 0.000480094 0.00334896 0.999994 0.147822
0.999846 -0.0175415 -0.000632355 13.7123 0.0175392 0.99984 -0.00350903 0.14534 0.000693808 0.0034974 0.999994 0.14567
0.999833 -0.0182815 -0.000670788 13.8816 0.0182792 0.999827 -0.0033658 0.16104 0.000732205 0.00335297 0.999994 0.142168
0.999848 -0.0173894 -0.000781987 13.9693 0.0173869 0.999844 -0.0031737 0.17428 0.000837053 0.00315963 0.999995 0.14224
0.99982 -0.0189518 -0.000746685 14.2242 0.0189492 0.999815 -0.00332419 0.163688 0.000809546 0.00330944 0.999994 0.150258
0.999826 -0.0186562 -0.00066348 14.2988 0.0186538 0.99982 -0.00339361 0.178053 0.000726673 0.00338064 0.999994 0.150518
0.999791 -0.0204423 -0.000654226 14.4776 0.0204399 0.999785 -0.00347012 0.180886 0.000725023 0.00345603 0.999994 0.156653
0.999825 -0.0187043 -0.000823585 14.6884 0.0187012 0.999819 -0.00359754 0.183726 0.000890725 0.00358151 0.999993 0.155558
0.999839 -0.0179368 -0.000748947 14.8482 0.0179341 0.999833 -0.00350207 0.185401 0.000811638 0.00348808 0.999994 0.150087
0.999831 -0.0183823 -0.000873228 14.9129 0.0183793 0.999825 -0.00339606 0.196799 0.000935503 0.00337943 0.999994 0.154018
0.999834 -0.0181946 -0.000926353 15.093 0.0181916 0.999829 -0.00322805 0.202556 0.000984928 0.00321066 0.999994 0.153998
0.99986 -0.0166962 -0.000719308 15.2805 0.0166933 0.999853 -0.00380818 0.149627 0.000782785 0.00379564 0.999992 0.163053
0.99983 -0.0184023 -0.000910077 15.4938 0.0183988 0.999824 -0.00368298 0.186139 0.000977692 0.00366561 0.999993 0.163598
0.999809 -0.0195167 -0.00101254 15.665 0.0195126 0.999802 -0.00392863 0.191257 0.00108902 0.00390812 0.999992 0.166979
0.999849 -0.0173526 -0.000989665 15.754 0.0173484 0.999841 -0.00413625 0.182353 0.00106128 0.00411845 0.999991 0.164563
0.999855 -0.0169994 -0.000871272 16.0324 0.0169963 0.99985 -0.00344748 0.214666 0.000929746 0.00343217 0.999994 0.168027
0.999828 -0.0185473 -0.000642855 16.0967 0.0185452 0.999823 -0.00322745 0.211642 0.000702601 0.00321497 0.999995 0.174281
0.999841 -0.0177962 -0.000966527 16.3473 0.0177929 0.999836 -0.00335654 0.210468 0.0010261 0.00333881 0.999994 0.17527
0.999849 -0.017318 -0.00109104 16.4186 0.017314 0.999843 -0.00364678 0.208296 0.00115402 0.00362734 0.999993 0.174882
0.99982 -0.0189555 -0.00115773 16.5413 0.0189509 0.999813 -0.00386628 0.213553 0.0012308 0.00384364 0.999992 0.176652
0.999834 -0.0181868 -0.00122136 16.7017 0.018182 0.999827 -0.00382532 0.230788 0.00129072 0.00380248 0.999992 0.179102
0.999841 -0.0178026 -0.00123088 16.857 0.0177978 0.999834 -0.00377653 0.22638 0.00129791 0.00375402 0.999992 0.179567
0.999813 -0.0192883 -0.00131109 17.1216 0.0192841 0.999809 -0.00319905 0.238397 0.00137255 0.00317317 0.999994 0.18338
0.999838 -0.017939 -0.00156048 17.262 0.0179331 0.999832 -0.00372219 0.209578 0.00162699 0.0036936 0.999992 0.180678
0.99985 -0.0172818 -0.00137357 17.3511 0.0172768 0.999844 -0.00360455 0.218301 0.00143565 0.00358028 0.999993 0.18437
0.999828 -0.0184907 -0.00132166 17.5304 0.0184859 0.999823 -0.00355665 0.208865 0.00138719 0.00353161 0.999993 0.186445
0.999826 -0.0185768 -0.00147224 17.7589 0.0185716 0.999821 -0.00349042 0.240223 0.00153682 0.00346247 0.999993 0.191674
0.999849 -0.0172899 -0.00142602 17.9135 0.0172851 0.999845 -0.00329593 0.248328 0.00148279 0.00327079 0.999994 0.193005
0.999821 -0.0188904 -0.00144819 17.9938 0.0188848 0.999815 -0.00378444 0.243944 0.00151941 0.00375641 0.999992 0.189378
0.999831 -0.0183199 -0.00130758 18.1452 0.0183156 0.999827 -0.00320392 0.23661 0.00136605 0.00317943 0.999994 0.198181
0.999835 -0.018134 -0.00144107 18.3116 0.0181287 0.999829 -0.00357933 0.243071 0.00150573 0.00355261 0.999993 0.199543
0.999817 -0.0190811 -0.00142369 18.5617 0.0190756 0.999811 -0.00372892 0.230779 0.00149457 0.00370108 0.999992 0.203512
0.999828 -0.0184893 -0.00139917 18.6327 0.018484 0.999822 -0.00370903 0.249766 0.0014675 0.00368254 0.999992 0.199869
0.999849 -0.0172915 -0.00142314 18.7783 0.0172864 0.999844 -0.00349717 0.281129 0.00148339 0.00347205 0.999993 0.201192
0.999834 -0.0181722 -0.00162522 18.9497 0.0181667 0.999829 -0.00335857 0.277955 0.00168597 0.00332848 0.999993 0.204843
0.999855 -0.0169377 -0.00150059 19.1244 0.0169325 0.999851 -0.00337204 0.250632 0.00155748 0.00334615 0.999993 0.206749
0.999842 -0.0177314 -0.00146348 19.382 0.0177257 0.999835 -0.00384705 0.246211 0.00153145 0.0038205 0.999992 0.213078
0.999829 -0.0184416 -0.00163476 19.5249 0.0184351 0.999822 -0.00390087 0.249798 0.00170641 0.00387006 0.999991 0.209173
0.999825 -0.0186385 -0.00162603 19.6088 0.0186318 0.999818 -0.00405603 0.26017 0.00170133 0.00402502 0.99999 0.212219
0.999837 -0.0179737 -0.0017921 19.7551 0.0179669 0.999832 -0.00374408 0.27788 0.00185909 0.00371127 0.999991 0.216671
0.999812 -0.0192937 -0.00185549 20.0191 0.0192873 0.999808 -0.00338169 0.29458 0.00192038 0.00334527 0.999993 0.218565
0.999828 -0.0184333 -0.00203836 20.1896 0.0184261 0.999824 -0.00350037 0.272763 0.00210252 0.00346221 0.999992 0.221428
0.999831 -0.0182872 -0.00199053 20.2511 0.01828 0.999826 -0.00361978 0.272859 0.00205638 0.00358278 0.999991 0.217411
0.999786 -0.0206119 -0.00161827 20.4391 0.0206065 0.999782 -0.00327642 0.304703 0.00168545 0.00324238 0.999993 0.223804
0.999807 -0.0195735 -0.00191798 20.6034 0.0195667 0.999802 -0.00348693 0.282831 0.00198585 0.00344873 0.999992 0.223501
0.999816 -0.0191114 -0.00184621 20.8442 0.0191053 0.999812 -0.00328515 0.296842 0.00190864 0.00324928 0.999993 0.229954
0.999796 -0.0200841 -0.00190874 21.016 0.0200786 0.999794 -0.00286156 0.335892 0.00196582 0.00282266 0.999994 0.232091
0.999808 -0.0195361 -0.00167094 21.1248 0.0195322 0.999807 -0.00227166 0.324222 0.00171499 0.00223858 0.999996 0.23051
0.999824 -0.0186397 -0.00200497 21.2893 0.0186344 0.999823 -0.00264266 0.312189 0.00205387 0.00260484 0.999995 0.234766
0.99982 -0.0188819 -0.0020728 21.5295 0.0188747 0.999816 -0.0034476 0.30951 0.00213751 0.00340786 0.999992 0.238333
0.999836 -0.0179607 -0.00245937 21.6752 0.0179531 0.999834 -0.00304687 0.317466 0.00251368 0.00300221 0.999992 0.241658
0.999846 -0.017402 -0.00237653 21.8266 0.0173935 0.999842 -0.00357505 0.305541 0.00243837 0.00353316 0.999991 0.238205
0.999841 -0.0176862 -0.00239487 21.9216 0.0176777 0.999838 -0.00350495 0.311337 0.00245647 0.00346206 0.999991 0.238486
0.999819 -0.0188844 -0.00230577 22.1771 0.0188771 0.999817 -0.00315982 0.315623 0.00236501 0.00311572 0.999992 0.243464
0.999829 -0.0183408 -0.00221977 22.2605 0.0183336 0.999827 -0.00322064 0.305774 0.00227846 0.00317939 0.999992 0.249825
0.999794 -0.0201926 -0.00222622 22.4213 0.0201846 0.99979 -0.00358391 0.313111 0.00229812 0.00353824 0.999991 0.254164
0.999826 -0.0185225 -0.00225789 22.596 0.0185136 0.999821 -0.00391871 0.302794 0.00233007 0.00387622 0.99999 0.252171
0.999812 -0.0192176 -0.00260699 22.7441 0.0192091 0.99981 -0.00324583 0.322248 0.00266888 0.00319514 0.999991 0.258031
0.999833 -0.0180965 -0.00261333 23.0001 0.0180879 0.999831 -0.00328086 0.340603 0.00267227 0.00323304 0.999991 0.256009
0.999843 -0.0174799 -0.00273585 23.1681 0.0174717 0.999843 -0.00299611 0.329962 0.00278779 0.00294784 0.999992 0.25961
0.99984 -0.0176526 -0.0027657 23.218 0.0176436 0.999839 -0.00323588 0.329053 0.00282238 0.00318657 0.999991 0.257829
0.999837 -0.0178547 -0.0025919 23.3942 0.0178455 0.999835 -0.00353372 0.335811 0.00265456 0.00348689 0.99999 0.259055
0.999838 -0.0178172 -0.00254757 23.641 0.0178085 0.999836 -0.00339086 0.333364 0.00260756 0.00334494 0.999991 0.26278
0.999878 -0.0153852 -0.00252946 23.7831 0.0153761 0.999875 -0.00356572 0.330218 0.002584 0.0035264 0.99999 0.264651
0.999874 -0.0156256 -0.00267313 23.8537 0.0156154 0.999871 -0.00378843 0.339458 0.00273198 0.00374622 0.999989 0.265004
0.999866 -0.0161613 -0.00269481 24.1055 0.0161521 0.999864 -0.0034152 0.326391 0.00274964 0.00337122 0.999991 0.268149
0.999847 -0.0172938 -0.00272998 24.1828 0.017284 0.999844 -0.00354178 0.328041 0.00279081 0.00349405 0.99999 0.277015
0.999843 -0.017523 -0.00264593 24.4466 0.0175121 0.999838 -0.00409706 0.319485 0.00271729 0.00405008 0.999988 0.275339
0.999855 -0.016772 -0.00288418 24.5867 0.0167595 0.99985 -0.00429613 0.328135 0.0029558 0.00424717 0.999987 0.27678
0.999872 -0.0157238 -0.00291776 24.6751 0.0157124 0.999869 -0.00389399 0.329862 0.0029786 0.00384764 0.999988 0.277173
0.999872 -0.0157679 -0.00286851 24.852 0.0157573 0.999869 -0.00368092 0.34727 0.00292618 0.00363524 0.999989 0.28507
0.999879 -0.015302 -0.00294884 25.0039 0.0152914 0.999877 -0.00358172 0.358502 0.00300328 0.00353619 0.999989 0.283772
0.999843 -0.0175422 -0.00235449 25.275 0.0175347 0.999841 -0.0031315 0.3604 0.00240905 0.00308973 0.999992 0.286117
0.99984 -0.0177606 -0.00204176 25.42 0.0177548 0.999838 -0.00280448 0.344919 0.00209124 0.00276778 0.999994 0.297024
0.999831 -0.0182799 -0.00202181 25.5023 0.0182742 0.999829 -0.00280119 0.341607 0.00207267 0.00276377 0.999994 0.296135
0.999839 -0.0178038 -0.00222574 25.6531 0.0177968 0.999837 -0.00313775 0.342196 0.00228124 0.00309764 0.999993 0.294155
0.999859 -0.0166045 -0.00260082 25.8129 0.0165964 0.999857 -0.00309629 0.362289 0.00265186 0.00305268 0.999992 0.297806
0.999847 -0.017298 -0.00262223 26.0541 0.0172918 0.999848 -0.00235957 0.373787 0.00266265 0.00231387 0.999994 0.304497
0.999846 -0.0173658 -0.00260424 26.1552 0.0173597 0.999847 -0.00233574 0.367349 0.0026444 0.00229017 0.999994 0.304636
0.999862 -0.0163491 -0.00281417 26.2911 0.0163407 0.999862 -0.00298104 0.36906 0.00286252 0.00293465 0.999992 0.304574
0.999849 -0.0171951 -0.00250359 26.4668 0.0171879 0.999848 -0.002847 0.358462 0.00255216 0.00280354 0.999993 0.306467
0.99987 -0.0158302 -0.00298066 26.6053 0.0158216 0.999871 -0.00288273 0.359529 0.00302591 0.00283519 0.999991 0.310917
0.999895 -0.0142723 -0.0026178 26.8802 0.0142659 0.999895 -0.00244105 0.38057 0.00265237 0.00240345 0.999994 0.316345
0.999907 -0.0133598 -0.00280539 26.9414 0.0133544 0.999909 -0.00193342 0.370525 0.00283097 0.00189577 0.999994 0.320196
0.999846 -0.0173648 -0.00244836 27.1195 0.0173599 0.999847 -0.00199434 0.397877 0.00248262 0.00195152 0.999995 0.323112
0.999883 -0.015046 -0.00276335 27.2655 0.0150413 0.999885 -0.00171325 0.36106 0.00278881 0.00167148 0.999995 0.327399
0.999852 -0.0170001 -0.00279823 27.4244 0.0169925 0.999852 -0.00268699 0.362913 0.0028435 0.00263905 0.999992 0.325215
0.999859 -0.0165048 -0.0030365 27.5682 0.0164947 0.999858 -0.00332227 0.361305 0.00309091 0.00327171 0.99999 0.327719
0.999877 -0.0154138 -0.00283048 27.7325 0.0154064 0.999878 -0.00263217 0.36742 0.0028707 0.00258824 0.999993 0.332367
0.999878 -0.0153688 -0.00283064 27.8824 0.0153597 0.999877 -0.00320191 0.370609 0.0028795 0.00315805 0.999991 0.330715
0.999888 -0.0146917 -0.0028425 28.0527 0.0146848 0.999889 -0.00243482 0.377244 0.00287796 0.0023928 0.999993 0.336211
0.99986 -0.0164429 -0.00300215 28.2794 0.0164348 0.999861 -0.00272366 0.40065 0.00304652 0.00267394 0.999992 0.337654
0.999851 -0.0170463 -0.00265481 28.373 0.0170394 0.999851 -0.00262308 0.390299 0.00269913 0.00257746 0.999993 0.341089
0.999856 -0.0167923 -0.00239598 28.5476 0.0167864 0.999856 -0.00245073 0.375904 0.00243679 0.00241015 0.999994 0.345867
0.999837 -0.0178634 -0.00276087 28.6748 0.0178567 0.999838 -0.00243887 0.37895 0.00280399 0.00238918 0.999993 0.351182
0.999857 -0.016646 -0.00283862 28.8399 0.0166382 0.999858 -0.00276563 0.404529 0.00288425 0.002718 0.999992 0.35602
0.999864 -0.0161089 -0.0034154 29.075 0.0161004 0.999867 -0.0024893 0.433421 0.00345505 0.00243398 0.999991 0.352431
0.999879 -0.0151203 -0.00370814 29.2391 0.0151099 0.999882 -0.00279541 0.413942 0.00374997 0.00273904 0.999989 0.350229
0.99985 -0.0168318 -0.00397411 29.3197 0.0168197 0.999854 -0.00307331 0.432743 0.00402526 0.00300601 0.999987 0.352054
0.999836 -0.0176549 -0.00393125 29.4955 0.0176428 0.999839 -0.00311198 0.429914 0.00398556 0.00304211 0.999987 0.351125
0.999833 -0.0177755 -0.0042017 29.7104 0.0177651 0.999839 -0.00248662 0.446295 0.00424523 0.00241156 0.999988 0.350483
0.999872 -0.0155743 -0.00371356 29.8774 0.015568 0.999877 -0.00173425 0.414685 0.00374011 0.00167622 0.999992 0.356211
0.999885 -0.0145608 -0.00427119 29.949 0.0145526 0.999892 -0.00192921 0.416788 0.00429882 0.00186683 0.999989 0.355751
0.99998 -0.00491925 -0.00408869 30.2004 0.00491398 0.999987 -0.00129888 0.417846 0.00409503 0.00127876 0.999991 0.362217
0.999988 -0.0010121 -0.00477949 30.2429 0.00100369 0.999998 -0.00176299 0.416824 0.00478126 0.00175817 0.999987 0.360342
0.999941 0.00995593 -0.00431929 30.4691 -0.00996407 0.999949 -0.00186586 0.413019 0.00430049 0.00190878 0.999989 0.36874
0.99987 0.0155015 -0.0045431 30.6066 -0.0155113 0.999877 -0.00212373 0.433771 0.00450962 0.00219392 0.999987 0.370557
0.999797 0.0196229 -0.0046259 30.6892 -0.0196311 0.999806 -0.00173001 0.425139 0.00459105 0.00182047 0.999988 0.36958
0.999619 0.0272244 -0.00456315 30.9621 -0.0272332 0.999627 -0.0018928 0.412458 0.00450992 0.00201635 0.999988 0.366039
0.999415 0.0339824 -0.00378864 31.142 -0.0339897 0.99942 -0.001865 0.401907 0.00372306 0.00199268 0.999991 0.379069
0.999256 0.0383334 -0.00425487 31.2804 -0.0383402 0.999264 -0.00154153 0.402462 0.00419265 0.00170351 0.99999 0.375082
0.999129 0.0416154 -0.00297148 31.4457 -0.0416176 0.999133 -0.00068685 0.391651 0.00294032 0.000809918 0.999995 0.387388
0.999042 0.0436743 -0.00272877 31.5451 -0.0436776 0.999045 -0.00115472 0.378815 0.00267573 0.0012728 0.999996 0.392023
0.99877 0.0495219 -0.00237421 31.8049 -0.0495231 0.998773 -0.000459481 0.380126 0.00234854 0.000576495 0.999997 0.396332
0.998622 0.0524043 -0.00277399 31.9273 -0.0524063 0.998626 -0.000654953 0.372591 0.00273586 0.000799425 0.999996 0.394348
0.998654 0.0517743 -0.00304461 32.0642 -0.0517761 0.998659 -0.000508218 0.364053 0.00301422 0.000665173 0.999995 0.39373
0.998697 0.0509717 -0.0024833 32.172 -0.0509737 0.9987 -0.000729534 0.36887 0.00244289 0.000855166 0.999997 0.400185
0.998616 0.0525191 -0.00266418 32.323 -0.0525213 0.998619 -0.000763445 0.335045 0.00262041 0.000902315 0.999996 0.404781
0.998711 0.0507252 -0.00174336 32.5707 -0.050727 0.998712 -0.000998892 0.310948 0.00169045 0.00108604 0.999998 0.408838
0.998622 0.05245 -0.00177906 32.7387 -0.0524515 0.998623 -0.0007609 0.306701 0.00173671 0.000853166 0.999998 0.412721
0.99857 0.0534351 -0.00175799 32.8293 -0.0534363 0.998571 -0.000624229 0.279573 0.00172213 0.000717277 0.999998 0.415425
0.99846 0.0554296 -0.00227803 32.9372 -0.055432 0.998462 -0.00102447 0.292815 0.00221774 0.00114917 0.999997 0.417142
0.998526 0.0542063 -0.0028467 33.0889 -0.0542103 0.998529 -0.00132702 0.280296 0.00277058 0.00147939 0.999995 0.41271
0.998491 0.05478 -0.00390456 33.2499 -0.0547868 0.998497 -0.00164659 0.296376 0.0038085 0.00185802 0.999991 0.410552
0.998506 0.0545053 -0.00390425 33.3958 -0.0545142 0.998511 -0.00221786 0.285657 0.00377755 0.00242738 0.99999 0.412926
0.998498 0.0546134 -0.00447076 33.5279 -0.0546254 0.998504 -0.00260854 0.265861 0.00432161 0.00284883 0.999987 0.406794
0.998456 0.0554118 -0.00386802 33.6762 -0.0554197 0.998461 -0.0019673 0.248805 0.00375305 0.00217863 0.999991 0.41322
0.998303 0.0580591 -0.00460338 33.8915 -0.0580699 0.99831 -0.00223795 0.246075 0.00446567 0.00250147 0.999987 0.413756
0.998341 0.057431 -0.00409969 34.0649 -0.0574379 0.998348 -0.00157707 0.24472 0.00400234 0.00180993 0.99999 0.419563
0.998397 0.056468 -0.00376898 34.2295 -0.0564757 0.998402 -0.00196526 0.246783 0.00365198 0.00217497 0.999991 0.426391
0.998407 0.0562837 -0.00386541 34.3266 -0.056293 0.998412 -0.00233321 0.217509 0.00372795 0.00254709 0.99999 0.424802
0.998404 0.0563864 -0.00308312 34.4954 -0.0563922 0.998407 -0.00181199 0.23367 0.00297604 0.00198296 0.999994 0.426462
0.998447 0.0555934 -0.00358693 34.7 -0.0556012 0.998451 -0.00210414 0.219644 0.0034644 0.00230031 0.999991 0.426749
0.998385 0.0566837 -0.00376443 34.7753 -0.0566926 0.998389 -0.00230159 0.208753 0.0036279 0.00251129 0.99999 0.430443
0.998266 0.0587399 -0.00390815 35.0302 -0.058747 0.998271 -0.00170656 0.199278 0.00380115 0.00193319 0.999991 0.434289
0.998314 0.0579132 -0.00400273 35.1019 -0.0579224 0.998319 -0.00221018 0.192243 0.003868 0.0024383 0.99999 0.435359
0.998364 0.0570364 -0.00391919 35.2531 -0.0570457 0.998369 -0.00228972 0.207542 0.0037822 0.00250955 0.99999 0.432305
0.998918 0.0463915 -0.00333465 35.4642 -0.0463991 0.99892 -0.00225202 0.18044 0.00322657 0.00240431 0.999992 0.446659
0.999116 0.041911 -0.00332302 35.5387 -0.0419185 0.999119 -0.00223091 0.166461 0.00322659 0.00236823 0.999992 0.451726
0.999211 0.0395587 -0.00343059 35.6774 -0.0395667 0.999214 -0.00230563 0.163746 0.00333669 0.00243955 0.999991 0.450552
0.999232 0.0389307 -0.00454206 35.8083 -0.0389411 0.999239 -0.00221524 0.160538 0.00445236 0.00239041 0.999987 0.448902
0.99926 0.0382762 -0.00370953 35.9844 -0.0382827 0.999265 -0.00169126 0.166159 0.00364207 0.00183202 0.999992 0.454857
0.999264 0.0381159 -0.0041995 36.1277 -0.0381228 0.999272 -0.00156207 0.164915 0.0041369 0.00172102 0.99999 0.455851
0.999337 0.0361858 -0.00400393 36.2813 -0.0361935 0.999343 -0.00185846 0.151328 0.00393405 0.00200215 0.99999 0.457777
0.999298 0.0371909 -0.0044705 36.4139 -0.0371999 0.999306 -0.00195454 0.145686 0.00439471 0.00211947 0.999988 0.456187
0.999324 0.0364596 -0.00464176 36.5709 -0.0364695 0.999333 -0.00206673 0.166009 0.00456331 0.00223462 0.999987 0.456222
0.999322 0.0365695 -0.0043373 36.7316 -0.0365787 0.999329 -0.00204197 0.148464 0.00425971 0.00219924 0.999988 0.466065
0.999212 0.0392717 -0.00572743 36.8625 -0.0392818 0.999227 -0.00166355 0.1318 0.00565767 0.00188722 0.999982 0.456944
0.999232 0.0389083 -0.00455936 37.0129 -0.0389153 0.999241 -0.0014502 0.149521 0.00449947 0.00162652 0.999989 0.46441
0.999281 0.0377148 -0.00388503 37.1904 -0.0377204 0.999287 -0.00138454 0.134511 0.00383004 0.00153009 0.999991 0.467216
0.999261 0.0382414 -0.00398797 37.3208 -0.0382485 0.999267 -0.00170237 0.12944 0.00391995 0.00185364 0.999991 0.471017
0.999302 0.0372651 -0.0024446 37.5769 -0.037269 0.999304 -0.00154899 0.0976828 0.00238517 0.00163901 0.999996 0.479375
0.999289 0.0376047 -0.00284325 37.6548 -0.0376097 0.999291 -0.00174344 0.108784 0.00277567 0.00184913 0.999994 0.483055
0.999192 0.0401125 -0.00248843 37.8181 -0.0401163 0.999194 -0.00150527 0.0897234 0.00242604 0.00160388 0.999996 0.487336
0.999193 0.0401166 -0.00219076 37.9884 -0.0401206 0.999193 -0.00181703 0.0900297 0.0021161 0.00190346 0.999996 0.495198
0.999213 0.0396026 -0.00209515 38.1324 -0.0396063 0.999214 -0.00174871 0.0884561 0.00202425 0.00183032 0.999996 0.493847
0.999236 0.0388908 -0.00379367 38.344 -0.0388995 0.999241 -0.00224467 0.0900313 0.00370349 0.00239053 0.99999 0.486805
0.999243 0.0386359 -0.00455083 38.4051 -0.0386455 0.999251 -0.0020513 0.0846391 0.00446817 0.00222562 0.999988 0.480766
0.999337 0.0362328 -0.0035821 38.5621 -0.036241 0.999341 -0.00223768 0.0703902 0.00349866 0.00236601 0.999991 0.493733
0.999289 0.0373762 -0.00499031 38.7 -0.0373869 0.999299 -0.00206447 0.0671659 0.00490965 0.00224958 0.999985 0.489664
0.9992 0.0397397 -0.00453273 38.968 -0.0397501 0.999207 -0.00222575 0.0441803 0.00444068 0.00240414 0.999987 0.491931
0.99919 0.0400203 -0.00413772 39.0441 -0.0400287 0.999197 -0.00196863 0.0552893 0.00405561 0.00213266 0.99999 0.497525
0.9992 0.0397346 -0.00443359 39.2622 -0.0397435 0.999208 -0.00193581 0.0462202 0.00435316 0.00211047 0.999988 0.499492
0.999186 0.0400962 -0.00447956 39.3364 -0.0401057 0.999193 -0.00203576 0.0448256 0.00439432 0.00221375 0.999988 0.502733
0.999205 0.0396976 -0.00369982 39.4991 -0.0397069 0.999208 -0.00249385 0.0311384 0.00359789 0.00263878 0.99999 0.506815
0.999213 0.0394904 -0.00373392 39.6582 -0.039501 0.999216 -0.00281082 0.0176179 0.00361999 0.0029561 0.999989 0.509558
0.999161 0.0407877 -0.00356253 39.892 -0.0407962 0.999165 -0.0023355 0.0331373 0.0034643 0.00247888 0.999991 0.516546
0.999152 0.0409907 -0.00388727 39.9644 -0.0409996 0.999157 -0.00224659 0.0349495 0.00379191 0.00240406 0.99999 0.519038
0.999175 0.0404599 -0.00363182 40.134 -0.0404685 0.999178 -0.00231438 0.0270883 0.00353519 0.00245945 0.999991 0.521689
0.99915 0.0410329 -0.0040307 40.3385 -0.0410437 0.999154 -0.00262396 0.00544435 0.00391962 0.00278717 0.999988 0.525724
0.999197 0.0399331 -0.00325218 40.4988 -0.0399417 0.999199 -0.00263413 0.00917668 0.00314438 0.00276191 0.999991 0.532017
0.999205 0.0396865 -0.00390678 40.5881 -0.039698 0.999207 -0.00291758 -0.0129028 0.0037879 0.00307035 0.999988 0.527331
0.999191 0.0400068 -0.00407563 40.7197 -0.0400192 0.999194 -0.0030143 -0.011534 0.00395175 0.00317496 0.999987 0.529502
0.999101 0.0421444 -0.00457249 40.9228 -0.0421553 0.999108 -0.00230865 0.00194946 0.00447112 0.00249933 0.999987 0.536265
0.999127 0.0415601 -0.00413068 41.0116 -0.0415709 0.999132 -0.00255007 0.0159692 0.00402112 0.00271956 0.999988 0.534651
0.99912 0.041733 -0.00420289 41.2568 -0.0417445 0.999125 -0.00268752 -0.0255151 0.00408705 0.0028606 0.999988 0.544486
0.999122 0.0416698 -0.00440516 41.3119 -0.0416819 0.999127 -0.00268204 -0.0363306 0.00428956 0.0028633 0.999987 0.541471
0.999144 0.0412241 -0.00340598 41.4859 -0.0412332 0.999146 -0.00263374 -0.0366261 0.0032945 0.00277192 0.999991 0.553007
0.999118 0.0417737 -0.00422743 41.6992 -0.0417847 0.999123 -0.00255147 -0.0283192 0.00411714 0.00272587 0.999988 0.552078
0.999072 0.0428246 -0.0046333 41.8433 -0.0428363 0.999079 -0.00246129 -0.0371105 0.00452363 0.00265748 0.999986 0.548839
0.999062 0.0430563 -0.00453946 41.922 -0.043068 0.999069 -0.00252518 -0.0417037 0.0044265 0.00271831 0.999987 0.553488
0.999085 0.0425583 -0.00417322 42.0855 -0.0425685 0.999091 -0.00239312 -0.0521899 0.00406757 0.00256858 0.999988 0.553753
0.999093 0.0423435 -0.00442615 42.2275 -0.0423556 0.999099 -0.00266052 -0.0721093 0.0043095 0.00284558 0.999987 0.555636
0.999081 0.0426371 -0.00427883 42.4634 -0.04265 0.999086 -0.00297278 -0.0984744 0.00414816 0.00315254 0.999986 0.559773
0.999058 0.0431547 -0.00456585 42.6208 -0.0431679 0.999064 -0.00284137 -0.0821675 0.00443896 0.00303579 0.999986 0.558517
0.999115 0.0418338 -0.00443875 42.7215 -0.041847 0.99912 -0.00292461 -0.0987114 0.0043125 0.00310777 0.999986 0.564219
0.999014 0.0441788 -0.00439923 42.8878 -0.0441916 0.999019 -0.00287643 -0.0922743 0.00426784 0.00306801 0.999986 0.570688
0.999064 0.0430456 -0.00431976 43.1204 -0.0430579 0.999069 -0.00279502 -0.108267 0.00419542 0.0029784 0.999987 0.573511
0.999017 0.0441046 -0.00452773 43.2727 -0.0441176 0.999022 -0.00282476 -0.131086 0.00439872 0.00302174 0.999986 0.572857
0.998977 0.0450054 -0.00451631 43.3541 -0.0450186 0.998982 -0.00287684 -0.143556 0.00438224 0.00307722 0.999986 0.577853
0.999 0.0445203 -0.00407425 43.5264 -0.0445332 0.999003 -0.00310884 -0.155691 0.00393178 0.00328717 0.999987 0.585427
