0.471859 -0.881533 0.0158083 2.38081 0.881657 0.471886 -0.00218505 3.68603 -0.00553352 0.0149685 0.999873 0.811574
0.470358 -0.882305 0.01737 2.82067 0.882416 0.470463 0.0023426 4.50514 -0.0102388 0.0142257 0.999846 0.817567
0.468747 -0.883086 0.020872 3.26816 0.883162 0.46899 0.00855727 5.3469 -0.0173455 0.0144221 0.999745 0.824428
0.465994 -0.884465 0.0238907 3.72805 0.884394 0.466423 0.0172514 6.2323 -0.0264014 0.0130898 0.999566 0.837703
0.460923 -0.887152 0.022616 4.2012 0.886833 0.4614 0.0252424 7.17965 -0.0328289 0.00842182 0.999426 0.86365
0.453688 -0.891048 0.0141848 4.7717 0.890753 0.453905 0.0230164 8.36777 -0.0269473 0.00219285 0.999634 0.909829
0.447639 -0.89418 0.0078043 5.14915 0.894042 0.447707 0.0157531 9.18263 -0.0175802 -7.43428e-05 0.999845 0.948463
0.443499 -0.896275 0.000330701 5.75196 0.896273 0.443498 -0.00185138 10.4552 0.00151268 0.00111748 0.999998 1.00781
0.441674 -0.897175 -0.000850487 6.07156 0.897118 0.441656 -0.0109248 11.1202 0.0101771 0.00406223 0.99994 1.02809
0.442548 -0.896733 -0.00464797 6.67183 0.896317 0.442491 -0.0285964 12.3374 0.0277 0.00848923 0.99958 1.07437
0.444491 -0.895778 -0.00294553 6.97948 0.895235 0.444332 -0.0335061 12.9346 0.0313228 0.0122562 0.999434 1.09213
0.448265 -0.8939 -0.00134964 7.55331 0.893144 0.447947 -0.0404723 14.0506 0.0367828 0.0169369 0.99918 1.13359
0.452091 -0.891964 0.0038814 8.04533 0.891347 0.451607 -0.0393876 14.9769 0.0333794 0.0212664 0.999216 1.15965
0.455067 -0.890381 0.0116664 8.37418 0.890219 0.454603 -0.0290854 15.5912 0.0205935 0.0236215 0.999509 1.14346
0.458327 -0.888526 0.0214055 8.8028 0.88871 0.457844 -0.0239496 16.3948 0.0114795 0.03 0.999484 1.13189
0.460091 -0.887403 0.0288521 9.38228 0.88781 0.459433 -0.0267153 17.4724 0.0104516 0.0379067 0.999227 1.11592
0.461589 -0.886512 0.0321231 9.80064 0.88706 0.460953 -0.0254138 18.2367 0.00772235 0.0402259 0.999161 1.09507
0.459161 -0.887873 0.0291896 10.7743 0.888308 0.458561 -0.0250933 20.0693 0.00889447 0.0374512 0.999259 1.09824
0.457691 -0.888611 0.0298063 11.1559 0.889111 0.457405 -0.0162079 20.794 0.000769004 0.0339193 0.999424 1.09069
0.455601 -0.889757 0.0275767 11.699 0.890181 0.455467 -0.0113101 21.8438 -0.00249705 0.0297012 0.999556 1.08483
0.453664 -0.890787 0.026215 12.1748 0.891161 0.453613 -0.00818613 22.7729 -0.00459936 0.0270755 0.999623 1.07712
0.45215 -0.891549 0.0264739 12.6435 0.891917 0.452158 -0.00602495 23.6877 -0.00659885 0.0263367 0.999631 1.07611
0.449283 -0.893016 0.0258379 12.9862 0.893326 0.449407 -0.00109247 24.3738 -0.0106361 0.0235725 0.999666 1.06869
0.448321 -0.893537 0.0244987 13.5084 0.893808 0.44845 -0.000226446 25.406 -0.0107841 0.0219986 0.9997 1.05514
0.44877 -0.893278 0.0257062 13.9595 0.893597 0.448864 -0.00231465 26.2804 -0.00947093 0.0240097 0.999667 1.04302
0.448244 -0.893552 0.0253586 14.387 0.893871 0.448311 -0.00327895 27.1165 -0.00843864 0.0241371 0.999673 1.02579
0.448286 -0.893602 0.0226883 14.8944 0.893874 0.448285 -0.00544027 28.1142 -0.00530937 0.0227193 0.999728 1.01752
0.445602 -0.894946 0.0226088 15.8506 0.895231 0.445477 -0.0105743 29.9887 -0.000608232 0.024952 0.999688 1.01771
0.445431 -0.894944 0.0258003 16.1757 0.895305 0.445387 -0.00776495 30.6196 -0.00454191 0.0265579 0.999637 1.00961
0.444433 -0.895566 0.0209983 16.693 0.89581 0.444262 -0.012466 31.6401 0.00183543 0.0243508 0.999702 1.01627
0.444087 -0.895809 0.0177096 17.1225 0.895965 0.443864 -0.015198 32.4899 0.00575387 0.0226164 0.999728 1.03278
0.4446 -0.895553 0.0177456 17.5619 0.895719 0.444411 -0.0136513 33.3494 0.00433906 0.0219644 0.999749 1.04759
0.445464 -0.895061 0.0206966 18.0634 0.895298 0.445288 -0.0126648 34.3286 0.00211978 0.0241713 0.999706 1.0631
0.445826 -0.894808 0.0236313 18.4853 0.895119 0.44571 -0.0102602 35.1542 -0.00135175 0.0257271 0.999668 1.05939
0.4469 -0.894168 0.0272832 18.9095 0.894576 0.446816 -0.00943874 35.9781 -0.00375074 0.028625 0.999583 1.04739
0.447407 -0.893839 0.0296509 19.3385 0.894322 0.447299 -0.01056 36.8127 -0.00382384 0.0312421 0.999505 1.04331
0.447126 -0.893944 0.0307073 19.7712 0.894461 0.447022 -0.0105534 37.6579 -0.00429269 0.0321851 0.999473 1.0432
0.446076 -0.894438 0.0315683 20.2583 0.894988 0.445938 -0.0116503 38.6233 -0.00365702 0.0334501 0.999434 1.05212
0.444896 -0.894909 0.0347201 20.6727 0.895562 0.444812 -0.010524 39.4415 -0.0060259 0.0357761 0.999342 1.06112
0.442678 -0.895964 0.0358547 21.0902 0.89664 0.442684 -0.00819606 40.2753 -0.00852892 0.0357769 0.999323 1.05916
0.440264 -0.89718 0.0351466 21.5007 0.897821 0.440305 -0.00696908 41.1077 -0.00922273 0.0346236 0.999358 1.04047
0.439297 -0.897716 0.0335397 21.914 0.898318 0.439251 -0.00912135 41.9294 -0.00654397 0.0341363 0.999396 1.01189
0.437511 -0.898681 0.0309222 22.2889 0.89921 0.437336 -0.0125773 42.6876 -0.0022204 0.0333083 0.999443 1.00404
0.434318 -0.900418 0.0247948 22.7608 0.900756 0.434078 -0.0146522 43.655 0.00243022 0.0286978 0.999585 1.00983
0.432269 -0.901438 0.0235345 23.121 0.901744 0.432095 -0.0122906 44.3913 0.00091004 0.0265349 0.999647 1.02288
0.430426 -0.902446 0.017995 23.996 0.902608 0.43021 -0.0147558 46.1761 0.0055747 0.0225937 0.999729 1.04475
0.431025 -0.90213 0.0194806 24.2949 0.902338 0.430878 -0.0114049 46.7804 0.00189494 0.0224938 0.999745 1.04493
0.43108 -0.902084 0.0203748 24.6456 0.902313 0.430992 -0.00877689 47.4908 -0.0008639 0.022168 0.999754 1.04878
0.430198 -0.902527 0.0193473 25.0596 0.902734 0.430112 -0.0086083 48.3405 -0.000552294 0.0211687 0.999776 1.05777
0.429737 -0.902737 0.0198051 25.405 0.902953 0.429665 -0.00795812 49.047 -0.00132547 0.021303 0.999772 1.06099
0.428091 -0.903522 0.0196324 25.7262 0.903729 0.428069 -0.00552988 49.7166 -0.00340767 0.0201097 0.999792 1.06288
0.426535 -0.904279 0.0186765 26.1108 0.904451 0.426571 -0.00217039 50.5182 -0.00600423 0.0178177 0.999823 1.06459
0.424929 -0.905052 0.0178081 26.432 0.905188 0.42501 0.000861495 51.1941 -0.00834832 0.0157536 0.999841 1.0652
0.423469 -0.905755 0.01678 26.7326 0.905863 0.423564 0.00240546 51.8255 -0.00928617 0.0141817 0.999856 1.05462
0.420861 -0.907052 0.0114969 27.1286 0.907125 0.420835 -0.00475527 52.6823 -0.000525029 0.0124305 0.999923 1.03911
0.42031 -0.907276 0.0137465 27.317 0.907379 0.420289 -0.00454107 53.0933 -0.0016575 0.0143819 0.999895 1.03452
0.418744 -0.908038 0.0109696 27.6748 0.908092 0.418645 -0.0102737 53.861 0.00473654 0.0142635 0.999887 1.04844
0.419154 -0.907842 0.0115431 27.9361 0.907912 0.419085 -0.00800487 54.4101 0.00242961 0.0138354 0.999901 1.06522
0.418414 -0.908184 0.0114697 28.2317 0.908254 0.418407 -0.00312225 55.0494 -0.00196344 0.0117238 0.999929 1.08432
0.419437 -0.907674 0.0141765 28.4729 0.907773 0.41946 -0.00145222 55.5621 -0.00462835 0.0134782 0.999898 1.08664
0.422484 -0.906193 0.0179105 28.7907 0.90637 0.422385 -0.00918249 56.2229 0.000755985 0.020113 0.999797 1.0936
0.425155 -0.904868 0.0213786 29.013 0.905116 0.424954 -0.0134014 56.6802 0.00304154 0.0250477 0.999682 1.09759
0.427141 -0.903941 0.0210273 29.3208 0.90415 0.426802 -0.0188103 57.3154 0.00802893 0.0270464 0.999602 1.11207
0.434832 -0.900338 0.0176535 29.8063 0.900511 0.434731 -0.00941995 58.3369 0.00080663 0.0199932 0.9998 1.12417
0.442178 -0.896666 0.0216456 30.0112 0.896913 0.442179 -0.0050267 58.7343 -0.00506396 0.0216369 0.999753 1.12951
0.449941 -0.892643 0.0272428 30.2955 0.893003 0.450043 -0.00262117 59.293 -0.00992064 0.0255073 0.999625 1.13672
0.466552 -0.884056 0.02784 30.7723 0.884402 0.466726 -0.000278135 60.1905 -0.0127478 0.0247516 0.999612 1.13572
0.480432 -0.876675 0.0250214 31.0079 0.87693 0.480615 0.00150135 60.6042 -0.0133419 0.0212207 0.999686 1.13005
0.504285 -0.863243 0.0225521 31.2961 0.863461 0.504416 0.000111711 61.0663 -0.0114721 0.0194165 0.999746 1.12775
0.529975 -0.847682 0.0236992 31.5549 0.847948 0.530074 -0.00242191 61.4577 -0.0105093 0.0213792 0.999716 1.12485
0.552032 -0.833416 0.0260338 31.7626 0.833727 0.552173 -0.00205354 61.7572 -0.0126637 0.0228387 0.999659 1.1228
0.581359 -0.813226 0.0261936 32.0379 0.813536 0.581511 -0.00217028 62.14 -0.0134669 0.0225712 0.999655 1.12543
0.607701 -0.793697 0.0273071 32.2761 0.794003 0.607914 -0.000633078 62.4487 -0.0160979 0.0220666 0.999627 1.12539
0.64899 -0.760295 0.0276452 32.6103 0.760626 0.649186 -0.00239613 62.8155 -0.0161251 0.0225827 0.999615 1.11789
0.680654 -0.731958 0.0307698 32.8585 0.73233 0.680949 -0.00120311 63.0399 -0.020072 0.0233525 0.999526 1.10767
0.726268 -0.686803 0.028913 33.2336 0.687113 0.72655 -0.00108284 63.3634 -0.0202631 0.0206529 0.999581 1.09609
0.763158 -0.645678 0.0262701 33.5332 0.645927 0.763398 -0.00131092 63.5871 -0.0192081 0.017969 0.999654 1.09334
0.805674 -0.591936 0.0223927 33.89 0.59212 0.805847 -0.00202755 63.821 -0.0168449 0.0148927 0.999747 1.09003
0.838679 -0.544137 0.0230855 34.1871 0.544304 0.838887 -0.00114208 63.9771 -0.0187447 0.0135234 0.999733 1.08218
0.904828 -0.425155 0.0230087 34.9013 0.425302 0.90505 -0.00166673 64.284 -0.0201154 0.0112937 0.999734 1.05189
0.927165 -0.373758 0.0259059 35.2048 0.373868 0.927482 0.000611842 64.3836 -0.0242559 0.0091181 0.999664 1.03855
0.952935 -0.302146 0.0249521 35.6371 0.302175 0.953249 0.002712 64.507 -0.0246049 0.00495553 0.999685 1.02719
0.967401 -0.251833 0.0267564 35.9672 0.251755 0.967771 0.00628984 64.5945 -0.0274781 0.000651259 0.999622 1.01719
0.981905 -0.187536 0.0263183 36.3911 0.187324 0.982244 0.0103128 64.6871 -0.027785 -0.00519612 0.9996 1.00447
0.990627 -0.134138 0.0258012 36.7537 0.133901 0.990937 0.0107095 64.7504 -0.0270039 -0.00715433 0.99961 0.994246
0.997185 -0.0715087 0.0225334 37.1939 0.0713281 0.997415 0.00872003 64.8075 -0.0230987 -0.00708822 0.999708 0.98643
0.999651 -0.0186711 0.0187037 37.6025 0.0185152 0.999793 0.00847112 64.8473 -0.018858 -0.00812186 0.999789 0.984739
0.999647 0.0200381 0.0174673 37.9349 -0.0201997 0.999754 0.0091183 64.8721 -0.0172803 -0.00946791 0.999806 0.98482
0.996123 0.0870739 0.0125705 38.3346 -0.0871489 0.99618 0.00554863 64.8094 -0.0120393 -0.00662262 0.999906 0.981195
0.989656 0.14291 0.0125607 38.6439 -0.142911 0.989735 -0.000804912 64.7118 -0.0125468 -0.000998471 0.999921 0.965278
0.979981 0.198574 0.0143399 39.0016 -0.198424 0.980052 -0.0112316 64.5901 -0.0162841 0.00816135 0.999834 0.948307
0.969412 0.244947 0.0155496 39.3925 -0.24466 0.969436 -0.0182979 64.4577 -0.0195564 0.0139338 0.999712 0.938597
0.962185 0.272022 0.0142927 39.77 -0.271846 0.962252 -0.0131098 64.3618 -0.0173193 0.00872864 0.999812 0.941467
0.957412 0.288442 0.0127966 40.1287 -0.288445 0.957495 -0.00158934 64.293 -0.0127112 -0.00216948 0.999917 0.947779
0.952124 0.30537 0.0144815 40.5044 -0.305513 0.952146 0.00893018 64.2171 -0.0110615 -0.0129269 0.999855 0.946662
0.946487 0.322246 0.0178685 40.8711 -0.322485 0.94649 0.0126545 64.1333 -0.0128345 -0.0177397 0.99976 0.93199
0.938633 0.344212 0.0220381 41.3234 -0.344479 0.938744 0.00965162 64.0095 -0.017366 -0.016651 0.999711 0.884046
0.932897 0.359282 0.0248857 41.6906 -0.359469 0.933151 0.00336016 63.9036 -0.0220148 -0.0120803 0.999685 0.815667
0.924353 0.381426 0.00929409 42.1509 -0.381434 0.924396 -0.0010189 63.7206 -0.00898005 -0.00260326 0.999956 0.784899
0.91638 0.400299 -0.00286223 42.4986 -0.400305 0.916379 -0.00231738 63.5461 0.00169525 0.00326936 0.999993 0.815458
0.89746 0.441016 -0.00843793 43.4096 -0.441054 0.897475 -0.00329938 63.0852 0.00611775 0.00668264 0.999959 0.873515
0.890745 0.45449 -0.00355157 43.7448 -0.454503 0.890728 -0.00558604 62.8922 0.000624686 0.00658994 0.999978 0.883148
0.882531 0.470254 -0.000791653 44.2217 -0.470242 0.882493 -0.00884305 62.6183 -0.00345985 0.00817653 0.999961 0.881966
0.876208 0.481934 -2.17613e-05 44.7032 -0.481903 0.876151 -0.0113781 62.3403 -0.00546445 0.00998011 0.999935 0.874043
0.873154 0.487445 0.000756708 45.1953 -0.487408 0.873105 -0.0109847 62.0747 -0.00601512 0.0092225 0.999939 0.860333
0.872024 0.48946 0.00196644 45.6936 -0.48942 0.871993 -0.00977089 61.8141 -0.00649718 0.00755804 0.99995 0.842968
0.871987 0.489486 0.00652366 46.0838 -0.489405 0.871988 -0.0109323 61.6131 -0.0110398 0.00634014 0.999919 0.822296
0.869511 0.493879 0.00584186 46.6544 -0.493795 0.869501 -0.0116122 61.2961 -0.0108145 0.00721228 0.999915 0.804011
0.866758 0.49871 0.00429937 47.2138 -0.498634 0.866729 -0.0120081 60.979 -0.00971496 0.00826432 0.999919 0.792561
0.864902 0.501915 0.00518139 47.6904 -0.501815 0.864869 -0.0135283 60.7025 -0.0112713 0.00910051 0.999895 0.782722
0.861342 0.508018 0.0026877 48.8955 -0.507924 0.861264 -0.0154347 60 -0.0101559 0.0119294 0.999877 0.750642
0.860875 0.508783 0.00588496 49.4076 -0.508629 0.860813 -0.0172299 59.7034 -0.0138321 0.0118395 0.999834 0.727474
0.861772 0.507272 0.00496054 50.0872 -0.507114 0.861683 -0.0183996 59.3157 -0.013608 0.0133407 0.999818 0.697473
0.864038 0.503401 0.00499773 50.6792 -0.503192 0.863896 -0.0219368 58.9854 -0.0153605 0.0164394 0.999747 0.672369
0.866913 0.498429 0.00552729 51.2512 -0.498158 0.866721 -0.025146 58.6741 -0.0173241 0.019046 0.999669 0.652025
0.870594 0.492 0.00169679 52.0021 -0.4918 0.870329 -0.0256923 58.2686 -0.0141174 0.021533 0.999668 0.633966
0.873807 0.486272 0.000431423 52.6412 -0.486088 0.873499 -0.0267883 57.9295 -0.0134032 0.0231981 0.999641 0.620611
0.876684 0.481067 -0.000200636 53.2974 -0.480888 0.876347 -0.0276171 57.5822 -0.0131098 0.024308 0.999619 0.609246
0.879781 0.475377 0.000960605 54.0248 -0.475176 0.879465 -0.0273807 57.2024 -0.013861 0.0236326 0.999625 0.591763
0.881949 0.471329 0.00399171 54.6433 -0.471056 0.881671 -0.0276029 56.8793 -0.0165294 0.022464 0.999611 0.573624
0.883774 0.467909 0.00231756 55.4709 -0.467698 0.883504 -0.0260544 56.4445 -0.0142386 0.0219422 0.999658 0.552397
0.884169 0.467166 -0.00107463 56.1496 -0.467037 0.883866 -0.025639 56.0762 -0.0110279 0.0231711 0.999671 0.54019
0.884623 0.466264 -0.00634522 56.8393 -0.466286 0.88437 -0.021598 55.7046 -0.00445886 0.0220648 0.999747 0.539481
0.884747 0.465978 -0.00935138 57.5025 -0.466071 0.88458 -0.0172018 55.3529 0.000256394 0.0195776 0.999808 0.548186
0.885838 0.463871 -0.010696 58.33 -0.463971 0.885788 -0.0104607 54.9333 0.00462198 0.0142291 0.999888 0.561058
0.886349 0.462979 -0.00608978 58.9895 -0.463016 0.886313 -0.00811065 54.5979 0.0016424 0.0100085 0.999949 0.567007
0.886099 0.463453 -0.00639301 59.8673 -0.463488 0.886083 -0.00592776 54.1449 0.00291751 0.00821566 0.999962 0.578974
0.88556 0.46452 -0.00225746 60.4262 -0.464525 0.885537 -0.00647236 53.8503 -0.00100748 0.0067803 0.999977 0.579445
0.885896 0.463884 0.000755479 61.9763 -0.463877 0.88589 -0.00416565 53.0523 -0.00260165 0.00333989 0.999991 0.574321
0.886327 0.463039 0.00437302 62.6157 -0.463027 0.886338 -0.00345356 52.7256 -0.00547511 0.00103615 0.999984 0.566135
0.886579 0.462559 0.00403853 63.4922 -0.462565 0.886585 0.000636047 52.2845 -0.00328629 -0.00243199 0.999992 0.561631
0.886298 0.463069 0.00651675 64.1658 -0.463093 0.886305 0.00288615 51.9493 -0.00443934 -0.00557586 0.999975 0.562578
0.885513 0.464514 0.00966199 64.8591 -0.464572 0.885522 0.00490268 51.6047 -0.00627854 -0.00883008 0.999941 0.569342
0.883383 0.468462 0.0133283 65.4799 -0.468553 0.883424 0.00461262 51.2829 -0.00961372 -0.0103197 0.999901 0.572603
0.87875 0.477126 0.0122399 66.3574 -0.477212 0.878772 0.00532831 50.816 -0.00821377 -0.0105233 0.999911 0.579088
0.873565 0.486601 0.0101738 67.0449 -0.486661 0.87358 0.00447231 50.4311 -0.00671141 -0.00885805 0.999938 0.58151
0.866899 0.498418 0.0080512 67.7719 -0.498453 0.866912 0.00294286 50.0099 -0.0055129 -0.0065643 0.999963 0.576482
0.861888 0.507001 0.0100237 68.3239 -0.507035 0.861925 0.00102485 49.6839 -0.00812006 -0.00596566 0.999949 0.569582
0.854365 0.519599 0.00884687 69.1695 -0.519636 0.854384 0.00244706 49.1782 -0.00628714 -0.00668784 0.999958 0.569026
0.847381 0.530937 0.00723774 69.801 -0.530967 0.847387 0.00311288 48.7793 -0.00448042 -0.0064808 0.999969 0.579472
0.841392 0.540357 0.00858626 70.3444 -0.540388 0.841415 0.00155016 48.4259 -0.00638697 -0.0059442 0.999962 0.581186
0.833487 0.552473 0.00852155 71.1229 -0.552505 0.833508 0.00177395 47.9158 -0.00612272 -0.00618677 0.999962 0.576708
0.827031 0.562093 0.00844196 71.7559 -0.56213 0.827044 0.00278112 47.4867 -0.00541862 -0.00704556 0.99996 0.574751
0.819668 0.572815 0.00534621 72.5122 -0.572839 0.819636 0.0071948 46.9687 -0.000260661 -0.00895987 0.99996 0.578425
0.815989 0.578013 0.00794479 73.0017 -0.578063 0.81596 0.00723732 46.6351 -0.00229937 -0.0104982 0.999942 0.57441
0.811856 0.583776 0.00977123 73.604 -0.583845 0.811835 0.00699002 46.2231 -0.00385202 -0.0113798 0.999928 0.568627
0.806465 0.591217 0.00883107 74.2397 -0.591278 0.806427 0.00813848 45.7742 -0.00231001 -0.011785 0.999928 0.576179
0.801018 0.598565 0.00954786 74.7524 -0.598626 0.801007 0.00581683 45.3926 -0.00416616 -0.010375 0.999937 0.579735
0.793351 0.608724 0.00701499 75.4561 -0.608757 0.793346 0.00416745 44.8552 -0.00302848 -0.00757668 0.999967 0.589981
0.788881 0.614488 0.00848842 76.0169 -0.614518 0.788902 0.00119837 44.426 -0.00596015 -0.00616166 0.999963 0.587078
0.785165 0.619199 0.0104379 76.5669 -0.619203 0.785225 -0.00322145 43.9974 -0.0101908 -0.00393379 0.99994 0.576381
0.782485 0.622548 0.0123108 77.1101 -0.622511 0.782579 -0.00707507 43.5696 -0.0140387 -0.00212746 0.999899 0.561388
0.781166 0.624193 0.0127591 77.7251 -0.624139 0.781269 -0.00832373 43.0894 -0.0151639 -0.00146121 0.999884 0.544545
0.780622 0.624849 0.0139304 78.2331 -0.624775 0.780745 -0.00964747 42.6916 -0.0169043 -0.00117234 0.999856 0.527855
0.781139 0.624202 0.0139004 78.7436 -0.624121 0.781262 -0.0100796 42.2981 -0.0171515 -0.00080196 0.999853 0.51497
0.780893 0.624572 0.0107882 79.169 -0.624496 0.780967 -0.00980619 41.9528 -0.0145499 0.00092039 0.999894 0.520845
0.782769 0.622294 0.00476393 79.7175 -0.622256 0.782778 -0.00749931 41.5143 -0.00839587 0.00290585 0.999961 0.533614
0.785917 0.618331 0.00155529 80.1479 -0.618314 0.78591 -0.00586329 41.1753 -0.00484776 0.0036464 0.999982 0.549612
0.79353 0.608523 -0.00324546 80.6784 -0.608531 0.793526 -0.00243778 40.7808 0.00109191 0.00390942 0.999992 0.57449
0.8029 0.596067 -0.00742156 81.1475 -0.596094 0.802913 -0.00182512 40.4493 0.00487098 0.00588933 0.999971 0.600893
0.811369 0.584461 -0.00925977 81.5142 -0.584508 0.811381 -0.00334351 40.1992 0.00555905 0.00812523 0.999952 0.619206
0.825819 0.563793 -0.012665 82.0294 -0.563863 0.825864 -0.00256269 39.8613 0.00901478 0.00925767 0.999917 0.629109
0.838542 0.544697 -0.0123356 82.3998 -0.544764 0.838585 -0.00270502 39.6377 0.00887103 0.00898827 0.99992 0.629963
0.854893 0.518678 -0.0114684 82.8549 -0.51873 0.854936 -0.00193241 39.3812 0.00880244 0.007601 0.999932 0.633692
0.889149 0.457595 -0.00460171 83.7635 -0.457602 0.889157 -0.000413161 38.9446 0.00390258 0.00247311 0.999989 0.658145
0.910567 0.41336 -0.00111579 84.2802 -0.413361 0.910567 -0.000940517 38.755 0.000627225 0.00131763 0.999999 0.670599
0.92747 0.373872 0.00429354 84.702 -0.373861 0.927479 -0.00326646 38.6214 -0.0052034 0.00142436 0.999985 0.666468
0.947555 0.319467 0.00896741 85.2264 -0.31945 0.947597 -0.00329925 38.4853 -0.00955149 0.000261578 0.999954 0.660518
0.963256 0.268339 0.0115172 85.678 -0.268336 0.963324 -0.00188291 38.4062 -0.0116 -0.00127674 0.999932 0.660161
0.980565 0.196086 0.00658864 86.2787 -0.19608 0.980587 -0.00150021 38.3267 -0.0067549 0.000179152 0.999977 0.666725
0.988226 0.152911 0.00525961 86.622 -0.152893 0.988236 -0.0036066 38.3108 -0.00574922 0.00275997 0.99998 0.671559
0.996928 0.0782936 -0.00227856 87.1645 -0.078308 0.996903 -0.00716334 38.3063 0.00171067 0.00731976 0.999972 0.684836
0.999796 0.0180525 -0.00900544 87.5745 -0.0181481 0.999779 -0.0106512 38.3388 0.00881117 0.0108125 0.999903 0.704844
0.997299 -0.0707648 -0.0196545 88.1446 0.0704684 0.997395 -0.0153846 38.416 0.020692 0.013958 0.999688 0.73056
0.989384 -0.143268 -0.0243806 88.606 0.142848 0.989578 -0.0181805 38.5132 0.0267312 0.0145048 0.999537 0.750862
0.98137 -0.19095 -0.0212324 88.941 0.190579 0.981501 -0.0183481 38.6029 0.0243431 0.0139598 0.999606 0.755126
0.964533 -0.263337 -0.0181818 89.4455 0.262962 0.964586 -0.0206216 38.7577 0.0229684 0.015109 0.999622 0.760174
0.943426 -0.331324 -0.0130813 89.9139 0.330986 0.943362 -0.022726 38.9337 0.0198701 0.0171105 0.999656 0.766894
0.921267 -0.388884 -0.00599576 90.3035 0.388706 0.921151 -0.0197093 39.1198 0.0131876 0.0158269 0.999788 0.770965
0.891893 -0.452247 0.000715294 90.738 0.452201 0.891778 -0.0156598 39.3669 0.0064442 0.0142903 0.999877 0.776584
0.856993 -0.515298 0.00553717 91.2036 0.515321 0.856876 -0.0144452 39.6579 0.00269889 0.0152328 0.99988 0.78314
0.818899 -0.573895 0.00707137 91.6598 0.573931 0.818766 -0.0149947 39.9807 0.00281558 0.0163376 0.999863 0.795402
0.794535 -0.60716 0.00842316 91.9415 0.607217 0.79444 -0.0123406 40.2042 0.000801046 0.0149198 0.999888 0.795722
0.768761 -0.639477 0.00875462 92.2529 0.639535 0.768716 -0.00839745 40.4631 -0.00135985 0.0120545 0.999926 0.795846
0.742774 -0.669518 0.00571943 92.6623 0.669539 0.742716 -0.00957908 40.7927 0.00216545 0.0109445 0.999938 0.792355
0.723433 -0.690394 0.00137707 93.017 0.690376 0.723397 -0.0088021 41.1055 0.00508075 0.00731842 0.99996 0.787725
0.712725 -0.701436 0.00324078 93.2986 0.701438 0.712692 -0.00739915 41.3664 0.00288035 0.00754677 0.999967 0.787622
0.700952 -0.713182 0.00623346 93.6994 0.713197 0.700863 -0.0119081 41.7432 0.00412384 0.0127927 0.99991 0.799285
0.695082 -0.718913 0.00495954 94.0662 0.718888 0.694951 -0.0155751 42.0794 0.00775051 0.0143913 0.999866 0.82208
0.689656 -0.724135 0.00206 94.3645 0.724101 0.68959 -0.0119704 42.379 0.00724765 0.00974712 0.999926 0.839552
0.680776 -0.732459 -0.00686521 94.7527 0.732415 0.680811 -0.0081112 42.8049 0.010615 0.000493729 0.999944 0.861126
0.675435 -0.73727 -0.0148768 95.0581 0.737281 0.675561 -0.00575022 43.1566 0.0142897 -0.00708452 0.999873 0.886615
0.674347 -0.738033 -0.0237464 95.4575 0.738077 0.674662 -0.00856626 43.6012 0.022343 -0.01175 0.999681 0.930094
0.676944 -0.7356 -0.0252937 95.7777 0.73558 0.677334 -0.0118652 43.9455 0.0258603 -0.0105735 0.99961 0.967785
0.681316 -0.731494 -0.0269493 96.2075 0.731301 0.68181 -0.0182782 44.4073 0.0317447 -0.00725482 0.99947 0.999139
0.685717 -0.727406 -0.0259389 96.5825 0.727106 0.686194 -0.0213092 44.8007 0.0332995 -0.00424826 0.999436 1.01404
0.692946 -0.720645 -0.0222721 97.407 0.720662 0.693232 -0.00873597 45.6567 0.0217352 -0.00999707 0.999714 1.03524
0.699338 -0.71457 -0.0177719 97.8007 0.714661 0.699469 -0.00169709 46.0481 0.0136436 -0.0115141 0.999841 1.05079
0.704944 -0.709109 -0.0147596 98.3147 0.709222 0.704974 0.00392902 46.5645 0.007619 -0.0132375 0.999883 1.07025
0.707238 -0.706902 -0.0102653 98.7007 0.706974 0.707125 0.0127229 46.9561 -0.00173497 -0.0162554 0.999866 1.06428
0.71146 -0.702682 -0.00795533 99.1995 0.702701 0.71129 0.0166921 47.4436 -0.00607071 -0.017466 0.999829 1.05612
0.714813 -0.699293 -0.00562064 99.6926 0.699269 0.714649 0.0173041 47.9187 -0.00808387 -0.0162995 0.999834 1.033
0.716041 -0.698033 -0.00595386 100.115 0.698024 0.715895 0.0160515 48.3204 -0.00694217 -0.0156495 0.999853 1.02103
0.714562 -0.699441 -0.0135767 100.685 0.699562 0.714523 0.00835285 48.8742 0.00385857 -0.0154664 0.999873 1.01751
0.712318 -0.701592 -0.0192883 101.155 0.701799 0.712344 0.00665188 49.3424 0.00907302 -0.0182748 0.999792 1.01937
0.709679 -0.704252 -0.0196258 101.639 0.704478 0.709679 0.00817306 49.8274 0.00817216 -0.0196262 0.999774 1.02522
0.708102 -0.705952 -0.014944 102.098 0.706109 0.707986 0.0128687 50.2897 0.00149548 -0.0196645 0.999806 1.03116
0.706693 -0.707437 -0.0108868 102.637 0.707505 0.706491 0.0174988 50.8265 -0.00468789 -0.0200688 0.999788 1.04883
0.703251 -0.710796 -0.0143521 103.247 0.710939 0.703054 0.0167678 51.4406 -0.00182817 -0.0219955 0.999756 1.06518
0.700326 -0.713591 -0.0182098 103.673 0.713822 0.700123 0.0168865 51.877 0.000699064 -0.0248246 0.999692 1.07033
0.69619 -0.717324 -0.0276763 104.291 0.717778 0.696169 0.0119472 52.5266 0.0106973 -0.028183 0.999546 1.07964
0.692546 -0.720761 -0.029725 104.793 0.721274 0.692546 0.0119539 53.0598 0.01197 -0.0297185 0.999487 1.07794
0.690997 -0.722333 -0.0275296 105.256 0.72281 0.690888 0.0148208 53.5465 0.00831428 -0.0301398 0.999511 1.08201
0.689487 -0.723884 -0.02448 105.886 0.724272 0.689352 0.0149198 54.2039 0.00607513 -0.0280172 0.999589 1.09426
0.688561 -0.724861 -0.0214366 106.399 0.725172 0.688377 0.0161944 54.738 0.00301778 -0.026696 0.999639 1.1051
0.688019 -0.725421 -0.0198509 107.084 0.725688 0.687859 0.0150793 55.4569 0.0027158 -0.0247804 0.999689 1.1161
0.689071 -0.72453 -0.0153862 107.544 0.724693 0.688901 0.0153243 55.9322 -0.000503314 -0.0217098 0.999764 1.11832
0.688645 -0.724983 -0.0129579 108.253 0.725097 0.688492 0.0145678 56.6757 -0.00164 -0.0194278 0.99981 1.11517
0.686429 -0.7271 -0.0118445 108.695 0.727181 0.686216 0.0177908 57.1469 -0.00480778 -0.0208252 0.999772 1.10553
0.684543 -0.728723 -0.0190916 109.366 0.728972 0.684317 0.0175811 57.8735 0.000252948 -0.0259523 0.999663 1.10171
0.682656 -0.73033 -0.0244773 109.912 0.730735 0.682388 0.0193101 58.4684 0.00260028 -0.0310685 0.999514 1.10184
0.681741 -0.731002 -0.0294086 110.503 0.731588 0.681333 0.0237336 59.1086 0.00268777 -0.0376952 0.999286 1.09998
0.683311 -0.729603 -0.0276753 110.983 0.730118 0.682617 0.0310313 59.6172 -0.00374892 -0.0414103 0.999135 1.09168
0.686022 -0.727024 -0.028463 111.616 0.727561 0.685189 0.03421 60.2888 -0.00536898 -0.0441774 0.999009 1.08785
0.688619 -0.724472 -0.0307471 112.191 0.72512 0.68786 0.0324005 60.8949 -0.00232357 -0.0446069 0.999002 1.0964
0.693573 -0.719696 -0.0315403 112.934 0.720371 0.693177 0.0239057 61.6627 0.00465814 -0.0393011 0.999217 1.11951
0.696847 -0.716659 -0.0283664 113.501 0.717199 0.696585 0.0198891 62.2407 0.0055059 -0.034204 0.9994 1.13421
0.698333 -0.715376 -0.0238281 113.995 0.715768 0.698069 0.0193993 62.7424 0.00275587 -0.0306026 0.999528 1.14011
0.698388 -0.715329 -0.0236509 114.7 0.715718 0.698086 0.0205829 63.4662 0.0017868 -0.0313022 0.999508 1.14958
0.698052 -0.715702 -0.0222409 115.226 0.716041 0.697576 0.0259469 64.0067 -0.0030555 -0.0340377 0.999416 1.14804
0.697467 -0.716318 -0.0206948 115.851 0.716548 0.696707 0.0340434 64.6562 -0.00996776 -0.0385729 0.999206 1.1422
0.697516 -0.716221 -0.022345 116.46 0.71651 0.69672 0.0345514 65.285 -0.0091782 -0.0401106 0.999153 1.13383
0.7011 -0.712624 -0.0250319 117.083 0.713063 0.700665 0.0246916 65.9099 -5.68293e-05 -0.0351605 0.999382 1.11856
0.703076 -0.710533 -0.0287562 117.658 0.711019 0.70307 0.012003 66.4849 0.0116891 -0.0288852 0.999514 1.12989
0.70305 -0.710563 -0.0286598 118.367 0.710978 0.70318 0.0069706 67.1946 0.0151999 -0.0252772 0.999565 1.15236
0.702797 -0.711181 -0.0172678 118.829 0.71139 0.702562 0.0181932 67.6618 -0.000806959 -0.0250702 0.999685 1.16097
0.70167 -0.712502 0.000479854 119.53 0.712063 0.701261 0.0346251 68.3747 -0.0250069 -0.0239537 0.9994 1.16442
0.700011 -0.714128 0.00228634 120.089 0.713594 0.699605 0.0365577 68.9401 -0.0277064 -0.0239592 0.999329 1.14635
0.696949 -0.717071 -0.00847516 120.63 0.716939 0.696457 0.0307551 69.5072 -0.016151 -0.0275109 0.999491 1.11697
0.695496 -0.718264 -0.0195588 121.22 0.718529 0.695202 0.0202377 70.12 -0.000938706 -0.0281288 0.999604 1.10667
0.695451 -0.718227 -0.0223153 121.768 0.71856 0.695297 0.0153044 70.69 0.00452374 -0.0266783 0.999634 1.11693
0.694157 -0.719562 -0.01938 122.294 0.719823 0.693903 0.0187832 71.2402 -6.78659e-05 -0.0269887 0.999636 1.12283
0.690398 -0.723161 -0.0197423 122.941 0.72343 0.690163 0.0180153 71.9309 0.000597403 -0.0267199 0.999643 1.13471
0.687508 -0.725889 -0.020431 123.485 0.72617 0.687349 0.0151216 72.5093 0.00306662 -0.0252327 0.999677 1.14968
0.682159 -0.730881 -0.0217283 124.057 0.731195 0.681997 0.0153134 73.1299 0.00362632 -0.0263338 0.999647 1.15968
0.677376 -0.735257 -0.023637 124.523 0.735634 0.677116 0.0189011 73.6527 0.00210779 -0.0301914 0.999542 1.16846
0.675101 -0.737298 -0.0251189 125.133 0.737725 0.674755 0.0216109 74.3302 0.00101545 -0.0331204 0.999451 1.17522
0.675011 -0.737486 -0.021775 125.707 0.737798 0.674555 0.0251059 74.9579 -0.00382681 -0.0330123 0.999448 1.17547
0.67701 -0.735779 -0.0169387 126.187 0.735926 0.676526 0.0269281 75.4647 -0.00835368 -0.0306962 0.999494 1.17017
0.677145 -0.735624 -0.0182302 126.794 0.735837 0.676784 0.0225063 76.1253 -0.0042183 -0.0286545 0.999581 1.17951
0.675301 -0.737186 -0.022923 127.46 0.737509 0.67524 0.0114661 76.8558 0.00702584 -0.024649 0.999671 1.20026
0.672692 -0.739639 -0.0204759 127.83 0.739908 0.672596 0.0123197 77.2711 0.00465988 -0.0234376 0.999714 1.19989
0.66685 -0.745018 -0.0161014 128.315 0.745188 0.666622 0.0176076 77.8311 -0.00238443 -0.0237402 0.999715 1.19398
0.660109 -0.751121 -0.00856944 128.96 0.751045 0.659748 0.0257888 78.5775 -0.0137168 -0.0234595 0.999631 1.17576
0.658598 -0.752493 -0.00176616 129.392 0.752186 0.658258 0.0302051 79.0616 -0.0215666 -0.0212215 0.999542 1.1713
0.653429 -0.756977 -0.00403533 130.112 0.756696 0.653019 0.0312552 79.8906 -0.0210243 -0.0234766 0.999503 1.16465
0.650424 -0.759554 -0.00506692 130.415 0.759269 0.649963 0.0325337 80.2495 -0.0214178 -0.0250078 0.999458 1.15301
0.645547 -0.76362 -0.0123657 130.987 0.763613 0.6451 0.0272365 80.9424 -0.0128213 -0.0270251 0.999553 1.13264
0.638539 -0.76939 -0.0175179 131.518 0.769589 0.638335 0.01617 81.5982 -0.00125872 -0.0238068 0.999716 1.12954
0.632194 -0.774615 -0.0173927 132.015 0.77481 0.632059 0.0130879 82.2241 0.00085512 -0.0217501 0.999763 1.12911
0.623013 -0.782046 -0.0160915 132.514 0.782192 0.622717 0.0200012 82.8696 -0.00562139 -0.0250476 0.99967 1.11686
0.61458 -0.788669 -0.0170983 132.984 0.788794 0.614119 0.0257319 83.4905 -0.00979357 -0.0293013 0.999523 1.0998
0.607549 -0.793937 -0.0234175 133.542 0.794271 0.607125 0.0230637 84.2288 -0.00409381 -0.0326122 0.99946 1.09218
0.593844 -0.804102 -0.0277354 134.564 0.804549 0.593771 0.0116682 85.6016 0.00708605 -0.0292436 0.999547 1.11171
0.587424 -0.808894 -0.024962 134.95 0.809279 0.58711 0.0192192 86.144 -0.000890881 -0.0314911 0.999504 1.112
0.579205 -0.814802 -0.0248868 135.503 0.815156 0.578673 0.0256593 86.9297 -0.00650588 -0.0351486 0.999361 1.11885
0.574314 -0.818312 -0.0230026 135.959 0.818562 0.573659 0.0295317 87.5775 -0.0109704 -0.0357895 0.999299 1.10978
0.570304 -0.821162 -0.0211241 136.451 0.821324 0.569618 0.0310314 88.2766 -0.0134491 -0.0350471 0.999295 1.0962
0.568078 -0.822766 -0.0185458 136.849 0.822797 0.567343 0.0335806 88.8446 -0.0171071 -0.0343359 0.999264 1.07556
0.563693 -0.825617 -0.0246172 137.441 0.825951 0.563151 0.0258163 89.7042 -0.00745117 -0.034885 0.999364 1.06762
0.560549 -0.827625 -0.0286637 137.775 0.828106 0.559997 0.0253668 90.1939 -0.00494264 -0.037956 0.999267 1.06545
0.557869 -0.829168 -0.0355299 138.302 0.829926 0.557481 0.0209501 90.9756 0.00243608 -0.0411745 0.999149 1.06402
0.556283 -0.830222 -0.0357828 138.706 0.830993 0.555755 0.024221 91.5762 -0.000222313 -0.043209 0.999066 1.06791
0.552271 -0.832937 -0.0348249 139.24 0.833634 0.551411 0.0316339 92.3829 -0.00714621 -0.0465017 0.998893 1.06883
0.549839 -0.834624 -0.0328561 139.708 0.83513 0.548598 0.0399913 93.0991 -0.0153529 -0.0494279 0.99866 1.06571
0.54807 -0.835846 -0.0313131 140.075 0.836219 0.546701 0.0430845 93.6594 -0.0188931 -0.0497979 0.998581 1.05268
0.547158 -0.836555 -0.0281787 140.528 0.836873 0.546097 0.0376871 94.3474 -0.016139 -0.0442028 0.998892 1.02773
0.541838 -0.839988 -0.0288403 141.024 0.840475 0.54136 0.0230595 95.1168 -0.00375671 -0.036734 0.999318 1.01915
0.534719 -0.844465 -0.0308848 141.418 0.845028 0.534291 0.0214646 95.7429 -0.00162465 -0.037576 0.999292 1.01701
0.526013 -0.849971 -0.0293277 141.856 0.850451 0.525418 0.0258589 96.4672 -0.00656998 -0.0385438 0.999235 1.00904
0.518909 -0.854478 -0.0245037 142.339 0.854778 0.51835 0.0258409 97.271 -0.00937899 -0.0343543 0.999366 1.01238
0.515587 -0.856686 -0.0161126 142.728 0.856739 0.515152 0.0248197 97.9083 -0.0129622 -0.026601 0.999562 1.00084
0.510342 -0.859937 -0.00775098 143.24 0.859886 0.510144 0.0186629 98.7647 -0.0120948 -0.0161894 0.999796 0.986866
0.506316 -0.862341 -0.00344355 143.568 0.862277 0.506218 0.0148694 99.3171 -0.0110793 -0.0104979 0.999884 0.977788
0.503531 -0.863975 -0.00188297 144.022 0.863976 0.503524 0.0030252 100.084 -0.00166557 -0.00315012 0.999994 0.970328
0.504149 -0.863613 0.0027299 144.424 0.8636 0.504117 -0.00785283 100.745 0.00540561 0.00631654 0.999965 0.969925
0.49888 -0.866655 0.00528865 144.862 0.866661 0.498837 -0.00775189 101.48 0.00408003 0.00845073 0.999956 0.972081
0.489299 -0.872108 0.00371725 145.303 0.872088 0.489313 0.00597397 102.264 -0.00702885 0.000318712 0.999975 0.970171
0.482378 -0.875962 0.00151384 145.704 0.875786 0.482315 0.0192731 102.996 -0.0176126 -0.00797112 0.999813 0.963938
0.475987 -0.879452 -0.000750367 146.098 0.879251 0.47586 0.0217763 103.74 -0.0187941 -0.011025 0.999763 0.950707
0.470362 -0.882467 -0.00350918 146.516 0.882386 0.470254 0.016019 104.531 -0.012486 -0.0106312 0.999866 0.918594
0.463951 -0.885737 -0.014816 146.914 0.88586 0.463857 0.00943432 105.303 -0.00148383 -0.0175019 0.999846 0.893679
0.460455 -0.887354 -0.0241909 147.299 0.887637 0.460539 0.00229015 106.066 0.0091087 -0.0225273 0.999705 0.905802
0.461798 -0.886695 -0.0226894 147.625 0.886932 0.461898 0.000942297 106.693 0.00964468 -0.0205592 0.999742 0.928488
0.461585 -0.886954 -0.0159121 148.037 0.88709 0.461576 0.00442471 107.466 0.00342013 -0.0161578 0.999864 0.946301
0.460862 -0.887401 -0.0111838 148.457 0.887454 0.460737 0.0121052 108.269 -0.00558943 -0.0155039 0.999864 0.942255
0.459764 -0.88799 -0.00952694 148.893 0.887989 0.459594 0.0157798 109.113 -0.00963382 -0.0157148 0.99983 0.924
0.460226 -0.887772 -0.0072406 149.262 0.887754 0.460103 0.0140572 109.815 -0.00914814 -0.0128973 0.999875 0.891268
0.463621 -0.886024 -0.00423836 149.666 0.886029 0.463629 -0.00102272 110.566 0.00287117 -0.00328116 0.99999 0.88802
0.466567 -0.884485 0.00155609 150.074 0.884384 0.466486 -0.0160251 111.309 0.0134481 0.00885298 0.99987 0.913653
0.466194 -0.884671 0.00457054 150.424 0.884603 0.466077 -0.0158198 111.957 0.0118651 0.0114182 0.999864 0.94
0.464147 -0.885734 0.00652671 150.818 0.885756 0.464118 -0.00554303 112.703 0.00188049 0.00835386 0.999963 0.95917
0.461416 -0.887155 0.00714593 151.183 0.88715 0.461454 0.00507059 113.416 -0.00779592 0.00399986 0.999962 0.966458
0.458085 -0.888881 0.00692231 151.632 0.888882 0.458118 0.00418233 114.308 -0.00688883 0.00423725 0.999967 0.971023
0.455705 -0.890107 0.00652633 152.009 0.890122 0.455722 0.00116634 115.054 -0.00401236 0.00527772 0.999978 0.951531
0.452655 -0.891684 0.0016511 152.38 0.891686 0.452654 -0.000984265 115.803 0.000130276 0.0019178 0.999998 0.948422
0.451204 -0.89242 -0.00102632 152.735 0.89242 0.451202 0.00184661 116.513 -0.00118487 -0.00174911 0.999998 0.952085
0.451463 -0.892284 -0.00330604 153.16 0.892289 0.451453 0.00337361 117.348 -0.0015177 -0.004473 0.999989 0.961475
0.451484 -0.892266 -0.0049349 153.498 0.892273 0.451452 0.00630535 118.011 -0.00339818 -0.00725004 0.999968 0.965108
0.450002 -0.892975 -0.00968074 153.937 0.893027 0.449961 0.00619736 118.889 -0.00117814 -0.011434 0.999934 0.969368
0.44895 -0.893511 -0.00910532 154.248 0.893556 0.448913 0.0058837 119.524 -0.00116965 -0.0107776 0.999941 0.969237
0.446918 -0.89452 -0.00989566 154.596 0.894572 0.446916 0.00250614 120.235 0.00218073 -0.00997243 0.999948 0.9715
0.446296 -0.894809 -0.0116962 154.976 0.894863 0.446339 -0.00118803 120.998 0.00628355 -0.00993632 0.999931 0.979488
0.446793 -0.894581 -0.0100972 155.32 0.894637 0.446753 0.00600685 121.673 -0.000862636 -0.0117172 0.999931 0.957443
0.448307 -0.893805 -0.0115876 155.695 0.89388 0.448273 0.00552735 122.403 0.000254043 -0.0128359 0.999918 0.956079
0.449626 -0.893112 -0.0136944 156.057 0.893202 0.449654 0.00114217 123.11 0.00513766 -0.0127454 0.999906 0.970114
0.449685 -0.893038 -0.0163166 156.408 0.893126 0.449793 -0.00343783 123.807 0.0104092 -0.0130269 0.999861 0.987444
0.449727 -0.892991 -0.0176689 156.75 0.89308 0.44987 -0.00494871 124.492 0.0123678 -0.0135541 0.999832 0.987237
0.449579 -0.893007 -0.0204368 157.083 0.89309 0.449806 -0.0080575 125.164 0.016388 -0.0146294 0.999759 0.995692
0.449951 -0.892756 -0.0230373 157.401 0.892874 0.450228 -0.00839175 125.804 0.0178638 -0.0167935 0.999699 0.989595
0.451013 -0.892151 -0.0255886 157.708 0.892278 0.451371 -0.0102399 126.418 0.0206855 -0.0182138 0.99962 0.990538
0.453022 -0.891065 -0.0278338 158.009 0.891162 0.453489 -0.0133619 127.012 0.0245286 -0.0187512 0.999523 1.00154
0.455327 -0.889875 -0.0282925 158.307 0.889983 0.455802 -0.0131955 127.601 0.0246382 -0.0191716 0.999513 1.0032
0.459078 -0.887986 -0.027008 158.608 0.888114 0.459486 -0.0112408 128.184 0.0223914 -0.0188258 0.999572 0.998989
0.46423 -0.885335 -0.0259211 158.92 0.885485 0.464577 -0.00915986 128.768 0.0201519 -0.0187005 0.999622 0.998528
0.469113 -0.882756 -0.0260036 159.229 0.882938 0.46943 -0.0074674 129.346 0.0187988 -0.0194565 0.999634 0.997229
0.473664 -0.880285 -0.0272261 159.533 0.880476 0.47402 -0.00817313 129.915 0.0201004 -0.0201006 0.999596 1.00135
0.478299 -0.877733 -0.0285601 159.835 0.877901 0.478729 -0.0103903 130.477 0.0227924 -0.0201033 0.999538 1.00532
0.484976 -0.873965 -0.0313668 160.182 0.874079 0.485564 -0.0145998 131.106 0.0279903 -0.0203365 0.999401 1.0116
0.492293 -0.869986 -0.0277919 160.42 0.870083 0.492747 -0.0124718 131.504 0.0245446 -0.0180415 0.999536 1.02106
0.50497 -0.86283 -0.023005 160.835 0.862886 0.505286 -0.0106394 132.191 0.0208041 -0.0144781 0.999679 1.05553
0.513734 -0.857828 -0.0144201 161.109 0.85787 0.513843 -0.00498749 132.622 0.0116881 -0.00980836 0.999884 1.06695
0.527217 -0.84973 0.00123628 161.826 0.84973 0.527217 0.000147687 133.736 -0.000777284 0.000972643 0.999999 1.08034
0.529713 -0.848176 -0.00116872 162.213 0.848174 0.529707 0.00324041 134.336 -0.00212936 -0.00270777 0.999994 1.06712
0.528993 -0.84862 -0.00339137 162.527 0.848618 0.528966 0.00651142 134.842 -0.0037318 -0.00632248 0.999973 1.06293
0.526793 -0.849969 -0.00649191 162.942 0.849989 0.526749 0.0073564 135.52 -0.0028331 -0.00939335 0.999952 1.0646
0.524211 -0.851569 -0.00580203 163.271 0.851569 0.524141 0.0103146 136.061 -0.00574255 -0.0103479 0.99993 1.06521
0.520011 -0.854098 -0.0102636 163.626 0.854145 0.519894 0.0120966 136.647 -0.00499571 -0.015057 0.999874 1.04733
0.517109 -0.855804 -0.0140797 163.892 0.855905 0.516934 0.0143547 137.092 -0.00500649 -0.0194738 0.999798 1.02388
0.515457 -0.856649 -0.0213668 164.27 0.856904 0.515416 0.00779322 137.725 0.00433674 -0.0223264 0.999741 1.00881
0.513247 -0.857842 -0.0261732 164.688 0.857984 0.513601 -0.00882187 138.421 0.0210104 -0.0179284 0.999618 1.02639
0.510771 -0.859381 -0.0240224 164.889 0.859529 0.511044 -0.0066168 138.767 0.0179629 -0.0172683 0.99969 1.0488
0.501341 -0.864878 -0.0253627 165.281 0.865196 0.501421 0.00358187 139.466 0.00961949 -0.0237394 0.999672 1.07472
0.497742 -0.867127 -0.0185413 165.629 0.867319 0.497545 0.0143581 140.089 -0.00322516 -0.0232279 0.999725 1.09817
0.496783 -0.867842 -0.00753735 165.942 0.867723 0.496515 0.0229934 140.634 -0.0162122 -0.0179631 0.999707 1.10259
0.495315 -0.868713 -0.00091835 166.271 0.868444 0.495135 0.0254214 141.197 -0.0216292 -0.0133891 0.999676 1.08136
0.49087 -0.871218 -0.00509869 166.718 0.871143 0.490727 0.0172517 141.98 -0.0125279 -0.01291 0.999838 1.05315
0.4903 -0.871531 -0.00622905 166.967 0.871494 0.490171 0.0151528 142.417 -0.0101528 -0.012858 0.999866 1.03246
0.490004 -0.871686 -0.00772027 167.401 0.871715 0.490013 0.00085323 143.175 0.00303928 -0.00714796 0.99997 1.01289
0.491473 -0.870891 -0.00192872 167.71 0.870887 0.491477 -0.00267601 143.713 0.00327843 -0.000364508 0.999995 1.01441
0.492615 -0.870222 0.00664994 168.08 0.870246 0.492588 -0.00540945 144.355 0.00143174 0.00845186 0.999963 1.02612
0.491719 -0.870584 0.017216 168.782 0.870747 0.491698 -0.00571383 145.578 -0.00349069 0.0178003 0.999835 1.01927
0.493537 -0.869504 0.0195984 169.139 0.869725 0.493407 -0.0113084 146.19 0.000162755 0.0226263 0.999744 0.998994
