0.46716 -0.883966 0.0191031 2.74615 0.884153 0.467185 -0.00346021 4.75468 -0.00586598 0.0185066 0.999812 1.07841
0.465184 -0.885021 0.0184806 3.1635 0.8852 0.465191 -0.00419841 5.57131 -0.00488132 0.0183121 0.99982 1.0691
0.464024 -0.885647 0.0176677 3.5892 0.885814 0.464015 -0.00484116 6.36596 -0.00391052 0.0178967 0.999832 1.06917
0.462893 -0.886239 0.0176152 4.00857 0.886404 0.462891 -0.00444208 7.16859 -0.00421716 0.0176704 0.999835 1.09489
0.462721 -0.886343 0.0169019 4.42877 0.886479 0.462766 -0.00135165 7.98609 -0.0066236 0.0156086 0.999856 1.10769
0.463385 -0.885973 0.0180873 4.85359 0.886089 0.463506 0.00295057 8.82462 -0.0109977 0.0146597 0.999832 1.08771
0.464378 -0.885432 0.0190486 5.28845 0.885519 0.464559 0.00630514 9.6633 -0.014432 0.01394 0.999799 1.07483
0.465895 -0.884628 0.019348 5.72714 0.884699 0.466099 0.00762185 10.5074 -0.0157606 0.0135662 0.999784 1.0679
0.467901 -0.883548 0.0202994 6.16314 0.883694 0.468054 0.00325365 11.346 -0.012376 0.0164161 0.999789 1.04779
0.469124 -0.882924 0.0191635 6.61191 0.883095 0.469194 -0.000992531 12.2026 -0.00811507 0.0173888 0.999816 1.08129
0.470171 -0.882445 0.0151436 7.05063 0.882563 0.470186 -0.00277239 13.0393 -0.00467383 0.0146687 0.999882 1.0958
0.471039 -0.882023 0.012562 7.49769 0.882103 0.471054 -0.00193436 13.8891 -0.00421121 0.0119921 0.999919 1.11604
0.470775 -0.882134 0.0145315 7.9678 0.882218 0.470839 0.00113019 14.7608 -0.00783899 0.0122879 0.999894 1.11729
0.469758 -0.882533 0.0215172 8.42537 0.882692 0.469937 0.0038776 15.6481 -0.0135338 0.0171715 0.999761 1.07427
0.468565 -0.882815 0.032936 8.88674 0.883324 0.468759 -0.00204461 16.5186 -0.013634 0.0300512 0.999455 1.07896
0.467387 -0.883235 0.0380097 9.35826 0.883979 0.46747 -0.00721709 17.3832 -0.011394 0.036973 0.999251 1.06795
0.466222 -0.883958 0.0354459 9.83203 0.884638 0.466163 -0.0103994 18.2403 -0.00733098 0.0362052 0.999318 1.05801
0.463989 -0.885534 0.0233265 10.7484 0.885827 0.463969 -0.00660335 20.0005 -0.00497527 0.0237271 0.999706 1.09344
0.463015 -0.886014 0.0244204 11.2194 0.886316 0.463065 -0.00391585 20.9127 -0.00783873 0.0234573 0.999694 1.0807
0.461574 -0.886742 0.025269 11.6805 0.887037 0.461697 -0.00105553 21.8239 -0.0107306 0.0229017 0.99968 1.07414
0.461117 -0.886942 0.0265666 12.1384 0.887253 0.461283 0.00016198 22.7288 -0.0123984 0.0234966 0.999647 1.06916
0.460614 -0.887187 0.0271065 12.6032 0.887475 0.460847 0.00272951 23.628 -0.0149135 0.0227991 0.999629 1.0802
0.459998 -0.887455 0.0287399 13.0468 0.887743 0.460311 0.00505204 24.5326 -0.0177128 0.0231898 0.999574 1.07208
0.459784 -0.887512 0.0303295 13.5133 0.887839 0.460126 0.00503393 25.4315 -0.0184231 0.0246132 0.999527 1.05543
0.459961 -0.887377 0.0315806 13.9763 0.887771 0.460275 0.00306111 26.3081 -0.0172521 0.0266284 0.999497 1.04689
0.460336 -0.887256 0.0294644 14.4213 0.887617 0.46058 0.00170696 27.1942 -0.0150852 0.0253673 0.999564 1.02302
0.459919 -0.887551 0.0269809 14.8718 0.887859 0.460115 0.00117513 28.0893 -0.0134573 0.0234147 0.999635 1.02702
0.458021 -0.888371 0.0318565 15.7773 0.888807 0.458281 0.00100315 29.8664 -0.0154904 0.0278548 0.999492 1.02772
0.457671 -0.888465 0.0341722 16.2334 0.888996 0.457913 -0.000822389 30.7318 -0.0149173 0.0307554 0.999416 1.01111
0.457042 -0.889087 0.0252365 16.676 0.889398 0.457125 -0.00272122 31.621 -0.00911684 0.023689 0.999678 1.0438
0.456907 -0.889313 0.0189097 17.127 0.889495 0.456934 -0.0031207 32.516 -0.00586523 0.018246 0.999816 1.06789
0.456638 -0.88944 0.0194551 17.584 0.889625 0.456688 -0.00208599 33.3971 -0.00702954 0.0182603 0.999809 1.06433
0.456515 -0.889324 0.0263876 18.034 0.889641 0.456661 -0.000554267 34.2768 -0.0115572 0.0237285 0.999652 1.06645
0.456407 -0.889261 0.0301293 18.4761 0.889649 0.456643 0.00108089 35.146 -0.0147195 0.0263112 0.999545 1.04461
0.456181 -0.889325 0.0316349 18.9069 0.889778 0.456394 -0.000534593 35.9727 -0.0139626 0.0283919 0.999499 1.02703
0.455737 -0.889539 0.0319835 19.3502 0.89002 0.455919 -0.00180214 36.8416 -0.0129788 0.0292873 0.999487 1.04579
0.454897 -0.88995 0.032521 19.794 0.890457 0.455059 -0.0026552 37.7114 -0.012436 0.0301664 0.999468 1.05292
0.454277 -0.890169 0.0350933 20.2205 0.890751 0.454485 -0.00224705 38.5758 -0.0139491 0.0322802 0.999382 1.06781
0.453395 -0.890439 0.0393855 20.6659 0.891141 0.453726 -0.000597497 39.444 -0.0173382 0.035369 0.999224 1.07985
0.452723 -0.890651 0.0422153 21.0988 0.891395 0.453221 0.00254181 40.3132 -0.0213968 0.0364798 0.999105 1.06713
0.451946 -0.891048 0.0421598 21.5055 0.891801 0.452424 0.00203825 41.1511 -0.0208903 0.036677 0.999109 1.02744
0.450576 -0.89192 0.0382194 21.9273 0.892611 0.450821 -0.00243971 41.9583 -0.0150541 0.0352143 0.999266 0.992698
0.44998 -0.892413 0.0334354 22.3246 0.892993 0.45002 -0.0067301 42.7819 -0.00904056 0.032886 0.999418 1.02224
0.449002 -0.893094 0.0279357 22.7464 0.893503 0.449016 -0.0061193 43.6612 -0.00707846 0.0277082 0.999591 1.03761
0.448467 -0.893455 0.0248229 23.1716 0.893763 0.448527 -0.00338829 44.5112 -0.00810649 0.0237054 0.999686 1.04906
0.446022 -0.894687 0.0244964 23.9253 0.894949 0.446168 0.000570277 46.039 -0.0114397 0.0216687 0.9997 1.04743
0.445011 -0.895179 0.0248873 24.3033 0.89546 0.445142 -0.000315417 46.7988 -0.010796 0.0224259 0.99969 1.04613
0.443518 -0.895914 0.0250893 24.6856 0.896201 0.443648 -0.000453407 47.5754 -0.0107246 0.0226862 0.999685 1.05551
0.4423 -0.89656 0.0234505 25.0371 0.8968 0.442436 0.000661433 48.3145 -0.0109684 0.0207379 0.999725 1.06629
0.441184 -0.897098 0.0239108 25.3952 0.897341 0.441337 0.00125054 49.039 -0.0116746 0.0209044 0.999713 1.06577
0.440067 -0.897663 0.0232775 25.7353 0.897865 0.440257 0.00353827 49.7655 -0.0134243 0.019343 0.999723 1.06947
0.438618 -0.898385 0.0227731 26.0863 0.898521 0.43887 0.00732336 50.4902 -0.0165736 0.01725 0.999714 1.06653
0.437115 -0.899145 0.0216702 26.4159 0.8992 0.437403 0.0108807 51.189 -0.019262 0.0147297 0.999706 1.0714
0.435589 -0.89984 0.023467 26.7365 0.899976 0.435864 0.00804161 51.8558 -0.0174646 0.0176169 0.999692 1.04738
0.434801 -0.900187 0.02473 27.0203 0.900456 0.434947 0.00058529 52.5098 -0.0112831 0.0220138 0.999694 1.02831
0.433644 -0.900787 0.0231341 27.3347 0.901073 0.433626 -0.00604903 53.1706 -0.00458267 0.0234687 0.999714 1.04311
0.433451 -0.901053 0.0149369 27.6438 0.901174 0.433435 -0.00446145 53.8264 -0.00245417 0.0153946 0.999878 1.09284
0.432792 -0.901406 0.0125547 27.9552 0.901484 0.432811 -0.00127481 54.4509 -0.00428471 0.0118696 0.99992 1.09348
0.431476 -0.902011 0.0142957 28.2233 0.902104 0.431518 -0.000164818 55.0659 -0.00602019 0.0129673 0.999898 1.09343
0.430688 -0.902309 0.0185912 28.5045 0.902485 0.43071 -0.00301603 55.6442 -0.00528602 0.0180773 0.999823 1.07776
0.430716 -0.902202 0.0227033 28.7732 0.902487 0.430612 -0.0095439 56.1838 -0.00116581 0.0246002 0.999697 1.0921
0.431705 -0.901694 0.0240788 29.0374 0.902009 0.431449 -0.0152349 56.7278 0.00334842 0.0282962 0.999594 1.10058
0.434581 -0.9004 0.0204673 29.2977 0.900621 0.43435 -0.0148783 57.2727 0.00450639 0.0248991 0.99968 1.1224
0.44198 -0.896882 0.0160041 29.7899 0.897025 0.441922 -0.00724132 58.3216 -0.000577937 0.0175566 0.999846 1.10901
0.447003 -0.894295 0.0206319 30.0496 0.89452 0.447002 -0.00490935 58.7917 -0.00483209 0.0206501 0.999775 1.12754
0.453839 -0.890697 0.0262537 30.2827 0.891043 0.453904 -0.00376113 59.2818 -0.00856661 0.0251001 0.999648 1.12244
0.476073 -0.879084 0.0238065 30.7828 0.879337 0.4762 -0.000346185 60.2119 -0.0110323 0.0210987 0.999717 1.13062
0.49151 -0.870661 0.0191738 31.0354 0.870805 0.491625 0.00154172 60.6402 -0.0107686 0.0159389 0.999815 1.12677
0.512288 -0.858594 0.0194374 31.3019 0.85873 0.512423 0.00232548 61.0315 -0.0119568 0.0155002 0.999808 1.12976
0.538205 -0.84244 0.0250794 31.5245 0.842691 0.538396 0.00102002 61.3866 -0.014362 0.0205852 0.999685 1.11976
0.564213 -0.825139 0.0284296 31.7483 0.825452 0.564471 0.00128376 61.7285 -0.017107 0.0227429 0.999595 1.11996
0.591267 -0.805936 0.0295026 31.9878 0.806234 0.59159 0.00284801 62.0799 -0.0197487 0.022102 0.999561 1.13283
0.620564 -0.783613 0.0291577 32.2598 0.783851 0.620931 0.00479579 62.4366 -0.021863 0.0198792 0.999563 1.13338
0.65682 -0.75353 0.0279242 32.5697 0.753716 0.657179 0.00533147 62.7203 -0.0223686 0.0175451 0.999596 1.11651
0.692169 -0.721222 0.0271982 32.891 0.721362 0.692532 0.00604512 62.9993 -0.0231955 0.0154355 0.999612 1.10138
0.728032 -0.685028 0.0265676 33.1983 0.685144 0.728384 0.00587935 63.2812 -0.0233789 0.0139223 0.99963 1.09284
0.764259 -0.644409 0.0253869 33.5048 0.644511 0.764578 0.00501699 63.5222 -0.0226432 0.0125278 0.999665 1.10585
0.800273 -0.599128 0.0246599 33.8301 0.59922 0.800573 0.00431468 63.7399 -0.0223271 0.0113238 0.999687 1.10426
0.836112 -0.548011 0.0245138 34.1838 0.548088 0.836411 0.00406729 63.9212 -0.0227325 0.010035 0.999691 1.08775
0.900108 -0.434995 0.0241975 34.895 0.435096 0.900383 0.00118474 64.2387 -0.0223024 0.00946185 0.999707 1.04304
0.926596 -0.375287 0.0240934 35.2539 0.375412 0.926858 -0.00074205 64.3804 -0.0220527 0.00973255 0.999709 1.02966
0.948467 -0.315864 0.0253001 35.6178 0.315991 0.948762 -0.00107853 64.4989 -0.0236631 0.00901756 0.999679 1.02285
0.966369 -0.255666 0.0276873 35.9975 0.255744 0.966744 0.000739935 64.6259 -0.0269557 0.0063658 0.999616 1.01398
0.98038 -0.194947 0.0291665 36.3838 0.194964 0.980808 0.00229133 64.7216 -0.0290534 0.00344004 0.999572 1.0044
0.990426 -0.134794 0.0297649 36.7819 0.134834 0.990868 0.000655511 64.7921 -0.0295815 0.0033641 0.999557 0.997678
0.996661 -0.0761113 0.0295494 37.1904 0.0762337 0.997085 -0.00303346 64.8554 -0.0292324 0.00527599 0.999559 0.996694
0.999355 -0.020191 0.0297076 37.5884 0.0203487 0.99978 -0.00501518 64.9036 -0.0295999 0.00561645 0.999546 1.00002
0.999 0.0334907 0.0296325 37.9722 -0.033438 0.999438 -0.00227281 64.9337 -0.0296919 0.00127968 0.999558 1.00102
0.996201 0.0822505 0.0286172 38.2576 -0.0823668 0.996598 0.00290838 64.728 -0.0282806 -0.00525444 0.999586 0.98799
0.991544 0.127238 0.0255299 38.5858 -0.127208 0.991872 -0.00281131 64.5967 -0.0256801 -0.000460054 0.99967 0.945356
0.985171 0.169755 0.0249087 38.9679 -0.169525 0.985464 -0.0110769 64.4941 -0.0264269 0.00668996 0.999628 0.930395
0.97796 0.207107 0.0264777 39.3541 -0.206685 0.978245 -0.0178298 64.4164 -0.0295944 0.0119643 0.99949 0.939984
0.970244 0.240445 0.0285238 39.7397 -0.240005 0.970605 -0.0180061 64.4051 -0.0320148 0.0106244 0.999431 0.972308
0.961961 0.271642 0.0290205 40.1241 -0.271372 0.962387 -0.0129469 64.375 -0.0314459 0.00457908 0.999495 0.981163
0.953946 0.298885 0.0256088 40.5279 -0.298911 0.954277 -0.00288772 64.2893 -0.025301 -0.00490002 0.999668 0.952218
0.945781 0.324097 0.0214388 40.9224 -0.324228 0.945975 0.00282833 64.1895 -0.0193639 -0.00962602 0.999766 0.904418
0.937764 0.346814 0.017863 41.3321 -0.346916 0.937892 0.00286214 64.0648 -0.0157609 -0.00888096 0.999836 0.798785
0.930051 0.367193 0.0132225 41.7329 -0.367257 0.930116 0.00268355 63.9384 -0.011313 -0.00735188 0.999909 0.709495
0.923294 0.384039 0.00656877 42.1141 -0.384051 0.923312 0.000619787 63.7092 -0.005827 -0.00309499 0.999978 0.805185
0.916263 0.400573 0.00175752 42.5017 -0.400569 0.916264 -0.00227352 63.4688 -0.00252106 0.00137913 0.999996 0.918099
0.903633 0.42813 0.0123548 43.3372 -0.428112 0.903716 -0.0041519 63.0461 -0.0129428 -0.00153746 0.999915 0.923203
0.897579 0.440561 0.0160579 43.7651 -0.440536 0.89772 -0.00522896 62.8357 -0.0167191 -0.00238066 0.999857 0.889592
0.892147 0.45153 0.0139354 44.2118 -0.451437 0.892253 -0.00945106 62.5789 -0.0167014 0.00214077 0.999858 0.867154
0.887214 0.461217 0.0114425 44.7025 -0.461072 0.887264 -0.0132057 62.3106 -0.0162432 0.00644049 0.999847 0.858072
0.882654 0.469937 0.00899825 45.1839 -0.469783 0.882653 -0.0150779 62.0914 -0.015028 0.00908138 0.999846 0.838339
0.879059 0.476646 0.00805877 45.6628 -0.476516 0.879055 -0.013979 61.8561 -0.0137471 0.00844825 0.99987 0.817505
0.87643 0.481453 0.00853419 46.1488 -0.481364 0.876456 -0.0106385 61.6027 -0.0126018 0.00521588 0.999907 0.793363
0.874106 0.485667 0.008143 46.659 -0.485582 0.874129 -0.0104649 61.2847 -0.0122005 0.00519337 0.999912 0.792174
0.872167 0.489132 0.00863492 47.2054 -0.489047 0.872196 -0.0103334 60.9686 -0.0125858 0.0047896 0.999909 0.791152
0.870553 0.491989 0.00919732 47.7434 -0.491904 0.870591 -0.0101295 60.6531 -0.0129907 0.00429406 0.999906 0.780941
0.868054 0.496389 0.00900785 48.8588 -0.496309 0.868091 -0.00971237 59.9977 -0.0126407 0.00396018 0.999912 0.733178
0.86732 0.497685 0.00807638 49.4366 -0.497603 0.867344 -0.0103066 59.6785 -0.0121345 0.00492033 0.999914 0.706785
0.867207 0.497903 0.00675121 50.0219 -0.497808 0.867204 -0.0119807 59.3532 -0.0118199 0.00702892 0.999905 0.671716
0.868693 0.49535 0.000736139 50.6719 -0.495213 0.868486 -0.0222919 58.9956 -0.0116816 0.0190003 0.999751 0.655543
0.870387 0.492366 -0.00171916 51.3215 -0.492239 0.870072 -0.025983 58.647 -0.0112973 0.0234615 0.999661 0.644688
0.872394 0.4888 -0.00158994 51.9653 -0.48868 0.872097 -0.0252508 58.2965 -0.010956 0.0228056 0.99968 0.637677
0.874558 0.484919 -0.00123416 52.6265 -0.484798 0.874276 -0.0247338 57.9433 -0.0109149 0.0222295 0.999693 0.624122
0.87678 0.480891 0.000190922 53.2889 -0.480753 0.876537 -0.0236602 57.5845 -0.0115453 0.020653 0.99972 0.615491
0.878897 0.477006 0.00235996 53.9935 -0.476844 0.878709 -0.0221308 57.2154 -0.0126302 0.0183254 0.999752 0.586584
0.880987 0.473122 0.00427228 54.6988 -0.472943 0.880843 -0.0209665 56.8399 -0.0136829 0.0164506 0.999771 0.567771
0.882773 0.469771 0.00524302 55.4021 -0.469597 0.882665 -0.0195284 56.4555 -0.0138017 0.014777 0.999795 0.549257
0.884496 0.466541 0.00257256 56.1056 -0.466374 0.884302 -0.0224631 56.0591 -0.0127549 0.0186687 0.999744 0.547117
0.885624 0.4644 0.00141183 56.8143 -0.464282 0.885459 -0.0201029 55.6816 -0.0105859 0.0171482 0.999797 0.568135
0.886002 0.463679 0.00149019 57.5412 -0.463616 0.885926 -0.0139748 55.3076 -0.00780001 0.0116908 0.999901 0.585529
0.885532 0.464567 0.00321329 58.2963 -0.46453 0.885518 -0.00836022 54.9541 -0.00672931 0.00591057 0.99996 0.582288
0.884958 0.465628 0.00631924 59.0525 -0.46562 0.88498 -0.00286665 54.5657 -0.0069272 -0.000405502 0.999976 0.566797
0.884969 0.465596 0.00710878 59.7521 -0.465583 0.884997 -0.00346112 54.1914 -0.00790273 -0.000246751 0.999969 0.572728
0.885218 0.465101 0.00834905 60.4719 -0.465098 0.885256 -0.00237238 53.8076 -0.00849444 -0.00178305 0.999962 0.572868
0.885533 0.464492 0.00890722 61.9275 -0.464504 0.885571 -0.000777509 53.0654 -0.00824912 -0.00344893 0.99996 0.552759
0.885234 0.465086 0.00747045 62.6606 -0.465092 0.885262 -0.00107585 52.7003 -0.00711367 -0.00252207 0.999972 0.555877
0.884341 0.466763 0.00854293 63.386 -0.466793 0.884365 0.00178032 52.3418 -0.00672408 -0.00556219 0.999962 0.550663
0.882687 0.469838 0.0107734 64.1174 -0.469905 0.882704 0.0047544 51.9831 -0.00727589 -0.00925911 0.999931 0.562743
0.880233 0.474322 0.0144383 64.8559 -0.474466 0.880228 0.0089429 51.6193 -0.00846718 -0.0147223 0.999856 0.58006
0.876934 0.480289 0.0176088 65.5991 -0.480497 0.876936 0.0103124 51.2151 -0.0104889 -0.0175042 0.999792 0.582133
0.873284 0.486874 0.0181318 66.3353 -0.487064 0.87333 0.00793238 50.8095 -0.011973 -0.0157586 0.999804 0.586871
0.869031 0.494454 0.0173163 67.0471 -0.494597 0.869108 0.00499377 50.4012 -0.0125806 -0.0129044 0.999838 0.588043
0.863791 0.50358 0.0164992 67.7273 -0.503705 0.863865 0.00428346 50.001 -0.012096 -0.0120107 0.999855 0.569452
0.858457 0.512631 0.0161475 68.4028 -0.512763 0.858515 0.0051369 49.6171 -0.0112296 -0.0126897 0.999856 0.561985
0.852654 0.522185 0.01742 69.0774 -0.522362 0.85269 0.00759613 49.2123 -0.0108873 -0.0155764 0.999819 0.564394
0.846437 0.532153 0.018943 69.7549 -0.532358 0.846482 0.00790795 48.7766 -0.0118267 -0.0167781 0.999789 0.599157
0.840412 0.541635 0.01841 70.4359 -0.5418 0.840491 0.00523134 48.3394 -0.01264 -0.014371 0.999817 0.590706
0.834554 0.550612 0.0185917 71.1151 -0.550764 0.834651 0.00395554 47.8989 -0.0133396 -0.0135407 0.999819 0.569364
0.829179 0.558632 0.0198121 71.7561 -0.558835 0.829255 0.00632101 47.4636 -0.0128982 -0.016313 0.999784 0.574206
0.823547 0.566884 0.0203339 72.3998 -0.56712 0.823593 0.0082679 47.0312 -0.01206 -0.0183408 0.999759 0.581484
0.817259 0.575988 0.0180465 73.0097 -0.576172 0.817298 0.00708021 46.6356 -0.0106712 -0.0161843 0.999812 0.567255
0.811392 0.584291 0.0157099 73.6044 -0.584437 0.81141 0.00682733 46.2376 -0.00875799 -0.0147211 0.999853 0.555854
0.805934 0.59179 0.015942 74.2036 -0.591949 0.805936 0.0079558 45.7989 -0.00814011 -0.0158487 0.999841 0.586621
0.800664 0.598909 0.0156372 74.8083 -0.599066 0.800656 0.00835131 45.3263 -0.0075183 -0.0160543 0.999843 0.58646
0.795901 0.605255 0.0144466 75.4131 -0.605369 0.795928 0.00514323 44.8507 -0.00838551 -0.012839 0.999882 0.598456
0.792233 0.610036 0.0149666 76.0119 -0.610133 0.792295 0.0026022 44.4143 -0.0102705 -0.0111931 0.999885 0.573112
0.789853 0.613075 0.0164701 76.5562 -0.613152 0.789965 -0.000496884 43.9853 -0.0133154 -0.00970619 0.999864 0.551119
0.787649 0.615879 0.0173865 77.1068 -0.61592 0.787801 -0.0035195 43.5498 -0.0158647 -0.00793656 0.999843 0.537087
0.786247 0.617639 0.0183748 77.6647 -0.617659 0.786429 -0.00524306 43.1226 -0.0176888 -0.00722704 0.999817 0.524967
0.785563 0.618551 0.0169176 78.2058 -0.618523 0.785731 -0.00745069 42.6989 -0.0179013 -0.00461094 0.999829 0.513505
0.785728 0.618402 0.014516 78.7437 -0.618357 0.785857 -0.00794861 42.2942 -0.0163229 -0.0027306 0.999863 0.512075
0.788138 0.615354 0.0133511 79.1944 -0.615334 0.788244 -0.00604331 41.8919 -0.0142427 -0.0034524 0.999893 0.553572
0.791513 0.611064 0.010427 79.6694 -0.611028 0.79158 -0.00671089 41.5133 -0.0123546 -0.00105944 0.999923 0.572318
0.795485 0.605934 0.00685674 80.1528 -0.605877 0.79551 -0.00881167 41.1443 -0.0107939 0.00285521 0.999938 0.587712
0.801463 0.59804 0.00236833 80.6318 -0.59796 0.80141 -0.0136421 40.8166 -0.0100565 0.00951744 0.999904 0.614883
0.808809 0.588062 -0.00340885 81.1022 -0.588002 0.808609 -0.0201389 40.4938 -0.00908647 0.0182929 0.999791 0.633749
0.81851 0.574452 -0.00680671 81.547 -0.574444 0.81823 -0.0226772 40.1844 -0.0074575 0.0224716 0.99972 0.645217
0.830782 0.556549 -0.00734757 81.9533 -0.556577 0.830564 -0.0196376 39.9195 -0.00482667 0.0204041 0.99978 0.620891
0.843617 0.536891 -0.00770581 82.3739 -0.536941 0.843458 -0.0165353 39.6707 -0.00237811 0.018087 0.999834 0.617285
0.857878 0.513807 -0.00694987 82.8267 -0.513854 0.857794 -0.0119844 39.417 -0.000196118 0.0138524 0.999904 0.624206
0.888487 0.458868 -0.0056108 83.8323 -0.458901 0.888441 -0.00901734 38.953 0.000847097 0.0105866 0.999944 0.673647
0.907076 0.420953 -0.00329102 84.3239 -0.420961 0.907004 -0.0116131 38.7889 -0.00190361 0.0119194 0.999927 0.672873
0.925891 0.377789 0.000966053 84.7671 -0.377745 0.925817 -0.0130886 38.6418 -0.00583913 0.0117537 0.999914 0.643224
0.943304 0.331882 0.00566531 85.2237 -0.331798 0.943272 -0.0121513 38.5399 -0.00937672 0.00958261 0.99991 0.633574
0.959271 0.282386 0.00753305 85.7277 -0.282293 0.95926 -0.0114428 38.4634 -0.0104574 0.00885018 0.999906 0.657791
0.973433 0.228864 0.00702307 86.2094 -0.228773 0.973409 -0.0117603 38.3917 -0.00952784 0.0098412 0.999906 0.678392
0.985344 0.170512 0.0048219 86.682 -0.170432 0.985273 -0.0137615 38.3567 -0.00709739 0.012738 0.999894 0.685501
0.994272 0.10687 0.00107663 87.1558 -0.106837 0.994137 -0.0166587 38.3589 -0.00285062 0.0164482 0.999861 0.711352
0.99928 0.0377125 -0.00412829 87.627 -0.0377836 0.99911 -0.0187667 38.3955 0.00341687 0.0189092 0.999815 0.745942
0.999383 -0.0339623 -0.00899798 88.1011 0.0337843 0.999244 -0.0192494 38.4573 0.00964493 0.0189335 0.999774 0.763432
0.994265 -0.106195 -0.0126515 88.5805 0.105959 0.994207 -0.0180291 38.5397 0.0144928 0.0165851 0.999757 0.768838
0.983896 -0.178118 -0.0149485 89.0659 0.177849 0.983898 -0.0177139 38.6547 0.017863 0.0147701 0.999731 0.749817
0.968786 -0.247461 -0.0147035 89.5151 0.24717 0.968783 -0.0191316 38.7827 0.0189789 0.0149002 0.999709 0.735425
0.94937 -0.313939 -0.0117917 89.9434 0.313696 0.949338 -0.018765 38.9464 0.0170854 0.014116 0.999754 0.739614
0.925906 -0.377714 -0.00546444 90.3705 0.377587 0.92583 -0.0163284 39.1733 0.0112266 0.0130552 0.999852 0.748503
0.898512 -0.438948 0.00127965 90.8143 0.438929 0.898439 -0.0121924 39.4438 0.00420213 0.0115167 0.999925 0.759934
0.868868 -0.495013 0.0055294 91.2294 0.495044 0.868813 -0.00975194 39.681 2.33296e-05 0.0112104 0.999937 0.768357
0.836973 -0.547171 0.00894758 91.6132 0.547224 0.83697 -0.00523652 39.9487 -0.00462358 0.00927916 0.999946 0.787344
0.805895 -0.591968 0.0103811 91.9441 0.592003 0.805936 -0.000383659 40.2139 -0.00813936 0.00645481 0.999946 0.784554
0.776233 -0.630365 0.0100565 92.2775 0.63034 0.776297 0.0058909 40.4742 -0.0115202 0.00176629 0.999932 0.792211
0.752586 -0.658467 0.00605404 92.6491 0.658403 0.752602 0.00973898 40.6965 -0.0109691 -0.00334342 0.999934 0.791886
0.737344 -0.675507 0.00363841 92.9948 0.67546 0.737341 0.00904628 41.0448 -0.00879358 -0.00421262 0.999952 0.790948
0.722879 -0.690961 0.00419297 93.3473 0.690924 0.722887 0.00760127 41.3871 -0.00828323 -0.00259778 0.999962 0.796882
0.711073 -0.703067 0.00845199 93.7074 0.703042 0.711122 0.00614609 41.7024 -0.0103315 0.00157179 0.999945 0.820249
0.702341 -0.711792 0.00832086 94.0723 0.711772 0.702388 0.00575368 42.0145 -0.00993989 0.00188151 0.999949 0.862007
0.696125 -0.717913 0.00331822 94.4247 0.717869 0.696124 0.00871491 42.4269 -0.00856643 -0.00368462 0.999957 0.882602
0.691622 -0.722259 -0.000866802 94.7342 0.722202 0.691552 0.0133798 42.821 -0.00906424 -0.00987977 0.99991 0.903588
0.688181 -0.725522 -0.00492061 95.0596 0.725499 0.688057 0.0151416 43.2094 -0.0075999 -0.0139901 0.999873 0.936414
0.686672 -0.726936 -0.00677667 95.4302 0.726956 0.686581 0.0118981 43.5919 -0.00399643 -0.0130964 0.999906 0.983616
0.687799 -0.725877 -0.00588906 95.7974 0.725901 0.687769 0.00645279 43.9675 -0.000633625 -0.0087131 0.999962 1.01536
0.691615 -0.722241 -0.00608074 96.1811 0.722259 0.691622 0.00107421 44.3867 0.00342974 -0.0051348 0.999981 1.0155
0.695217 -0.718749 -0.0085939 96.5838 0.71876 0.695255 -0.00226296 44.8014 0.00760145 -0.00460371 0.99996 1.01393
0.702125 -0.711818 -0.0182889 97.421 0.712009 0.702137 0.00686397 45.6678 0.00795543 -0.0178413 0.999809 1.00223
0.705273 -0.708798 -0.0139899 97.8637 0.708928 0.705218 0.00938897 46.0969 0.00321102 -0.0165396 0.999858 1.05193
0.70856 -0.705532 -0.0129438 98.3071 0.705644 0.708351 0.0174608 46.563 -0.0031504 -0.0215057 0.999764 1.06055
0.7125 -0.701563 -0.012337 98.7369 0.701575 0.711998 0.0291753 47.0101 -0.0116843 -0.0294427 0.999498 1.03311
0.715109 -0.698922 -0.0112535 99.1755 0.698826 0.714454 0.0345994 47.4086 -0.0161422 -0.0326066 0.999338 1.02777
0.715684 -0.698341 -0.0108108 99.6845 0.698303 0.715186 0.0296819 47.8975 -0.0129964 -0.0287921 0.999501 0.997801
0.715222 -0.698758 -0.0139551 100.175 0.698873 0.714885 0.0227101 48.3625 -0.00589262 -0.0259956 0.999645 1.01647
0.714398 -0.699551 -0.0162186 100.663 0.699739 0.714226 0.0156663 48.8503 0.000624345 -0.0225408 0.999746 1.03438
0.712649 -0.701268 -0.0188248 101.153 0.701501 0.712574 0.011625 49.3488 0.00526181 -0.0214902 0.999755 1.0361
0.710431 -0.703506 -0.0191666 101.646 0.703749 0.710344 0.0121779 49.8463 0.00504766 -0.0221401 0.999742 1.03385
0.708659 -0.705359 -0.0164787 102.139 0.705551 0.708471 0.0163105 50.3355 0.000169878 -0.0231851 0.999731 1.0284
0.706819 -0.707269 -0.0133097 102.69 0.707347 0.70643 0.0248288 50.8718 -0.00815829 -0.0269641 0.999603 1.06153
0.705109 -0.709019 -0.0106086 103.198 0.708989 0.704657 0.028179 51.3861 -0.012504 -0.0273907 0.999547 1.07734
0.704203 -0.709883 -0.012806 103.705 0.709907 0.703709 0.0287297 51.9149 -0.0113831 -0.0293226 0.999505 1.08573
0.701928 -0.712031 -0.0175705 104.219 0.712235 0.701554 0.0233013 52.4754 -0.00426461 -0.0288701 0.999574 1.09518
0.69936 -0.714324 -0.0252198 104.775 0.714769 0.698974 0.0232527 53.0626 0.00101803 -0.0342883 0.999411 1.07036
0.696198 -0.717284 -0.0284725 105.343 0.717847 0.695742 0.0252717 53.6371 0.00168251 -0.0380331 0.999275 1.08374
0.693559 -0.71994 -0.0257193 105.913 0.720399 0.693093 0.0254323 54.217 -0.000483846 -0.036167 0.999346 1.09395
0.691281 -0.722226 -0.0228129 106.476 0.722574 0.690743 0.0275874 54.8009 -0.00416645 -0.0355546 0.999359 1.10857
0.689791 -0.723734 -0.0199275 107.048 0.723974 0.689227 0.0287757 55.3977 -0.00709135 -0.0342762 0.999387 1.10742
0.689216 -0.724425 -0.0137705 107.636 0.72451 0.688831 0.0244483 56.0026 -0.00822541 -0.026827 0.999606 1.11964
0.689397 -0.724272 -0.0127233 108.21 0.724325 0.689012 0.0248207 56.6109 -0.00921045 -0.0263271 0.999611 1.09484
0.689617 -0.724082 -0.0115663 108.766 0.724116 0.689272 0.0236699 57.2244 -0.00916662 -0.0246985 0.999653 1.09376
0.690152 -0.723496 -0.0155661 109.322 0.723627 0.689738 0.0250153 57.8315 -0.00736198 -0.0285285 0.999566 1.10481
0.691078 -0.722478 -0.0209287 109.896 0.722764 0.690573 0.0268568 58.465 -0.00495062 -0.0336866 0.99942 1.11069
0.692134 -0.721228 -0.0279575 110.462 0.721752 0.691329 0.0337311 59.0657 -0.00499994 -0.0435248 0.99904 1.09587
0.693877 -0.719374 -0.0321775 111.065 0.720064 0.69275 0.0400775 59.6908 -0.00653979 -0.0509788 0.998678 1.07621
0.696388 -0.716895 -0.0332467 111.632 0.717638 0.695205 0.0410583 60.2986 -0.00632117 -0.0524516 0.998603 1.08215
0.698206 -0.715142 -0.0328757 112.239 0.715883 0.697168 0.0383118 60.9442 -0.00447847 -0.0502847 0.998725 1.11962
0.699916 -0.713663 -0.028341 112.88 0.714214 0.699129 0.0334266 61.593 -0.00404129 -0.0436373 0.999039 1.14338
0.699498 -0.714238 -0.0238095 113.485 0.714622 0.698895 0.0293541 62.2074 -0.0043255 -0.0375479 0.999285 1.14079
0.699709 -0.714094 -0.0218423 114.102 0.714412 0.699166 0.0279685 62.8377 -0.00470072 -0.0351742 0.99937 1.1404
0.701361 -0.712461 -0.022186 114.694 0.712771 0.700674 0.0318432 63.4508 -0.00714187 -0.0381471 0.999247 1.14397
0.702419 -0.711417 -0.0222018 115.301 0.711665 0.701463 0.0385008 64.0775 -0.0118164 -0.0428439 0.999012 1.13708
0.703152 -0.710691 -0.0222678 115.89 0.710847 0.701887 0.0452913 64.6988 -0.0165586 -0.0476757 0.998726 1.11834
0.703318 -0.710542 -0.0217732 116.488 0.710738 0.702249 0.0412151 65.3086 -0.0139949 -0.0444623 0.998913 1.1192
0.703998 -0.709778 -0.0245279 117.083 0.710199 0.703484 0.0269665 65.8756 -0.00188529 -0.0364041 0.999335 1.1026
0.703231 -0.710364 -0.0291413 117.65 0.710885 0.703163 0.0142494 66.4539 0.0103688 -0.0307367 0.999474 1.15866
0.702834 -0.710845 -0.0269082 118.283 0.711329 0.702622 0.0182256 67.085 0.0059507 -0.0319501 0.999472 1.1643
0.70175 -0.712184 -0.0184842 118.877 0.712377 0.701171 0.0296245 67.694 -0.00813753 -0.0339567 0.99939 1.14626
0.699952 -0.714189 8.13882e-05 119.53 0.713522 0.699303 0.0431372 68.3563 -0.030865 -0.0301359 0.999069 1.12578
0.699512 -0.714621 -4.34796e-05 120.072 0.714038 0.698939 0.0404152 68.9013 -0.0288511 -0.0283019 0.999183 1.1279
0.698937 -0.71509 -0.0115415 120.596 0.714969 0.698242 0.0357403 69.4806 -0.0174988 -0.033232 0.999295 1.12021
0.698189 -0.715658 -0.0191168 121.183 0.715902 0.697783 0.0241285 70.0738 -0.00392836 -0.030532 0.999526 1.146
0.69691 -0.71667 -0.026457 121.764 0.717147 0.696633 0.020065 70.6797 0.00405087 -0.032957 0.999449 1.14957
0.6948 -0.718768 -0.0250158 122.378 0.719203 0.694402 0.0235125 71.3264 0.000470936 -0.0343279 0.99941 1.12559
0.691472 -0.722205 -0.0169237 122.907 0.722391 0.691136 0.0219584 71.9042 -0.00416182 -0.0274091 0.999616 1.14371
0.689027 -0.72459 -0.0145608 123.49 0.724726 0.688775 0.0190085 72.5108 -0.00374423 -0.02365 0.999713 1.17213
0.686583 -0.726834 -0.0178005 124.018 0.727046 0.686275 0.0207638 73.0911 -0.00287579 -0.0271978 0.999626 1.15815
0.684229 -0.728986 -0.0202658 124.575 0.729262 0.683854 0.0228199 73.7299 -0.00277656 -0.0303931 0.999534 1.17846
0.682727 -0.730374 -0.0209218 125.125 0.730656 0.682234 0.0264314 74.3205 -0.0050313 -0.0333321 0.999432 1.16825
0.681626 -0.731408 -0.0206793 125.691 0.731648 0.680965 0.0312653 74.9242 -0.00878579 -0.0364412 0.999297 1.15253
0.681419 -0.731646 -0.019046 126.256 0.731824 0.680764 0.0315148 75.4973 -0.0100918 -0.0354131 0.999322 1.1524
0.679271 -0.733633 -0.0193008 126.796 0.733859 0.678779 0.0266613 76.1103 -0.00645861 -0.0322743 0.999458 1.19277
0.676226 -0.736434 -0.0195685 127.334 0.736691 0.67591 0.0208007 76.708 -0.0020918 -0.028482 0.999592 1.21711
0.671429 -0.740806 -0.0197118 127.856 0.741069 0.671184 0.0181317 77.3041 -0.000201794 -0.0267819 0.999641 1.19725
0.665376 -0.746294 -0.0179109 128.387 0.746504 0.665097 0.0194396 77.9339 -0.00259516 -0.0263051 0.999651 1.1761
0.660536 -0.750658 -0.0143086 128.924 0.750725 0.660096 0.0261941 78.5342 -0.0102177 -0.0280439 0.999554 1.12637
0.657267 -0.753633 -0.00604069 129.493 0.753322 0.656714 0.0351023 79.1391 -0.0224873 -0.0276222 0.999365 1.1718
0.654307 -0.756223 -0.0031186 130.011 0.755692 0.653681 0.0403766 79.738 -0.0284951 -0.0287754 0.99918 1.17284
0.650812 -0.75922 -0.0052954 130.495 0.758822 0.650208 0.0376663 80.3443 -0.0251539 -0.028532 0.999276 1.15798
0.645946 -0.763341 -0.00798757 130.987 0.763185 0.645506 0.029508 80.9595 -0.0173687 -0.0251566 0.999533 1.14657
0.640322 -0.76803 -0.0108413 131.495 0.768077 0.64011 0.0178037 81.5948 -0.00673417 -0.0197271 0.999783 1.16801
0.634588 -0.77269 -0.0157466 132.036 0.77284 0.634342 0.0181227 82.2652 -0.0040145 -0.02367 0.999712 1.14782
0.628918 -0.777305 -0.0161063 132.542 0.777433 0.628547 0.0229208 82.9286 -0.00769286 -0.0269369 0.999608 1.09546
0.622623 -0.782367 -0.0155463 133.033 0.782463 0.62221 0.0246288 83.5723 -0.0095957 -0.0274989 0.999576 1.07484
0.615113 -0.788206 -0.019154 133.527 0.788405 0.614683 0.0241309 84.2087 -0.00724647 -0.0299443 0.999525 1.09569
0.600915 -0.79899 -0.0227097 134.528 0.799309 0.600583 0.0200987 85.5437 -0.00241961 -0.0302297 0.99954 1.13774
0.594993 -0.803378 -0.0238014 134.994 0.803693 0.594415 0.0273625 86.2165 -0.00783457 -0.0354095 0.999342 1.10675
0.588343 -0.808266 -0.0236147 135.475 0.808505 0.587542 0.0333599 86.8948 -0.013089 -0.0387197 0.999164 1.11621
0.581693 -0.81315 -0.0205063 135.957 0.813175 0.580737 0.0386222 87.5605 -0.0194969 -0.0391415 0.999043 1.0978
0.576284 -0.817064 -0.0173993 136.433 0.8169 0.575284 0.0415073 88.2273 -0.0239046 -0.0381335 0.998987 1.08663
0.572326 -0.819851 -0.0169421 136.91 0.819661 0.571334 0.0416334 88.9077 -0.0244536 -0.0377146 0.998989 1.06219
0.569015 -0.822005 -0.0230134 137.39 0.82214 0.568065 0.0372432 89.6043 -0.017541 -0.0401121 0.999041 1.09261
0.566166 -0.823694 -0.0313783 137.835 0.824235 0.565272 0.0332327 90.2722 -0.00963633 -0.0446783 0.998955 1.08775
0.563841 -0.825105 -0.0358523 138.293 0.825871 0.56306 0.0300187 90.9452 -0.00458162 -0.0465351 0.998906 1.08654
0.561162 -0.826829 -0.0380988 138.751 0.827693 0.560301 0.0314057 91.6357 -0.00462037 -0.0491578 0.99878 1.08309
0.559006 -0.828392 -0.0357613 139.217 0.829064 0.557752 0.0395703 92.3534 -0.0128338 -0.0517684 0.998577 1.06715
0.556504 -0.830247 -0.031522 139.681 0.830484 0.554744 0.0505499 93.063 -0.0244823 -0.0543097 0.998224 1.0599
0.552286 -0.833242 -0.0262525 140.121 0.833198 0.550667 0.05046 93.7315 -0.027589 -0.0497419 0.998381 1.04837
0.547931 -0.836219 -0.0225545 140.553 0.83617 0.546716 0.0438299 94.3755 -0.0243205 -0.0428752 0.998784 1.02196
0.541912 -0.840114 -0.0232412 140.99 0.840321 0.541176 0.0314589 95.081 -0.0138514 -0.0365781 0.999235 1.06041
0.536472 -0.843446 -0.0282304 141.446 0.843851 0.535706 0.0305687 95.7974 -0.0106599 -0.0402215 0.999134 1.04592
0.530003 -0.84742 -0.0312586 141.876 0.847886 0.528982 0.0355957 96.5213 -0.0136292 -0.0453696 0.998877 1.00691
0.52352 -0.851778 -0.0200152 142.329 0.851748 0.522626 0.0372587 97.2585 -0.0212756 -0.0365536 0.999105 1.02489
0.517856 -0.855439 -0.00700483 142.766 0.855072 0.517351 0.0346377 97.9371 -0.0260065 -0.023927 0.999375 0.997863
0.512816 -0.858496 0.00196543 143.194 0.858064 0.512628 0.0306452 98.6637 -0.0273163 -0.0140289 0.999528 0.987775
0.507473 -0.861646 0.00614154 143.599 0.861368 0.507472 0.0227522 99.3506 -0.022721 -0.006256 0.999722 0.986548
0.502653 -0.864444 0.00869588 144.023 0.864372 0.502725 0.0113122 100.046 -0.0141504 0.00183036 0.999898 0.994752
0.497153 -0.867632 0.00728097 144.464 0.867646 0.497178 0.00197985 100.745 -0.00533772 0.00533302 0.999972 0.997446
0.491253 -0.871011 -0.00315546 144.887 0.870995 0.491212 0.00880253 101.48 -0.0061171 -0.00707267 0.999956 0.983221
0.486472 -0.873682 -0.00500859 145.309 0.873467 0.486205 0.025679 102.27 -0.0200001 -0.0168669 0.999658 0.962198
0.481366 -0.87652 -5.97556e-05 145.723 0.875987 0.481071 0.0348999 103.029 -0.0305617 -0.016852 0.999391 0.955565
0.477529 -0.878607 0.00397339 146.111 0.877973 0.477347 0.0361053 103.791 -0.033619 -0.0137528 0.99934 0.952705
0.475826 -0.879539 -0.00122198 146.5 0.879206 0.475606 0.0282166 104.527 -0.0242364 -0.0145005 0.999601 0.909029
0.474776 -0.880033 -0.0114244 146.872 0.880014 0.474497 0.0207049 105.253 -0.0128002 -0.0198839 0.99972 0.902978
0.47323 -0.880767 -0.0173614 147.243 0.880921 0.473004 0.0156794 105.997 -0.00559787 -0.022714 0.999726 0.956009
0.47195 -0.881501 -0.0148183 147.641 0.881603 0.471752 0.0150691 106.727 -0.00629285 -0.0201757 0.999777 0.974904
0.471418 -0.881832 -0.0116767 148.063 0.881815 0.471132 0.0209253 107.491 -0.0129514 -0.0201613 0.999713 0.964538
0.471021 -0.882075 -0.00913098 148.465 0.881864 0.470608 0.0290409 108.267 -0.0213191 -0.0217312 0.999537 0.924679
0.469755 -0.88279 -0.00335469 148.856 0.88241 0.469433 0.0313848 109.045 -0.0261314 -0.0177034 0.999502 0.899221
0.467596 -0.883939 0.00262371 149.243 0.883707 0.467537 0.0216887 109.765 -0.0203982 -0.00782297 0.999761 0.860511
0.466313 -0.884594 0.00671468 149.641 0.884593 0.466345 0.00427203 110.48 -0.00691037 0.00394766 0.999968 0.916494
0.46558 -0.884945 0.0103759 150.051 0.885004 0.465522 -0.0075583 111.221 0.00185848 0.0127017 0.999918 0.969172
0.465065 -0.885263 0.00498763 150.447 0.885277 0.465056 -0.00290863 111.97 0.000255376 0.00576813 0.999983 0.979646
0.462995 -0.886346 0.00516063 150.859 0.886312 0.463023 0.00776049 112.763 -0.00926797 0.000980862 0.999957 0.967805
0.460833 -0.88744 0.00913646 151.249 0.88734 0.46092 0.0134317 113.559 -0.016131 0.00191738 0.999868 0.962319
0.460211 -0.887659 0.0163738 151.625 0.887716 0.460352 0.00602605 114.342 -0.0128868 0.011762 0.999848 0.971159
0.460434 -0.88762 0.0114914 152.017 0.887653 0.460498 0.00362747 115.091 -0.00851158 0.00853017 0.999927 0.929932
0.460706 -0.887539 0.00496901 152.383 0.887533 0.460726 0.00408086 115.844 -0.00591128 0.00253008 0.999979 0.958268
0.46065 -0.887581 0.000574199 152.762 0.887565 0.460646 0.00585305 116.582 -0.00545956 -0.00218657 0.999983 0.961634
0.460416 -0.887703 -0.000318201 153.14 0.887671 0.460396 0.00869993 117.306 -0.00757646 -0.00428805 0.999962 0.968364
0.459146 -0.888359 -0.00182667 153.512 0.888251 0.459056 0.0166712 118.033 -0.0139715 -0.00927708 0.999859 0.972135
0.458188 -0.888855 -0.000220211 153.868 0.888708 0.458108 0.0183233 118.776 -0.0161858 -0.0085912 0.999832 0.975939
0.457394 -0.889262 0.00202075 154.227 0.889169 0.457377 0.0135962 119.521 -0.0130149 -0.00442205 0.999906 0.97265
0.457082 -0.889421 0.00247684 154.587 0.889398 0.457088 0.00647244 120.258 -0.00688885 -0.000755537 0.999976 0.9858
0.456833 -0.889547 -0.00321004 154.967 0.889546 0.456812 0.00553812 120.992 -0.00346003 -0.00538547 0.99998 1.00317
0.455753 -0.89005 -0.0100021 155.352 0.890062 0.45559 0.0150941 121.723 -0.0088776 -0.0157817 0.999836 0.916026
0.453542 -0.891232 -0.00237313 155.719 0.890971 0.453341 0.0255489 122.434 -0.0216941 -0.0137019 0.999671 0.949265
0.452155 -0.891916 0.00646959 156.055 0.891555 0.452161 0.0260527 123.101 -0.0261621 -0.00601186 0.99964 0.981633
0.451533 -0.89222 0.00787027 156.387 0.891971 0.451594 0.0212183 123.796 -0.0224856 -0.00256073 0.999744 0.992202
0.45197 -0.892025 0.00370493 156.721 0.891913 0.451973 0.0145066 124.47 -0.0146148 -0.00325207 0.999888 0.947744
0.453163 -0.891427 -0.00138655 157.046 0.891395 0.453132 0.00931454 125.135 -0.00767494 -0.00545697 0.999956 0.970593
0.454311 -0.890789 -0.00976562 157.341 0.890832 0.454225 0.00984955 125.723 -0.00433808 -0.0131743 0.999904 0.931184
0.456692 -0.889548 -0.0116648 157.637 0.889624 0.45663 0.00768855 126.307 -0.00151286 -0.0138885 0.999902 0.947308
0.460345 -0.88766 -0.0119623 157.938 0.88774 0.4603 0.00646293 126.892 -0.00023065 -0.0135946 0.999908 0.977343
0.465194 -0.885147 -0.0104584 158.241 0.885201 0.465109 0.00964494 127.499 -0.00367288 -0.0137446 0.999899 0.960605
0.470662 -0.882285 -0.00707707 158.558 0.882247 0.470513 0.0160282 128.096 -0.0108116 -0.0137876 0.999847 0.949603
0.47572 -0.879572 -0.00660978 158.894 0.879409 0.475449 0.0242628 128.707 -0.0181982 -0.017355 0.999684 0.963076
0.481042 -0.876656 -0.00851135 159.2 0.876514 0.480719 0.0251531 129.291 -0.017959 -0.01956 0.999647 0.961634
0.486958 -0.873367 -0.010055 159.496 0.873338 0.486715 0.0197351 129.858 -0.0123421 -0.0183916 0.999755 0.975831
0.493787 -0.869482 -0.0132313 159.796 0.869582 0.493713 0.00857545 130.426 -0.000923742 -0.0157401 0.999876 0.976308
0.500434 -0.865569 -0.0188742 160.116 0.86575 0.500465 0.00335023 130.989 0.00654603 -0.0180169 0.999816 0.974408
0.506776 -0.861874 -0.0187233 160.481 0.862067 0.506758 0.00603349 131.577 0.00428808 -0.0191984 0.999807 1.01997
0.512448 -0.858582 -0.015296 160.834 0.858718 0.512377 0.00854325 132.144 0.000502249 -0.0175129 0.999846 1.05342
0.517624 -0.855566 -0.00848036 161.18 0.855592 0.517529 0.0111704 132.695 -0.00516816 -0.0130378 0.999902 1.05369
0.526455 -0.850202 -0.000983325 161.872 0.85013 0.526395 0.0136902 133.769 -0.0111218 -0.00804323 0.999906 1.04825
0.526732 -0.850028 -0.00257912 162.205 0.849961 0.526646 0.0144993 134.307 -0.0109665 -0.00982937 0.999892 1.04524
0.526372 -0.850253 -0.00165525 162.552 0.850161 0.526284 0.0158581 134.903 -0.0126123 -0.0097545 0.999873 1.06686
0.526024 -0.850469 0.000638572 162.902 0.850343 0.525959 0.0168358 135.491 -0.0146542 -0.00831301 0.999858 1.06912
0.526161 -0.850385 0.000322731 163.261 0.850233 0.526074 0.0187066 136.073 -0.0160776 -0.00956827 0.999825 1.06779
0.52612 -0.850372 -0.00810075 163.607 0.850314 0.525893 0.0200592 136.638 -0.0127976 -0.0174417 0.999766 1.03197
0.525491 -0.850651 -0.0158462 163.939 0.850775 0.525245 0.0172879 137.192 -0.00638286 -0.0225662 0.999725 1.0025
0.523688 -0.851713 -0.0183376 164.257 0.851907 0.523621 0.00867773 137.731 0.002211 -0.0201663 0.999794 1.01104
0.520257 -0.853863 -0.015845 164.592 0.853972 0.520319 0.000214462 138.287 0.00806135 -0.0136428 0.999874 1.06426
0.516533 -0.856135 -0.0150886 164.93 0.856249 0.516557 0.00254099 138.868 0.00561871 -0.0142321 0.999883 1.09679
0.512892 -0.858334 -0.0142712 165.247 0.858444 0.512741 0.0130733 139.481 -0.00390387 -0.0189562 0.999813 1.09274
0.509499 -0.860455 -0.0052501 165.61 0.860274 0.509242 0.0245118 140.093 -0.0184177 -0.0170053 0.999686 1.10235
0.506044 -0.862495 0.00464 165.981 0.861973 0.505912 0.0324958 140.711 -0.0303749 -0.0124447 0.999461 1.09496
0.503716 -0.863858 0.00448574 166.34 0.863364 0.503592 0.031586 141.305 -0.0295448 -0.0120375 0.999491 1.05135
0.501971 -0.864884 0.000458868 166.684 0.864564 0.501799 0.026963 141.914 -0.0235501 -0.0131379 0.999636 1.04289
0.499306 -0.866421 -0.0028986 167.032 0.866264 0.499146 0.0209963 142.525 -0.0167448 -0.0129945 0.999775 1.02949
0.49698 -0.867762 -0.000764521 167.378 0.867692 0.496928 0.01318 143.132 -0.0110572 -0.00721357 0.999913 1.03427
0.495919 -0.868343 0.00662599 167.724 0.868306 0.495961 0.00827991 143.727 -0.010476 0.00164722 0.999944 1.03795
0.49509 -0.868702 0.0155978 168.077 0.868723 0.495239 0.00762592 144.333 -0.0143493 0.00977467 0.999849 1.05082
0.493223 -0.86959 0.0233456 168.78 0.869671 0.493534 0.00987593 145.552 -0.0201099 0.015432 0.999679 1.01319
0.492467 -0.869961 0.0253804 169.124 0.870162 0.492737 0.00536401 146.133 -0.0171723 0.0194435 0.999663 0.992986
