0.354316 -0.935125 -0.00141545 -189.928 0.935115 0.354305 0.00532084 -113.842 -0.00447415 -0.00320887 0.999985 -0.122702
0.3613 -0.932402 -0.00944907 -190.042 0.932446 0.361309 0.000784088 -114.05 0.00268295 -0.00909404 0.999955 -0.0548803
0.36844 -0.929637 0.00518741 -190.09 0.929142 0.368417 0.031058 -114.138 -0.0307838 -0.00662317 0.999504 -0.00143526
0.371068 -0.928604 -0.00151981 -190.093 0.928357 0.370931 0.0237452 -114.133 -0.0214861 -0.010222 0.999717 -0.00595845
0.37269 -0.927947 -0.0040692 -190.096 0.927836 0.372568 0.0177105 -114.129 -0.0149184 -0.0103761 0.999835 -0.00893414
0.373434 -0.927643 -0.00501796 -190.092 0.92759 0.373337 0.0140506 -114.124 -0.0111605 -0.00990157 0.999889 -0.00840285
0.37375 -0.9275 -0.00736255 -190.1 0.927486 0.373644 0.0126593 -114.126 -0.00899051 -0.0115601 0.999893 -0.0159222
0.374541 -0.927183 -0.0070746 -190.1 0.927166 0.374438 0.0126323 -114.116 -0.00906347 -0.0112906 0.999895 -0.0383916
0.37443 -0.927238 -0.00575564 -190.093 0.927219 0.374353 0.0111697 -114.116 -0.00820229 -0.00951899 0.999921 -0.0326482
0.374549 -0.927176 -0.0076215 -190.098 0.927172 0.374452 0.0117079 -114.118 -0.00800136 -0.0114516 0.999902 -0.0296088
0.374484 -0.927209 -0.00676459 -190.088 0.927189 0.374385 0.0125149 -114.12 -0.00907141 -0.0109587 0.999899 -0.0275146
0.374358 -0.927258 -0.00700001 -190.087 0.92724 0.374256 0.0126035 -114.119 -0.00906694 -0.0112089 0.999896 -0.0243991
0.374313 -0.927284 -0.00592876 -190.101 0.927246 0.374211 0.0134735 -114.115 -0.0102752 -0.0105407 0.999892 -0.0105159
0.372216 -0.928082 -0.0109251 -190.102 0.928143 0.372158 0.0070147 -114.098 -0.00244437 -0.012751 0.999916 -0.0236223
0.373314 -0.927531 -0.0179895 -190.064 0.927702 0.373295 0.0045451 -114 0.00249965 -0.0183856 0.999828 -0.0361823
0.373785 -0.927288 -0.0205479 -189.993 0.927514 0.373734 0.00638324 -113.818 0.00176034 -0.0214444 0.999768 -0.0284335
0.373976 -0.927203 -0.0209046 -189.938 0.927437 0.373915 0.00690211 -113.642 0.0014169 -0.021969 0.999758 -0.0389659
0.375644 -0.926431 -0.0248385 -189.793 0.926764 0.3755 0.0104047 -113.229 -0.00031241 -0.0269279 0.999637 0.00823736
0.374061 -0.92706 -0.0252466 -189.638 0.927404 0.373904 0.0108491 -112.832 -0.000617925 -0.027472 0.999622 0.0151557
0.372819 -0.927494 -0.0275676 -189.571 0.927897 0.372768 0.00718892 -112.647 0.00360862 -0.02826 0.999594 0.0154265
0.373708 -0.927265 -0.0228296 -189.495 0.927543 0.373661 0.00646066 -112.449 0.00253978 -0.0235898 0.999718 -0.00573393
0.374753 -0.926753 -0.0262452 -189.432 0.927125 0.374608 0.010438 -112.241 0.000158213 -0.0282442 0.999601 -0.00164345
0.376316 -0.926061 -0.0282345 -189.279 0.926488 0.376227 0.00858672 -111.929 0.00267076 -0.0293902 0.999564 0.00556803
0.373642 -0.926991 -0.0328689 -189.14 0.92757 0.373493 0.010771 -111.581 0.0022917 -0.0345127 0.999402 0.0124988
0.374868 -0.926549 -0.0313146 -189.021 0.927074 0.374751 0.00974705 -111.271 0.00270407 -0.0326848 0.999462 0.00673814
0.373224 -0.927247 -0.03027 -188.765 0.927738 0.373115 0.00939902 -110.687 0.00257899 -0.0315906 0.999498 0.0153394
0.374022 -0.926797 -0.0339956 -188.602 0.927388 0.374062 0.00539831 -110.208 0.00771332 -0.0335462 0.999407 0.0177581
0.37172 -0.927825 -0.031053 -188.538 0.928312 0.371779 0.00406652 -109.97 0.00777182 -0.0303385 0.999509 0.00842334
0.374369 -0.926848 -0.0282784 -188.357 0.927279 0.374224 0.0104538 -109.508 0.000893392 -0.0301356 0.999545 -0.0166705
0.373727 -0.927169 -0.0261787 -188.198 0.927502 0.373313 0.0194081 -109.122 -0.00822177 -0.0315342 0.999469 -0.0098906
0.372392 -0.92776 -0.0242065 -188.124 0.928071 0.372189 0.0125958 -108.888 -0.00267646 -0.0271559 0.999628 -0.0135594
0.375215 -0.926819 -0.0148402 -187.911 0.92693 0.375096 0.0101866 -108.374 -0.00387461 -0.017578 0.999838 -0.00131389
0.374237 -0.927092 -0.0211557 -187.824 0.927333 0.374167 0.00732139 -108.14 0.00112816 -0.0223583 0.999749 0.00961618
0.376858 -0.926245 -0.00695673 -187.681 0.926266 0.376822 0.00598632 -107.716 -0.00292335 -0.00869978 0.999958 -0.0290649
0.376608 -0.926325 -0.00940998 -187.596 0.92636 0.376637 -0.00141595 -107.472 0.00485578 -0.00818377 0.999955 -0.0167308
0.374562 -0.9272 -0.00162493 -187.503 0.927196 0.374553 0.00414447 -107.257 -0.00323413 -0.00305899 0.99999 0.00669678
0.376435 -0.926441 0.00210165 -187.283 0.926431 0.37644 0.00422132 -106.756 -0.00470195 0.00035798 0.999989 0.0123238
0.375843 -0.926592 -0.0130424 -187.185 0.926683 0.375824 0.00391778 -106.481 0.00127146 -0.0135586 0.999907 0.0124947
0.376641 -0.926346 -0.00489992 -187.097 0.926359 0.37663 0.00296602 -106.205 -0.000902107 -0.00565621 0.999984 -0.0119266
0.376828 -0.92628 -0.00258497 -187.006 0.926276 0.376813 0.00496325 -105.964 -0.00362331 -0.00426469 0.999984 -0.00726767
0.377056 -0.926186 -0.00288683 -186.937 0.926181 0.377036 0.00562333 -105.798 -0.00411981 -0.00479404 0.99998 0.00637946
0.377509 -0.926006 -0.000726028 -186.802 0.925947 0.377476 0.0116204 -105.449 -0.0104865 -0.00505907 0.999932 0.00858259
0.380941 -0.924598 0.0015066 -186.644 0.924599 0.380938 -0.0018058 -105.004 0.00109572 0.00208091 0.999997 -0.0327372
0.383018 -0.923735 -0.00326897 -186.446 0.923719 0.383031 -0.00545598 -104.542 0.00629199 -0.000929867 0.99998 -0.0228624
0.381606 -0.924318 -0.00368392 -186.323 0.924299 0.381622 -0.00600474 -104.244 0.00695615 -0.0011136 0.999975 -0.00496855
0.385218 -0.922826 -3.30317e-05 -186.144 0.92282 0.385216 -0.00351009 -103.791 0.00325193 0.00132167 0.999994 0.00937565
0.381942 -0.924177 -0.00416395 -186.042 0.92418 0.381952 -0.00209273 -103.461 0.00352448 -0.00304894 0.999989 0.0132159
0.3831 -0.923706 -0.00100138 -185.946 0.923705 0.383097 0.00261637 -103.145 -0.00203313 -0.00192731 0.999996 0.012786
0.384547 -0.923105 -0.00075222 -185.679 0.923094 0.384538 0.00528632 -102.535 -0.00459057 -0.00272721 0.999986 0.0220104
0.383112 -0.923699 -0.00241997 -185.495 0.923699 0.383116 -0.00146061 -102.068 0.00227629 -0.00167575 0.999996 -0.0100241
0.382685 -0.923878 -0.000683226 -185.391 0.923864 0.382675 0.0058626 -101.745 -0.00515488 -0.00287474 0.999983 0.0198025
0.383474 -0.923538 0.00501359 -185.293 0.923527 0.383498 0.00529956 -101.451 -0.00681704 0.00259795 0.999973 0.0491622
0.384512 -0.923104 0.00539163 -185.184 0.923119 0.384513 -0.000892228 -101.17 -0.00124953 0.00532019 0.999985 0.042932
0.384229 -0.923237 0.00113584 -185.061 0.923211 0.384227 0.00713756 -100.842 -0.00702608 -0.00169383 0.999974 0.053927
0.384052 -0.923308 -0.00258303 -184.956 0.923308 0.384041 0.00391957 -100.521 -0.00262698 -0.00389025 0.999989 0.0412721
0.386551 -0.92215 -0.0147627 -184.532 0.922214 0.386652 -0.00460807 -99.6288 0.00995735 -0.0118331 0.99988 0.0612556
0.379675 -0.92502 -0.0135997 -184.427 0.925063 0.379774 -0.00551952 -99.3189 0.0102705 -0.0104849 0.999892 0.0425504
0.385395 -0.922749 0.00212701 -184.277 0.922749 0.385398 0.00174988 -98.8668 -0.00243444 0.00128831 0.999996 0.0248366
0.382552 -0.923933 -0.00169274 -184.17 0.92393 0.382555 -0.00231006 -98.5895 0.00278191 -0.000680252 0.999996 0.00814854
0.384458 -0.923142 0.00015699 -183.827 0.923111 0.384444 -0.00827351 -97.8077 0.00757727 0.00332574 0.999966 0.0196973
0.380667 -0.924687 -0.00686259 -183.728 0.924653 0.380716 -0.00844136 -97.5 0.0104183 -0.00313217 0.999941 0.0444262
0.382366 -0.924006 -0.00297329 -183.648 0.923991 0.382377 -0.00534344 -97.2317 0.00607429 -0.000704145 0.999981 0.0424099
0.383069 -0.923674 0.00916852 -183.519 0.923708 0.383096 0.00120431 -96.9145 -0.00462481 0.0080077 0.999957 0.0293253
0.386584 -0.922171 0.0124077 -183.328 0.922252 0.386515 -0.00759799 -96.4451 0.00221088 0.0143803 0.999894 0.00751643
0.384254 -0.923217 0.0044433 -183.206 0.923226 0.384239 -0.00387003 -96.1285 0.00186559 0.00558924 0.999983 0.0148426
0.382014 -0.924105 0.00971846 -183.104 0.924154 0.382019 -0.00144379 -95.8369 -0.00237842 0.0095329 0.999952 0.0313632
0.380537 -0.924703 0.010784 -182.99 0.924758 0.380554 -0.000438156 -95.5326 -0.00369874 0.0101393 0.999942 0.0220496
0.382666 -0.923788 0.0135074 -182.78 0.92388 0.382677 -0.00186861 -95.0486 -0.00344277 0.0131942 0.999907 0.0394965
0.381327 -0.92443 0.00446977 -182.645 0.924439 0.381329 -0.000228224 -94.7353 -0.00149348 0.00421906 0.99999 0.0507724
0.382065 -0.924136 -0.000128897 -182.336 0.924128 0.382062 -0.00394051 -93.9672 0.00369081 0.00138641 0.999992 0.0646503
0.381995 -0.924134 -0.00741077 -182.056 0.924157 0.382011 -0.000828387 -93.2026 0.00359654 -0.00653228 0.999972 0.0558545
0.382711 -0.92374 -0.0153949 -181.66 0.923808 0.382824 -0.00505862 -92.2788 0.0105664 -0.0122859 0.999869 0.049627
0.383583 -0.923503 -0.00253512 -181.477 0.923501 0.383589 -0.00245268 -91.6893 0.0032375 -0.00140038 0.999994 0.0438187
0.382682 -0.92387 0.00434036 -181.297 0.92388 0.382672 -0.0028134 -91.2471 0.000938283 0.00508661 0.999987 0.0404565
0.38251 -0.923945 0.00359899 -181.189 0.92393 0.382471 -0.00831277 -90.9651 0.00630403 0.00650493 0.999959 0.0287116
0.384589 -0.923087 -0.00137743 -180.992 0.923083 0.384581 0.00381573 -90.5271 -0.00299252 -0.00273897 0.999992 0.0595852
0.382816 -0.923823 -0.00176555 -180.846 0.923823 0.382811 0.00274682 -90.073 -0.00186171 -0.00268258 0.999995 0.0629141
0.386915 -0.922113 -0.00187609 -180.575 0.922101 0.38692 -0.00480114 -89.4446 0.0051531 0.000127688 0.999987 0.0825826
0.383716 -0.923447 -0.00266542 -180.474 0.923439 0.383724 -0.00409201 -89.1266 0.00480155 -0.000891184 0.999988 0.0696068
0.385235 -0.922818 -0.00115484 -180.4 0.922818 0.385235 -0.000331422 -88.8829 0.00075073 -0.000938031 0.999999 0.0730202
0.386784 -0.922114 0.010161 -180.243 0.922147 0.386829 0.00278404 -88.5288 -0.00649776 0.00829307 0.999945 0.0732559
0.386552 -0.922252 -0.00537553 -179.924 0.922255 0.386571 -0.00290555 -87.771 0.00475767 -0.00383446 0.999981 0.0680204
0.381885 -0.924185 -0.00674823 -179.829 0.924162 0.38193 -0.00735021 -87.4977 0.0093703 -0.00342952 0.99995 0.0522573
0.380873 -0.924623 0.00290155 -179.754 0.924627 0.38087 -0.00165246 -87.2428 0.000422793 0.00331223 0.999994 0.0592192
0.383718 -0.923339 -0.0143672 -179.334 0.923395 0.383819 -0.00497612 -86.3391 0.0101091 -0.0113572 0.999884 0.0572475
0.382734 -0.923693 -0.0175074 -179.246 0.92381 0.382839 -0.00299916 -86.0403 0.00947284 -0.0150257 0.999842 0.0384057
0.406369 -0.913709 0.000952077 -179.075 0.913709 0.406368 -0.000556791 -85.5542 0.000121854 0.00109618 0.999999 0.0369432
0.428799 -0.903373 -0.00696379 -178.806 0.903394 0.428812 -0.000379607 -84.9779 0.00332908 -0.00612827 0.999976 0.0615586
0.443872 -0.89588 -0.0193778 -178.409 0.896083 0.443851 0.005642 -84.1406 0.0035463 -0.0198685 0.999796 0.0524482
0.442857 -0.896492 -0.0133918 -178.299 0.896592 0.442823 0.0055502 -83.8547 0.000954485 -0.0144649 0.999895 0.0559192
0.446656 -0.894705 -0.00127154 -178.151 0.894654 0.446614 0.0113592 -83.5714 -0.00959526 -0.00621125 0.999935 0.0682716
0.450579 -0.892722 -0.00507761 -177.851 0.892736 0.450577 0.00159328 -83.0356 0.000865499 -0.00525086 0.999986 0.0819088
0.448773 -0.893608 -0.00818497 -177.76 0.89363 0.4488 -0.00183355 -82.8073 0.00531189 -0.00649148 0.999965 0.0989832
0.456583 -0.889469 -0.0194177 -177.208 0.889561 0.456771 -0.00644739 -81.7193 0.0146042 -0.0143294 0.999791 0.0783813
0.454679 -0.890626 -0.00717141 -177.025 0.890616 0.45472 -0.0057363 -81.3374 0.00836989 -0.00377879 0.999958 0.0926058
0.436216 -0.899573 -0.0220226 -176.546 0.899714 0.436435 -0.00617189 -80.3503 0.0151635 -0.0171218 0.999738 0.0935947
0.430434 -0.902333 -0.0228356 -176.039 0.90256 0.430564 -0.000849647 -79.2704 0.0105988 -0.0202448 0.999739 0.0782202
0.431451 -0.902111 -0.00681662 -175.961 0.902129 0.431404 0.00736609 -78.9976 -0.00370431 -0.00932757 0.99995 0.10679
0.438085 -0.89893 0.0023703 -175.793 0.898902 0.43809 0.00730328 -78.5656 -0.00760355 -0.00106879 0.99997 0.106277
0.435302 -0.900281 -0.00252383 -175.615 0.90028 0.435307 -0.00214361 -78.1771 0.00302849 -0.00133903 0.999994 0.108478
0.434938 -0.899966 -0.0298354 -174.991 0.900197 0.435373 -0.00974302 -76.94 0.0217579 -0.0226201 0.999507 0.0927351
0.430372 -0.902519 -0.0154425 -174.927 0.902565 0.430505 -0.00646212 -76.7535 0.0124803 -0.0111568 0.99986 0.0936711
0.438153 -0.898895 0.00310311 -174.677 0.8989 0.438146 -0.00268588 -76.2051 0.00105471 0.00396621 0.999992 0.0721434
0.437279 -0.899263 -0.0106362 -174.328 0.899279 0.437347 -0.00507209 -75.4758 0.00921287 -0.00734702 0.999931 0.113588
0.442756 -0.896642 -0.000610569 -174.073 0.896631 0.442754 -0.00475775 -74.904 0.00453633 0.00155907 0.999988 0.0771967
0.439296 -0.898329 -0.00479606 -173.96 0.898299 0.439321 -0.00744401 -74.6308 0.00879418 -0.00103817 0.999961 0.0689447
0.443068 -0.896483 0.00318513 -173.766 0.896488 0.443068 -0.000665693 -74.1903 -0.000814445 0.00315038 0.999995 0.0845998
0.442678 -0.89668 0.00152083 -173.63 0.89668 0.442678 0.00035522 -73.9012 -0.00099176 0.00120645 0.999999 0.104146
0.442227 -0.896866 0.00819538 -173.496 0.896886 0.442257 0.00216495 -73.6175 -0.00556613 0.00639292 0.999964 0.111113
0.446371 -0.894664 -0.0181328 -172.962 0.89466 0.446601 -0.0114656 -72.5532 0.018356 -0.0111048 0.99977 0.139458
0.446613 -0.894598 -0.0151805 -172.849 0.894572 0.446787 -0.0110575 -72.2732 0.0166745 -0.00864166 0.999824 0.124227
0.450418 -0.892809 -0.00390482 -172.635 0.892777 0.450435 -0.00761524 -71.7292 0.00855782 -5.60854e-05 0.999963 0.123106
0.452813 -0.891471 -0.0154896 -172.447 0.891161 0.453068 -0.0237231 -71.3815 0.0281663 -0.00306156 0.999599 0.0910788
0.452209 -0.891798 -0.0142895 -172.29 0.891826 0.45233 -0.00669123 -71.0327 0.0124308 -0.00971786 0.999875 0.115535
0.45613 -0.889913 -0.000119103 -172.034 0.889901 0.456123 0.00523511 -70.4516 -0.00460447 -0.00249388 0.999986 0.129288
0.460161 -0.887834 -0.00172746 -171.654 0.887834 0.460163 -0.00106494 -69.6789 0.0017404 -0.00104366 0.999998 0.129332
0.452588 -0.891131 -0.0323977 -170.979 0.891137 0.453307 -0.0196847 -68.2974 0.0322277 -0.0199617 0.999281 0.141929
0.454962 -0.890482 -0.00712047 -170.699 0.890446 0.455011 -0.00843078 -67.5905 0.0107474 -0.00250471 0.999939 0.16748
0.452647 -0.891687 -0.00230702 -170.406 0.891689 0.452649 -0.000278067 -66.9955 0.00129222 -0.00193128 0.999997 0.147598
0.447316 -0.893393 -0.0419307 -169.62 0.893735 0.448279 -0.016872 -65.4605 0.03387 -0.0299278 0.998978 0.168296
0.446921 -0.894149 -0.0275601 -168.926 0.894293 0.44734 -0.0112672 -64.0292 0.0224033 -0.0196113 0.999557 0.156455
0.449542 -0.893239 -0.00595991 -168.745 0.893248 0.449559 -0.00196992 -63.5752 0.00443895 -0.00443812 0.99998 0.182648
0.453044 -0.89145 -0.00825427 -168.367 0.891454 0.453089 -0.00462311 -62.7954 0.00786118 -0.00526382 0.999955 0.183225
0.44785 -0.894024 -0.0123054 -168.234 0.894102 0.447858 0.00218742 -62.4777 0.00355546 -0.0119819 0.999922 0.169887
0.454009 -0.890997 -0.000625191 -167.942 0.890996 0.454007 0.0017414 -61.8449 -0.00126774 -0.00134766 0.999998 0.158587
0.452365 -0.891801 -0.00749472 -167.644 0.891818 0.452391 -0.0020583 -61.2492 0.00522613 -0.00575282 0.99997 0.166439
0.453401 -0.891298 -0.00392333 -167.345 0.891306 0.453389 0.00355733 -60.5798 -0.00139184 -0.00510978 0.999986 0.148188
0.452466 -0.891741 -0.00856478 -166.945 0.891781 0.452438 0.00504378 -59.8211 -0.00062271 -0.00992005 0.999951 0.156291
0.453239 -0.891373 -0.00543611 -166.662 0.891384 0.453206 0.0063089 -59.1477 -0.00315991 -0.0077051 0.999965 0.138731
0.454845 -0.890532 -0.00823052 -166.537 0.890541 0.454886 -0.00396876 -58.8315 0.00727826 -0.00552444 0.999958 0.154605
0.458837 -0.888513 -0.00362896 -166.395 0.888518 0.458823 0.00407283 -58.4952 -0.00195371 -0.00509316 0.999985 0.152984
0.461314 -0.887237 0.000369031 -166.212 0.887231 0.461312 0.00350209 -58.1309 -0.00327742 -0.00128815 0.999994 0.140376
0.465494 -0.885033 -0.00572073 -166.022 0.885044 0.465506 -0.000868905 -57.7505 0.00343204 -0.00465863 0.999983 0.142531
0.463648 -0.886009 -0.00432037 -165.862 0.886012 0.463658 -0.00187155 -57.3864 0.00366138 -0.00296016 0.999989 0.130642
0.463862 -0.885901 -0.00341901 -165.693 0.885904 0.463868 -0.00109614 -57.0132 0.00255704 -0.00252046 0.999994 0.133709
0.467249 -0.884105 -0.00602133 -165.517 0.884104 0.467275 -0.00385722 -56.6301 0.0062238 -0.00352119 0.999974 0.149796
0.468632 -0.883372 -0.00624398 -165.261 0.883323 0.468672 -0.00937138 -56.1223 0.0112048 -0.00112372 0.999937 0.160827
0.466097 -0.884662 -0.0113011 -165.061 0.884715 0.466131 -0.000489566 -55.7334 0.00570091 -0.00977009 0.999936 0.157177
0.465561 -0.884955 -0.0104138 -164.909 0.884988 0.465607 -0.00245978 -55.4323 0.00702555 -0.00807094 0.999943 0.163443
0.468495 -0.883417 -0.0092909 -164.703 0.883407 0.468559 -0.00660428 -54.9743 0.0101877 -0.00511358 0.999935 0.175149
0.465745 -0.88348 -0.050436 -163.825 0.88437 0.466707 -0.00863628 -53.4053 0.0311688 -0.0405817 0.99869 0.117814
0.46471 -0.884904 -0.031456 -163.688 0.885356 0.464914 0.000957899 -52.9934 0.0137767 -0.0282949 0.999505 0.127743
0.484175 -0.874827 -0.0158617 -163.203 0.874927 0.484253 -0.00124405 -51.9928 0.00876941 -0.0132755 0.999873 0.128226
0.474011 -0.879996 -0.0303487 -163.141 0.880363 0.474294 -0.00246532 -51.8555 0.0165637 -0.0255493 0.999536 0.126398
0.481996 -0.876156 -0.00554603 -162.847 0.876167 0.481959 0.00678436 -51.1356 -0.0032712 -0.00812928 0.999962 0.110773
0.479618 -0.877382 -0.012943 -162.638 0.877413 0.47971 -0.00501397 -50.7702 0.0106081 -0.0089516 0.999904 0.122679
0.477604 -0.877699 -0.0392346 -161.883 0.878213 0.478213 -0.0073836 -49.3466 0.0252431 -0.0309299 0.999203 0.133598
0.472878 -0.880711 -0.0271079 -161.733 0.880978 0.473142 -0.00393675 -48.9249 0.016293 -0.0220198 0.999625 0.124745
0.480535 -0.876874 -0.0133212 -161.553 0.876962 0.480555 0.00186704 -48.4891 0.0047644 -0.0125793 0.99991 0.0910335
0.481869 -0.87606 -0.017925 -161.011 0.876213 0.481923 0.00149642 -47.4533 0.00732753 -0.0164272 0.999838 0.0977425
0.479069 -0.877499 -0.0221001 -160.81 0.877725 0.479162 0.00121353 -47.0219 0.00952465 -0.0199792 0.999755 0.10907
0.478873 -0.877797 -0.0123664 -160.625 0.877884 0.478843 0.00548192 -46.5922 0.00110955 -0.0134814 0.999909 0.104325
0.483866 -0.874929 -0.0193036 -159.99 0.875026 0.484043 -0.00561457 -45.3644 0.0142561 -0.0141745 0.999798 0.128206
0.487334 -0.873162 -0.00969198 -159.58 0.873177 0.487386 -0.00396026 -44.5597 0.00818168 -0.00653285 0.999945 0.0892837
0.483519 -0.875162 -0.0173628 -159.445 0.875272 0.483626 -0.00232145 -44.2274 0.0104288 -0.0140747 0.999847 0.0957179
0.48885 -0.872367 0.000907291 -159.212 0.872368 0.48885 -0.000564681 -43.7041 4.90807e-05 0.00106754 0.999999 0.103648
0.487868 -0.872897 -0.00592746 -159.031 0.872912 0.487878 -0.000306489 -43.3277 0.00315941 -0.00502462 0.999982 0.0856077
0.494603 -0.86911 -0.00384192 -158.612 0.869059 0.494616 -0.00960319 -42.5548 0.0102465 0.00141091 0.999946 0.0884496
0.488935 -0.872165 -0.0164575 -158.448 0.872218 0.48908 -0.00613198 -42.183 0.0133971 -0.0113564 0.999846 0.0729961
0.496441 -0.868046 -0.00649811 -158.061 0.868012 0.49648 -0.00789594 -41.3454 0.0100802 -0.00172058 0.999948 0.0737195
0.493962 -0.869102 -0.0257534 -157.577 0.869225 0.494321 -0.00975426 -40.4081 0.0212079 -0.0175673 0.999621 0.0836106
0.486791 -0.873113 -0.0265911 -157.39 0.873261 0.487162 -0.00945455 -39.9517 0.021209 -0.0186185 0.999602 0.0948185
0.497893 -0.867192 -0.00897544 -156.967 0.867231 0.497904 0.00115466 -39.1109 0.0034676 -0.00835868 0.999959 0.0833096
0.494302 -0.869139 -0.0161959 -156.685 0.869278 0.494306 0.00406747 -38.5278 0.00447051 -0.0160893 0.999861 0.0871977
0.494302 -0.869239 -0.00937789 -156.454 0.86929 0.494272 0.0055088 -38.0485 -0.000153244 -0.0108751 0.999941 0.0836954
0.499848 -0.866071 -0.00861358 -156.225 0.866113 0.499825 0.00474931 -37.5592 0.000192044 -0.00983427 0.999952 0.0764706
0.502323 -0.864671 -0.0039445 -155.931 0.86467 0.502334 -0.00260936 -36.9484 0.0042377 -0.00209995 0.999989 0.0409311
0.485518 -0.873294 -0.0403613 -155.018 0.873713 0.486298 -0.0118427 -35.3521 0.0299698 -0.0295144 0.999115 0.0473698
0.471128 -0.881853 -0.0193096 -154.564 0.881969 0.471286 -0.00439938 -34.418 0.01298 -0.0149578 0.999804 0.0494167
0.466006 -0.884449 -0.0242689 -154.528 0.884572 0.466317 -0.00897038 -34.3151 0.0192509 -0.0172874 0.999665 0.0502296
0.470233 -0.882307 0.0203943 -154.201 0.882097 0.470604 0.0208894 -33.6485 -0.0280285 0.0081669 0.999574 0.0504272
0.463322 -0.886179 -0.004475 -154.053 0.886179 0.463336 -0.00265939 -33.3423 0.00443012 -0.0027335 0.999986 0.0534489
0.456815 -0.889531 -0.00739757 -153.561 0.889545 0.456841 -0.00232979 -32.511 0.00545194 -0.00551619 0.99997 0.0412994
0.454139 -0.89083 0.01339 -153.484 0.890914 0.454172 -0.000619339 -32.3025 -0.00552962 0.0122106 0.99991 -0.0185174
0.448281 -0.892851 0.0431387 -153.106 0.889378 0.450341 0.0787343 -31.5541 -0.0897252 0.00307159 0.995962 0.0158628
0.458657 -0.888604 -0.00418354 -152.839 0.888611 0.458661 -0.000127781 -30.9877 0.00203237 -0.00365894 0.999991 0.0588189
0.46446 -0.885588 -0.00330388 -152.633 0.885521 0.464466 -0.0110844 -30.5542 0.0113507 0.00222259 0.999933 0.0156135
0.468262 -0.883581 0.00391627 -152.402 0.883582 0.468272 0.00215171 -30.0965 -0.00373509 0.00245278 0.99999 0.0258686
0.472062 -0.881562 -0.00256974 -152.182 0.881547 0.472069 -0.00502038 -29.6208 0.00563886 0.000104586 0.999984 0.0279872
0.47355 -0.880748 -0.00582335 -151.855 0.880766 0.473551 0.00121008 -28.9588 0.00169188 -0.00570204 0.999982 0.0230194
0.492464 -0.86969 -0.033436 -151.295 0.869967 0.493008 -0.0100823 -27.8583 0.0252527 -0.024123 0.99939 0.0475696
0.501705 -0.864918 -0.0144273 -150.857 0.864967 0.501808 -0.00448438 -26.9237 0.0111184 -0.0102293 0.999886 0.036128
0.494954 -0.866439 -0.0656097 -149.572 0.867639 0.496911 -0.0167844 -24.5552 0.0471448 -0.048618 0.997704 0.0240116
0.503178 -0.863844 -0.0241887 -149.311 0.86399 0.50346 -0.00704555 -23.8427 0.0182643 -0.0173536 0.999683 0.0247684
0.509865 -0.860105 -0.0160536 -149.095 0.860135 0.510016 -0.0071319 -23.3211 0.0143218 -0.0101719 0.999846 0.00547178
0.515392 -0.856955 -0.000641921 -148.748 0.856938 0.515386 -0.00592801 -22.6177 0.00541087 0.00250516 0.999982 0.0473171
0.509053 -0.860639 -0.0128529 -148.336 0.8607 0.50911 -0.0014493 -21.8725 0.00779088 -0.0103247 0.999916 -0.00337009
0.50334 -0.864006 -0.0118978 -148.117 0.863994 0.503441 -0.00779782 -21.4223 0.0127272 -0.00635464 0.999899 0.0358344
0.520812 -0.853611 -0.0101654 -147.629 0.85367 0.520798 0.0042073 -20.4961 0.00170271 -0.0108691 0.999939 0.0706819
0.521869 -0.850339 -0.0676509 -145.948 0.851309 0.524207 -0.0219046 -17.6438 0.0540894 -0.0461605 0.997469 0.0265886
0.553002 -0.832804 -0.0250441 -145.394 0.833 0.553257 -0.00416494 -16.6207 0.0173244 -0.0185586 0.999678 0.0187178
0.55544 -0.831294 -0.020905 -145.205 0.831375 0.555668 -0.00692389 -16.2182 0.017372 -0.0135341 0.999757 0.0275385
0.554086 -0.832313 -0.015633 -144.523 0.832395 0.554179 -0.00201386 -15.1835 0.0103397 -0.011897 0.999876 0.00951107
0.545587 -0.837674 -0.0252368 -144.386 0.837865 0.545856 -0.00482111 -14.9748 0.0178142 -0.0185147 0.99967 -0.0060591
0.546127 -0.836223 -0.049759 -143.307 0.836849 0.547288 -0.0126441 -13.2648 0.0378058 -0.0347355 0.998681 0.0174306
0.548512 -0.835916 -0.0195019 -143.057 0.835643 0.548841 -0.0217856 -12.7732 0.0289144 -0.00434694 0.999572 0.0118436
0.550415 -0.83485 0.0082458 -142.724 0.834436 0.550414 0.0275914 -12.2217 -0.0275733 -0.00830614 0.999585 0.0405448
0.54699 -0.83708 0.00993898 -142.422 0.83706 0.547063 0.00725058 -11.7689 -0.0115066 0.00435353 0.999924 -0.00209849
0.543774 -0.839209 0.00621609 -142.22 0.83923 0.543774 -0.00182115 -11.4677 -0.00185182 0.00620702 0.999979 -0.021525
0.532983 -0.84503 -0.0430408 -141.781 0.842478 0.534717 -0.0656382 -10.8132 0.0784809 -0.00127693 0.996915 0.00368972
0.542721 -0.839911 -0.00197647 -141.658 0.839913 0.54272 0.00095237 -10.5366 0.000272766 -0.00217693 0.999998 0.113889
0.539251 -0.840502 0.0525903 -141.513 0.83677 0.541807 0.0791272 -10.3091 -0.0950004 0.00133658 0.995476 0.12564
0.550137 -0.834371 -0.0342575 -140.823 0.834821 0.550518 -0.00204501 -9.2778 0.0205657 -0.0274739 0.999411 -0.0358891
0.550209 -0.834879 -0.0157185 -140.737 0.834916 0.550345 -0.00592978 -9.02907 0.0136013 -0.00986103 0.999859 -0.0295833
0.55873 -0.829311 -0.00803844 -140.334 0.829329 0.558758 -0.00167162 -8.40866 0.00587784 -0.00573252 0.999966 -0.0372736
0.560367 -0.828003 -0.0199952 -139.806 0.828093 0.560563 -0.00561757 -7.59593 0.0158599 -0.0134099 0.999784 -0.0377961
0.564402 -0.825477 -0.00610097 -139.5 0.825495 0.56441 0.000596311 -7.06388 0.0029512 -0.00537287 0.999981 -0.0371596
0.564118 -0.825686 -0.00361834 -139.3 0.825694 0.564117 0.00129944 -6.73801 0.000968242 -0.00372068 0.999993 -0.0372425
0.614266 -0.786812 -0.0600332 -137.287 0.788069 0.615572 -0.00424427 -3.94773 0.0402942 -0.0447032 0.998187 -0.0769284
0.655092 -0.755538 -0.00410545 -136.815 0.755543 0.655099 -0.000284683 -3.26101 0.00290456 -0.00291535 0.999991 -0.0417936
0.678763 -0.73187 -0.0603879 -133.626 0.732667 0.680483 -0.0118853 0.269539 0.0497914 -0.0361769 0.998104 -0.0310479
0.728537 -0.684737 -0.0192413 -133.007 0.684889 0.728645 0.00191496 1.04287 0.0127088 -0.0145733 0.999813 -0.0700114
0.776596 -0.629863 -0.0130949 -132.286 0.629964 0.776605 0.00557442 1.8075 0.00665846 -0.0125784 0.999899 -0.0680402
0.785135 -0.618718 -0.0273908 -132.086 0.619017 0.785371 0.00323934 1.97842 0.0195077 -0.0194987 0.99962 -0.0666471
0.8665 -0.494995 -0.0644805 -130.131 0.497348 0.86714 0.0267107 3.37932 0.0426919 -0.0552141 0.997561 -0.103076
0.878012 -0.476556 -0.0445932 -129.756 0.477506 0.87853 0.0131664 3.63718 0.032902 -0.0328538 0.998918 -0.0958159
0.934287 -0.349333 -0.0712394 -127.294 0.352328 0.935236 0.0346263 4.80261 0.0545295 -0.0574505 0.996858 -0.0740252
0.947352 -0.318862 -0.0291711 -126.687 0.319277 0.9476 0.0107782 5.12205 0.0242057 -0.0195245 0.999516 -0.0952805
0.953991 -0.298978 -0.022666 -125.455 0.29923 0.954142 0.00859291 5.55991 0.0190575 -0.0149799 0.999706 -0.0899492
0.961883 -0.27226 -0.025627 -124.475 0.272826 0.961811 0.02204 5.92052 0.0186477 -0.0281916 0.999429 -0.0881727
0.974516 -0.223371 -0.0206048 -123.769 0.223878 0.974246 0.0269018 6.16706 0.0140651 -0.0308292 0.999426 -0.0715764
0.985904 -0.166084 -0.0202316 -123.015 0.166794 0.985146 0.0408248 6.40015 0.0131507 -0.0436238 0.998962 -0.0482316
0.992279 -0.118573 -0.0363758 -121.246 0.120765 0.990517 0.0655174 6.69963 0.0282622 -0.0694045 0.997188 -0.0975283
0.994129 -0.106671 -0.01811 -120.003 0.107565 0.992444 0.0590364 6.87537 0.0116757 -0.0606378 0.998092 -0.0506402
0.994428 -0.101254 -0.0293453 -119.512 0.102715 0.99327 0.0535202 6.98534 0.0237287 -0.0562362 0.998136 -0.0804239
0.996028 -0.0851979 -0.0258713 -119.055 0.0859241 0.995897 0.0283893 7.10133 0.0233464 -0.0304996 0.999262 -0.0223065
0.996905 -0.0785314 0.00358545 -118.551 0.0784547 0.996755 0.0180243 7.16272 -0.00498929 -0.0176872 0.999831 -0.0280769
0.998245 -0.0570651 -0.0157932 -117.187 0.0576418 0.997581 0.0388504 7.25675 0.013538 -0.0396926 0.99912 -0.0730162
0.99851 -0.0497352 -0.0224609 -116.701 0.0506239 0.99788 0.0409018 7.32622 0.020379 -0.0419779 0.998911 -0.0900431
0.999569 -0.026311 -0.0130046 -116.217 0.0266204 0.999352 0.0242218 7.39248 0.0123589 -0.0245576 0.999622 -0.0921696
0.999244 0.0385698 -0.00479208 -114.827 -0.0384238 0.998883 0.0275112 7.44359 0.00584783 -0.0273063 0.99961 -0.0391412
0.997958 0.0627866 -0.0117565 -114.055 -0.062445 0.997671 0.0274613 7.43452 0.0134533 -0.0266711 0.999554 -0.0796769
0.997194 0.0747287 -0.00451823 -113.026 -0.0744948 0.996448 0.0392759 7.42326 0.00743722 -0.0388291 0.999218 -0.104316
0.996228 0.0867652 -0.000995022 -112.486 -0.0866299 0.995198 0.0455716 7.44032 0.00494427 -0.0453135 0.998961 -0.0829244
0.993531 0.105492 -0.042039 -109.973 -0.102668 0.992625 0.0644653 7.27305 0.0485295 -0.0597322 0.997034 -0.0935293
0.991343 0.130936 -0.00970614 -108.694 -0.130505 0.990779 0.036419 7.21931 0.0143852 -0.034837 0.999289 -0.108016
0.990247 0.138662 -0.0135514 -108.19 -0.138176 0.989893 0.0319309 7.20272 0.0178421 -0.029747 0.999398 -0.142738
0.988092 0.153743 -0.00616711 -107.662 -0.153603 0.987951 0.0189479 7.18182 0.00900591 -0.017775 0.999801 -0.149487
0.976842 0.213853 -0.00683665 -106.579 -0.213669 0.976677 0.021152 7.0462 0.0112006 -0.0192014 0.999753 -0.142246
0.974424 0.224247 -0.0145676 -105.551 -0.223669 0.974089 0.0335106 6.82293 0.0217048 -0.0293952 0.999332 -0.0754455
0.976637 0.213799 -0.0217016 -105.083 -0.212825 0.976265 0.0401485 6.76215 0.0297702 -0.0345918 0.998958 -0.0889402
0.974502 0.223942 -0.0139972 -104.345 -0.223429 0.97422 0.0312109 6.65968 0.0206258 -0.0272877 0.999415 -0.0924654
0.962744 0.26872 -0.0302373 -101.94 -0.265835 0.960994 0.0763023 6.12685 0.0495618 -0.0654214 0.996626 -0.0646053
0.938884 0.34401 -0.0124146 -101.208 -0.343047 0.93803 0.0491796 6.00964 0.0285636 -0.0419151 0.998713 -0.051833
0.926968 0.37513 -0.00267459 -100.751 -0.374788 0.926385 0.0366742 5.89357 0.0162353 -0.0329934 0.999324 -0.0417309
0.899937 0.436002 0.00385413 -99.5661 -0.435759 0.899059 0.0425176 5.35355 0.0150727 -0.0399427 0.999088 -0.0484796
0.89694 0.442126 -0.00478811 -99.1333 -0.441355 0.89592 0.0503337 5.16961 0.0265436 -0.043033 0.998721 -0.0421415
0.892913 0.450221 0.00282237 -98.1996 -0.450007 0.892257 0.0370229 4.74975 0.0141502 -0.0343283 0.99931 -0.07142
0.892621 0.450807 -0.000793807 -97.7535 -0.450385 0.891858 0.0417385 4.5598 0.019524 -0.0368992 0.999128 -0.062584
0.889671 0.456563 0.00591694 -97.0591 -0.456524 0.889206 0.0299657 4.25887 0.00841984 -0.0293608 0.999533 -0.0740316
0.889232 0.457456 -0.000311848 -96.5947 -0.457127 0.888619 0.0373021 4.04922 0.0173412 -0.0330276 0.999304 -0.0597764
0.888819 0.457981 0.0159359 -95.4132 -0.458199 0.887605 0.0470167 3.45593 0.00738799 -0.0490912 0.998767 -0.0729232
0.890454 0.455026 -0.00651785 -94.9727 -0.453583 0.888606 0.068134 3.29211 0.0367946 -0.0577138 0.997655 -0.0779787
0.887867 0.459967 -0.0110905 -94.3323 -0.459153 0.887327 0.042755 2.98554 0.0295068 -0.0328685 0.999024 -0.070755
0.888733 0.458402 0.00462632 -93.4463 -0.45831 0.888238 0.0313932 2.57793 0.0102814 -0.0300205 0.999496 -0.0315912
0.889047 0.457783 -0.00545414 -93.121 -0.457271 0.888508 0.0381594 2.4388 0.0223148 -0.0314315 0.999257 -0.0372942
0.890793 0.454158 -0.0151106 -90.8322 -0.451339 0.888144 0.0865647 1.29587 0.0527344 -0.0702913 0.996132 -0.0610826
0.887014 0.461706 0.00582376 -90.1623 -0.461605 0.886373 0.0355554 1.05968 0.0112541 -0.0342264 0.999351 -0.0467582
0.884209 0.467065 0.00507458 -88.7229 -0.466617 0.882768 0.0546731 0.382118 0.0210562 -0.0507103 0.998491 -0.130717
0.884401 0.466718 -0.00301107 -87.5645 -0.465855 0.883123 0.0554276 -0.140053 0.0285282 -0.0476175 0.998458 -0.115201
0.885888 0.463886 -0.00344792 -87.1224 -0.463232 0.884988 0.04703 -0.310341 0.0248679 -0.0400662 0.998888 -0.114312
0.885053 0.465475 0.00382715 -86.6759 -0.46529 0.8844 0.0366205 -0.492142 0.0136612 -0.0341918 0.999322 -0.115472
0.895116 0.445783 0.0066186 -85.2873 -0.445389 0.893465 0.0578767 -1.19035 0.019887 -0.0547542 0.998302 -0.102839
0.902912 0.429826 0.000668969 -84.8172 -0.429041 0.901166 0.0618324 -1.35344 0.0259743 -0.0561162 0.998086 -0.0992661
0.902577 0.430529 -7.73198e-05 -84.3382 -0.43009 0.901664 0.04499 -1.5204 0.0194392 -0.0405737 0.998987 -0.0878551
0.903875 0.42778 -0.00382455 -83.8923 -0.42724 0.903118 0.0429402 -1.70541 0.021823 -0.0371786 0.99907 -0.0842846
0.914277 0.405082 0.00259561 -83.431 -0.404855 0.913509 0.0399197 -1.90764 0.0137996 -0.0375485 0.9992 -0.0749093
0.923744 0.383004 0.0020369 -82.9439 -0.382724 0.922837 0.0435193 -2.06851 0.0147883 -0.0409802 0.99905 -0.069994
0.929203 0.369566 -0.00145545 -82.4794 -0.369164 0.928363 0.0431241 -2.23126 0.0172884 -0.0395338 0.999069 -0.0770429
0.932476 0.361226 0.00228465 -82.0077 -0.360881 0.931269 0.0500345 -2.37612 0.0159461 -0.0474804 0.998745 -0.0505934
0.933452 0.358701 0.000954363 -81.5289 -0.358355 0.932429 0.046461 -2.53374 0.0157757 -0.0437111 0.99892 -0.0591157
0.933435 0.358657 -0.00797815 -81.0631 -0.357947 0.932609 0.0459734 -2.68937 0.0239292 -0.0400574 0.998911 -0.0190094
0.943299 0.331001 -0.025017 -78.1064 -0.32647 0.938733 0.110443 -3.73651 0.0600409 -0.0960132 0.993568 -0.0203588
0.941995 0.335618 -0.00235435 -77.6867 -0.3348 0.940145 0.063532 -3.79881 0.0235359 -0.0590586 0.997977 -0.0356873
0.942666 0.333674 0.00648416 -77.0152 -0.333653 0.941814 0.0407716 -4.02956 0.00749755 -0.0405974 0.999147 0.00158449
0.965281 0.261204 -0.00220108 -76.0725 -0.260841 0.964322 0.0452291 -4.32291 0.0139366 -0.0430847 0.998974 -0.0332981
0.968691 0.248269 5.71311e-05 -75.3292 -0.247986 0.967576 0.0479535 -4.46796 0.0118501 -0.0464663 0.99885 -0.0255149
0.969744 0.244123 0.000753615 -74.8093 -0.243927 0.968833 0.0431608 -4.53846 0.00980643 -0.0420388 0.999068 -0.00892834
0.970026 0.242974 0.00370479 -73.8048 -0.24291 0.969124 0.0423553 -4.73474 0.00670085 -0.0419857 0.999096 0.0315065
0.970996 0.239085 -0.00205634 -73.3061 -0.238617 0.969566 0.0548152 -4.81737 0.0150993 -0.0527347 0.998494 0.0203843
0.970793 0.239835 -0.00627115 -72.3247 -0.239345 0.96995 0.0437127 -5.00513 0.0165666 -0.040935 0.999024 0.0539147
0.973051 0.230415 -0.00897609 -71.8504 -0.229791 0.972184 0.0453251 -5.09601 0.01917 -0.042041 0.998932 0.0670728
0.976386 0.215872 -0.00837275 -71.1178 -0.215337 0.975614 0.0425115 -5.21931 0.0173456 -0.0397047 0.999061 0.049941
0.977479 0.210853 -0.00875506 -70.7404 -0.210235 0.976546 0.0464755 -5.2874 0.0183492 -0.0435882 0.998881 0.0409324
0.978729 0.204786 -0.0123293 -69.3703 -0.203817 0.977435 0.0554901 -5.50624 0.0234147 -0.0517968 0.998383 0.0221545
0.978678 0.205313 -0.0060555 -68.4456 -0.204655 0.977208 0.0563918 -5.62735 0.0174954 -0.0539501 0.99839 0.0331962
0.978156 0.207398 -0.0140609 -67.9524 -0.206245 0.976719 0.0590222 -5.6844 0.0259746 -0.0548329 0.998158 0.0199954
0.963017 0.269054 -0.0144347 -67.2279 -0.267702 0.961505 0.0619931 -5.77975 0.0305585 -0.0558362 0.997972 0.0417883
0.845696 0.533643 0.00489621 -65.6629 -0.532718 0.843612 0.0673096 -6.4957 0.0317888 -0.0595317 0.99772 0.0741803
0.774327 0.632769 0.0046329 -65.1745 -0.632303 0.77343 0.0446998 -6.7957 0.0247014 -0.0375417 0.99899 0.0785512
0.64953 0.760002 0.0225459 -64.5343 -0.760029 0.648139 0.0476653 -7.41459 0.0216128 -0.0480956 0.998609 0.132744
0.371554 0.927388 0.043578 -63.6325 -0.927435 0.368603 0.0632109 -9.06213 0.0425581 -0.063902 0.997048 0.132419
0.207609 0.97765 0.0331615 -63.3437 -0.977763 0.206368 0.0373108 -9.90474 0.0296334 -0.0401701 0.998753 0.150417
0.144894 0.988917 0.0323753 -63.2728 -0.989029 0.143804 0.033796 -10.2347 0.0287658 -0.036917 0.998904 0.14509
0.0520924 0.998243 0.0282223 -63.1981 -0.998394 0.0514292 0.0237361 -10.7226 0.0222429 -0.0294135 0.99932 0.167091
-0.106121 0.993514 0.040832 -63.2637 -0.993883 -0.107244 0.0263716 -11.7897 0.0305796 -0.0377837 0.998818 0.175975
-0.121637 0.991601 0.0439552 -63.2624 -0.99216 -0.122747 0.023504 -12.1478 0.028702 -0.0407517 0.998757 0.169841
-0.132247 0.990667 0.0330235 -63.3107 -0.990706 -0.133175 0.0276709 -12.4452 0.0318105 -0.0290572 0.999071 0.168687
-0.146969 0.988595 0.0328716 -63.3877 -0.989078 -0.147255 0.00643952 -13.01 0.0112066 -0.0315662 0.999439 0.195233
-0.157836 0.986692 0.0390621 -63.5028 -0.986713 -0.159136 0.0327726 -14.0505 0.0385527 -0.0333704 0.998699 0.196335
-0.158516 0.986593 0.0388177 -63.6226 -0.986461 -0.159924 0.0363248 -14.7547 0.0420457 -0.032534 0.998586 0.202896
-0.155001 0.987241 0.036476 -63.7485 -0.987809 -0.155419 0.0088971 -15.8362 0.0144526 -0.0346522 0.999295 0.176735
-0.15991 0.98655 0.0338727 -63.8134 -0.986615 -0.160842 0.0268608 -16.4072 0.0319477 -0.029124 0.999065 0.189757
-0.161225 0.986298 0.0349819 -63.8495 -0.986827 -0.16159 0.00785962 -16.8707 0.0134046 -0.0332539 0.999357 0.193466
-0.166954 0.985456 0.0316559 -63.9799 -0.985802 -0.167425 0.01282 -17.7045 0.0179335 -0.0290661 0.999417 0.154985
-0.143801 0.989114 0.0312349 -64.0538 -0.989333 -0.144432 0.0189597 -18.2592 0.0232646 -0.0281753 0.999332 0.162307
-0.0663437 0.996626 0.0483137 -64.1641 -0.997213 -0.0678832 0.0309532 -19.6881 0.0341284 -0.0461255 0.998352 0.176743
-0.0629583 0.9973 0.0377935 -64.1509 -0.997719 -0.063819 0.0220174 -20.1168 0.0243699 -0.0363211 0.999043 0.157174
-0.0655188 0.997628 0.0211038 -64.1672 -0.997678 -0.065887 0.0172502 -20.5152 0.0185997 -0.0199246 0.999628 0.157225
-0.0660679 0.997486 0.0256357 -64.1826 -0.99771 -0.0664125 0.0128332 -21.1455 0.0145035 -0.0247291 0.999589 0.15208
-0.0631308 0.997559 0.0298534 -64.2067 -0.997783 -0.0637204 0.0192308 -21.7905 0.0210862 -0.0285732 0.999369 0.150521
-0.0599551 0.99764 0.0334515 -64.1991 -0.998009 -0.0605667 0.0175787 -22.2286 0.0195633 -0.032331 0.999286 0.148228
-0.0614791 0.997673 0.0294791 -64.1991 -0.997936 -0.0619913 0.0167878 -22.6735 0.0185762 -0.0283861 0.999424 0.15287
-0.0624304 0.997653 0.0281366 -64.2071 -0.99782 -0.0629957 0.0196713 -23.1112 0.0213977 -0.0268472 0.999411 0.160581
-0.0601709 0.9977 0.0312004 -64.1921 -0.998098 -0.0605566 0.0115638 -23.5582 0.0134266 -0.0304452 0.999446 0.163609
-0.0564799 0.997879 0.0323584 -64.2185 -0.998248 -0.057014 0.0158302 -24.4942 0.0176415 -0.0314076 0.999351 0.162434
-0.0415099 0.998349 0.0397044 -64.2274 -0.998784 -0.0425199 0.0249419 -25.0553 0.0265889 -0.0386208 0.9989 0.150643
-0.0373655 0.998494 0.0401622 -64.1975 -0.998988 -0.0383305 0.0235313 -25.4504 0.0250353 -0.0392423 0.998916 0.152952
-0.039579 0.998508 0.0376177 -64.1883 -0.999095 -0.0401318 0.0140559 -25.8934 0.0155446 -0.0370273 0.999193 0.145007
-0.0443329 0.996943 0.0643305 -64.2325 -0.998071 -0.0469997 0.0405521 -27.6232 0.0434517 -0.0624086 0.997104 0.126344
-0.0481816 0.997938 0.0423989 -64.2136 -0.99867 -0.0489098 0.016309 -28.5698 0.0183491 -0.0415567 0.998968 0.156915
-0.0499182 0.997697 0.0459241 -64.2269 -0.998437 -0.0510061 0.0228291 -29.5799 0.025119 -0.0447127 0.998684 0.142226
-0.0591519 0.996923 0.0514395 -64.2428 -0.997856 -0.0604959 0.0249748 -30.6082 0.0280099 -0.0498519 0.998364 0.0875139
-0.0574326 0.997443 0.0425375 -64.2379 -0.998049 -0.0584077 0.0220474 -31.3671 0.0244755 -0.0411883 0.998852 0.144831
-0.0549923 0.99796 0.0324338 -64.239 -0.998273 -0.0556237 0.0189 -32.0958 0.0206655 -0.0313384 0.999295 0.164335
-0.0506461 0.997981 0.0383184 -64.2287 -0.998242 -0.0517671 0.0288504 -33.3724 0.0307758 -0.0367899 0.998849 0.163272
-0.0445752 0.998387 0.0351543 -64.2139 -0.998729 -0.0453645 0.0219836 -34.0953 0.0235429 -0.0341297 0.99914 0.163589
-0.0449816 0.998309 0.0368243 -64.224 -0.998462 -0.0461233 0.0307666 -35.0546 0.032413 -0.0353838 0.998848 0.150976
-0.0442923 0.998094 0.0429639 -64.1857 -0.998671 -0.0453699 0.0244389 -35.8451 0.0263415 -0.0418244 0.998778 0.150982
-0.0467101 0.9973 0.056657 -64.2246 -0.998095 -0.0488852 0.0376328 -37.6001 0.0403009 -0.0547913 0.997684 0.162554
-0.0472963 0.998079 0.0400088 -64.1985 -0.99874 -0.0479247 0.0148952 -38.3297 0.016784 -0.0392539 0.999088 0.132288
-0.0472857 0.998198 0.0369462 -64.1687 -0.998737 -0.0478751 0.0152341 -38.8198 0.0169754 -0.0361792 0.999201 0.146846
-0.0508223 0.998177 0.0325469 -64.1569 -0.998593 -0.0512832 0.0134848 -39.2993 0.0151293 -0.0318158 0.999379 0.142958
-0.0531699 0.998082 0.0317171 -64.1571 -0.998395 -0.0537533 0.017837 -40.0306 0.0195077 -0.0307178 0.999338 0.152192
-0.0492815 0.998148 0.0356685 -64.1605 -0.998537 -0.0500333 0.0205031 -40.532 0.0222497 -0.0346059 0.999153 0.149074
-0.0494355 0.998209 0.0336847 -64.1557 -0.998594 -0.0500439 0.0174655 -41.2618 0.0191199 -0.032774 0.99928 0.155583
-0.0530229 0.998017 0.0339198 -64.1915 -0.998409 -0.0536353 0.0174084 -42.3029 0.0191932 -0.0329428 0.999273 0.176394
-0.0509202 0.997799 0.0424796 -64.1743 -0.998381 -0.0519366 0.0231773 -42.7684 0.0253325 -0.0412306 0.998828 0.163784
-0.0489578 0.998113 0.037068 -64.1559 -0.998695 -0.0494594 0.0127391 -43.665 0.0145484 -0.036396 0.999232 0.154132
-0.0436078 0.998447 0.0346816 -64.1736 -0.999026 -0.0438147 0.00522608 -44.3765 0.00673753 -0.0344199 0.999385 0.138477
