0.35245 -0.935812 0.00583139 -189.91 0.935679 0.352498 0.0157798 -113.807 -0.0168225 -0.000105291 0.999858 -0.120747
0.352398 -0.935833 0.00578515 -189.905 0.935699 0.352445 0.0157921 -113.803 -0.0168177 -0.000151945 0.999859 -0.126746
0.35235 -0.935851 0.00572526 -189.904 0.935716 0.352397 0.0158611 -113.804 -0.0168612 -0.000231438 0.999858 -0.133846
0.352338 -0.935856 0.00572029 -189.907 0.935721 0.352384 0.0158752 -113.806 -0.0168726 -0.000240828 0.999858 -0.124546
0.35235 -0.935851 0.00572067 -189.907 0.935716 0.352396 0.0158799 -113.807 -0.0168771 -0.000242356 0.999858 -0.123746
0.352352 -0.93585 0.00574182 -189.903 0.935714 0.352399 0.0159363 -113.804 -0.0169374 -0.000242486 0.999857 -0.128846
0.352347 -0.935851 0.00584468 -189.906 0.935716 0.352396 0.015906 -113.806 -0.0169453 -0.000135481 0.999856 -0.128746
0.352422 -0.935823 0.00590439 -189.909 0.935688 0.352471 0.0158647 -113.807 -0.0169277 -6.63968e-05 0.999857 -0.129047
0.35236 -0.935845 0.00597351 -189.91 0.935711 0.352411 0.0158515 -113.807 -0.0169397 4.03449e-06 0.999857 -0.126047
0.352391 -0.935833 0.00601575 -189.907 0.935699 0.352443 0.0158619 -113.807 -0.0169643 3.93381e-05 0.999856 -0.134846
0.35235 -0.935848 0.00611476 -189.907 0.935714 0.352403 0.0158506 -113.809 -0.0169886 0.000136727 0.999856 -0.126947
0.352258 -0.935883 0.0061376 -189.904 0.935749 0.352312 0.0158052 -113.809 -0.0169542 0.000175725 0.999856 -0.131446
0.352247 -0.935887 0.00613658 -189.899 0.935754 0.3523 0.0157818 -113.807 -0.0169319 0.000183243 0.999857 -0.126246
0.349523 -0.936915 0.00486811 -189.887 0.936781 0.349555 0.0158859 -113.778 -0.0165854 -0.000992136 0.999862 -0.113745
0.349429 -0.936947 0.00552196 -189.846 0.936777 0.349471 0.017872 -113.637 -0.0186749 -0.00107214 0.999825 -0.104442
0.348362 -0.937337 0.00665546 -189.752 0.937201 0.348425 0.0159664 -113.418 -0.0172848 0.000675412 0.99985 -0.108235
0.347002 -0.937843 0.00636196 -189.682 0.937727 0.347059 0.0147714 -113.235 -0.0160613 0.000840068 0.999871 -0.11403
0.345102 -0.938532 0.00792696 -189.536 0.938374 0.345189 0.0172643 -112.836 -0.0189394 0.00148052 0.99982 -0.0988181
0.342547 -0.939454 0.00937067 -189.397 0.939294 0.342664 0.017555 -112.454 -0.0197031 0.00278838 0.999802 -0.108907
0.341984 -0.939677 0.00733066 -189.319 0.939521 0.342061 0.017184 -112.247 -0.018655 0.00101065 0.999825 -0.0892012
0.3413 -0.939918 0.00825367 -189.242 0.939742 0.341397 0.0182678 -112.045 -0.019988 0.00152151 0.999799 -0.102695
0.341972 -0.939669 0.00885229 -189.155 0.939459 0.342083 0.0198856 -111.838 -0.0217141 0.00151607 0.999763 -0.0847892
0.339765 -0.940473 0.0083478 -189.033 0.940253 0.339866 0.0203895 -111.526 -0.0220129 0.000921415 0.999757 -0.07958
0.337939 -0.941121 0.00942517 -188.888 0.940977 0.338055 0.0167407 -111.184 -0.0189413 0.00321153 0.999815 -0.0782697
0.338237 -0.941003 0.0104546 -188.764 0.940828 0.33838 0.0185093 -110.859 -0.0209549 0.00357545 0.999774 -0.0491604
0.336101 -0.941759 0.0112377 -188.552 0.941653 0.336244 0.0151634 -110.288 -0.0180589 0.00548556 0.999822 -0.0484442
0.336888 -0.941484 0.0106618 -188.376 0.941315 0.337035 0.0182864 -109.819 -0.0208097 0.00387567 0.999776 -0.0373308
0.335373 -0.942024 0.010755 -188.276 0.9419 0.335512 0.0160058 -109.582 -0.0186863 0.00476227 0.999814 -0.0404238
0.335581 -0.941925 0.012785 -188.086 0.941806 0.33576 0.016345 -109.097 -0.0196885 0.00655592 0.999785 -0.0478098
0.335995 -0.941708 0.0171332 -187.948 0.941709 0.336214 0.0120171 -108.713 -0.0170771 0.0120968 0.999781 -0.0679992
0.336555 -0.941553 0.0144743 -187.842 0.941562 0.336704 0.0094967 -108.468 -0.0138152 0.0104323 0.99985 -0.0557919
0.336436 -0.941642 0.011028 -187.646 0.94167 0.336502 0.00482679 -107.968 -0.00825607 0.00876086 0.999928 -0.0704776
0.336805 -0.941517 0.0103627 -187.55 0.941558 0.336844 0.00213623 -107.714 -0.00550189 0.00903754 0.999944 -0.0551704
0.336885 -0.941515 0.00757929 -187.396 0.941542 0.33685 -0.00547552 -107.323 0.0026022 0.00898084 0.999956 -0.0604593
0.337723 -0.941221 0.00687588 -187.303 0.941236 0.337677 -0.0070439 -107.069 0.00430804 0.00885071 0.999952 -0.0405523
0.337305 -0.941349 0.00933636 -187.203 0.941361 0.33719 -0.0119579 -106.81 0.00810841 0.0128223 0.999885 -0.046945
0.337713 -0.941232 0.00564761 -187.004 0.941194 0.337623 -0.0127958 -106.299 0.0101371 0.00963683 0.999902 -0.0521305
0.339362 -0.940636 0.0062013 -186.896 0.940621 0.339285 -0.0108107 -106.046 0.00806493 0.00950181 0.999922 -0.0632231
0.339099 -0.94072 0.00762774 -186.808 0.940691 0.338975 -0.0139881 -105.793 0.0105732 0.0119187 0.999873 -0.0558163
0.3387 -0.940859 0.00813677 -186.718 0.940838 0.338573 -0.0138301 -105.529 0.0102573 0.0123396 0.999871 -0.0311093
0.340147 -0.94034 0.00780865 -186.611 0.940318 0.340026 -0.0135988 -105.275 0.0101324 0.0119682 0.999877 -0.038602
0.338549 -0.940914 0.00812021 -186.505 0.940912 0.338446 -0.0118133 -105 0.00836703 0.0116398 0.999897 -0.0308943
0.339155 -0.940715 0.00545731 -186.318 0.940667 0.339059 -0.013579 -104.552 0.0109236 0.0097389 0.999893 -0.0603815
0.339046 -0.940759 0.00447682 -186.15 0.940742 0.338996 -0.0092648 -104.098 0.00719832 0.00735273 0.999947 -0.0382691
0.339078 -0.940754 0.00269077 -186.031 0.940697 0.339022 -0.0123456 -103.792 0.010702 0.00671733 0.99992 -0.0461606
0.33939 -0.940644 0.00162822 -185.845 0.940603 0.339358 -0.0101172 -103.314 0.00896414 0.00496519 0.999947 -0.0283474
0.339348 -0.940656 0.00306704 -185.735 0.940603 0.339289 -0.0122063 -103.003 0.0104413 0.00702705 0.999921 -0.0284391
0.338721 -0.940859 0.00716589 -185.611 0.940833 0.33861 -0.013301 -102.689 0.0100879 0.0112472 0.999886 -0.0116304
0.340648 -0.940153 0.0084357 -185.37 0.940137 0.340518 -0.01379 -102.07 0.0100922 0.0126282 0.999869 -0.0184134
0.34088 -0.940072 0.00804069 -185.192 0.940014 0.340714 -0.0169466 -101.606 0.0131915 0.0133351 0.999824 -0.0206008
0.340796 -0.940068 0.0113825 -185.075 0.940071 0.340603 -0.0160102 -101.283 0.0111737 0.0161565 0.999807 -0.0266923
0.341088 -0.939991 0.00872929 -184.951 0.939951 0.340923 -0.0162128 -100.989 0.0122639 0.0137351 0.99983 -0.036284
0.341908 -0.939707 0.00707007 -184.837 0.939635 0.341755 -0.0170068 -100.684 0.0135652 0.0124581 0.99983 -0.0123758
0.341629 -0.939801 0.0079324 -184.705 0.939767 0.341491 -0.014888 -100.375 0.0112829 0.0125408 0.999858 -0.0319671
0.341201 -0.939956 0.00799025 -184.586 0.939902 0.34104 -0.0166206 -100.073 0.0128976 0.013181 0.99983 -0.0172589
0.343667 -0.939079 0.00479103 -184.237 0.93896 0.343529 -0.0185165 -99.1604 0.0157426 0.0108621 0.999817 -0.0127345
0.341699 -0.9398 0.00410652 -184.123 0.939662 0.341565 -0.0191985 -98.8731 0.0166401 0.0104188 0.999807 -0.0098267
0.34419 -0.938864 0.00819575 -183.944 0.93879 0.344004 -0.0183009 -98.4029 0.0143627 0.0139931 0.999799 -0.0299142
0.34374 -0.93905 0.00523193 -183.82 0.938927 0.343589 -0.0190274 -98.0977 0.0160701 0.0114529 0.999805 -0.0354059
0.344231 -0.938885 0.000813589 -183.515 0.938713 0.344151 -0.0194498 -97.3352 0.0179811 0.00745894 0.999811 -0.0321854
0.344563 -0.938744 0.00597528 -183.412 0.938606 0.344381 -0.0204913 -97.0294 0.0171783 0.012669 0.999772 -0.0215778
0.345682 -0.938335 0.00561198 -183.294 0.938218 0.345526 -0.0189276 -96.7244 0.0158214 0.0118082 0.999805 -0.0309697
0.345243 -0.938493 0.00612298 -183.173 0.938368 0.345067 -0.019864 -96.4257 0.0165294 0.0126035 0.999784 -0.0322617
0.346419 -0.938068 0.00473054 -182.991 0.937918 0.346261 -0.020299 -95.9698 0.0174039 0.0114688 0.999783 -0.0453495
0.34663 -0.937977 0.0068434 -182.88 0.937858 0.34644 -0.0200411 -95.6695 0.0164273 0.013365 0.999776 -0.0252418
0.347364 -0.937709 0.00637155 -182.745 0.937552 0.347157 -0.0218842 -95.3629 0.0183091 0.0135754 0.99974 -0.0308334
0.346787 -0.937937 0.00368521 -182.628 0.937741 0.346628 -0.0221562 -95.0627 0.0195037 0.0111393 0.999748 -0.0125255
0.346992 -0.937864 0.0027044 -182.444 0.937704 0.346876 -0.0197196 -94.6142 0.0175563 0.00937849 0.999802 -0.00141353
0.346413 -0.93805 0.00780407 -182.345 0.937941 0.346205 -0.020212 -94.3004 0.0162581 0.0143215 0.999765 0.00599397
0.348469 -0.9373 0.00618258 -182.036 0.937189 0.348303 -0.019028 -93.5366 0.0156816 0.0124249 0.9998 -0.0249859
0.348223 -0.937407 0.00291622 -181.749 0.937283 0.348122 -0.0176771 -92.7654 0.0155555 0.00888892 0.999839 -0.0229664
0.35005 -0.936728 0.00238719 -181.384 0.936619 0.349968 -0.0163288 -91.8456 0.0144602 0.00795177 0.999864 -0.00264263
0.351321 -0.936242 0.00486657 -181.148 0.936112 0.351172 -0.0192894 -91.2433 0.0163506 0.0113324 0.999802 -0.00972725
0.350957 -0.93639 0.00174707 -180.979 0.936198 0.350846 -0.0209714 -90.7735 0.0190244 0.00899566 0.999779 -0.0100157
0.351413 -0.93622 0.00140284 -180.847 0.936011 0.351302 -0.0216795 -90.4786 0.019804 0.00893153 0.999764 -0.0328078
0.353187 -0.935532 0.00628658 -180.673 0.935437 0.35303 -0.0180764 -90.0198 0.0146917 0.012265 0.999817 -0.0252963
0.351803 -0.936051 0.00655286 -180.489 0.935941 0.351627 -0.0193058 -89.5766 0.0157671 0.0129249 0.999792 -0.0189848
0.353773 -0.935318 0.0049483 -180.262 0.935212 0.353638 -0.0178669 -88.9644 0.0149613 0.0109485 0.999828 -0.00476979
0.353569 -0.935398 0.00428946 -180.141 0.935277 0.353439 -0.0183562 -88.6699 0.0156543 0.010502 0.999822 -0.00186224
0.355707 -0.934574 0.00666996 -180.017 0.934488 0.355547 -0.0178654 -88.3667 0.014325 0.0125878 0.999818 -0.00325453
0.354312 -0.935075 0.00984248 -179.897 0.935014 0.354087 -0.0192589 -88.061 0.0145234 0.0160265 0.999766 -0.0270469
0.356204 -0.934396 0.00472825 -179.605 0.93427 0.356059 -0.0189999 -87.3305 0.0160699 0.0111853 0.999808 -0.0221286
0.35639 -0.934323 0.00513042 -179.483 0.934195 0.356234 -0.0193964 -87.0308 0.0162949 0.0117055 0.999799 -0.011821
0.354557 -0.935005 0.00739516 -179.382 0.934897 0.354357 -0.0199689 -86.7413 0.0160505 0.0139938 0.999773 -0.0120142
0.354145 -0.935189 0.00149396 -179.035 0.935061 0.354069 -0.0172206 -85.8461 0.0155756 0.00749555 0.999851 -0.000792284
0.355603 -0.934628 0.00425929 -178.923 0.934552 0.355505 -0.0151529 -85.5449 0.0126482 0.00936895 0.999876 -0.00768509
0.373092 -0.927794 0.000868524 -178.734 0.927719 0.373049 -0.0130651 -85.0947 0.0117977 0.00568023 0.999914 -0.0165737
0.396812 -0.91789 0.00425715 -178.471 0.917838 0.396726 -0.0135002 -84.525 0.0107027 0.00926439 0.9999 0.00274125
0.419314 -0.907785 0.0101319 -178.07 0.90781 0.41918 -0.0129883 -83.6665 0.00754348 0.014644 0.999864 -0.00773618
0.419097 -0.907878 0.010771 -177.931 0.907891 0.418919 -0.01549 -83.3792 0.00955088 0.0162707 0.999822 0.00187148
0.420151 -0.907375 0.011985 -177.792 0.907384 0.419918 -0.0180016 -83.0882 0.0113014 0.0184384 0.999766 -2.0824e-05
0.423109 -0.90606 0.00583456 -177.516 0.905981 0.422959 -0.0174453 -82.5363 0.0133387 0.0126672 0.999831 0.00689406
0.423175 -0.906048 -0.000258081 -177.381 0.90592 0.42312 -0.0166695 -82.2699 0.0152126 0.00682032 0.999861 0.00840129
0.426434 -0.904498 0.006128 -176.914 0.904385 0.426244 -0.02009 -81.2747 0.0155594 0.0141091 0.999779 -0.000472937
0.428673 -0.903456 0.00249827 -176.713 0.903356 0.428581 -0.0162864 -80.849 0.0136434 0.00923839 0.999864 0.0114381
0.410939 -0.911651 0.00474304 -176.274 0.911588 0.410832 -0.0149822 -79.8904 0.01171 0.0104805 0.999876 -0.00773763
0.412202 -0.911057 0.00800388 -175.774 0.911028 0.412052 -0.0155272 -78.7908 0.0108481 0.0136921 0.999847 0.00628992
0.412434 -0.910936 0.00967781 -175.636 0.910894 0.412217 -0.0186658 -78.5169 0.013014 0.0165139 0.999779 -0.0016029
0.41487 -0.909805 0.0117118 -175.446 0.909808 0.414639 -0.0180138 -78.0827 0.0115329 0.0181289 0.999769 -0.00789232
0.412834 -0.9108 0.00335185 -175.252 0.910669 0.412705 -0.0188591 -77.6762 0.0157935 0.0108381 0.999817 -0.008182
0.416974 -0.908901 0.005591 -174.668 0.90879 0.416803 -0.019419 -76.4099 0.0153197 0.0131783 0.999796 0.0074494
0.418236 -0.908328 0.00426803 -174.602 0.908225 0.418104 -0.0177994 -76.2646 0.0143833 0.0113207 0.999832 0.0105529
0.418408 -0.908255 0.00287214 -174.336 0.908091 0.418268 -0.0205579 -75.7206 0.0174705 0.0112098 0.999785 0.0166667
0.421069 -0.907022 0.00354526 -174.01 0.90688 0.420926 -0.0197518 -75.013 0.016423 0.011532 0.999799 0.022084
0.422621 -0.906298 0.00384525 -173.766 0.906166 0.422477 -0.0193958 -74.4278 0.0159539 0.0116815 0.999804 0.0247976
0.422875 -0.906187 0.00102933 -173.632 0.906052 0.422792 -0.0177912 -74.1507 0.015687 0.0084561 0.999841 0.0239045
0.423621 -0.905826 0.00499464 -173.437 0.905703 0.423455 -0.0196796 -73.7015 0.0157113 0.0128603 0.999794 0.051015
0.423374 -0.905951 0.00274918 -173.309 0.905797 0.423241 -0.0199765 -73.4136 0.0169341 0.0109477 0.999797 0.0489218
0.42646 -0.904497 0.00411225 -173.174 0.904303 0.426263 -0.0231415 -73.1321 0.0191785 0.0135876 0.999724 0.0553287
0.42615 -0.904653 -0.000127392 -172.668 0.904403 0.426036 -0.0234152 -72.1115 0.0212369 0.00986316 0.999726 0.0345541
0.42908 -0.903266 0.000508883 -172.493 0.903059 0.42897 -0.0216693 -71.7706 0.0193549 0.00975743 0.999765 0.0380627
0.42757 -0.903981 -0.00136214 -172.249 0.903752 0.427495 -0.0219258 -71.2538 0.0204028 0.00814378 0.999759 0.0407752
0.429306 -0.903045 -0.0143582 -172.085 0.902969 0.429487 -0.0137068 -70.9134 0.0185445 -0.00708055 0.999803 0.0531834
0.430264 -0.902701 0.00200675 -171.923 0.902522 0.430133 -0.0209646 -70.5139 0.0180616 0.0108314 0.999778 0.0532922
0.43145 -0.902076 0.010526 -171.641 0.901944 0.431086 -0.0257433 -69.9621 0.0186848 0.0206008 0.999613 0.0476059
0.429811 -0.902902 0.00554534 -171.281 0.902699 0.429563 -0.0246809 -69.2258 0.0199023 0.0156139 0.99968 0.0471237
0.435127 -0.900365 -0.0025945 -170.617 0.90018 0.435093 -0.0192261 -67.7662 0.0184394 0.00603028 0.999812 0.0445572
0.435272 -0.900294 0.00291857 -170.288 0.900162 0.435147 -0.0188607 -67.0205 0.0157102 0.0108367 0.999818 0.0443739
0.435547 -0.900146 0.00589792 -170.034 0.90001 0.435341 -0.0214442 -66.5097 0.0167353 0.0146482 0.999753 0.0463861
0.440492 -0.897756 0.000146237 -169.287 0.897609 0.440417 -0.0181671 -65.012 0.0162452 0.00813373 0.999835 0.0507214
0.444673 -0.89569 0.00235096 -168.631 0.895565 0.444564 -0.0180739 -63.5535 0.0151434 0.0101424 0.999834 0.0840536
0.445072 -0.895491 0.00263913 -168.401 0.895349 0.444945 -0.0193299 -63.0843 0.0161355 0.0109661 0.99981 0.0781644
0.44636 -0.894843 0.00431799 -168.031 0.894724 0.446208 -0.0191658 -62.2962 0.0152236 0.0124182 0.999807 0.0717819
0.445854 -0.895076 0.00730613 -167.885 0.894981 0.445641 -0.0203128 -61.9623 0.0149256 0.0155954 0.999767 0.068589
0.448765 -0.893621 0.00722228 -167.584 0.893526 0.448554 -0.020258 -61.347 0.0148633 0.0155444 0.999769 0.0643029
0.450806 -0.892579 0.00873346 -167.285 0.89254 0.450612 -0.0179064 -60.6933 0.0120475 0.0158673 0.999802 0.066617
0.451921 -0.892021 0.00810769 -166.976 0.891958 0.451716 -0.0190794 -60.0709 0.0133568 0.0158541 0.999785 0.063731
0.453791 -0.891048 0.010398 -166.602 0.890992 0.453512 -0.0214773 -59.2816 0.0144217 0.0190107 0.999715 0.0547483
0.455691 -0.890094 0.00886153 -166.319 0.890033 0.455462 -0.0198752 -58.6653 0.0136547 0.016944 0.999763 0.0626613
0.45624 -0.889818 0.00832889 -166.143 0.889718 0.455984 -0.0219089 -58.3207 0.015697 0.0174061 0.999725 0.0599691
0.459183 -0.888286 0.00994814 -165.984 0.888245 0.45894 -0.0198638 -57.9736 0.0130792 0.0179575 0.999753 0.0599764
0.458712 -0.888563 0.00625982 -165.796 0.888429 0.458487 -0.0219934 -57.5949 0.0166724 0.01565 0.999739 0.0470848
0.460317 -0.887733 0.00619038 -165.62 0.887613 0.460108 -0.0210404 -57.2141 0.01583 0.0151799 0.999759 0.0537928
0.460318 -0.887721 0.00769756 -165.445 0.887612 0.460072 -0.021876 -56.8628 0.0158784 0.0169024 0.999731 0.0464005
0.459181 -0.888308 0.00785778 -165.267 0.8882 0.45893 -0.0220114 -56.5015 0.0159467 0.0170865 0.999727 0.0330083
0.462142 -0.886794 0.0046612 -165.084 0.886707 0.462005 -0.0173883 -56.125 0.0132663 0.012169 0.999838 0.0566164
0.462165 -0.886792 0.00191019 -164.817 0.886655 0.462054 -0.0186861 -55.5641 0.0156881 0.0103298 0.999824 0.0706282
0.463801 -0.885923 0.00545206 -164.624 0.885846 0.463654 -0.017404 -55.1951 0.0128907 0.0129017 0.999834 0.0628364
0.463303 -0.886193 0.00340979 -164.453 0.886044 0.463146 -0.0205284 -54.8201 0.0166129 0.0125321 0.999783 0.0438441
0.464772 -0.885428 0.00193197 -164.271 0.885307 0.46467 -0.0177097 -54.4339 0.014783 0.00994139 0.999841 0.0656521
0.467368 -0.884039 0.00647978 -163.524 0.883942 0.467171 -0.0199762 -52.8928 0.0146326 0.015064 0.999779 0.0603843
0.468221 -0.883566 0.00896558 -163.332 0.883526 0.468011 -0.0186317 -52.4862 0.0122663 0.0166451 0.999786 0.0525926
0.468152 -0.883573 0.0114877 -162.944 0.883552 0.467869 -0.0208604 -51.6644 0.0130569 0.0199158 0.999716 0.0608093
0.468198 -0.883572 0.00958778 -162.84 0.883516 0.467943 -0.0207266 -51.4588 0.0138269 0.0181751 0.999739 0.0599136
0.469824 -0.882705 0.00987916 -162.433 0.882656 0.469567 -0.0206106 -50.6463 0.0135542 0.0184033 0.999739 0.0590305
0.47119 -0.882011 0.00603988 -162.232 0.881867 0.470959 -0.0225602 -50.2328 0.0170539 0.0159565 0.999727 0.0554389
0.473125 -0.880975 0.00597269 -161.531 0.880855 0.472918 -0.0210472 -48.784 0.0157175 0.015219 0.999761 0.041268
0.473828 -0.880597 0.00599081 -161.316 0.880415 0.473561 -0.024697 -48.3936 0.0189111 0.0169765 0.999677 0.0437764
0.475182 -0.879868 0.00582561 -161.13 0.879739 0.474969 -0.0215389 -47.9744 0.0161844 0.0153599 0.999751 0.0457843
0.475499 -0.879671 0.00894296 -160.607 0.87956 0.475198 -0.0236865 -46.9296 0.0165867 0.0191288 0.999679 0.0443053
0.476326 -0.879234 0.00777649 -160.401 0.87908 0.476022 -0.0249312 -46.4851 0.0182186 0.0187116 0.999659 0.0202138
0.477666 -0.878477 0.0106209 -160.192 0.878407 0.477347 -0.0232884 -46.0597 0.0153885 0.0204535 0.999672 0.0373221
0.480185 -0.877152 0.00522364 -159.545 0.876934 0.479911 -0.0259177 -44.725 0.0202268 0.017026 0.99965 0.0317479
0.482787 -0.875714 0.00648504 -159.208 0.875521 0.482489 -0.0258366 -44.0589 0.0194965 0.0181513 0.999645 0.033261
0.484765 -0.874625 0.00579469 -158.985 0.874454 0.484511 -0.0240861 -43.5819 0.0182587 0.0167433 0.999693 0.00996982
0.485149 -0.874397 0.00775599 -158.76 0.874231 0.484829 -0.0257181 -43.1199 0.0187275 0.0192576 0.999639 0.0218786
0.486894 -0.873452 0.00403948 -158.536 0.873288 0.4867 -0.0221519 -42.6784 0.0173826 0.0143132 0.999746 0.00478714
0.487638 -0.873034 0.00456269 -158.188 0.872813 0.487381 -0.0256232 -41.9861 0.0201462 0.0164772 0.999661 0.00430039
0.488421 -0.872571 0.00802845 -157.965 0.872432 0.488116 -0.024602 -41.5081 0.0175482 0.0190204 0.999665 0.0161091
0.491673 -0.870777 0.00217396 -157.614 0.870601 0.49152 -0.0214946 -40.8087 0.0176485 0.012461 0.999767 0.0104223
0.494492 -0.869181 0.00128885 -157.15 0.869054 0.494393 -0.0178861 -39.8549 0.0149091 0.00996461 0.999839 -0.000360232
0.493387 -0.869801 0.00396857 -156.913 0.869657 0.49321 -0.0209847 -39.3912 0.0162952 0.0138049 0.999772 -0.00255149
0.495691 -0.868427 0.011133 -156.439 0.868361 0.495343 -0.0241817 -38.4425 0.0154854 0.0216541 0.999646 -0.019434
0.496348 -0.867991 0.015197 -156.213 0.868043 0.495986 -0.0223651 -37.9556 0.0118752 0.0242925 0.999634 -0.0371256
0.497907 -0.867119 0.0138921 -155.971 0.867128 0.497538 -0.0233493 -37.4827 0.0133348 0.023672 0.999631 -0.0359168
0.499717 -0.866078 0.0138903 -155.741 0.866129 0.499429 -0.0197948 -36.9952 0.0102066 0.0219226 0.999708 -0.0282083
0.501624 -0.865063 0.00628064 -155.396 0.864917 0.50137 -0.0234035 -36.3148 0.0170965 0.017172 0.999706 -0.014496
0.507793 -0.861468 0.0044774 -154.68 0.861391 0.50766 -0.0169424 -34.8605 0.0123223 0.01246 0.999846 -0.0328705
0.508824 -0.860828 0.00858713 -154.264 0.860762 0.508576 -0.0209751 -34.0841 0.0136888 0.0180641 0.999743 -0.0595562
0.508045 -0.861295 0.0078732 -154.182 0.861213 0.507803 -0.0211997 -33.9154 0.0142611 0.0175509 0.999744 -0.0555533
0.512435 -0.858536 0.0180509 -153.811 0.858571 0.51183 -0.0297467 -33.1704 0.0162996 0.0307412 0.999394 -0.0567404
0.511631 -0.859202 0.0023695 -153.661 0.859034 0.511472 -0.0213861 -32.8769 0.017163 0.0129773 0.999768 -0.0428353
0.518333 -0.855179 0.00020396 -153.245 0.854938 0.518181 -0.0238662 -32.03 0.0203042 0.012545 0.999715 -0.0360209
0.517452 -0.855708 -0.00260802 -153.161 0.855362 0.517325 -0.0270222 -31.8661 0.0244723 0.0117519 0.999631 0.00388192
0.513741 -0.854361 0.0783496 -152.763 0.857791 0.509765 -0.06584 -31.0502 0.0163112 0.101032 0.994749 -0.0309045
0.517293 -0.855801 0.003461 -152.502 0.855633 0.517102 -0.0223031 -30.5311 0.0172973 0.0144986 0.999745 -0.0195957
0.519298 -0.854593 0.000379845 -152.226 0.85445 0.519202 -0.0185422 -30.0041 0.0156488 0.00995349 0.999828 -0.0328866
0.519049 -0.854737 0.00354243 -152.001 0.854573 0.518857 -0.0221988 -29.5668 0.0171361 0.0145495 0.999747 -0.0292792
0.518928 -0.85481 0.00360425 -151.764 0.854685 0.518769 -0.0198234 -29.1058 0.0150755 0.0133674 0.999797 -0.0301714
0.51732 -0.85575 0.00849247 -151.437 0.855651 0.51703 -0.0232578 -28.4388 0.015512 0.0192983 0.999693 -0.0497606
0.520413 -0.853887 0.00686542 -150.784 0.853758 0.520146 -0.023366 -27.1528 0.0163809 0.0180214 0.999703 -0.0386396
0.520914 -0.853597 0.00452995 -150.303 0.853494 0.520749 -0.0191984 -26.1955 0.0140287 0.013867 0.999805 -0.0448242
0.523071 -0.852236 0.00954469 -149.176 0.852133 0.522727 -0.0250229 -23.9648 0.0163362 0.0212221 0.999641 -0.0631889
0.523702 -0.851891 0.00422009 -148.782 0.851749 0.523508 -0.021506 -23.233 0.0161115 0.0148572 0.99976 -0.062077
0.525913 -0.850533 0.00313716 -148.538 0.850345 0.525711 -0.0232798 -22.7305 0.018151 0.0149108 0.999724 -0.0581695
0.525975 -0.850496 0.00276241 -148.167 0.850262 0.525748 -0.0253487 -22.0076 0.0201066 0.0156815 0.999675 -0.0702583
0.526224 -0.850339 0.00347676 -147.797 0.850125 0.52599 -0.0249251 -21.2883 0.019366 0.0160718 0.999683 -0.0749473
0.524861 -0.851185 0.00236593 -147.552 0.850912 0.524618 -0.0269156 -20.8277 0.0216689 0.0161401 0.999635 -0.0810401
0.538818 -0.842399 0.00627242 -147.08 0.842222 0.538512 -0.025816 -19.9188 0.0183696 0.0191929 0.999647 -0.0671263
0.567735 -0.823206 -0.00294033 -145.504 0.822964 0.567648 -0.0225095 -17.1238 0.020199 0.0103596 0.999742 -0.065982
0.585076 -0.810976 -0.00231321 -144.861 0.810703 0.584949 -0.0243907 -16.0688 0.0211334 0.0123951 0.9997 -0.0569646
0.592907 -0.805271 0.000331105 -144.608 0.805073 0.592753 -0.0223994 -15.6488 0.0178413 0.0135473 0.999749 -0.0552578
0.595588 -0.803278 0.00439998 -143.931 0.803046 0.595263 -0.0279113 -14.561 0.0198014 0.020157 0.999601 -0.0789399
0.597408 -0.801934 0.00247387 -143.836 0.801671 0.597127 -0.027615 -14.4087 0.0206682 0.0184807 0.999616 -0.0693374
0.599581 -0.800309 0.00272138 -142.767 0.800025 0.59927 -0.0288907 -12.7249 0.0214906 0.0194995 0.999579 -0.0787098
0.599431 -0.800323 -0.0128411 -142.463 0.800218 0.599564 -0.0132085 -12.2159 0.0182701 -0.0023581 0.99983 -0.067902
0.598038 -0.801148 0.0226347 -142.123 0.801337 0.59719 -0.0349761 -11.6619 0.0145038 0.039055 0.999132 -0.110293
0.603267 -0.797451 0.0118971 -141.887 0.797397 0.60281 -0.0279008 -11.2801 0.0150779 0.0263183 0.99954 -0.104487
0.606321 -0.795206 0.00469893 -141.69 0.794996 0.605998 -0.0273559 -10.9878 0.018906 0.0203221 0.999615 -0.117483
0.603799 -0.795057 -0.0575366 -141.286 0.796948 0.603652 0.0218766 -10.3448 0.0173389 -0.0590627 0.998104 -0.0545725
0.611037 -0.791465 -0.0147086 -141.107 0.791338 0.611208 -0.0144891 -10.0285 0.0204577 -0.00278612 0.999787 -0.097068
0.609546 -0.789657 0.0699657 -140.949 0.792581 0.60521 -0.0744098 -9.7705 0.0164143 0.10081 0.99477 -0.0724642
0.614429 -0.788961 0.00427222 -140.293 0.788826 0.614202 -0.0225798 -8.74707 0.0151905 0.0172437 0.999736 -0.114748
0.614815 -0.78867 0.00153376 -140.097 0.788499 0.614638 -0.0221215 -8.44831 0.0165039 0.01481 0.999754 -0.120144
0.615588 -0.788068 -0.000846224 -139.703 0.787957 0.615519 -0.0161223 -7.82065 0.0132263 0.0092579 0.99987 -0.101434
0.617348 -0.786684 0.00312998 -139.177 0.786582 0.617192 -0.01905 -7.00297 0.0130545 0.0142225 0.999814 -0.120222
0.618223 -0.785988 0.00474809 -138.871 0.78588 0.618009 -0.0213984 -6.53544 0.0138845 0.0169604 0.99976 -0.118314
0.618296 -0.785938 0.00351191 -138.65 0.785793 0.618082 -0.022436 -6.20278 0.0154626 0.0166317 0.999742 -0.120409
0.680067 -0.733136 0.00463952 -136.698 0.73298 0.679759 -0.0258376 -3.40978 0.0157887 0.0209719 0.999655 -0.126065
0.703154 -0.711025 0.00413437 -136.128 0.710833 0.702801 -0.0280458 -2.73949 0.0170356 0.0226594 0.999598 -0.162153
0.748293 -0.66322 -0.0140031 -132.948 0.662968 0.748408 -0.0189132 0.81062 0.0230237 0.00486899 0.999723 -0.144785
0.767329 -0.641238 -0.00439435 -132.176 0.64087 0.767089 -0.0293285 1.62797 0.0221774 0.0196884 0.99956 -0.138069
0.806298 -0.591502 -0.00304496 -131.354 0.591176 0.806006 -0.0294095 2.38264 0.01985 0.0219127 0.999563 -0.141152
0.817372 -0.576086 -0.00528638 -131.147 0.575795 0.817194 -0.0255614 2.56535 0.0190456 0.0178493 0.999659 -0.140648
0.893054 -0.449938 -0.00316903 -129.344 0.449726 0.89281 -0.0252248 3.82487 0.0141789 0.0211019 0.999677 -0.175412
0.905332 -0.424646 -0.00711706 -128.886 0.424442 0.905233 -0.020046 4.10314 0.014955 0.0151275 0.999774 -0.171003
0.958965 -0.283273 -0.0119194 -126.522 0.283041 0.958939 -0.0180185 5.23497 0.0165341 0.0139055 0.999767 -0.184856
0.966327 -0.256807 -0.0161703 -125.807 0.256545 0.966389 -0.0166427 5.51558 0.0199008 0.0119339 0.999731 -0.164643
0.968723 -0.247615 -0.0162146 -124.596 0.247405 0.968812 -0.0139116 5.95863 0.0191537 0.00946492 0.999772 -0.164319
0.974959 -0.222014 -0.0128672 -123.61 0.221827 0.974978 -0.0145037 6.29737 0.0157652 0.0112862 0.999812 -0.155
0.984793 -0.173534 -0.00824483 -122.861 0.173402 0.984742 -0.0146543 6.51064 0.010662 0.0130018 0.999859 -0.165886
0.993027 -0.117785 0.00488819 -122.106 0.117817 0.99301 -0.00705823 6.70343 -0.00402267 0.00758493 0.999963 -0.149972
0.997898 -0.0632375 0.0141728 -120.34 0.0634243 0.9979 -0.013139 7.01625 -0.0133122 0.0140103 0.999813 -0.149939
0.998859 -0.0459269 0.0130793 -119.076 0.0460898 0.99886 -0.0124392 7.21247 -0.0124931 0.0130279 0.999837 -0.148315
0.999127 -0.0410651 0.00763445 -118.564 0.0410956 0.999148 -0.00388177 7.28079 -0.00746853 0.00419212 0.999963 -0.134406
0.999471 -0.0325076 -0.000851948 -118.033 0.0325053 0.999468 -0.00264683 7.34213 0.000937537 0.00261773 0.999996 -0.131296
0.999554 -0.0285023 -0.00892134 -117.518 0.0283175 0.999395 -0.0201988 7.40735 0.00949165 0.0199371 0.999756 -0.128986
0.999928 -0.0100375 -0.00658496 -116.217 0.0099421 0.999847 -0.0143704 7.56149 0.0067282 0.0143039 0.999875 -0.133163
0.999932 0.00509085 -0.0105155 -115.688 -0.00525008 0.999871 -0.0151701 7.60412 0.0104369 0.0152243 0.99983 -0.129653
0.999554 0.0269418 -0.0129165 -115.162 -0.0271217 0.999535 -0.0139656 7.64066 0.0125342 0.0143097 0.999819 -0.126344
0.996092 0.0870418 -0.014956 -113.854 -0.0872949 0.996034 -0.0171949 7.67055 0.0134 0.0184333 0.99974 -0.13442
0.993839 0.10981 -0.0150212 -113.07 -0.110047 0.993798 -0.015982 7.66655 0.013173 0.0175366 0.999759 -0.135206
0.992315 0.123318 -0.0101388 -111.993 -0.123509 0.992121 -0.0210281 7.64794 0.00746576 0.0221187 0.999727 -0.135187
0.990875 0.134232 -0.0121471 -111.451 -0.134507 0.990581 -0.0256215 7.62756 0.00859345 0.0270216 0.999598 -0.145478
0.988857 0.148246 -0.0136274 -109.055 -0.14846 0.988784 -0.0163344 7.50396 0.011053 0.0181755 0.999774 -0.155436
0.984757 0.172861 -0.0192831 -107.698 -0.173235 0.984682 -0.019783 7.38004 0.015568 0.0228219 0.999618 -0.189213
0.983002 0.182525 -0.0197951 -107.179 -0.182814 0.98305 -0.0138707 7.33153 0.0169279 0.0172537 0.999708 -0.183404
0.980964 0.192985 -0.021607 -106.646 -0.193269 0.981073 -0.0119122 7.27594 0.0188992 0.0158615 0.999696 -0.181995
0.969476 0.244181 -0.0222039 -105.599 -0.244407 0.969639 -0.00809584 7.12112 0.0195529 0.0132755 0.999721 -0.165678
0.966927 0.254313 -0.0194277 -104.548 -0.254548 0.967001 -0.0107141 6.93585 0.0160619 0.015305 0.999754 -0.18866
0.966852 0.255226 -0.00757235 -104.068 -0.255187 0.966874 0.00578536 6.86431 0.00879809 -0.00366122 0.999955 -0.155052
0.965991 0.25854 -0.00440777 -103.281 -0.258524 0.965997 0.00384604 6.72477 0.00525225 -0.00257572 0.999983 -0.151739
0.951451 0.307671 -0.00891528 -100.971 -0.307755 0.951408 -0.0104903 6.23718 0.0052545 0.0127247 0.999905 -0.161102
0.926259 0.376879 -0.00253325 -100.236 -0.376886 0.926254 -0.00316367 6.00906 0.00115411 0.00388513 0.999992 -0.15469
0.913795 0.406094 -0.00810358 -99.7701 -0.406159 0.913755 -0.00933244 5.83719 0.00361484 0.0118193 0.999924 -0.133683
0.884806 0.465864 -0.00943641 -98.5774 -0.465937 0.884781 -0.00804897 5.34595 0.00459943 0.0115185 0.999923 -0.135464
0.880127 0.474661 -0.00855886 -98.1235 -0.474716 0.880117 -0.00618251 5.14341 0.0045982 0.00950442 0.999944 -0.126756
0.877702 0.47912 -0.00912958 -97.2055 -0.479188 0.877678 -0.00777651 4.72791 0.00428694 0.0112002 0.999928 -0.131642
0.876449 0.481344 -0.0120616 -96.7466 -0.481459 0.876414 -0.00972929 4.52305 0.0058878 0.0143344 0.99988 -0.109935
0.87597 0.48217 -0.0137285 -96.0553 -0.482305 0.875956 -0.00909133 4.20146 0.00764196 0.014585 0.999864 -0.109424
0.875734 0.482611 -0.0132979 -95.5893 -0.482734 0.875726 -0.00841292 3.9925 0.00758519 0.0137868 0.999876 -0.0958172
0.874606 0.484708 -0.0111179 -94.4113 -0.484831 0.87427 -0.0243182 3.47512 -0.00206722 0.0266592 0.999642 -0.116499
0.874383 0.485221 0.00392724 -93.9577 -0.485159 0.874358 -0.0108678 3.27513 -0.00870712 0.00759731 0.999933 -0.101593
0.873625 0.486595 -0.00226439 -93.2734 -0.486591 0.873627 0.00218855 2.94335 0.00304317 -0.000810135 0.999995 -0.122082
0.873649 0.486191 -0.0188782 -92.3293 -0.486369 0.873732 -0.00613662 2.50582 0.0135109 0.014543 0.999803 -0.101268
0.873398 0.48674 -0.0161611 -92.1086 -0.486833 0.873492 -0.00222007 2.39819 0.013036 0.00980679 0.999867 -0.110065
0.872078 0.489094 -0.0163454 -89.7705 -0.48923 0.872138 -0.0054337 1.31162 0.0115978 0.0127352 0.999852 -0.106332
0.871733 0.489731 -0.0156879 -89.0798 -0.489867 0.871774 -0.00630094 0.998557 0.0105905 0.0131777 0.999857 -0.102622
0.873436 0.486748 -0.0136122 -87.6775 -0.486894 0.873393 -0.0108922 0.37266 0.00658699 0.0161414 0.999848 -0.0762023
0.872484 0.488598 -0.00657209 -86.5033 -0.48864 0.872444 -0.00850365 -0.162873 0.00157891 0.0106307 0.999942 -0.0667863
0.872608 0.488359 -0.00782529 -86.0356 -0.488418 0.872553 -0.00999829 -0.389002 0.00194523 0.0125466 0.999919 -0.07628
0.872098 0.489272 -0.00754994 -85.5692 -0.489329 0.872033 -0.0108004 -0.604611 0.00129947 0.0131134 0.999913 -0.0754737
0.880297 0.474349 -0.00841341 -84.1665 -0.47442 0.880216 -0.0120293 -1.23638 0.00169956 0.0145808 0.999892 -0.106555
0.889185 0.457525 -0.00451178 -83.699 -0.457547 0.889127 -0.0102075 -1.43316 -0.000658663 0.0111407 0.999938 -0.104149
0.891976 0.452033 -0.00670889 -83.2326 -0.45208 0.891926 -0.00959082 -1.63614 0.00164847 0.0115877 0.999932 -0.095243
0.895059 0.445942 -0.00211993 -82.7711 -0.445944 0.895027 -0.00773715 -1.81731 -0.00155292 0.00787058 0.999968 -0.0980371
0.90642 0.422361 -0.00369882 -82.2973 -0.422376 0.906356 -0.0108604 -1.98807 -0.00123458 0.0114064 0.999934 -0.086831
0.916166 0.400798 0.000233088 -81.8268 -0.400777 0.916124 -0.00975897 -2.14809 -0.00412491 0.00884742 0.999952 -0.078125
0.922964 0.384884 0.00136231 -81.3507 -0.384855 0.922927 -0.00959298 -2.29493 -0.00494949 0.00832968 0.999953 -0.077219
0.925159 0.379535 0.00579019 -80.8921 -0.379483 0.925161 -0.0083799 -2.4452 -0.00853732 0.00555546 0.999948 -0.0603132
0.927957 0.372655 0.00498797 -80.4091 -0.372597 0.927943 -0.00969373 -2.60101 -0.00824096 0.00713686 0.999941 -0.0706071
0.929016 0.369919 0.00943709 -79.9368 -0.36991 0.929064 -0.00274627 -2.75273 -0.00978355 -0.000939544 0.999952 -0.0571013
0.932231 0.361715 0.0103505 -77.0632 -0.361654 0.932284 -0.00729379 -3.68083 -0.0122878 0.00305622 0.99992 -0.00506639
0.933015 0.359783 0.00626616 -76.5649 -0.359721 0.933014 -0.00921076 -3.84052 -0.00916029 0.0063397 0.999938 -0.0238605
0.937904 0.346859 0.00507891 -75.8569 -0.34681 0.937896 -0.0085677 -4.06167 -0.00773528 0.00627426 0.99995 -0.00585217
0.962368 0.271715 0.00435349 -74.9088 -0.27163 0.962296 -0.0142697 -4.30097 -0.00806665 0.0125502 0.999889 -0.00214113
0.96737 0.253296 0.00599294 -74.1609 -0.253241 0.967365 -0.00862858 -4.43431 -0.00798295 0.00682938 0.999945 -0.0194325
0.969231 0.246115 0.00433835 -73.6873 -0.246053 0.969189 -0.0114393 -4.54726 -0.00702007 0.0100199 0.999925 -0.00172708
0.971149 0.238396 0.00602137 -72.708 -0.23832 0.971122 -0.0111881 -4.74493 -0.00851468 0.00943028 0.999919 -0.00141599
0.971056 0.238793 0.00532011 -72.2211 -0.238714 0.971011 -0.0123765 -4.8498 -0.00812132 0.0107483 0.999909 0.0107895
0.972056 0.234715 0.0040159 -71.2082 -0.234683 0.972046 -0.00710887 -5.00783 -0.0055722 0.00596776 0.999967 0.00620072
0.973935 0.226819 0.00177325 -70.7302 -0.226784 0.973874 -0.0117997 -5.10362 -0.00440334 0.01109 0.999929 -0.00109404
0.978006 0.208565 0.00207103 -70.0009 -0.208541 0.977976 -0.00861855 -5.21669 -0.00382295 0.00799711 0.999961 -0.0118861
0.978924 0.204224 -9.021e-05 -69.5068 -0.204212 0.978859 -0.0114833 -5.29387 -0.00225686 0.0112597 0.999934 0.00641925
0.98043 0.19679 0.00563122 -68.2785 -0.19669 0.980354 -0.0147763 -5.48789 -0.00842843 0.0133795 0.999875 -0.0293677
0.981045 0.193369 0.0126004 -67.315 -0.193158 0.981033 -0.0162452 -5.63507 -0.0155028 0.0135034 0.999789 -0.00765755
0.979404 0.201207 0.0168532 -66.8588 -0.201213 0.979546 -0.00136006 -5.69697 -0.0167822 -0.00205905 0.999857 0.0129472
0.965895 0.257845 0.0237294 -66.1779 -0.258047 0.966115 0.00583502 -5.86884 -0.0214208 -0.0117593 0.999701 0.0243541
0.827667 0.561171 0.00735963 -64.6211 -0.561182 0.827692 -0.000654498 -6.64766 -0.00645879 -0.00358839 0.999973 0.0626693
0.768312 0.640054 0.00526057 -64.2196 -0.640048 0.768329 -0.0030081 -6.97644 -0.0059672 -0.00105585 0.999982 0.076273
0.645852 0.763448 0.00476916 -63.5904 -0.763436 0.645869 -0.00431039 -7.6659 -0.00637101 -0.000857073 0.999979 0.0788785
0.358141 0.933666 -0.00154969 -62.7164 -0.933664 0.358144 0.00200042 -9.32608 0.00242274 0.000730456 0.999997 0.117785
0.208143 0.978097 0.00173854 -62.5127 -0.978098 0.208142 0.000810966 -10.1913 0.000431341 -0.00186926 0.999998 0.127786
0.144788 0.989462 0.000651854 -62.4639 -0.989462 0.144787 0.00166478 -10.5509 0.00155285 -0.000886024 0.999998 0.144186
0.0573237 0.998351 0.00300527 -62.4362 -0.998351 0.0573144 0.00308475 -11.063 0.00290742 -0.00317715 0.999991 0.147685
-0.10468 0.994504 -0.00193848 -62.5039 -0.994488 -0.104667 0.00620613 -12.1298 0.00596912 0.00257746 0.999979 0.161082
-0.117937 0.993019 -0.00222301 -62.5527 -0.993012 -0.117926 0.00443546 -12.501 0.00414235 0.00273058 0.999988 0.145181
-0.127223 0.991863 0.00460735 -62.5791 -0.991871 -0.127233 0.00182026 -12.8435 0.00239165 -0.00433832 0.999988 0.16708
-0.136558 0.990599 -0.0080883 -62.6515 -0.990621 -0.136514 0.00586308 -13.4441 0.0047038 0.00881309 0.99995 0.165278
-0.137918 0.990444 2.28297e-05 -62.7727 -0.990423 -0.137915 0.00652972 -14.4369 0.00647047 0.000877954 0.999979 0.170475
-0.138504 0.99036 0.00199886 -62.879 -0.990359 -0.138508 0.00215446 -15.2426 0.00241055 -0.00168119 0.999996 0.187672
-0.136919 0.990471 -0.0148563 -63.0054 -0.990538 -0.136755 0.0115622 -16.2518 0.00942031 0.0162988 0.999823 0.184768
-0.138335 0.990353 -0.00799588 -63.0976 -0.990376 -0.138295 0.00535207 -16.8689 0.00419464 0.00865931 0.999954 0.179166
-0.137879 0.990266 -0.0190678 -63.1494 -0.990443 -0.137786 0.0061446 -17.29 0.00345751 0.0197327 0.999799 0.184764
-0.135581 0.99063 -0.0164299 -63.2598 -0.990739 -0.135437 0.00959866 -18.1372 0.00728351 0.0175791 0.999819 0.180161
-0.12013 0.992672 -0.0131039 -63.3157 -0.992736 -0.120027 0.00832806 -18.7225 0.00669421 0.0140091 0.999879 0.195858
-0.0473208 0.998821 -0.0107961 -63.3951 -0.998862 -0.0472533 0.00644288 -20.1184 0.00592514 0.0110887 0.999921 0.189453
-0.0431596 0.999007 -0.0110422 -63.407 -0.999035 -0.0430653 0.00863897 -20.5394 0.00815485 0.0114044 0.999902 0.192752
-0.0404695 0.999127 -0.0103346 -63.4205 -0.999122 -0.0403529 0.0112444 -20.9554 0.0108175 0.0107806 0.999883 0.18155
-0.0373008 0.999192 -0.0149761 -63.4373 -0.99925 -0.0371391 0.0109371 -21.5967 0.010372 0.0153728 0.999828 0.179848
-0.033079 0.999411 -0.00914792 -63.4603 -0.999413 -0.0329952 0.00916717 -22.2353 0.00885993 0.00944579 0.999916 0.195745
-0.0305119 0.999476 -0.0108322 -63.4744 -0.999487 -0.0304034 0.0100441 -22.6754 0.00970951 0.0111331 0.999891 0.181144
-0.0292858 0.999529 -0.00920439 -63.4846 -0.99952 -0.0291903 0.010345 -23.1198 0.0100715 0.00950293 0.999904 0.181942
-0.0281694 0.999573 -0.00777648 -63.493 -0.999549 -0.0280862 0.0106065 -23.5596 0.0103836 0.00807176 0.999914 0.18644
-0.0272443 0.999479 -0.0173084 -63.5026 -0.999579 -0.0270667 0.0104162 -24.0139 0.00994229 0.0175849 0.999796 0.186439
-0.0156111 0.999829 -0.00992964 -63.5094 -0.999866 -0.0155618 0.00501702 -24.8806 0.00486163 0.0100066 0.999938 0.190035
-0.00895762 0.999856 -0.0144223 -63.5087 -0.999955 -0.00891089 0.00330563 -25.4746 0.00317664 0.0144513 0.999891 0.206633
-0.00944722 0.999879 -0.0123957 -63.5092 -0.999954 -0.00942636 0.00173196 -25.9148 0.00161491 0.0124115 0.999922 0.201431
-0.00887918 0.999872 -0.013339 -63.5092 -0.999958 -0.00884652 0.00250344 -26.3763 0.00238511 0.0133606 0.999908 0.198129
-0.00764382 0.999861 -0.014819 -63.5104 -0.999965 -0.0075928 0.00349979 -28.054 0.00338679 0.0148452 0.999884 0.198422
-0.00757921 0.99977 -0.0200663 -63.5163 -0.999968 -0.0075295 0.00255338 -29.0267 0.0024017 0.0200851 0.999795 0.201617
-0.00787044 0.999905 -0.0113506 -63.5228 -0.999969 -0.00785971 0.000993518 -30.0114 0.000904211 0.0113581 0.999935 0.214413
-0.00844347 0.99984 -0.0157948 -63.5217 -0.999961 -0.00839758 0.0029726 -31.0369 0.00283949 0.0158193 0.999871 0.213308
-0.00662982 0.999895 -0.012853 -63.518 -0.999969 -0.00657403 0.00438184 -31.7948 0.00429689 0.0128817 0.999908 0.198804
-0.00578678 0.999875 -0.0147192 -63.5283 -0.999962 -0.00568986 0.00662316 -32.538 0.00653858 0.0147569 0.99987 0.191
0.00292516 0.999954 -0.00915 -63.5226 -0.999954 0.0030089 0.00915234 -33.7903 0.00917945 0.0091228 0.999916 0.210494
0.00539875 0.999881 -0.0144521 -63.5249 -0.99993 0.00555032 0.0104684 -34.5271 0.0105473 0.0143946 0.999841 0.19899
0.00616562 0.999952 -0.00766322 -63.5219 -0.999953 0.00622302 0.00748481 -35.5088 0.00753213 0.0076167 0.999943 0.207084
0.00651342 0.999917 -0.0111462 -63.5214 -0.99995 0.00659704 0.00748253 -36.2525 0.00755544 0.0110969 0.99991 0.22218
0.00904822 0.999881 -0.0124602 -63.5189 -0.999946 0.00911146 0.00503069 -37.9728 0.00514362 0.012414 0.99991 0.20697
0.0104284 0.999794 -0.0174128 -63.5177 -0.999928 0.0105315 0.00584371 -38.7407 0.0060259 0.0173506 0.999831 0.216166
0.0103048 0.999821 -0.0158758 -63.5196 -0.99992 0.0104189 0.00712074 -39.2417 0.00728487 0.0158011 0.999849 0.203763
0.00995815 0.999802 -0.0172025 -63.5102 -0.999925 0.0100792 0.00696376 -39.7541 0.00713577 0.0171319 0.999828 0.228659
0.0101474 0.999847 -0.0142765 -63.5065 -0.999915 0.0102626 0.00801904 -40.5105 0.00816432 0.0141939 0.999866 0.226755
0.00918353 0.999864 -0.0137313 -63.5182 -0.999928 0.00928777 0.00754615 -40.99 0.00767265 0.013661 0.999877 0.221051
0.0092569 0.999797 -0.0179042 -63.5324 -0.999895 0.00945437 0.0109769 -41.7324 0.011144 0.0178007 0.999779 0.172346
0.00830895 0.999843 -0.0156168 -63.5214 -0.999911 0.00847071 0.0103224 -42.6991 0.0104531 0.0155296 0.999825 0.18254
0.00670081 0.99981 -0.0182869 -63.5237 -0.999918 0.00689912 0.0108036 -43.2021 0.0109277 0.018213 0.999774 0.201437
0.00479609 0.99978 -0.0204258 -63.5263 -0.999937 0.00500172 0.0100283 -44.1257 0.0101282 0.0203764 0.999741 0.18163
0.00706595 0.999638 -0.0259765 -63.5278 -0.999928 0.00731593 0.00954164 -44.8233 0.00972822 0.0259072 0.999617 0.194225
0.00157619 0.999912 -0.0131951 -63.5363 -0.999979 0.00165933 0.00629396 -46.4285 0.0063153 0.0131849 0.999893 0.192214
0.00270319 0.999868 -0.0160355 -63.5331 -0.999971 0.00281674 0.00706103 -47.1759 0.00710527 0.016016 0.999847 0.190908
0.00403869 0.999809 -0.0191171 -63.5425 -0.999972 0.00415975 0.00629647 -48.5603 0.00637479 0.0190912 0.999797 0.195998
