0.47152 -0.881709 0.0160551 1.06124 0.88185 0.471505 -0.00493714 1.54793 -0.00321693 0.0164861 0.999859 1.06253
0.493152 -0.869926 -0.00549288 1.48219 0.869873 0.493182 -0.0096123 2.34811 0.011071 -3.77819e-05 0.999939 1.06032
0.467711 -0.883697 0.0180449 2.33172 0.88387 0.467713 -0.00440167 3.90835 -0.0045501 0.0180081 0.999828 1.07573
0.467064 -0.884021 0.0189426 2.74419 0.884206 0.467083 -0.00365895 4.72767 -0.00561318 0.0184581 0.999814 1.08085
0.466181 -0.884522 0.0172005 3.15575 0.884677 0.466189 -0.00376942 5.55369 -0.00468456 0.0169741 0.999845 1.07004
0.46437 -0.885463 0.0177831 3.58331 0.885633 0.464361 -0.00486053 6.36177 -0.00395397 0.0180064 0.99983 1.06715
0.463301 -0.88603 0.0174347 4.00733 0.886192 0.463296 -0.00454868 7.17327 -0.00404713 0.0175579 0.999838 1.0959
0.462967 -0.886216 0.0167896 4.43041 0.886352 0.46301 -0.00148188 7.99065 -0.0064605 0.0155676 0.999858 1.10963
0.463481 -0.885926 0.0179176 4.85586 0.886039 0.4636 0.00295862 8.82708 -0.0109277 0.0145044 0.999835 1.08974
0.464692 -0.885275 0.0186976 5.28926 0.885357 0.464868 0.00630291 9.66364 -0.0142717 0.0136251 0.999805 1.07547
0.465953 -0.884598 0.0193466 5.72649 0.884669 0.466157 0.0076417 10.5047 -0.0157784 0.0135547 0.999784 1.06791
0.468206 -0.883392 0.0200266 6.1638 0.883536 0.468353 0.00307008 11.3442 -0.0120916 0.0162568 0.999795 1.0458
0.469218 -0.882876 0.0191188 6.61171 0.883046 0.469285 -0.00109279 12.203 -0.00800737 0.0173956 0.999817 1.08166
0.470189 -0.882436 0.0151191 7.05073 0.882553 0.470204 -0.00277114 13.0393 -0.00466372 0.0146464 0.999882 1.09652
0.471557 -0.881733 0.0134445 7.96847 0.881805 0.471613 0.0011482 14.7623 -0.00735301 0.011314 0.999909 1.11662
0.468834 -0.88267 0.0329937 8.88666 0.883181 0.469028 -0.0020773 16.5189 -0.0136414 0.0301133 0.999453 1.07903
0.46637 -0.883889 0.0351959 9.83235 0.88456 0.466312 -0.0103441 18.2402 -0.00726921 0.035957 0.999327 1.05811
0.46418 -0.885432 0.0234104 10.7487 0.885727 0.464157 -0.00671125 20.0008 -0.00492374 0.0238504 0.999703 1.09371
0.46302 -0.886011 0.0244211 11.2192 0.886313 0.46307 -0.00391804 20.9123 -0.00783724 0.0234588 0.999694 1.08071
0.461628 -0.886717 0.0251599 11.6804 0.887009 0.461751 -0.00104239 21.8241 -0.0106933 0.0227982 0.999683 1.07403
0.461064 -0.886967 0.0266406 12.138 0.88728 0.461231 0.000156892 22.7311 -0.0124266 0.0235653 0.999645 1.06953
0.46059 -0.8872 0.0270703 12.6036 0.887488 0.460822 0.00272086 23.6284 -0.0148886 0.0227714 0.99963 1.08054
0.46001 -0.887449 0.0287381 13.0473 0.887738 0.460322 0.00499818 24.532 -0.0176644 0.0232127 0.999574 1.07171
0.459787 -0.887513 0.030289 13.5116 0.887838 0.460128 0.00503581 25.4279 -0.0184062 0.0245764 0.999528 1.05525
0.460044 -0.887364 0.0307261 13.9762 0.887732 0.460349 0.00329033 26.3084 -0.0170644 0.0257628 0.999522 1.04683
0.46035 -0.887247 0.0295108 14.4209 0.887609 0.460595 0.0016982 27.1924 -0.0150992 0.0254123 0.999563 1.02304
0.459932 -0.887545 0.0269605 14.8719 0.887854 0.460125 0.00107113 28.0895 -0.0133559 0.0234443 0.999636 1.0271
0.458707 -0.888122 0.0287536 15.3208 0.888478 0.458919 0.000890865 28.9931 -0.0139868 0.0251383 0.999586 1.04056
0.45799 -0.888386 0.0318669 15.7773 0.888823 0.45825 0.000959323 29.8676 -0.0154553 0.0278847 0.999492 1.0275
0.45767 -0.888463 0.0342399 16.2326 0.888997 0.457911 -0.000884376 30.7308 -0.0148931 0.0308439 0.999413 1.01085
0.457024 -0.889096 0.025232 16.6763 0.889408 0.457106 -0.00273909 31.6215 -0.00909837 0.0236933 0.999678 1.04371
0.456875 -0.889317 0.0195196 17.1269 0.889513 0.456896 -0.00359848 32.5157 -0.00571823 0.019007 0.999803 1.06792
0.456633 -0.889442 0.019478 17.5838 0.889627 0.456682 -0.00211483 33.3967 -0.00701423 0.0182938 0.999808 1.0644
0.456362 -0.889283 0.0301493 18.4761 0.889674 0.456595 0.000960683 35.1461 -0.0146203 0.0263846 0.999545 1.0446
0.455696 -0.889518 0.0331486 19.3501 0.890048 0.455858 -0.00292258 36.8416 -0.0125114 0.0308357 0.999446 1.04579
0.454897 -0.889949 0.032534 19.7939 0.890457 0.455059 -0.00266943 37.711 -0.0124293 0.0301845 0.999467 1.05292
0.45427 -0.890173 0.0350784 20.2206 0.890755 0.454478 -0.00226296 38.576 -0.0139279 0.0322742 0.999382 1.0678
0.453398 -0.890436 0.0394229 20.665 0.89114 0.453729 -0.000639436 39.442 -0.0173179 0.0354213 0.999222 1.07975
0.452704 -0.890664 0.0421532 21.0989 0.891406 0.453199 0.00249216 40.3136 -0.0213234 0.0364474 0.999108 1.06716
0.451915 -0.891047 0.0425285 21.5053 0.89182 0.452387 0.00166915 41.1508 -0.0207266 0.0371734 0.999094 1.02745
0.450574 -0.89192 0.0382287 21.9271 0.892613 0.450818 -0.0024584 41.9579 -0.0150415 0.0352311 0.999266 0.992711
0.44997 -0.892418 0.0334275 22.3247 0.892998 0.450009 -0.00676038 42.7821 -0.00900961 0.0328927 0.999418 1.02222
0.449009 -0.893088 0.0280104 22.7456 0.893499 0.449022 -0.00619863 43.6596 -0.00704137 0.0278105 0.999588 1.03764
0.448451 -0.893463 0.0248017 23.1717 0.893771 0.44851 -0.00342491 44.5115 -0.00806377 0.0237029 0.999687 1.04908
0.445827 -0.894704 0.0272754 23.9253 0.895058 0.445947 -0.00183624 46.039 -0.0105205 0.0252317 0.999626 1.04744
0.445002 -0.895179 0.0250499 24.3032 0.895466 0.44513 -0.000488124 46.7984 -0.0107135 0.0226486 0.999686 1.04604
0.443519 -0.895914 0.0250897 24.685 0.896201 0.443647 -0.000494394 47.5745 -0.010688 0.0227047 0.999685 1.05573
0.442296 -0.896563 0.0234266 25.0366 0.896802 0.442432 0.00067187 48.3127 -0.010967 0.0207118 0.999725 1.06671
0.441177 -0.897103 0.0238385 25.3961 0.897344 0.44133 0.00132218 49.039 -0.0117068 0.020808 0.999715 1.06681
0.440071 -0.897657 0.0234432 25.7364 0.897863 0.440262 0.0034242 49.7661 -0.0133949 0.0195419 0.999719 1.07
0.438621 -0.898382 0.0228237 26.0872 0.89852 0.438873 0.00728473 50.4916 -0.0165612 0.0173123 0.999713 1.06589
0.437125 -0.89914 0.0216691 26.4171 0.899195 0.437414 0.0108704 51.1902 -0.0192523 0.014733 0.999706 1.07171
0.435589 -0.899841 0.0234108 26.7367 0.899977 0.435864 0.00803023 51.8563 -0.0174298 0.0175713 0.999694 1.048
0.434801 -0.900187 0.0247304 27.0199 0.900456 0.434947 0.00058439 52.5086 -0.0112825 0.0220145 0.999694 1.02829
0.433634 -0.900793 0.0231005 27.3348 0.901078 0.433615 -0.00606533 53.1708 -0.00455311 0.0234455 0.999715 1.0431
0.433362 -0.90106 0.0169721 27.6412 0.901219 0.433311 -0.00675321 53.8287 -0.00126916 0.0182222 0.999833 1.09119
0.43277 -0.901407 0.0132356 27.9553 0.901495 0.432785 -0.00187615 54.4578 -0.00403698 0.0127437 0.999911 1.09335
0.43145 -0.902015 0.0148582 28.2202 0.902116 0.431494 -0.000263175 55.0653 -0.00617383 0.0135173 0.99989 1.08842
0.430688 -0.902306 0.0187635 28.503 0.902484 0.430713 -0.0028921 55.6413 -0.00547211 0.0181793 0.99982 1.07559
0.430694 -0.902203 0.0230753 28.7754 0.902497 0.430597 -0.00926282 56.1862 -0.00157919 0.0248148 0.999691 1.08562
0.431891 -0.90162 0.0234832 29.0382 0.90192 0.431648 -0.0148319 56.7328 0.00323619 0.0275857 0.999614 1.09495
0.434268 -0.900538 0.0210377 29.2969 0.900768 0.434003 -0.0160788 57.278 0.00534918 0.0259326 0.999649 1.12185
0.442024 -0.896849 0.016634 29.7867 0.897003 0.441968 -0.00709819 58.3169 -0.000985697 0.0180583 0.999836 1.10498
0.447015 -0.894283 0.0208565 30.0483 0.894511 0.447022 -0.00458836 58.7895 -0.00522 0.0207074 0.999772 1.12322
0.453815 -0.890709 0.0262555 30.2829 0.891055 0.453881 -0.00371593 59.2831 -0.00860704 0.0250814 0.999648 1.12017
0.462963 -0.885906 0.028909 30.5141 0.88631 0.463085 -0.00273303 59.7802 -0.0109661 0.0268876 0.999578 1.1235
0.476074 -0.879085 0.0237409 30.7837 0.879336 0.476201 -0.000343613 60.2126 -0.0110034 0.0210398 0.999718 1.13129
0.512307 -0.858581 0.0195246 31.3015 0.858719 0.512442 0.00228783 61.0296 -0.0119695 0.0155941 0.999807 1.13031
0.538257 -0.842408 0.0250707 31.5234 0.842659 0.538447 0.00100473 61.3859 -0.0143457 0.0205853 0.999685 1.11984
0.564254 -0.825113 0.0283925 31.7468 0.825425 0.564511 0.001267 61.7278 -0.0170733 0.022721 0.999596 1.11909
0.591283 -0.805926 0.0294473 31.9865 0.806223 0.591605 0.0028658 62.0787 -0.0197308 0.0220466 0.999562 1.13214
0.620564 -0.783613 0.0291576 32.2586 0.783851 0.620931 0.00480699 62.4354 -0.0218717 0.0198721 0.999563 1.13326
0.65682 -0.75353 0.027924 32.5698 0.753715 0.65718 0.0053357 62.7204 -0.0223717 0.0175422 0.999596 1.1164
0.728055 -0.685001 0.0266255 33.1985 0.68512 0.728407 0.00580369 63.2814 -0.0233698 0.0140163 0.999629 1.09255
0.764264 -0.644404 0.0253788 33.5045 0.644506 0.764583 0.00502242 63.5223 -0.0226406 0.0125183 0.999665 1.10557
0.800279 -0.599121 0.0246494 33.8302 0.599212 0.800579 0.00431806 63.7403 -0.0223208 0.0113146 0.999687 1.1041
0.836114 -0.548006 0.0245355 34.1836 0.548085 0.836413 0.00400675 63.9211 -0.0227175 0.0100974 0.999691 1.08776
0.86969 -0.492985 0.0245934 34.5385 0.493064 0.869987 0.00316938 64.089 -0.0229584 0.00936972 0.999692 1.05588
0.900109 -0.434994 0.0241823 34.8951 0.435095 0.900384 0.00119124 64.238 -0.0222915 0.00944935 0.999707 1.0433
0.926591 -0.3753 0.0240759 35.2527 0.375425 0.926852 -0.000735293 64.3792 -0.0220388 0.00972 0.99971 1.02963
0.94852 -0.31572 0.0251126 35.6173 0.315847 0.948809 -0.00117644 64.4981 -0.0234556 0.00904762 0.999684 1.02267
0.966377 -0.255633 0.0276922 36.0001 0.255701 0.966755 0.0010837 64.6349 -0.0270486 0.00603367 0.999616 1.01673
0.980391 -0.194822 0.0296336 36.3907 0.194828 0.980834 0.00273792 64.7382 -0.0295991 0.00308921 0.999557 1.00802
0.990447 -0.134541 0.0302169 36.7962 0.134569 0.990904 0.00111572 64.8185 -0.0300922 0.00296118 0.999543 0.99913
0.996668 -0.0759415 0.0297562 37.2065 0.0760549 0.9971 -0.00269858 64.8927 -0.029465 0.00495269 0.999554 0.994837
0.999363 -0.0199596 0.0295876 37.6097 0.0201123 0.999786 -0.00487304 64.9491 -0.029484 0.00546501 0.99955 0.994353
0.998996 0.0338325 0.0293592 38.0029 -0.0337804 0.999427 -0.00227094 64.9855 -0.0294192 0.0012769 0.999566 0.995498
0.996199 0.0822716 0.0286132 38.259 -0.0823899 0.996596 0.00297898 64.7295 -0.0282707 -0.0053251 0.999586 0.98664
0.991545 0.127233 0.0255117 38.5814 -0.127193 0.991873 -0.00319566 64.589 -0.0257109 -7.62828e-05 0.999669 0.949007
0.98518 0.169676 0.0251148 38.9656 -0.169422 0.985471 -0.0119423 64.4866 -0.0267762 0.00751036 0.999613 0.94507
0.978024 0.206701 0.0272563 39.354 -0.20625 0.978325 -0.0184644 64.4183 -0.0304822 0.0124371 0.999458 0.956993
0.970253 0.240364 0.0288681 39.7404 -0.239913 0.970623 -0.0182209 64.4074 -0.0323997 0.010753 0.999417 0.975891
0.961935 0.271733 0.0290153 40.1247 -0.271465 0.962362 -0.0128623 64.3775 -0.0314183 0.00449607 0.999496 0.977558
0.953924 0.298961 0.0255007 40.5287 -0.298988 0.954253 -0.00283564 64.2928 -0.0251818 -0.00491943 0.999671 0.951311
0.945777 0.324115 0.0213592 40.9241 -0.324244 0.945969 0.00279621 64.1944 -0.0192989 -0.0095702 0.999768 0.903979
0.937766 0.346809 0.0178303 41.3318 -0.346911 0.937894 0.002847 64.068 -0.0157356 -0.00885534 0.999837 0.799078
0.930053 0.367189 0.0132238 41.7316 -0.367252 0.930118 0.00266378 63.9384 -0.0113215 -0.00733392 0.999909 0.710446
0.923294 0.384038 0.00655789 42.1136 -0.384049 0.923312 0.000602969 63.7095 -0.00582341 -0.00307527 0.999978 0.804708
0.916258 0.400585 0.00175122 42.502 -0.400581 0.916259 -0.00224462 63.4684 -0.00250373 0.00135515 0.999996 0.91722
0.903619 0.42816 0.0123012 43.337 -0.428141 0.903702 -0.00428538 63.0463 -0.0129515 -0.00139429 0.999915 0.923467
0.89759 0.440544 0.015935 43.7644 -0.440519 0.897728 -0.00524146 62.8355 -0.0166144 -0.00231498 0.999859 0.891375
0.892152 0.451525 0.0138028 44.2106 -0.451432 0.892256 -0.00938589 62.5786 -0.0165536 0.00214262 0.999861 0.867427
0.887161 0.461315 0.011512 44.6946 -0.461175 0.887215 -0.0129354 62.3131 -0.016181 0.00616676 0.99985 0.853605
0.882622 0.469993 0.00923957 45.1781 -0.469843 0.882629 -0.0146309 62.093 -0.0150315 0.00857242 0.99985 0.836306
0.879029 0.476692 0.00851552 45.663 -0.476568 0.879038 -0.0132342 61.8555 -0.0137941 0.00757503 0.999876 0.814167
0.876412 0.481485 0.00864243 46.15 -0.481398 0.876441 -0.0103481 61.6021 -0.012557 0.00490871 0.999909 0.791377
0.874091 0.485694 0.00809362 46.66 -0.48561 0.874113 -0.0104526 61.2851 -0.0121515 0.00520617 0.999913 0.7912
0.87216 0.489145 0.00860072 47.2056 -0.489059 0.872189 -0.0103567 60.9695 -0.0125674 0.0048264 0.999909 0.790472
0.870572 0.491956 0.00911439 47.7443 -0.491869 0.870609 -0.010275 60.6533 -0.0129899 0.00446201 0.999906 0.780076
0.86891 0.49487 0.00990979 48.2848 -0.494787 0.86896 -0.0097284 60.3248 -0.0134255 0.00354987 0.999904 0.752247
0.868043 0.496407 0.00899985 48.8587 -0.496328 0.868081 -0.00970606 59.997 -0.0126308 0.0039584 0.999912 0.73333
0.867306 0.497711 0.00802477 49.435 -0.497628 0.867329 -0.0103594 59.6786 -0.0121161 0.00499142 0.999914 0.707092
0.867206 0.497905 0.00673015 50.0202 -0.49781 0.867203 -0.0120178 59.3525 -0.0118201 0.00707153 0.999905 0.6722
0.868691 0.495354 0.000748551 50.6711 -0.495217 0.868484 -0.022266 58.9954 -0.0116796 0.0189715 0.999752 0.656332
0.870369 0.492398 -0.00169923 51.3207 -0.492271 0.870056 -0.0259152 58.6474 -0.0112822 0.0233923 0.999663 0.645628
0.872367 0.488849 -0.00154715 51.9637 -0.488729 0.872075 -0.0250634 58.298 -0.010903 0.0226206 0.999685 0.638683
0.874547 0.48494 -0.0012665 52.6266 -0.48482 0.874266 -0.0246886 57.9441 -0.0108652 0.0222053 0.999694 0.624307
0.876761 0.480926 -7.5493e-05 53.289 -0.480791 0.876512 -0.0238141 57.5854 -0.0113866 0.0209155 0.999716 0.614894
0.878895 0.47701 0.0022106 53.9934 -0.476853 0.878708 -0.0219867 57.2163 -0.0124304 0.0182699 0.999756 0.58682
0.880958 0.473174 0.00426427 54.7003 -0.473 0.88082 -0.0206742 56.8402 -0.0135386 0.0161961 0.999777 0.567986
0.882738 0.469837 0.00513026 55.4041 -0.469665 0.882628 -0.0195547 56.4559 -0.0137156 0.0148522 0.999796 0.549052
0.884449 0.46663 0.00239854 56.1088 -0.466465 0.884252 -0.0225626 56.0588 -0.0126493 0.0188366 0.999743 0.546337
0.885593 0.46446 0.00112481 56.8163 -0.464345 0.885422 -0.020289 55.6818 -0.0104194 0.0174455 0.999794 0.565884
0.88596 0.46376 0.00135364 57.5453 -0.463699 0.885883 -0.0139806 55.3072 -0.0076828 0.0117585 0.999901 0.582657
0.885512 0.464607 0.00290818 58.2995 -0.46457 0.885495 -0.00855276 54.9558 -0.00654885 0.00622252 0.999959 0.579836
0.884957 0.465633 0.00608878 59.0547 -0.465625 0.884978 -0.00279032 54.5661 -0.0066877 -0.000365773 0.999978 0.565755
0.884956 0.465623 0.00688535 59.7536 -0.465611 0.884983 -0.00339298 54.1924 -0.00767326 -0.000203253 0.999971 0.570422
0.885163 0.465208 0.00821239 60.4705 -0.465207 0.885199 -0.00219454 53.8099 -0.00829052 -0.00187794 0.999964 0.570563
0.885524 0.46451 0.00879723 61.9254 -0.464522 0.885561 -0.000846179 53.0667 -0.00818354 -0.00333719 0.999961 0.551388
0.885258 0.46504 0.00746595 62.6585 -0.465046 0.885286 -0.00110874 52.7012 -0.00712511 -0.00249049 0.999972 0.555779
0.88438 0.46669 0.00854375 63.3848 -0.466719 0.884404 0.00170004 52.3407 -0.00676273 -0.00549102 0.999962 0.550156
0.882737 0.469746 0.0107053 64.1172 -0.469811 0.882755 0.00456019 51.981 -0.00730806 -0.00905493 0.999932 0.561935
0.880264 0.474265 0.0144354 64.8591 -0.474409 0.88026 0.00886917 51.6161 -0.00850059 -0.0146555 0.999856 0.580112
0.876958 0.480248 0.0175154 65.6017 -0.480453 0.876962 0.010158 51.2127 -0.0104819 -0.0173234 0.999795 0.582759
0.873328 0.48679 0.0182554 66.3382 -0.486983 0.873375 0.00800198 50.807 -0.0120485 -0.0158784 0.999801 0.586684
0.868941 0.494626 0.0169467 67.0413 -0.494762 0.869015 0.00480703 50.4031 -0.0123493 -0.0125616 0.999845 0.587917
0.863865 0.503457 0.016371 67.7269 -0.503577 0.863941 0.0040016 50.0015 -0.0121289 -0.0117009 0.999858 0.571862
0.858617 0.512352 0.0164767 68.4031 -0.512489 0.858678 0.0052443 49.6229 -0.0114612 -0.012947 0.999851 0.569268
0.852754 0.522007 0.0178663 69.0774 -0.522193 0.852792 0.00777148 49.2156 -0.0111795 -0.0159568 0.99981 0.570567
0.846442 0.532138 0.0190933 69.7536 -0.532346 0.84649 0.00789544 48.7763 -0.0119608 -0.0168473 0.999787 0.600469
0.840384 0.541678 0.0184412 70.4353 -0.541843 0.840464 0.0051658 48.3372 -0.012701 -0.0143335 0.999817 0.589892
0.834528 0.550654 0.0185322 71.1163 -0.550806 0.834623 0.0040153 47.8972 -0.0132563 -0.0135585 0.99982 0.566706
0.829151 0.55868 0.019643 71.7587 -0.558878 0.829227 0.00622265 47.463 -0.012812 -0.0161375 0.999788 0.574055
0.823503 0.566948 0.020327 72.4039 -0.567185 0.823549 0.00831255 47.0304 -0.0120275 -0.0183746 0.999759 0.582885
0.817203 0.576065 0.0181352 73.0114 -0.576251 0.817241 0.00716528 46.6337 -0.0106932 -0.0163059 0.99981 0.567874
0.811394 0.584286 0.0157701 73.6029 -0.584433 0.811413 0.00684156 46.2364 -0.00879865 -0.0147678 0.999852 0.555754
0.80597 0.591739 0.0160512 74.2032 -0.5919 0.805971 0.0080428 45.7976 -0.00817756 -0.015983 0.999839 0.586266
0.800722 0.598833 0.015595 74.8074 -0.598988 0.800716 0.00818757 45.3264 -0.00758415 -0.0158972 0.999845 0.585662
0.795867 0.605297 0.0145196 75.4121 -0.605416 0.795889 0.00558071 44.8509 -0.00817802 -0.0132319 0.999879 0.597751
0.792289 0.609957 0.0151732 76.0095 -0.610058 0.792352 0.00275423 44.4186 -0.0103426 -0.0114387 0.999881 0.570782
0.789913 0.612996 0.0165548 76.5538 -0.613071 0.790027 -0.000665612 43.9882 -0.0134868 -0.0096235 0.999863 0.548027
0.787666 0.615856 0.0174603 77.1051 -0.615895 0.78782 -0.00365045 43.5509 -0.0160037 -0.00787838 0.999841 0.53599
0.786232 0.617657 0.018422 77.6646 -0.617677 0.786414 -0.00525608 43.1227 -0.0177338 -0.00724636 0.999816 0.524618
0.785523 0.618605 0.0167941 78.2067 -0.618577 0.785689 -0.00740294 42.6991 -0.0177744 -0.00457325 0.999832 0.514232
0.785662 0.618491 0.0143018 78.7446 -0.618445 0.785788 -0.00799949 42.2953 -0.0161858 -0.00255997 0.999866 0.513332
0.788128 0.615366 0.0133391 79.1951 -0.615346 0.788234 -0.0060482 41.892 -0.0142362 -0.00344139 0.999893 0.554262
0.791623 0.610928 0.0100298 79.6727 -0.610882 0.791686 -0.00747828 41.5185 -0.0125091 -0.000207033 0.999922 0.565686
0.795738 0.605608 0.00635147 80.157 -0.605537 0.795752 -0.0102135 41.1555 -0.0112396 0.00428122 0.999928 0.580948
0.801622 0.597828 0.00179896 80.6334 -0.597741 0.80155 -0.0149363 40.8243 -0.0103713 0.0108979 0.999887 0.611482
0.808831 0.588029 -0.00372298 81.0993 -0.587969 0.808618 -0.0207127 40.4956 -0.00916918 0.018942 0.999779 0.634716
0.8185 0.574467 -0.00678527 81.5445 -0.574459 0.818222 -0.0225647 40.1832 -0.00741079 0.022367 0.999722 0.647125
0.830954 0.556302 -0.00662279 81.9493 -0.55632 0.830759 -0.0186416 39.9232 -0.0048684 0.0191747 0.999804 0.619477
0.843893 0.53647 -0.00672076 82.3697 -0.536505 0.843753 -0.0155802 39.6802 -0.00268762 0.0167537 0.999856 0.612105
0.858162 0.513341 -0.00621105 82.8154 -0.513378 0.858086 -0.011437 39.4252 -0.000541469 0.0130034 0.999915 0.619571
0.873175 0.487379 -0.00516452 83.3046 -0.487406 0.873131 -0.00885867 39.1796 0.00019178 0.0102524 0.999947 0.657456
0.889136 0.457604 -0.00604207 83.8235 -0.457643 0.889079 -0.0101011 38.9488 0.000749575 0.0117464 0.999931 0.668186
0.906972 0.421175 -0.00379825 84.3298 -0.421189 0.906894 -0.0119395 38.781 -0.00158402 0.0124286 0.999922 0.670965
0.925729 0.378187 0.000887919 84.7794 -0.378145 0.925657 -0.0128957 38.6301 -0.00569888 0.0116021 0.999916 0.642077
0.943208 0.332155 0.00565509 85.2371 -0.332072 0.943177 -0.0120253 38.5306 -0.00932802 0.00946446 0.999912 0.631401
0.95925 0.28246 0.00751062 85.7318 -0.282367 0.959238 -0.0114384 38.4623 -0.0104354 0.0088515 0.999906 0.656134
0.973441 0.22883 0.00699434 86.2074 -0.228739 0.973415 -0.0118689 38.3954 -0.00952435 0.00995376 0.999905 0.678599
0.985359 0.170422 0.00485441 86.6758 -0.170342 0.985288 -0.0138297 38.3619 -0.00713989 0.0128003 0.999893 0.68685
0.994277 0.106824 0.00107136 87.1478 -0.106791 0.994141 -0.0166819 38.3609 -0.00284711 0.016472 0.99986 0.712944
0.999275 0.03785 -0.0041222 87.6211 -0.0379212 0.999103 -0.0188696 38.395 0.00340429 0.0190122 0.999813 0.746372
0.999388 -0.0338193 -0.00898034 88.0996 0.0336411 0.999247 -0.0193106 38.456 0.00962666 0.0189967 0.999773 0.763982
0.994275 -0.106105 -0.0126227 88.5829 0.105869 0.994215 -0.0181288 38.539 0.0144732 0.0166887 0.999756 0.768765
0.98391 -0.178006 -0.0153139 89.0672 0.177733 0.98392 -0.0176601 38.6543 0.0182113 0.0146542 0.999727 0.75401
0.968802 -0.247394 -0.0147984 89.5151 0.247102 0.968801 -0.0191021 38.7827 0.0190625 0.0148494 0.999708 0.73578
0.949368 -0.313949 -0.011668 89.9427 0.313707 0.949335 -0.0187509 38.9471 0.0169637 0.0141412 0.999756 0.737814
0.9259 -0.37773 -0.00540365 90.37 0.377603 0.925823 -0.0163879 39.1734 0.011193 0.0131331 0.999851 0.747557
0.898494 -0.438984 0.00126361 90.8146 0.438965 0.898421 -0.0122042 39.444 0.00422219 0.0115201 0.999925 0.759804
0.868872 -0.495006 0.0055277 91.2291 0.495037 0.868817 -0.00975364 39.6801 2.55499e-05 0.0112111 0.999937 0.768197
0.837035 -0.547077 0.00888564 91.6133 0.54713 0.837031 -0.0052223 39.9478 -0.00458056 0.00923285 0.999947 0.787755
0.805951 -0.591893 0.0103003 91.9432 0.591928 0.805991 -0.000444467 40.2139 -0.00803884 0.00645523 0.999947 0.785487
0.776266 -0.630327 0.0100142 92.2763 0.630301 0.776328 0.00588366 40.474 -0.0114829 0.00174469 0.999933 0.793012
0.752607 -0.658442 0.00609515 92.6488 0.658378 0.752624 0.00972926 40.6969 -0.0109935 -0.0033094 0.999934 0.792335
0.737346 -0.675506 0.00364892 92.9948 0.675458 0.737342 0.00904427 41.0454 -0.00879996 -0.00420406 0.999952 0.790832
0.722882 -0.690959 0.0041817 93.347 0.690923 0.722889 0.00756813 41.3879 -0.00825217 -0.00258163 0.999963 0.796925
0.71108 -0.703061 0.00845225 93.7071 0.703035 0.711128 0.00613657 41.704 -0.010325 0.00157864 0.999945 0.820296
0.702313 -0.711819 0.00842734 94.0721 0.711799 0.70236 0.0056917 42.017 -0.00997049 0.00200122 0.999948 0.860491
0.696101 -0.717936 0.0033354 94.4252 0.717892 0.6961 0.00871301 42.4278 -0.00857715 -0.00367068 0.999956 0.882331
0.691609 -0.722272 -0.000920467 94.7337 0.722216 0.691539 0.0133535 42.821 -0.00900832 -0.00990018 0.99991 0.904505
0.688153 -0.725549 -0.0049087 95.059 0.725527 0.688029 0.0150651 43.2096 -0.00755314 -0.0139285 0.999874 0.937404
0.68666 -0.726948 -0.00665554 95.4293 0.726968 0.68657 0.0117821 43.5905 -0.00399547 -0.0129287 0.999909 0.984471
0.68781 -0.725869 -0.0056915 95.7969 0.72589 0.68778 0.00644679 43.9668 -0.00076502 -0.00856557 0.999963 1.01685
0.691613 -0.722244 -0.00582112 96.1778 0.722261 0.69162 0.00107869 44.3851 0.00324692 -0.00495041 0.999982 1.01769
0.695213 -0.718756 -0.00836154 96.5766 0.718766 0.695248 -0.00221078 44.7989 0.00740235 -0.00447303 0.999963 1.01827
0.698804 -0.715184 -0.013596 96.9795 0.715249 0.698869 -9.40817e-05 45.2233 0.00956914 -0.00965882 0.999908 1.01991
0.702076 -0.711873 -0.0180774 97.421 0.712064 0.702074 0.00753007 45.6695 0.00733119 -0.0181589 0.999808 1.00476
0.705171 -0.708899 -0.0139757 97.8614 0.709031 0.705107 0.00990239 46.0971 0.00283458 -0.0168921 0.999853 1.05378
0.708379 -0.705723 -0.0123989 98.3051 0.705826 0.708187 0.016791 46.5567 -0.00306907 -0.0206458 0.999782 1.06204
0.712249 -0.701834 -0.0114571 98.7341 0.701832 0.711787 0.0281347 47.0064 -0.0115908 -0.0280799 0.999538 1.03564
0.714859 -0.699189 -0.0105889 99.1803 0.699092 0.714255 0.0333239 47.406 -0.0157365 -0.0312245 0.999389 1.02878
0.715614 -0.698412 -0.0107935 99.6812 0.698372 0.71511 0.0299139 47.8962 -0.0131736 -0.0289447 0.999494 0.996855
0.715212 -0.698766 -0.0141103 100.17 0.698881 0.714858 0.0233122 48.3611 -0.00620287 -0.0265345 0.999629 1.01506
0.714385 -0.69956 -0.0164031 100.657 0.699753 0.7142 0.0162457 48.8456 0.000350209 -0.0230838 0.999733 1.03172
0.712523 -0.701385 -0.0192477 101.15 0.701629 0.71244 0.012092 49.3469 0.00523167 -0.0221205 0.999742 1.03514
0.710442 -0.703499 -0.0190416 101.646 0.70374 0.710347 0.0125151 49.8447 0.00472177 -0.0222916 0.99974 1.03473
0.708672 -0.70535 -0.0162732 102.139 0.705538 0.708478 0.0165883 50.3347 -0.000171294 -0.023237 0.99973 1.02852
0.706815 -0.707276 -0.0132077 102.689 0.707352 0.706429 0.0247461 50.8714 -0.00817203 -0.0268334 0.999607 1.06172
0.705171 -0.708951 -0.0110723 103.192 0.708935 0.704717 0.0280097 51.3824 -0.0120547 -0.0276012 0.999546 1.07048
0.704496 -0.709538 -0.0155264 103.699 0.709649 0.703988 0.0282901 51.9287 -0.00914254 -0.0309486 0.999479 1.08061
0.702303 -0.711617 -0.0192777 104.215 0.711866 0.701877 0.0248034 52.4831 -0.00411998 -0.0311426 0.999506 1.093
0.699445 -0.714242 -0.0251982 104.772 0.714686 0.699037 0.0238919 53.0616 0.000549935 -0.0347199 0.999397 1.07663
0.696222 -0.717251 -0.0287562 105.336 0.717824 0.695772 0.0250958 53.6357 0.0020078 -0.0381141 0.999271 1.08175
0.693545 -0.719916 -0.0267455 105.913 0.720413 0.693089 0.0251494 54.2173 0.000431526 -0.03671 0.999326 1.08653
0.691219 -0.722261 -0.023564 106.479 0.722638 0.690693 0.0271645 54.8051 -0.00334441 -0.0358048 0.999353 1.09912
0.689881 -0.72364 -0.0202658 107.053 0.72389 0.689311 0.028863 55.4025 -0.00691698 -0.0345822 0.999378 1.10281
0.689303 -0.724351 -0.0132961 107.638 0.724424 0.688925 0.0243532 56.0038 -0.00848024 -0.0264187 0.999615 1.12336
0.68953 -0.724147 -0.0126398 108.207 0.724196 0.689139 0.0250561 56.6087 -0.00943369 -0.0264307 0.999606 1.08923
0.68966 -0.724043 -0.0113991 108.757 0.724077 0.689325 0.0233026 57.2206 -0.00901438 -0.0243247 0.999663 1.09349
0.69014 -0.723503 -0.0158379 109.315 0.723641 0.689728 0.0248729 57.8278 -0.00707176 -0.0286268 0.999565 1.10447
0.691015 -0.722537 -0.0209321 109.894 0.722824 0.690518 0.0266566 58.4627 -0.00480643 -0.0335504 0.999425 1.11118
0.692071 -0.721296 -0.0277527 110.463 0.721812 0.691277 0.0335213 59.0653 -0.00499397 -0.0432314 0.999053 1.09627
0.693871 -0.719385 -0.0320551 111.065 0.720069 0.692748 0.0400052 59.6901 -0.00657301 -0.0508403 0.998685 1.07613
0.696379 -0.716904 -0.0332493 111.632 0.717647 0.695197 0.0410421 60.2991 -0.00630845 -0.0524421 0.998604 1.08206
0.698199 -0.715152 -0.032804 112.238 0.71589 0.697166 0.0382237 60.9422 -0.00446587 -0.0501718 0.998731 1.11962
0.699918 -0.71366 -0.0283508 112.88 0.714212 0.699132 0.033396 61.5929 -0.00401244 -0.0436229 0.99904 1.14321
0.699459 -0.714284 -0.0235733 113.485 0.71466 0.698868 0.0290704 62.2078 -0.00428984 -0.0371805 0.999299 1.14044
0.6997 -0.714103 -0.0218372 114.101 0.714422 0.699157 0.0279417 62.8369 -0.00468561 -0.0351517 0.999371 1.13989
0.701341 -0.71248 -0.0222135 114.694 0.712791 0.700655 0.0318175 63.4508 -0.00710535 -0.0381484 0.999247 1.14346
0.7024 -0.711441 -0.0220496 115.301 0.711686 0.701459 0.0381885 64.0775 -0.0117019 -0.042516 0.999027 1.13789
0.703168 -0.710676 -0.0222344 115.89 0.710833 0.701912 0.045133 64.6985 -0.0164684 -0.047541 0.998734 1.11974
0.703298 -0.710563 -0.0217546 116.488 0.710763 0.702248 0.0407839 65.3084 -0.0137024 -0.0441456 0.998931 1.11947
0.704002 -0.709772 -0.0245901 117.081 0.710196 0.703498 0.0266865 65.8741 -0.00164218 -0.0362511 0.999341 1.10413
0.702814 -0.710865 -0.0269144 118.283 0.711349 0.702602 0.0182244 67.0854 0.00595507 -0.0319539 0.999472 1.16464
0.701698 -0.712234 -0.0184922 118.877 0.712429 0.701123 0.0295334 67.6944 -0.00806938 -0.0338979 0.999393 1.14673
0.699968 -0.714174 2.81241e-05 119.53 0.713512 0.69932 0.0430323 68.3564 -0.0307523 -0.0301012 0.999074 1.12685
0.699505 -0.714628 1.38301e-05 120.071 0.714046 0.698936 0.0403438 68.9004 -0.0288405 -0.0282108 0.999186 1.12783
0.698926 -0.7151 -0.0116092 120.596 0.714981 0.698229 0.0357557 69.4806 -0.017463 -0.033291 0.999293 1.12057
0.698178 -0.715672 -0.0190152 121.183 0.715914 0.697777 0.0239834 70.0744 -0.00389589 -0.0303579 0.999532 1.14467
0.696908 -0.716673 -0.0264533 121.763 0.717149 0.696631 0.0200571 70.6794 0.0040538 -0.0329489 0.999449 1.14979
0.694767 -0.718808 -0.0247587 122.378 0.719234 0.694379 0.0232299 71.3249 0.000494053 -0.0339467 0.999424 1.12717
0.691436 -0.722242 -0.0168128 122.907 0.722426 0.691104 0.0218197 71.9046 -0.00413969 -0.0272329 0.999621 1.14341
0.689053 -0.724565 -0.014551 123.491 0.724702 0.688799 0.0190714 72.511 -0.00379578 -0.0236863 0.999712 1.17218
0.686579 -0.726838 -0.0177971 124.019 0.72705 0.686271 0.0207576 73.0911 -0.00287378 -0.0271911 0.999626 1.15819
0.684211 -0.729003 -0.020238 124.576 0.729279 0.683838 0.0227734 73.7302 -0.00276232 -0.0303409 0.999536 1.178
0.682725 -0.730377 -0.0208689 125.124 0.730658 0.682233 0.0264072 74.3207 -0.00504978 -0.0332769 0.999433 1.16807
0.681629 -0.731405 -0.0206964 125.691 0.731645 0.680967 0.0312966 74.9235 -0.00879686 -0.0364751 0.999296 1.1527
0.681247 -0.731801 -0.0192321 126.256 0.731977 0.68056 0.0323575 75.5022 -0.0105907 -0.036121 0.999291 1.14813
0.679218 -0.733684 -0.0192567 126.798 0.733908 0.678723 0.0267459 76.1112 -0.00655308 -0.032299 0.999457 1.19006
0.67623 -0.73643 -0.019572 127.336 0.736688 0.67592 0.0205724 76.7075 -0.00192101 -0.0283301 0.999597 1.21568
0.671437 -0.740801 -0.0196771 127.855 0.741062 0.671197 0.017927 77.3026 -7.31158e-05 -0.0266188 0.999646 1.19917
0.665382 -0.746288 -0.0179162 128.387 0.746498 0.665104 0.0194217 77.9345 -0.00257797 -0.0262973 0.999651 1.17666
0.660702 -0.750521 -0.0138207 128.924 0.750564 0.66024 0.0271299 78.5333 -0.0112366 -0.0282981 0.999536 1.12678
0.657233 -0.753667 -0.0055882 129.492 0.753338 0.656684 0.0353375 79.1363 -0.022963 -0.0274348 0.99936 1.17334
0.654393 -0.756144 -0.00390054 130.009 0.755652 0.653761 0.0398363 79.7376 -0.027572 -0.0290161 0.999199 1.16927
0.650837 -0.759203 -0.00472056 130.497 0.758774 0.650232 0.0382256 80.3449 -0.0259515 -0.0284605 0.999258 1.15794
0.64586 -0.763421 -0.00725047 130.991 0.763229 0.645407 0.0305133 80.9587 -0.018615 -0.0252411 0.999508 1.13735
0.640236 -0.768104 -0.0106428 131.501 0.768149 0.640029 0.0176133 81.5974 -0.00671714 -0.0194519 0.999788 1.16753
0.634552 -0.772715 -0.0159699 132.036 0.772872 0.634315 0.0176803 82.2661 -0.00353187 -0.0235617 0.999716 1.15067
0.628902 -0.777324 -0.0157983 132.537 0.777441 0.62852 0.0233995 82.9242 -0.00825946 -0.0269982 0.999601 1.09195
0.622714 -0.782306 -0.0149435 133.03 0.78238 0.622292 0.0251811 83.5645 -0.0104001 -0.0273721 0.999571 1.07357
0.615061 -0.788241 -0.0194043 133.526 0.78845 0.614638 0.0238223 84.2035 -0.00685106 -0.0299515 0.999528 1.09875
0.600897 -0.799003 -0.0227276 134.529 0.799324 0.600576 0.0197344 85.5451 -0.00211819 -0.0300251 0.999547 1.13966
0.595004 -0.80337 -0.0237922 134.994 0.803685 0.594428 0.0273257 86.2169 -0.00780993 -0.0353804 0.999343 1.10684
0.588339 -0.80827 -0.0235916 135.475 0.808507 0.587534 0.0334535 86.8947 -0.0131786 -0.038756 0.999162 1.11554
0.581676 -0.813164 -0.0204377 135.956 0.813184 0.580718 0.0386991 87.5574 -0.0196002 -0.03913 0.999042 1.09933
0.5763 -0.817052 -0.0174466 136.433 0.816889 0.575298 0.0415257 88.2258 -0.0238916 -0.0381832 0.998985 1.08808
0.572339 -0.819846 -0.0167331 136.91 0.819656 0.571363 0.0413281 88.9073 -0.024322 -0.0373691 0.999006 1.06371
0.569038 -0.821988 -0.0230578 137.39 0.822126 0.568092 0.0371452 89.6048 -0.017434 -0.0400934 0.999044 1.09331
0.566191 -0.823672 -0.0315085 137.83 0.82422 0.565302 0.0330829 90.2682 -0.00943764 -0.0447012 0.998956 1.08552
0.56383 -0.825111 -0.0358809 138.29 0.825879 0.563056 0.0298799 90.9442 -0.00445129 -0.0464805 0.998909 1.08558
0.561156 -0.826835 -0.0380534 138.751 0.827697 0.560298 0.0313589 91.634 -0.00460738 -0.049094 0.998784 1.08296
0.559018 -0.828385 -0.0357418 139.218 0.829055 0.557761 0.0396263 92.3539 -0.0128904 -0.0517837 0.998575 1.06728
0.556469 -0.830285 -0.031127 139.681 0.830507 0.554732 0.0502997 93.0622 -0.024496 -0.0538414 0.998249 1.06037
0.552285 -0.833242 -0.0262501 140.121 0.833199 0.550667 0.0504569 93.7312 -0.0275878 -0.0497381 0.998381 1.0484
0.547937 -0.836215 -0.0225681 140.553 0.836167 0.546722 0.0438162 94.3774 -0.0243013 -0.0428792 0.998785 1.02214
0.541866 -0.840147 -0.0231079 140.99 0.840352 0.541138 0.0312719 95.0812 -0.0137684 -0.036364 0.999244 1.06105
0.536475 -0.843445 -0.0281906 141.445 0.843849 0.535711 0.0305353 95.7964 -0.0106528 -0.04017 0.999136 1.04614
0.530002 -0.847421 -0.031234 141.876 0.847886 0.528981 0.0356131 96.5202 -0.0136571 -0.0453579 0.998877 1.00579
0.523506 -0.851788 -0.0199534 142.328 0.851757 0.522615 0.0371948 97.2569 -0.0212541 -0.0364671 0.999109 1.02491
0.512841 -0.858481 0.00202125 143.192 0.858052 0.512656 0.0305169 98.6615 -0.0272344 -0.013916 0.999532 0.988568
0.507459 -0.861653 0.00629107 143.599 0.861374 0.507461 0.0227575 99.35 -0.0228016 -0.00612955 0.999721 0.986338
0.502609 -0.864471 0.00859766 144.024 0.864397 0.50268 0.0114558 100.048 -0.014225 0.00167402 0.999897 0.993881
0.49711 -0.867656 0.00737666 144.466 0.867671 0.497135 0.00193941 100.748 -0.00534994 0.0054364 0.999971 0.998286
0.491228 -0.871025 -0.00331828 144.887 0.87101 0.491186 0.00884563 101.48 -0.00607488 -0.00723548 0.999955 0.983275
0.48643 -0.873704 -0.00522453 145.31 0.873493 0.486159 0.0256592 102.271 -0.0198786 -0.017045 0.999657 0.961712
0.481357 -0.876524 -1.49645e-05 145.722 0.875992 0.481064 0.0348591 103.027 -0.0305477 -0.0167928 0.999392 0.955408
0.477518 -0.878613 0.00394234 146.11 0.877978 0.477335 0.0361408 103.789 -0.0336356 -0.0137966 0.999339 0.953797
0.475848 -0.879527 -0.0012116 146.5 0.879194 0.475629 0.0281867 104.527 -0.0242147 -0.0144778 0.999602 0.909524
0.474773 -0.880036 -0.0112783 146.872 0.880015 0.474498 0.0206056 105.253 -0.0127821 -0.0197081 0.999724 0.903042
0.473231 -0.880767 -0.0173603 147.243 0.880921 0.473004 0.0156772 105.997 -0.00559647 -0.022712 0.999726 0.955891
0.471948 -0.881502 -0.0148284 147.64 0.881604 0.471749 0.0150697 106.727 -0.00628869 -0.0201849 0.999777 0.974548
0.471423 -0.881831 -0.0116021 148.063 0.881813 0.471138 0.0208585 107.491 -0.0129275 -0.020064 0.999715 0.963964
0.471053 -0.882058 -0.00909726 148.464 0.881846 0.47064 0.0290697 108.265 -0.0213597 -0.0217158 0.999536 0.924442
0.469783 -0.882776 -0.00323283 148.857 0.882395 0.469466 0.031324 109.045 -0.0261343 -0.0175681 0.999504 0.899404
0.467576 -0.883949 0.00270303 149.242 0.883717 0.46752 0.0216626 109.765 -0.0204124 -0.0077402 0.999762 0.860387
0.46631 -0.884596 0.00671455 149.641 0.884595 0.466341 0.00426509 110.48 -0.00690416 0.0039508 0.999968 0.916424
0.465598 -0.884934 0.0104482 150.051 0.884994 0.46554 -0.00761597 111.221 0.0018756 0.0127925 0.999916 0.969441
0.4653 -0.885117 0.00794969 150.454 0.885145 0.46524 -0.00830149 111.965 0.00364928 0.0108993 0.999934 0.990952
0.464219 -0.885712 0.00395092 150.865 0.885711 0.46423 0.00254911 112.743 -0.00409191 0.00231603 0.999989 0.93434
0.461465 -0.887132 0.00681814 151.261 0.887049 0.461515 0.0121685 113.548 -0.0139418 0.000432672 0.999903 0.964383
0.459217 -0.888209 0.0142887 151.632 0.888165 0.45938 0.0115241 114.349 -0.0167997 0.00739869 0.999832 0.967729
0.459856 -0.887917 0.0116773 152.015 0.887941 0.459932 0.00479901 115.1 -0.00963187 0.00816188 0.99992 0.925289
0.460697 -0.887542 0.00529347 152.38 0.887538 0.460718 0.00390496 115.843 -0.00590461 0.00289915 0.999978 0.964079
0.460713 -0.887548 0.00142084 152.757 0.887531 0.460713 0.00559775 116.574 -0.00562288 -0.00131792 0.999983 0.958317
0.460344 -0.887741 0.000425508 153.136 0.887707 0.460331 0.00846634 117.299 -0.00771179 -0.0035197 0.999964 0.965945
0.458038 -0.888932 -0.000556163 153.869 0.888784 0.45795 0.0185884 118.778 -0.0162692 -0.00900853 0.999827 0.975115
0.457386 -0.889266 0.00165307 154.229 0.889171 0.457363 0.0139298 119.526 -0.0131434 -0.00490145 0.999902 0.972323
0.457129 -0.889397 0.00248164 154.589 0.889374 0.457135 0.00651074 120.261 -0.00692507 -0.000769148 0.999976 0.986041
0.456849 -0.889539 -0.00311715 154.968 0.889538 0.456829 0.0054592 120.993 -0.00343217 -0.00526686 0.99998 1.00326
0.455766 -0.890045 -0.00983703 155.351 0.890056 0.455606 0.0149763 121.721 -0.0088478 -0.0155812 0.999839 0.915631
0.453529 -0.891238 -0.00237336 155.719 0.890978 0.453329 0.0255115 122.433 -0.0216609 -0.0136848 0.999672 0.948935
0.452126 -0.891931 0.00642478 156.055 0.891571 0.452131 0.0260541 123.101 -0.0261433 -0.00605156 0.99964 0.981293
0.451723 -0.89213 0.00701947 156.397 0.891903 0.451768 0.0203413 123.802 -0.0213182 -0.00292793 0.999768 0.989321
0.45236 -0.891831 0.00264491 156.733 0.891728 0.45235 0.0141586 124.474 -0.0138235 -0.00404623 0.999896 0.939278
0.453344 -0.891333 -0.00218504 157.049 0.891302 0.453304 0.00980352 125.133 -0.00774771 -0.00639191 0.99995 0.971417
0.454303 -0.890792 -0.00989424 157.339 0.890836 0.454215 0.00993277 125.719 -0.00435392 -0.0133266 0.999902 0.929814
0.45664 -0.889583 -0.0110608 157.632 0.88965 0.456584 0.00732738 126.303 -0.00146812 -0.0131862 0.999912 0.946929
0.460242 -0.88772 -0.011417 157.933 0.887794 0.4602 0.00617383 126.89 -0.000226552 -0.0129774 0.999916 0.978138
0.465137 -0.885179 -0.0102329 158.239 0.885231 0.465055 0.00951612 127.501 -0.00366461 -0.0134848 0.999902 0.960967
0.470655 -0.882289 -0.00709214 158.559 0.882251 0.470506 0.0160503 128.097 -0.0108241 -0.0138112 0.999846 0.949695
0.475731 -0.879566 -0.00664022 158.894 0.879402 0.475459 0.0242914 128.708 -0.0182088 -0.0173956 0.999683 0.963542
0.481054 -0.87665 -0.00850631 159.2 0.876507 0.480731 0.0251486 129.291 -0.0179572 -0.0195536 0.999648 0.961368
0.487105 -0.873285 -0.0100817 159.488 0.873277 0.486894 0.0179359 129.852 -0.0107544 -0.0175408 0.999788 0.976005
0.493594 -0.869602 -0.012517 159.791 0.869691 0.493518 0.00883123 130.419 -0.00150232 -0.0152449 0.999883 0.979497
0.500244 -0.865695 -0.0180851 160.112 0.865867 0.500256 0.00418868 130.986 0.00542108 -0.0177547 0.999828 0.974791
0.506717 -0.861911 -0.0186269 160.48 0.862103 0.506694 0.0062663 131.577 0.00403715 -0.0192335 0.999807 1.01993
0.512212 -0.858726 -0.015136 160.829 0.858859 0.512141 0.00855056 132.144 0.000409177 -0.0173794 0.999849 1.04934
0.517561 -0.855601 -0.0087542 161.18 0.855632 0.517468 0.0109578 132.7 -0.00484547 -0.0131617 0.999902 1.05684
0.5227 -0.852514 -0.00232604 161.542 0.85247 0.52264 0.0119176 133.242 -0.00894423 -0.0082122 0.999926 1.05067
0.526147 -0.850392 -0.00141128 161.872 0.850328 0.526086 0.0132334 133.777 -0.0105111 -0.00816278 0.999911 1.05132
0.525931 -0.850522 -0.00303731 162.202 0.850461 0.525843 0.0143158 134.309 -0.0105787 -0.0101122 0.999893 1.04297
0.526225 -0.850344 -0.00187287 162.55 0.850252 0.526132 0.0160294 134.9 -0.0126451 -0.0100275 0.99987 1.06156
0.526222 -0.850347 0.000620682 162.901 0.850216 0.526153 0.0172123 135.486 -0.014963 -0.00852976 0.999852 1.06646
0.526405 -0.850234 0.000355199 163.257 0.850076 0.526315 0.0190388 136.063 -0.0163744 -0.00972017 0.999819 1.06659
0.52614 -0.850359 -0.00816304 163.605 0.850301 0.52591 0.0201741 136.632 -0.0128622 -0.0175554 0.999763 1.03111
0.525402 -0.850708 -0.0157624 163.937 0.850831 0.525159 0.0171662 137.187 -0.00632566 -0.0224302 0.999728 1.00272
0.523628 -0.85175 -0.0183344 164.256 0.851944 0.523564 0.00852787 137.728 0.0023356 -0.0200853 0.999796 1.0121
0.520264 -0.85386 -0.015802 164.591 0.853967 0.520326 0.000159806 138.282 0.00808576 -0.0135776 0.999875 1.06449
0.516608 -0.856088 -0.0151482 164.93 0.856204 0.516631 0.00265519 138.865 0.00555293 -0.0143416 0.999882 1.09539
0.512892 -0.858336 -0.0141649 165.247 0.858444 0.512742 0.013031 139.478 -0.00392203 -0.0188433 0.999815 1.09257
0.509502 -0.860454 -0.00524985 165.611 0.860273 0.509245 0.0244942 140.094 -0.0184027 -0.0169962 0.999686 1.10239
0.506087 -0.86247 0.00466104 165.982 0.86195 0.505958 0.032379 140.714 -0.0302842 -0.012369 0.999465 1.09495
0.503778 -0.863822 0.00444291 166.342 0.863329 0.503653 0.0315586 141.307 -0.0294987 -0.0120628 0.999492 1.05113
0.499383 -0.866376 -0.00290888 167.032 0.866218 0.499221 0.0210878 142.524 -0.0168178 -0.0130506 0.999773 1.02993
0.497041 -0.867727 -0.000768991 167.378 0.867656 0.496989 0.0132352 143.131 -0.0111023 -0.00724565 0.999912 1.03426
0.495888 -0.868361 0.00664878 167.723 0.868323 0.49593 0.00831441 143.724 -0.0105172 0.00165026 0.999943 1.03794
0.495058 -0.868719 0.0156202 168.076 0.868741 0.495207 0.00760845 144.332 -0.0143449 0.00980332 0.999849 1.05165
0.494173 -0.869095 0.0215942 168.437 0.869147 0.494452 0.0100226 144.943 -0.0193878 0.0138156 0.999717 1.04783
0.493188 -0.869611 0.0233039 168.78 0.869691 0.493498 0.00984921 145.554 -0.0200654 0.0154097 0.99968 1.01304
0.492487 -0.86995 0.0253567 169.125 0.87015 0.492757 0.00537122 146.134 -0.0171674 0.0194189 0.999664 0.99246
0.491899 -0.870125 0.0302898 169.474 0.870533 0.492109 -0.000605611 146.721 -0.0143789 0.0266662 0.999541 0.992555
