0.473824 -0.880483 0.0154957 1.08204 0.880611 0.473824 -0.00386882 1.43552 -0.00393582 0.0154789 0.999873 0.925817
0.471688 -0.881668 0.0131228 1.49757 0.881739 0.471738 0.00076572 2.26067 -0.00686561 0.0112097 0.999914 0.97185
0.466205 -0.884654 -0.00635746 2.43544 0.884257 0.466193 -0.0274578 4.03605 0.0272545 0.00717934 0.999603 1.01443
0.465552 -0.885006 -0.00515148 2.78059 0.884782 0.465553 -0.020507 4.72279 0.0205471 0.0049891 0.999776 1.03696
0.463534 -0.886077 -0.00169566 3.60356 0.886004 0.463519 -0.0121511 6.34451 0.0115528 0.00413011 0.999925 1.05625
0.462314 -0.886715 -0.00147165 4.04685 0.88655 0.462259 -0.0185738 7.22662 0.01715 0.00728226 0.999826 1.07531
0.4631 -0.886197 0.0139065 4.34295 0.886211 0.463223 0.00737506 7.81308 -0.0129775 0.00890866 0.999876 1.08922
0.464606 -0.884914 0.0327025 5.23063 0.884331 0.465578 0.0345747 9.56178 -0.0458212 0.0128562 0.998867 1.10124
0.465921 -0.88435 0.0290307 5.75307 0.884318 0.466515 0.018576 10.5769 -0.0299709 0.0170174 0.999406 1.09494
0.467347 -0.883364 0.0354294 6.10818 0.883168 0.468307 0.0265049 11.2594 -0.0400053 0.0189031 0.999021 1.08078
0.467907 -0.883627 0.0163429 6.70048 0.883749 0.467661 -0.0167881 12.3986 0.0071915 0.0222983 0.999726 1.07582
0.469041 -0.883006 0.0173517 7.04181 0.883137 0.468743 -0.0186936 13.0467 0.00837307 0.024092 0.999675 1.0796
0.470677 -0.881839 0.0286934 7.41379 0.882211 0.470854 -0.000643629 13.7521 -0.0129428 0.0256166 0.999588 1.08951
0.470826 -0.881718 0.0299309 7.98144 0.882202 0.470793 -0.00855609 14.8202 -0.00654721 0.0304335 0.999515 1.10607
0.470216 -0.881876 0.034518 8.4205 0.882476 0.470326 -0.00535808 15.6506 -0.0115095 0.0329807 0.99939 1.10659
0.469373 -0.881945 0.0431632 8.87058 0.882833 0.469673 -0.0035246 16.4958 -0.0171641 0.0397603 0.999062 1.10375
0.468338 -0.881736 0.0565801 9.2778 0.882828 0.469582 0.0103478 17.2525 -0.035693 0.0451043 0.998344 1.09324
0.465558 -0.882816 0.0623861 10.2453 0.884047 0.467191 0.0139275 19.0722 -0.0414417 0.0486681 0.997955 1.08296
0.46442 -0.884412 0.0461566 10.8273 0.885599 0.464097 -0.0181299 20.1696 -0.00538687 0.0492961 0.99877 1.09129
0.463361 -0.885287 0.0395342 11.2535 0.886161 0.462695 -0.025137 20.9836 0.00396114 0.0466812 0.998902 1.09405
0.462505 -0.885361 0.0471753 11.6074 0.886451 0.462791 -0.00534002 21.67 -0.0171044 0.0442884 0.998872 1.09087
0.460408 -0.886027 0.054588 12.5736 0.886959 0.461673 0.0126779 23.5375 -0.0364348 0.0425803 0.998429 1.09045
0.460439 -0.88671 0.0417312 13.1222 0.887392 0.460996 0.0043205 24.6276 -0.023069 0.0350426 0.99912 1.08544
0.459877 -0.886896 0.0439209 13.4799 0.88734 0.460863 0.0152657 25.3375 -0.0337807 0.0319524 0.998918 1.0747
0.460755 -0.886918 0.0328885 14.0741 0.887479 0.460799 -0.00667203 26.4906 -0.00923742 0.032262 0.999437 1.05977
0.461077 -0.886923 0.0278532 14.4541 0.887357 0.460932 -0.0117808 27.2386 -0.00238974 0.0301476 0.999543 1.04484
0.460081 -0.887311 0.0317057 14.8155 0.887772 0.460282 -0.00106067 27.9514 -0.0136524 0.0286354 0.999497 1.03612
0.459115 -0.88797 0.0268888 15.8437 0.888377 0.45892 -0.0133726 29.9601 -0.000465319 0.0300269 0.999549 1.02566
0.457638 -0.888571 0.0317765 16.1702 0.889041 0.457826 -0.00150305 30.6011 -0.0132125 0.0289384 0.999494 1.01847
0.457231 -0.889065 0.0224119 17.1525 0.889348 0.457104 -0.0108211 32.5426 -0.000623954 0.0248797 0.99969 1.01611
0.455752 -0.889684 0.0274364 17.5246 0.890012 0.455936 0.000513887 33.2745 -0.0129665 0.0241846 0.999623 1.02659
0.456224 -0.889412 0.0283873 18.0725 0.889805 0.456331 -0.00294737 34.3448 -0.0103326 0.0266038 0.999593 1.03867
0.456276 -0.889358 0.0292492 18.4933 0.889786 0.456358 -0.00418775 35.169 -0.00962372 0.0279363 0.999563 1.0398
0.456841 -0.889068 0.0292318 18.9447 0.889543 0.456706 -0.0115449 36.0467 -0.00308609 0.0312771 0.999506 1.0349
0.456653 -0.889115 0.0307172 19.3619 0.889645 0.4564 -0.0151931 36.8584 -0.000510926 0.0342654 0.999413 1.03357
0.454872 -0.889807 0.0365474 19.718 0.890489 0.454962 -0.00628235 37.5536 -0.0110376 0.0354027 0.999312 1.03517
0.454699 -0.889897 0.0365006 20.2907 0.890627 0.454569 -0.0122707 38.6795 -0.00567235 0.0380879 0.999258 1.04149
0.452896 -0.89049 0.0437258 20.591 0.891346 0.453324 -0.000141551 39.2738 -0.0196959 0.0390389 0.999044 1.04773
0.452608 -0.890689 0.0426417 21.1386 0.89149 0.453039 0.000510456 40.3627 -0.019773 0.0377836 0.99909 1.04643
0.451056 -0.891374 0.0447341 21.4551 0.892055 0.451842 0.00878805 41.0066 -0.0280462 0.0359413 0.99896 1.03806
0.4508 -0.891914 0.035625 21.991 0.892551 0.450916 -0.00515729 42.0771 -0.011464 0.034122 0.999352 1.01411
0.450683 -0.892213 0.0290044 22.3697 0.892684 0.450471 -0.0138311 42.8474 -0.000725349 0.0321252 0.999484 1.00553
0.448808 -0.893137 0.0296358 22.68 0.893578 0.448887 -0.00429363 43.4903 -0.00946834 0.0284089 0.999552 1.00766
0.448271 -0.893555 0.0247646 23.1967 0.89386 0.448335 -0.00319572 44.5518 -0.00824729 0.0235686 0.999688 1.01756
0.446362 -0.894434 0.0273614 23.4889 0.894673 0.446676 0.00634351 45.1496 -0.0178955 0.021648 0.999605 1.02571
0.445948 -0.894747 0.0236054 23.9618 0.894967 0.446126 0.0025855 46.1149 -0.0128443 0.019973 0.999718 1.03097
0.44485 -0.895298 0.0234306 24.2959 0.895504 0.445041 0.00338937 46.7939 -0.0134621 0.0194744 0.99972 1.0339
0.442814 -0.896264 0.0250272 24.6445 0.896425 0.44312 0.0081153 47.5026 -0.0183635 0.0188415 0.999654 1.03947
0.442509 -0.896496 0.0219122 25.0856 0.896681 0.442668 0.00277135 48.4082 -0.0121843 0.0184219 0.999756 1.04656
0.440943 -0.897224 0.0236152 25.3712 0.897401 0.441179 0.00567571 48.9927 -0.0155109 0.0186896 0.999705 1.0506
0.440439 -0.897531 0.0212492 25.7732 0.89769 0.44061 0.00393721 49.8288 -0.0128964 0.0173411 0.999766 1.0542
0.440139 -0.897729 0.0190038 26.1242 0.897855 0.440276 0.00354406 50.5623 -0.0115485 0.0155028 0.999813 1.05727
0.438838 -0.898366 0.0189563 26.4167 0.898444 0.439029 0.00721982 51.1777 -0.0148084 0.0138629 0.999794 1.05971
0.437024 -0.899279 0.0175209 26.7193 0.899298 0.437225 0.00985013 51.8136 -0.0165186 0.0114517 0.999798 1.05595
0.436516 -0.899632 0.0107691 27.0615 0.899669 0.436564 0.00257652 52.5512 -0.00701933 0.00856395 0.999939 1.04618
0.43649 -0.899697 0.00472136 27.3927 0.899681 0.436428 -0.0102403 53.2613 0.00715261 0.00871749 0.999936 1.03737
0.434916 -0.900459 0.00474903 27.6144 0.900461 0.43488 -0.00706603 53.7448 0.00429741 0.00734944 0.999964 1.0419
0.433893 -0.900961 0.00245913 28.2383 0.90096 0.433882 -0.00411517 55.0949 0.00264064 0.00400112 0.999988 1.06063
0.432733 -0.901512 0.00419281 28.497 0.901515 0.432707 -0.005966 55.6412 0.00356416 0.00636156 0.999973 1.06723
0.432622 -0.901536 0.00840357 28.7727 0.90153 0.432487 -0.0141164 56.2098 0.00909203 0.0136831 0.999865 1.07081
0.433511 -0.901083 0.0108434 29.0384 0.901016 0.43321 -0.0223549 56.7571 0.0154461 0.0194612 0.999691 1.07354
0.434542 -0.900569 0.0121614 29.262 0.900555 0.434259 -0.0204771 57.225 0.0131599 0.0198502 0.999716 1.08268
0.440666 -0.897582 0.0126647 29.7528 0.897664 0.440563 -0.010173 58.2582 0.00355151 0.0158515 0.999868 1.09948
0.44227 -0.896645 0.0206187 29.9685 0.89685 0.442332 -0.00169178 58.6715 -0.00760338 0.0192401 0.999786 1.11131
0.454549 -0.890144 0.0320761 30.4738 0.890436 0.455021 0.0089451 59.6705 -0.0225577 0.0244957 0.999445 1.13575
0.468301 -0.883093 0.0290035 30.7664 0.883287 0.468728 0.00987811 60.2184 -0.0223181 0.0209925 0.99953 1.13727
0.484324 -0.874527 0.0251651 31.0242 0.87463 0.48468 0.0104111 60.6723 -0.0213018 0.0169678 0.999629 1.13543
0.497488 -0.86703 0.0276668 31.2335 0.867124 0.497938 0.012404 61.0002 -0.024531 0.0178197 0.99954 1.13419
0.525343 -0.850378 0.0295433 31.5508 0.850639 0.525715 0.00607855 61.4852 -0.0207004 0.0219373 0.999545 1.13314
0.54364 -0.838713 0.0318574 31.7407 0.839051 0.544034 0.0046007 61.7545 -0.0211902 0.0242288 0.999482 1.13266
0.576289 -0.816665 0.03082 32.0431 0.817041 0.576579 0.000646074 62.172 -0.0182978 0.0248088 0.999525 1.13518
0.607914 -0.793489 0.0285858 32.3136 0.793861 0.608092 -0.0029689 62.5163 -0.015027 0.024498 0.999587 1.13568
0.639783 -0.768044 0.0280614 32.5824 0.768457 0.63986 -0.007318 62.8063 -0.0123348 0.0262459 0.999579 1.13058
0.667443 -0.744002 0.0313099 32.832 0.744524 0.667537 -0.00889155 63.0375 -0.0142851 0.0292455 0.99947 1.12293
0.739869 -0.672073 0.0302053 33.4756 0.672621 0.739862 -0.0136004 63.5808 -0.0132073 0.0303793 0.999451 1.11211
0.78799 -0.615208 0.0243062 33.8765 0.61566 0.787716 -0.0216005 63.8385 -0.00585759 0.0319853 0.999471 1.10529
0.820733 -0.570834 0.0233535 34.1781 0.571295 0.820336 -0.025903 63.9886 -0.00437135 0.0346012 0.999392 1.09559
0.891318 -0.452998 0.0185587 34.925 0.453377 0.890667 -0.0340697 64.2941 -0.0010961 0.0387811 0.999247 1.0701
0.913482 -0.40636 0.0205338 35.2218 0.406852 0.912835 -0.0347019 64.3794 -0.00464253 0.0400538 0.999187 1.05794
0.958274 -0.28492 0.0230458 35.997 0.285524 0.957916 -0.0295523 64.5685 -0.0136559 0.0348993 0.999298 1.04044
0.97593 -0.216822 0.0234425 36.4202 0.217341 0.975837 -0.022473 64.6552 -0.0180034 0.0270271 0.999473 1.0296
0.986592 -0.161272 0.0250362 36.7861 0.161739 0.986671 -0.0179097 64.7164 -0.0218142 0.0217189 0.999526 1.01802
0.995836 -0.0882972 0.0226896 37.2583 0.088666 0.995936 -0.0157925 64.7653 -0.021203 0.0177386 0.999618 1.00963
0.998751 -0.0437037 0.0242191 37.5835 0.0439581 0.998983 -0.0100704 64.8054 -0.0237543 0.0111225 0.999656 1.00423
0.999436 0.0262141 0.0209748 38.0648 -0.0262667 0.999652 0.00223866 64.8316 -0.0209089 -0.00278834 0.999777 1.0029
0.99706 0.0752349 0.0145045 38.3699 -0.0752799 0.997159 0.00258454 64.7752 -0.0142688 -0.00366884 0.999891 0.999272
0.992582 0.121284 0.00838918 38.6796 -0.121258 0.992615 -0.00347845 64.6785 -0.00874911 0.00243539 0.999959 0.988523
0.985773 0.168039 0.00376352 39.0364 -0.16795 0.985641 -0.0174537 64.5523 -0.00664238 0.0165733 0.999841 0.97824
0.977897 0.209077 0.00185798 39.3963 -0.208945 0.977527 -0.0279686 64.4253 -0.00766383 0.0269622 0.999607 0.971753
0.964776 0.262977 -0.00709378 39.8801 -0.263066 0.964592 -0.0189205 64.2862 0.00186694 0.0201202 0.999796 0.971431
0.95995 0.280135 -0.00456194 40.0909 -0.280164 0.959917 -0.00823207 64.2614 0.00207299 0.00918046 0.999956 0.972565
0.949698 0.31315 -0.0032133 40.5101 -0.313115 0.949677 0.00847711 64.1653 0.00570621 -0.00704457 0.999959 0.972606
0.941725 0.336385 -0.000243766 40.8671 -0.336339 0.941607 0.0159057 64.0797 0.00557999 -0.0148968 0.999873 0.969126
0.931704 0.363217 -0.00107734 41.3085 -0.363147 0.931577 0.0170034 63.949 0.00717956 -0.0154509 0.999855 0.954447
0.924761 0.380537 -0.00307914 41.6676 -0.380459 0.924688 0.0142613 63.8412 0.00827419 -0.0120168 0.999894 0.923487
0.914783 0.403628 -0.0160244 42.1511 -0.403425 0.914898 0.0144742 63.6577 0.0205029 -0.00677609 0.999767 0.895071
0.90947 0.415438 -0.0165904 42.4641 -0.415256 0.909606 0.0134011 63.52 0.0206581 -0.00529861 0.999773 0.892261
0.894121 0.447667 -0.0119265 43.3803 -0.447552 0.894188 0.0111847 63.0938 0.0156715 -0.00466273 0.999866 0.919828
0.889944 0.45601 -0.00740675 43.7204 -0.455989 0.889974 0.00443206 62.9095 0.00861289 -0.000566879 0.999963 0.92195
0.883434 0.468483 -0.00828765 44.2297 -0.468519 0.883449 -0.00298783 62.6292 0.00592196 0.00652247 0.999961 0.922034
0.878354 0.4779 -0.0103207 44.7022 -0.47799 0.878315 -0.0094256 62.3602 0.00456034 0.0132122 0.999902 0.91643
0.874955 0.484129 -0.00859699 45.1244 -0.484204 0.874844 -0.0139054 62.1302 0.000789052 0.0163293 0.999866 0.908503
0.872304 0.488938 -0.00500247 45.5787 -0.488945 0.872136 -0.0176435 61.8881 -0.00426372 0.0178364 0.999832 0.898922
0.869365 0.494136 -0.00591239 46.1463 -0.494154 0.869173 -0.0186953 61.5853 -0.00409912 0.0191747 0.999808 0.887824
0.866811 0.498603 -0.00583916 46.6458 -0.498611 0.866584 -0.0204885 61.307 -0.00515553 0.0206712 0.999773 0.876125
0.864255 0.503012 -0.0064877 47.2072 -0.503017 0.863965 -0.0232006 60.9886 -0.006065 0.0233146 0.99971 0.866201
0.863065 0.50508 -0.00359206 47.6838 -0.504972 0.862682 -0.0279803 60.7117 -0.0110335 0.0259627 0.999602 0.855878
0.859656 0.510837 -0.00611597 48.8948 -0.510748 0.859117 -0.0324789 60.0079 -0.0113371 0.0310444 0.999454 0.840908
0.859343 0.511383 -0.0042718 49.4079 -0.511166 0.858666 -0.0374448 59.7058 -0.0154806 0.0343615 0.99929 0.823936
0.859296 0.511336 -0.0121003 50.1325 -0.511391 0.858469 -0.0388618 59.2847 -0.00948366 0.0395818 0.999171 0.807575
0.860429 0.509367 -0.0144053 50.7127 -0.509504 0.859511 -0.0405725 58.9554 -0.00828476 0.0422493 0.999073 0.789746
0.862414 0.505997 -0.0144565 51.3232 -0.506123 0.861419 -0.0423911 58.618 -0.00899665 0.0438755 0.998996 0.771434
0.864826 0.501819 -0.0159481 51.999 -0.502014 0.863805 -0.0427023 58.2494 -0.00765278 0.0449362 0.998961 0.754201
0.867052 0.498126 -0.00954187 52.5237 -0.498 0.865949 -0.0461374 57.9706 -0.0147195 0.0447554 0.99889 0.734721
0.869688 0.493507 -0.00965594 53.3299 -0.493389 0.868571 -0.0463811 57.5426 -0.0145026 0.0451013 0.998877 0.716753
0.871922 0.489599 -0.00675968 54.0037 -0.489362 0.870863 -0.0460775 57.1924 -0.0166727 0.0434838 0.998915 0.698056
0.874067 0.485806 3.55951e-05 54.6293 -0.485255 0.87308 -0.0475152 56.8697 -0.0231142 0.0415142 0.99887 0.675723
0.876497 0.481407 -0.00113217 55.4708 -0.480948 0.875554 -0.0457586 56.4337 -0.0210372 0.0406518 0.998952 0.652334
0.878361 0.477949 -0.00684167 56.21 -0.477779 0.877437 -0.0427941 56.0445 -0.0144502 0.0408574 0.999061 0.631985
0.879367 0.476106 -0.00599959 56.7784 -0.475921 0.8785 -0.0416815 55.7446 -0.0145742 0.0395087 0.999113 0.61297
0.879718 0.475249 -0.0153199 57.6719 -0.475488 0.879055 -0.0342501 55.2841 -0.00281032 0.0374149 0.999296 0.598943
0.879943 0.474746 -0.0177793 58.3598 -0.475077 0.879431 -0.0300446 54.9367 0.00137214 0.0348841 0.99939 0.594813
0.88005 0.474647 -0.014885 59.063 -0.47488 0.879567 -0.0291776 54.5796 -0.000756679 0.0327463 0.999463 0.593295
0.880165 0.474467 -0.0138297 59.7641 -0.474664 0.879644 -0.0303373 54.2181 -0.00222884 0.0332662 0.999444 0.591036
0.880331 0.474211 -0.0118845 60.4694 -0.474339 0.879779 -0.0314884 53.8505 -0.00447643 0.0333575 0.999433 0.587725
0.880662 0.473428 -0.0173426 62.025 -0.473737 0.880272 -0.0263337 53.0516 0.00279912 0.0314069 0.999503 0.582893
0.880543 0.473864 -0.00985589 62.5437 -0.473942 0.880097 -0.0284362 52.7822 -0.00480075 0.0297104 0.999547 0.575357
0.879518 0.475655 -0.0141553 63.4861 -0.475862 0.879238 -0.0222731 52.3026 0.00185153 0.0263256 0.999652 0.570648
0.878549 0.477615 -0.0060536 63.985 -0.477616 0.878254 -0.0235083 52.051 -0.00591129 0.0235444 0.999705 0.567252
0.876156 0.482021 -0.00240806 64.8526 -0.481958 0.875934 -0.0213778 51.6138 -0.00819526 0.0198909 0.999769 0.567616
0.873921 0.486029 0.00616112 65.4699 -0.485778 0.873768 -0.0234381 51.2941 -0.016775 0.0174901 0.999706 0.568178
0.870227 0.492551 0.00995864 66.2981 -0.492226 0.870137 -0.0239731 50.8548 -0.0204733 0.0159601 0.999663 0.568253
0.866766 0.498514 0.0141476 66.9502 -0.498066 0.866737 -0.0264051 50.4946 -0.0254255 0.0158407 0.999551 0.566778
0.861563 0.507524 0.0113877 67.7619 -0.507109 0.861462 -0.0268983 50.0341 -0.0234615 0.0173998 0.999573 0.560331
0.857357 0.51456 0.0129134 68.3689 -0.514071 0.857265 -0.0287557 49.6812 -0.0258668 0.0180155 0.999503 0.556994
0.850507 0.525923 0.00662588 69.2107 -0.525607 0.850326 -0.0261528 49.181 -0.0193885 0.0187605 0.999636 0.552169
0.845627 0.533747 0.00532821 69.7901 -0.533424 0.845393 -0.0277479 48.8157 -0.0193148 0.0206221 0.999601 0.551765
0.839437 0.543452 0.00239674 70.486 -0.543167 0.839125 -0.0289615 48.3672 -0.0177503 0.0230095 0.999578 0.548256
0.833746 0.552145 0.00191871 71.1228 -0.55184 0.833392 -0.0305236 47.9456 -0.0184525 0.0243901 0.999532 0.544071
0.828159 0.560491 0.00187507 71.7552 -0.560155 0.827771 -0.0319663 47.5159 -0.0194689 0.0254228 0.999487 0.540628
0.822586 0.568636 0.00222887 72.386 -0.568262 0.822176 -0.0332313 47.0804 -0.020729 0.026069 0.999445 0.538063
0.816452 0.577413 -0.000774425 73.0468 -0.577147 0.816033 -0.0314731 46.6213 -0.017541 0.0261432 0.999504 0.534102
0.810842 0.585255 -0.00335538 73.6355 -0.585087 0.810441 -0.0293108 46.2092 -0.0144349 0.0257296 0.999565 0.531387
0.803969 0.594596 -0.00945704 74.3015 -0.59463 0.803623 -0.0246118 45.731 -0.00703419 0.0254106 0.999652 0.529846
0.798758 0.601527 -0.0122854 74.8544 -0.601633 0.798404 -0.0242707 45.3168 -0.0047908 0.0267777 0.99963 0.529923
0.794787 0.606806 -0.00999251 75.3731 -0.606818 0.794338 -0.0282693 44.9158 -0.00921651 0.0285317 0.99955 0.533815
0.791436 0.61123 -0.00516844 75.9137 -0.611031 0.790894 -0.033581 44.4999 -0.0164381 0.0297353 0.999423 0.53744
0.788074 0.615556 -0.00547992 76.5591 -0.615302 0.787417 -0.0371192 43.9939 -0.018534 0.0326245 0.999296 0.536791
0.786087 0.618096 -0.00486916 77.0968 -0.617768 0.785358 -0.0396988 43.5676 -0.0207136 0.0342147 0.9992 0.534276
0.784529 0.620072 -0.0049182 77.6719 -0.619732 0.78378 -0.0402698 43.1145 -0.0211154 0.0346408 0.999177 0.528948
0.783665 0.621158 -0.00560988 78.2265 -0.620867 0.782946 -0.0389762 42.6779 -0.0198181 0.0340273 0.999224 0.521582
0.783614 0.621221 -0.00586894 78.7304 -0.620953 0.782915 -0.0382307 42.2863 -0.0191548 0.0336024 0.999252 0.515372
0.784581 0.620006 -0.00493526 79.153 -0.619671 0.783838 -0.0400846 41.946 -0.0209843 0.0345079 0.999184 0.514652
0.787857 0.61579 -0.0091908 79.7352 -0.615646 0.787104 -0.0380362 41.4834 -0.0161882 0.0356254 0.999234 0.51009
0.792599 0.609616 -0.012428 80.2189 -0.609635 0.791912 -0.0349353 41.1082 -0.0114553 0.0352663 0.999312 0.508576
0.796574 0.604464 -0.00967552 80.5714 -0.604381 0.79589 -0.0358167 40.8477 -0.0139492 0.0343783 0.999312 0.515592
0.805482 0.592527 -0.0105048 81.1142 -0.592502 0.804843 -0.0341918 40.454 -0.0118049 0.033765 0.99936 0.522065
0.812361 0.583099 -0.00811317 81.482 -0.582993 0.81173 -0.0348278 40.199 -0.0137223 0.0330227 0.99936 0.532088
0.825067 0.564928 -0.0110061 81.9705 -0.564972 0.824525 -0.0310833 39.8723 -0.00848506 0.0318639 0.999456 0.535719
0.836021 0.548576 -0.0115385 82.3463 -0.54867 0.83558 -0.0276943 39.6428 -0.00555113 0.0294838 0.99955 0.540032
0.854323 0.51948 -0.0165139 82.8723 -0.519733 0.854072 -0.0209361 39.3388 0.00322819 0.026469 0.999644 0.543054
0.869608 0.493479 -0.0161611 83.2933 -0.493717 0.869434 -0.0181401 39.1231 0.00509927 0.0237538 0.999705 0.551922
0.882181 0.470842 -0.00798617 83.6781 -0.470906 0.881975 -0.019199 38.9486 -0.00199609 0.0206977 0.999784 0.564446
0.904533 0.426401 -0.0014413 84.2676 -0.426358 0.904382 -0.0176824 38.7136 -0.0062363 0.0166088 0.999843 0.577522
0.920054 0.391733 0.006698 84.6961 -0.391594 0.92 -0.0159674 38.5783 -0.0124171 0.012068 0.99985 0.586798
0.93854 0.344904 0.0135307 85.2022 -0.344772 0.93862 -0.0112091 38.4509 -0.0165662 0.00585517 0.999846 0.592806
0.951766 0.306043 0.0218871 85.6197 -0.305978 0.952017 -0.00635087 38.383 -0.0227805 -0.000652417 0.99974 0.596495
0.970264 0.240934 0.0231968 86.2053 -0.240973 0.970531 -0.00114085 38.3091 -0.0227881 -0.00448287 0.99973 0.599355
0.980355 0.19563 0.0251449 86.6008 -0.195684 0.980667 -0.000334061 38.2905 -0.0247241 -0.00459296 0.999684 0.601899
0.992271 0.122494 0.0198222 87.1528 -0.122507 0.992468 -0.000608914 38.2894 -0.0197475 -0.00182414 0.999803 0.605337
0.997654 0.0663701 0.016775 87.5689 -0.0663555 0.997795 -0.00143054 38.3239 -0.0168329 0.000314067 0.999858 0.611573
0.999848 -0.015177 0.00861445 88.1217 0.0151968 0.999882 -0.00223581 38.4038 -0.00857949 0.00236638 0.99996 0.618566
0.997398 -0.0716952 0.00754096 88.5215 0.0717112 0.997424 -0.00187839 38.4906 -0.00738686 0.00241427 0.99997 0.62684
0.987756 -0.155984 0.0028159 89.0806 0.155996 0.987747 -0.00453823 38.6442 -0.0020735 0.00492192 0.999986 0.637324
0.973553 -0.228461 0.000289284 89.5481 0.228453 0.973505 -0.00984684 38.803 0.001968 0.0096525 0.999951 0.653211
0.956155 -0.292852 0.0022784 89.9653 0.292855 0.956057 -0.0138348 38.9734 0.00187327 0.0138954 0.999902 0.67217
0.93469 -0.355383 0.00757197 90.3773 0.355458 0.934583 -0.0143117 39.1797 -0.00199051 0.0160685 0.999869 0.690716
0.879813 -0.474897 0.0200476 91.2201 0.475172 0.879809 -0.0121295 39.6999 -0.0118778 0.0201977 0.999725 0.720334
0.853783 -0.519953 0.0265356 91.5795 0.520339 0.8539 -0.0101195 39.9549 -0.0173971 0.0224473 0.999597 0.737834
0.818407 -0.574063 0.0257042 91.9976 0.574444 0.818476 -0.0105725 40.294 -0.014969 0.0234182 0.999614 0.758471
0.796368 -0.604276 0.0254781 92.2732 0.604631 0.796454 -0.00905033 40.5285 -0.0148232 0.0226122 0.999634 0.770478
0.745398 -0.666316 0.020134 92.9854 0.666583 0.745333 -0.0120514 41.1858 -0.00697648 0.0224041 0.999725 0.785153
0.72043 -0.693243 0.019855 93.3791 0.693524 0.720036 -0.0239494 41.5512 0.00230643 0.0310238 0.999516 0.80098
0.70818 -0.705622 0.0240512 93.6657 0.706019 0.70755 -0.0301673 41.8086 0.00426934 0.0383445 0.999255 0.816808
0.694986 -0.718577 0.025319 94.0463 0.718971 0.694079 -0.0365505 42.1677 0.00869098 0.0436057 0.999011 0.840404
0.684822 -0.728393 0.0214962 94.4245 0.728584 0.683857 -0.0388032 42.552 0.0135636 0.042235 0.999016 0.858079
0.68093 -0.732074 0.0200452 94.6831 0.732246 0.680122 -0.0353473 42.8266 0.0122437 0.0387471 0.999174 0.869821
0.677058 -0.73584 0.0114821 95.0723 0.73572 0.676412 -0.0343772 43.2614 0.0175295 0.031723 0.999343 0.889387
0.676269 -0.736573 0.010934 95.368 0.736471 0.675696 -0.0323212 43.5756 0.0164189 0.0299104 0.999418 0.912693
0.677295 -0.735652 0.0093565 95.7914 0.735425 0.676623 -0.0364835 44.0199 0.0205083 0.0315911 0.99929 0.945858
0.680862 -0.732386 0.00613216 96.1955 0.731828 0.679961 -0.0456165 44.441 0.0292392 0.0355462 0.99894 0.968578
0.683165 -0.7302 0.00966837 96.4661 0.729826 0.682237 -0.0436583 44.7164 0.0252832 0.0368821 0.999 0.982476
0.687399 -0.726235 0.00807707 96.9303 0.725869 0.686593 -0.0412815 45.197 0.0244345 0.0342398 0.999115 1.00838
0.690566 -0.723164 0.0123236 97.2883 0.72314 0.690021 -0.0306565 45.5623 0.0136661 0.030082 0.999454 1.02791
0.695426 -0.718394 0.0171252 97.8019 0.718581 0.695044 -0.0235627 46.0698 0.00502455 0.0286919 0.999576 1.06393
0.698844 -0.714863 0.0242492 98.2654 0.715263 0.69862 -0.0181422 46.5202 -0.00397173 0.0300231 0.999541 1.0938
0.700594 -0.712808 0.0327631 98.6196 0.713349 0.700764 -0.00787807 46.8723 -0.0173437 0.0288909 0.999432 1.1065
0.704044 -0.709179 0.0372436 99.1634 0.709802 0.70438 -0.00538822 47.3939 -0.0224125 0.0302292 0.999292 1.12376
0.705197 -0.707651 0.0438927 99.5688 0.708369 0.705842 -0.00113904 47.7824 -0.0301752 0.0318955 0.999036 1.12284
0.706127 -0.706798 0.0426821 100.154 0.707608 0.706581 -0.00587739 48.3392 -0.0260042 0.0343524 0.999071 1.12634
0.70623 -0.706677 0.0429826 100.559 0.707434 0.70677 -0.00356638 48.7336 -0.0278585 0.032926 0.999069 1.12184
0.705584 -0.707787 0.034464 101.168 0.708328 0.705864 -0.00532414 49.3331 -0.0205585 0.0281684 0.999392 1.12271
0.704493 -0.708755 0.0368219 101.568 0.709192 0.705014 0.00168289 49.7344 -0.0271527 0.0249282 0.99932 1.12207
0.703111 -0.709842 0.0419462 102.097 0.710164 0.703976 0.00922143 50.2617 -0.0360749 0.023305 0.999077 1.1305
0.701625 -0.710878 0.048742 102.64 0.710954 0.702988 0.0187745 50.8026 -0.0476114 0.0214806 0.998635 1.14449
0.70006 -0.712764 0.0433967 103.257 0.71265 0.701213 0.020776 51.4272 -0.0452387 0.0163822 0.998842 1.15635
0.699411 -0.713645 0.0391622 103.681 0.713275 0.700431 0.0251916 51.8732 -0.0454083 0.0103141 0.998915 1.15391
0.697134 -0.716462 0.0261954 104.309 0.716203 0.697609 0.0198729 52.5328 -0.0325124 0.00490715 0.999459 1.15603
0.694731 -0.718985 0.0202391 104.813 0.718788 0.69502 0.0170433 53.0675 -0.0263204 0.00270712 0.99965 1.15649
0.693208 -0.720382 0.0226334 105.271 0.720089 0.693574 0.0206621 53.552 -0.0305825 0.00197492 0.99953 1.15661
0.690105 -0.723335 0.0232798 105.94 0.723114 0.690485 0.0183562 54.2524 -0.029352 0.00416622 0.99956 1.17077
0.689237 -0.723977 0.0284532 106.398 0.723625 0.689808 0.0230605 54.7351 -0.0363225 0.0046953 0.999329 1.17502
0.687485 -0.725711 0.0266034 107.127 0.725513 0.687966 0.0182505 55.507 -0.0315468 0.00675418 0.999479 1.19245
0.687718 -0.725218 0.0332117 107.532 0.724952 0.688458 0.0216746 55.9297 -0.0385837 0.00917083 0.999213 1.19093
0.68732 -0.725628 0.0324714 108.245 0.725469 0.688003 0.0186142 56.6867 -0.0358474 0.0107631 0.999299 1.1992
0.68782 -0.725124 0.0331448 108.683 0.724767 0.688577 0.0239622 57.1596 -0.0401983 0.00754063 0.999163 1.19368
0.688445 -0.724935 0.022634 109.355 0.724576 0.688817 0.0228335 57.8954 -0.0321435 0.000680398 0.999483 1.19324
0.689081 -0.724585 0.0120304 109.942 0.724278 0.689155 0.0220444 58.5373 -0.0242638 -0.00647702 0.999685 1.19309
0.69062 -0.723203 0.00455766 110.482 0.722916 0.690501 0.0245081 59.1272 -0.0208714 -0.013631 0.999689 1.19457
0.692763 -0.721132 0.00690176 110.959 0.720622 0.692581 0.0321812 59.6375 -0.0279869 -0.0173204 0.999458 1.19222
0.69533 -0.718687 0.00209964 111.67 0.718332 0.695073 0.0295497 60.3999 -0.0226964 -0.0190386 0.999561 1.19825
0.696941 -0.71711 0.00508134 112.137 0.716651 0.696718 0.0315347 60.8895 -0.0261541 -0.0183363 0.99949 1.19641
0.698848 -0.715249 0.00550953 112.927 0.715046 0.698802 0.0196438 61.7084 -0.0179003 -0.00978847 0.999792 1.21127
0.699253 -0.714728 0.0145044 113.342 0.714409 0.699385 0.0219003 62.1248 -0.0257969 -0.00495174 0.999655 1.21299
0.700453 -0.713451 0.0187683 114.072 0.713266 0.700702 0.0163759 62.87 -0.0248344 0.00191628 0.99969 1.2265
0.701047 -0.712751 0.0227859 114.579 0.712421 0.701416 0.0217084 63.3863 -0.0314551 0.00101454 0.999505 1.22907
0.70228 -0.711591 0.0209891 115.314 0.711158 0.702589 0.0249583 64.1399 -0.0325068 -0.00260116 0.999468 1.23653
0.703077 -0.710803 0.0210195 115.888 0.710181 0.703362 0.0303997 64.7297 -0.0363925 -0.00644567 0.999317 1.24133
0.704086 -0.709916 0.0168024 116.507 0.709435 0.704251 0.0270689 65.3637 -0.0310497 -0.00713863 0.999492 1.24025
0.704443 -0.709525 0.0183121 116.978 0.709175 0.704675 0.0224566 65.8302 -0.0288376 -0.00283295 0.99958 1.23117
0.703006 -0.710538 0.0303225 118.811 0.710462 0.703574 0.0150677 67.673 -0.0320403 0.0109503 0.999427 1.26043
0.701269 -0.71151 0.0444451 119.559 0.71112 0.702559 0.0268176 68.4197 -0.0503063 0.0127994 0.998652 1.2896
0.700814 -0.712128 0.0416321 120.106 0.711774 0.70195 0.0253952 68.9691 -0.0473083 0.0118353 0.99881 1.2837
0.700357 -0.712919 0.0353154 120.557 0.71257 0.701196 0.0238381 69.4388 -0.0417576 0.00846948 0.999092 1.2627
0.69986 -0.714034 0.0187541 121.255 0.713991 0.700082 0.0100649 70.1596 -0.0203161 0.00634627 0.999773 1.23719
0.698836 -0.715007 0.0198023 121.696 0.714982 0.699077 0.00956731 70.6144 -0.0206841 0.00747234 0.999758 1.23209
0.696743 -0.717012 0.0210317 122.381 0.716993 0.697012 0.00977565 71.3225 -0.0216686 0.00826847 0.999731 1.24242
0.694509 -0.719215 0.019684 122.921 0.719187 0.694748 0.00972467 71.8963 -0.0206696 0.00740263 0.999759 1.24528
0.691142 -0.722517 0.0170706 123.506 0.722506 0.691319 0.00792951 72.5167 -0.0175305 0.00685321 0.999823 1.24876
0.688658 -0.724874 0.0175287 123.955 0.724753 0.688873 0.0136747 73.0045 -0.0219875 0.00328681 0.999753 1.25005
0.686335 -0.727235 0.00855949 124.618 0.727045 0.686364 0.017623 73.7437 -0.018691 -0.00587219 0.999808 1.25254
0.684927 -0.728588 0.00579487 125.132 0.728353 0.684875 0.0211574 74.3171 -0.0193838 -0.0102705 0.999759 1.25475
0.683596 -0.729773 0.0113306 125.589 0.729286 0.683591 0.0290724 74.8196 -0.0289618 -0.0116105 0.999513 1.25729
0.682284 -0.730962 0.0135184 126.255 0.730478 0.682354 0.0282059 75.5419 -0.0298418 -0.00936956 0.999511 1.25976
0.680883 -0.732182 0.0175352 126.697 0.731592 0.681063 0.030453 76.0226 -0.0342397 -0.00790631 0.999382 1.25936
0.677696 -0.735174 0.0157494 127.363 0.734866 0.677872 0.0214527 76.7531 -0.0264475 -0.00296474 0.999646 1.2604
0.669482 -0.74248 0.0227455 128.314 0.7421 0.669867 0.0237692 77.829 -0.0328847 0.000966392 0.999459 1.26404
0.663714 -0.747488 0.0273063 128.921 0.746922 0.664275 0.0290789 78.5314 -0.039875 0.00109558 0.999204 1.26908
0.659876 -0.750476 0.0367453 129.397 0.749536 0.660892 0.0376385 79.0713 -0.0525314 0.0027052 0.998616 1.27265
0.655451 -0.75445 0.0344882 130.044 0.753309 0.656356 0.0414994 79.8252 -0.0539458 -0.00122054 0.998543 1.26841
0.652371 -0.757372 0.028271 130.522 0.756375 0.65297 0.039073 80.3969 -0.0480529 -0.00410666 0.998836 1.25489
0.648428 -0.760906 0.0237396 130.968 0.760098 0.648844 0.0353838 80.9356 -0.042327 -0.00489945 0.999092 1.23726
0.643007 -0.765608 0.0196627 131.501 0.765132 0.643303 0.0270971 81.5906 -0.0333948 -0.00237908 0.999439 1.21863
0.638204 -0.769575 0.0211969 131.998 0.769128 0.638556 0.0262342 82.2141 -0.0337246 -0.000439659 0.999431 1.20978
0.63198 -0.774746 0.0192215 132.528 0.77409 0.632247 0.0323616 82.9009 -0.0372247 -0.00557269 0.999291 1.20731
0.625533 -0.780088 0.0130891 133.041 0.779362 0.625551 0.0357775 83.5835 -0.0360975 -0.0121788 0.999274 1.2023
0.620414 -0.784168 0.0129176 133.432 0.783279 0.620373 0.0401359 84.1019 -0.039487 -0.0147828 0.999111 1.19507
0.604648 -0.796431 0.00989799 134.524 0.795839 0.604609 0.0329811 85.5827 -0.0322515 -0.0120647 0.999407 1.19228
0.599916 -0.799944 0.0137917 134.915 0.798984 0.599913 0.0415929 86.1309 -0.0415458 -0.0139329 0.999039 1.19317
0.5867 -0.809584 0.0189147 135.896 0.807865 0.58675 0.0554865 87.5317 -0.0560192 -0.0172734 0.99828 1.19723
0.57934 -0.814885 0.0180802 136.451 0.813353 0.579412 0.0523376 88.3241 -0.053125 -0.0156157 0.998466 1.18771
0.575806 -0.817345 0.0198704 136.845 0.815718 0.575962 0.0535857 88.8881 -0.0552426 -0.0146463 0.998366 1.17499
0.571563 -0.820408 0.0157022 137.373 0.819126 0.571591 0.0481225 89.66 -0.0484553 -0.014643 0.998718 1.15803
0.567752 -0.82318 0.0057061 137.846 0.822347 0.567465 0.0415673 90.3646 -0.0374554 -0.0189075 0.999119 1.14112
0.565605 -0.82467 0.00317143 138.228 0.823937 0.565257 0.0401613 90.9298 -0.0349125 -0.0201024 0.999188 1.12922
0.56213 -0.827048 0.000680875 138.771 0.826467 0.561766 0.0370278 91.741 -0.0310062 -0.0202517 0.999314 1.12216
0.560316 -0.828268 0.00429921 139.145 0.827308 0.559903 0.045504 92.3016 -0.0400966 -0.0219399 0.998955 1.11928
0.557172 -0.830372 0.00639457 139.696 0.829092 0.556711 0.0517642 93.1404 -0.0465435 -0.0235399 0.998639 1.11738
0.553456 -0.832853 0.00653608 140.123 0.831665 0.553056 0.0496287 93.7837 -0.0449482 -0.0220315 0.998746 1.10682
0.550186 -0.834973 0.0107265 140.492 0.833921 0.550068 0.0447336 94.3357 -0.0432517 -0.0156668 0.998941 1.0892
0.543814 -0.839142 0.0103894 141.027 0.838719 0.543878 0.027339 95.1492 -0.0285918 -0.00615353 0.999572 1.06014
0.539129 -0.842141 0.0117932 141.381 0.84159 0.539213 0.031225 95.7051 -0.0326549 -0.00690921 0.999443 1.04568
0.531417 -0.84705 0.0101362 141.91 0.846464 0.531441 0.0326925 96.5663 -0.0330789 -0.00879344 0.999414 1.03538
0.52447 -0.851316 0.0138776 142.353 0.850714 0.524627 0.0324359 97.2903 -0.0348938 -0.00520573 0.999377 1.02769
0.514154 -0.85724 0.028022 143.173 0.856718 0.514853 0.0309802 98.6476 -0.0409847 0.00807836 0.999127 1.00064
0.509987 -0.85952 0.0337492 143.519 0.858873 0.510983 0.0351357 99.2308 -0.0474451 0.0110675 0.998812 0.987848
0.502899 -0.863727 0.0326859 144.04 0.863746 0.503599 0.0182017 100.114 -0.0321819 0.0190787 0.9993 0.962606
0.496752 -0.867061 0.037981 144.473 0.86767 0.49714 0.000874225 100.829 -0.0196398 0.0325207 0.999278 0.94624
0.491642 -0.869797 0.0417216 144.843 0.870455 0.492228 0.00447077 101.457 -0.0244252 0.0341188 0.999119 0.942007
0.487286 -0.872054 0.0455387 145.202 0.872248 0.488557 0.0222602 102.099 -0.0416604 0.028874 0.998715 0.941042
0.481446 -0.875373 0.0439528 145.701 0.874758 0.483036 0.0383968 103.014 -0.0548423 0.0199621 0.998295 0.940595
0.478207 -0.877028 0.0462608 146.036 0.875921 0.48011 0.0475006 103.641 -0.0638696 0.0178057 0.997799 0.933723
0.475789 -0.878544 0.042253 146.496 0.87777 0.477336 0.0408829 104.512 -0.0560863 0.0176368 0.99827 0.910298
0.473773 -0.880295 0.0248973 146.926 0.879828 0.474362 0.0297263 105.344 -0.0379783 0.00782179 0.999248 0.884637
0.472405 -0.881191 0.0183174 147.257 0.880793 0.472747 0.0267102 105.995 -0.0321963 0.00351577 0.999475 0.87765
0.470681 -0.882042 0.021474 147.596 0.88158 0.471141 0.0290373 106.64 -0.0357294 0.00526373 0.999348 0.880204
0.469172 -0.882715 0.0262975 148.07 0.882201 0.469832 0.0312865 107.537 -0.0399724 0.00852097 0.999164 0.888268
0.46927 -0.8826 0.0283305 148.449 0.881859 0.470062 0.0369513 108.269 -0.0459303 0.00764341 0.998915 0.890737
0.468405 -0.883067 0.0281027 148.86 0.88229 0.469193 0.0376997 109.065 -0.0464769 0.00713606 0.998894 0.885965
0.467081 -0.883867 0.0247769 149.262 0.883474 0.467653 0.0278125 109.835 -0.0361696 0.00889909 0.999306 0.872315
0.465894 -0.88438 0.0285529 149.565 0.884211 0.466537 0.0226766 110.395 -0.0333758 0.0146819 0.999335 0.864248
0.464007 -0.885154 0.034624 150.045 0.885602 0.464422 0.00459745 111.28 -0.0201496 0.0285299 0.99939 0.860184
0.463035 -0.885433 0.0400954 150.375 0.886017 0.463613 0.00601117 111.889 -0.0239112 0.0327419 0.999178 0.866624
0.461863 -0.886022 0.0405939 150.858 0.886458 0.462649 0.0121873 112.8 -0.029579 0.0303559 0.999101 0.88084
0.460375 -0.886635 0.0439702 151.177 0.886731 0.461638 0.0244586 113.413 -0.0419842 0.0277296 0.998733 0.890521
0.459349 -0.887254 0.0421841 151.657 0.887342 0.460512 0.0235035 114.358 -0.0402798 0.0266354 0.998833 0.893873
0.458713 -0.88758 0.0422324 151.955 0.887544 0.459957 0.02654 114.954 -0.0429815 0.0253089 0.998755 0.887487
0.459093 -0.887728 0.0342339 152.401 0.887633 0.459951 0.023531 115.85 -0.036635 0.0195842 0.999137 0.88237
0.458596 -0.888055 0.0323683 152.716 0.887674 0.459493 0.030013 116.482 -0.0415262 0.0149687 0.999025 0.885277
0.458453 -0.888283 0.0278314 153.165 0.88783 0.45917 0.0303499 117.371 -0.0397386 0.0107955 0.999152 0.892887
0.458061 -0.888692 0.0201885 153.897 0.888112 0.458495 0.032236 118.834 -0.0379042 0.00316364 0.999276 0.894209
0.457548 -0.888962 0.0198904 154.216 0.888342 0.457974 0.0332825 119.483 -0.0386962 0.00244109 0.999248 0.896406
0.456877 -0.889388 0.015862 154.593 0.888898 0.457152 0.0295301 120.251 -0.0335151 0.000608075 0.999438 0.895796
0.455674 -0.890007 0.0157948 154.907 0.889385 0.455946 0.033272 120.884 -0.0368139 -0.00111353 0.999322 0.895494
0.453918 -0.890872 0.0174855 155.3 0.890014 0.454249 0.0391546 121.663 -0.0428245 -0.00221059 0.99908 0.89575
0.453301 -0.891189 0.0173201 155.675 0.890267 0.453622 0.040634 122.397 -0.0440693 -0.00299987 0.999024 0.907707
0.453319 -0.89121 0.0157233 156.039 0.890345 0.453574 0.0394565 123.111 -0.0422958 -0.00388723 0.999098 0.929808
0.453798 -0.891007 0.0132025 156.397 0.890236 0.45396 0.0374185 123.817 -0.0393335 -0.00522713 0.999212 0.960001
0.454803 -0.890539 0.00972862 156.749 0.889928 0.454859 0.0336447 124.509 -0.034387 -0.00664393 0.999386 0.994449
0.456314 -0.889807 0.00466028 157.088 0.889395 0.456251 0.0284943 125.187 -0.0274807 -0.0088575 0.999583 1.03749
0.458362 -0.888762 -0.00256884 157.411 0.888613 0.458227 0.0198745 125.831 -0.0164866 -0.0113924 0.999799 1.08455
0.460862 -0.887406 -0.0108035 157.72 0.887466 0.460784 0.00902959 126.448 -0.00303481 -0.0137492 0.999901 1.13828
0.463791 -0.88574 -0.0190126 158.021 0.885877 0.463915 -0.00243036 127.044 0.0109729 -0.0157156 0.999816 1.19864
0.467198 -0.883762 -0.0263012 158.317 0.883855 0.467606 -0.0120687 127.63 0.0229645 -0.0176079 0.999581 1.26221
0.471147 -0.881486 -0.0316841 158.614 0.881455 0.471847 -0.0199508 128.207 0.0325364 -0.0185284 0.999299 1.32855
0.475554 -0.879002 -0.0347129 158.917 0.878847 0.476454 -0.0249028 128.782 0.0384287 -0.0186647 0.999087 1.39843
0.480446 -0.876212 -0.037729 159.218 0.875929 0.481551 -0.0292771 129.349 0.0438214 -0.0189819 0.998859 1.47092
0.485857 -0.873053 -0.0414994 159.512 0.872584 0.487239 -0.0345682 129.903 0.0504 -0.0194165 0.99854 1.54655
0.491725 -0.869593 -0.0448912 159.804 0.868884 0.493392 -0.0400545 130.45 0.0569801 -0.0193095 0.998189 1.62414
0.499172 -0.865 -0.0510132 160.138 0.863607 0.50145 -0.0522542 131.059 0.0707805 -0.0179715 0.99733 1.72385
0.503498 -0.862914 -0.0432284 160.374 0.861776 0.50516 -0.0464193 131.451 0.0618931 -0.0138812 0.997986 1.76604
0.511109 -0.858866 -0.0334028 160.774 0.857535 0.512183 -0.0479864 132.111 0.0583222 -0.00411773 0.998289 1.88704
0.514713 -0.85719 -0.0171921 161.052 0.856256 0.514964 -0.040464 132.534 0.0435387 0.00610658 0.999033 1.94064
0.520837 -0.853656 -0.000657152 161.463 0.852836 0.52037 -0.0434161 133.15 0.0374043 0.0220522 0.999057 2.04451
0.52358 -0.851915 0.0102424 161.764 0.851492 0.522839 -0.0400139 133.594 0.0287333 0.0296718 0.999147 2.08843
0.526162 -0.850296 0.0122473 162.175 0.849873 0.525292 -0.0422332 134.206 0.0294773 0.0326302 0.999033 2.16531
0.525876 -0.850355 0.0187074 162.89 0.850328 0.525091 -0.0349528 135.291 0.0198992 0.0342882 0.999214 2.3294
0.524459 -0.850918 0.029677 163.167 0.851434 0.524071 -0.0202531 135.725 0.00168093 0.0358899 0.999354 2.33741
0.524542 -0.850988 0.0259947 163.612 0.851385 0.524298 -0.0160059 136.417 -8.08807e-06 0.0305272 0.999534 2.39512
0.523949 -0.851383 0.0249804 163.892 0.851732 0.523902 -0.00888782 136.869 -0.00552036 0.0259334 0.999648 2.39125
0.52311 -0.852084 0.0175437 164.311 0.852261 0.522932 -0.0139009 137.53 0.0026706 0.0222235 0.999749 2.42956
0.52141 -0.853081 0.0196115 164.606 0.853306 0.521273 -0.0119339 138.009 -4.23901e-05 0.022957 0.999736 2.4352
0.51778 -0.855277 0.020128 165.034 0.85551 0.517703 -0.00929141 138.701 -0.0024736 0.0220306 0.999754 2.48998
0.514495 -0.857346 0.0158915 165.355 0.857345 0.514662 0.00907608 139.278 -0.0159601 0.00895494 0.999833 2.52081
0.51101 -0.85935 0.0196597 165.713 0.858845 0.511385 0.0295189 139.92 -0.0354207 0.00180022 0.999371 2.56504
0.507841 -0.860998 0.0279316 166.054 0.859672 0.508608 0.0477684 140.529 -0.0553347 -0.000246707 0.998468 2.58865
0.506229 -0.861781 0.03266 166.35 0.859495 0.507267 0.062838 141.063 -0.0707199 -0.0037393 0.997489 2.57621
0.50386 -0.86353 0.020996 166.802 0.861242 0.504092 0.0644554 141.897 -0.0662431 -0.0143938 0.9977 2.59592
0.503193 -0.864012 0.0167243 167.043 0.861237 0.502983 0.0726583 142.365 -0.0711897 -0.0221576 0.997217 2.55395
0.500117 -0.865896 0.0103609 167.476 0.863782 0.499672 0.0648715 143.186 -0.0613491 -0.0234938 0.99784 2.55129
0.498195 -0.866879 0.0179759 168.119 0.864396 0.49818 0.0680943 144.419 -0.0679847 -0.018386 0.997517 2.60044
0.497622 -0.867191 0.0187734 168.435 0.864211 0.497532 0.0748483 145.034 -0.0742481 -0.021022 0.997018 2.57319
0.494956 -0.868849 0.0109134 168.851 0.866537 0.49449 0.0677748 145.875 -0.0642827 -0.0240887 0.997641 2.56634
0.494725 -0.869018 0.00744632 169.084 0.866904 0.494087 0.0659966 146.323 -0.0610313 -0.0261949 0.997792 2.50657
0.492715 -0.870169 0.00619134 169.459 0.868766 0.492303 0.0536951 147.068 -0.0497718 -0.0210775 0.998538 2.47788
0.491761 -0.870703 0.00690655 169.739 0.869502 0.491473 0.0491867 147.618 -0.0462214 -0.0181829 0.998766 2.43832
0.489003 -0.872274 0.00381121 170.124 0.871575 0.488777 0.0381313 148.42 -0.0351238 -0.0153246 0.999265 2.43101
0.48745 -0.873143 0.00375667 170.401 0.872687 0.487327 0.030487 148.952 -0.0284502 -0.0115825 0.999528 2.3974
0.485656 -0.874144 0.00312392 170.732 0.873997 0.485635 0.0169848 149.605 -0.0163643 -0.00551849 0.999851 2.37001
0.484342 -0.874876 0.0020048 171.032 0.874878 0.484338 -0.00225646 150.18 0.00100312 0.00284686 0.999995 2.33299
0.483739 -0.875212 0.00105976 171.295 0.875064 0.483633 -0.0190298 150.681 0.0161426 0.0101328 0.999818 2.28625
0.482675 -0.8758 -0.000528663 171.601 0.875084 0.482305 -0.0401359 151.275 0.035406 0.01891 0.999194 2.25009
0.481919 -0.876214 -0.00176769 171.899 0.87469 0.481198 -0.0580191 151.846 0.0516877 0.0264143 0.998314 2.219
0.481379 -0.87651 0.00212611 172.263 0.873698 0.479638 -0.0812361 152.532 0.0701845 0.0409629 0.996693 2.21273
0.480827 -0.876731 0.0121935 172.565 0.873039 0.47742 -0.0993679 153.033 0.0812975 0.0584242 0.994976 2.19233
0.480515 -0.876658 0.0239814 172.858 0.872532 0.475143 -0.113692 153.482 0.0882744 0.0755552 0.993227 2.15543
0.479679 -0.8767 0.0361192 173.121 0.872976 0.472683 -0.120348 153.865 0.0884362 0.0892595 0.992074 2.10489
