0.352453 -0.935811 0.00582023 -189.911 0.935678 0.352501 0.0157889 -113.808 -0.0168271 -0.000118999 0.999858 -0.120647
0.352453 -0.935812 0.00577456 -189.906 0.935678 0.3525 0.0158185 -113.807 -0.0168387 -0.000172146 0.999858 -0.131646
0.35235 -0.935851 0.00572526 -189.904 0.935716 0.352397 0.0158611 -113.804 -0.0168612 -0.000231438 0.999858 -0.133846
0.352338 -0.935856 0.00572029 -189.907 0.935721 0.352384 0.0158752 -113.806 -0.0168726 -0.000240828 0.999858 -0.124546
0.35235 -0.935851 0.00572067 -189.907 0.935716 0.352396 0.0158799 -113.807 -0.0168771 -0.000242356 0.999858 -0.123746
0.352321 -0.935862 0.00576033 -189.907 0.935726 0.352368 0.0159138 -113.808 -0.0169229 -0.000216673 0.999857 -0.127247
0.352347 -0.935851 0.00584468 -189.906 0.935716 0.352396 0.015906 -113.806 -0.0169453 -0.000135481 0.999856 -0.128746
0.352422 -0.935823 0.00590439 -189.909 0.935688 0.352471 0.0158647 -113.807 -0.0169277 -6.63968e-05 0.999857 -0.129047
0.35236 -0.935845 0.00597351 -189.91 0.935711 0.352411 0.0158515 -113.807 -0.0169397 4.03449e-06 0.999857 -0.126047
0.352391 -0.935833 0.00601575 -189.907 0.935699 0.352443 0.0158619 -113.807 -0.0169643 3.93381e-05 0.999856 -0.134846
0.35235 -0.935848 0.00611476 -189.907 0.935714 0.352403 0.0158506 -113.809 -0.0169886 0.000136727 0.999856 -0.126947
0.352258 -0.935883 0.0061376 -189.904 0.935749 0.352312 0.0158052 -113.809 -0.0169542 0.000175725 0.999856 -0.131446
0.352247 -0.935887 0.00613658 -189.899 0.935754 0.3523 0.0157818 -113.807 -0.0169319 0.000183243 0.999857 -0.126246
0.350549 -0.936524 0.00618488 -189.878 0.936397 0.350603 0.0154166 -113.734 -0.0166065 0.000387221 0.999862 -0.105444
0.350263 -0.936626 0.0068916 -189.819 0.93646 0.35033 0.017653 -113.571 -0.0189486 0.0002705 0.99982 -0.10794
0.347833 -0.937537 0.00602554 -189.718 0.937427 0.347884 0.0144026 -113.327 -0.0155992 0.000638818 0.999878 -0.111832
0.345102 -0.938532 0.00792696 -189.536 0.938374 0.345189 0.0172643 -112.836 -0.0189394 0.00148052 0.99982 -0.0988181
0.344111 -0.938869 0.010585 -189.459 0.938697 0.344255 0.0183507 -112.64 -0.0208729 0.00362138 0.999776 -0.114012
0.342547 -0.939454 0.00937067 -189.397 0.939294 0.342664 0.017555 -112.454 -0.0197031 0.00278838 0.999802 -0.108907
0.341984 -0.939677 0.00733066 -189.319 0.939521 0.342061 0.017184 -112.247 -0.018655 0.00101065 0.999825 -0.0892012
0.3413 -0.939918 0.00825367 -189.242 0.939742 0.341397 0.0182678 -112.045 -0.019988 0.00152151 0.999799 -0.102695
0.341972 -0.939669 0.00885229 -189.155 0.939459 0.342083 0.0198856 -111.838 -0.0217141 0.00151607 0.999763 -0.0847892
0.34007 -0.940353 0.00938852 -189.077 0.940135 0.340195 0.0203375 -111.634 -0.0223184 0.00191028 0.999749 -0.0799832
0.338852 -0.940813 0.00710295 -188.982 0.940628 0.338927 0.0186296 -111.414 -0.0199343 0.000368553 0.999801 -0.0717766
0.337939 -0.941121 0.00942517 -188.888 0.940977 0.338055 0.0167407 -111.184 -0.0189413 0.00321153 0.999815 -0.0782697
0.338237 -0.941003 0.0104546 -188.764 0.940828 0.33838 0.0185093 -110.859 -0.0209549 0.00357545 0.999774 -0.0491604
0.336427 -0.941655 0.0101887 -188.632 0.941518 0.336557 0.0165397 -110.508 -0.0190037 0.00402849 0.999811 -0.0614504
0.336 -0.941795 0.0112473 -188.59 0.941694 0.336142 0.0148861 -110.402 -0.0178003 0.00558979 0.999826 -0.0460473
0.336598 -0.941583 0.01108 -188.458 0.941447 0.336746 0.0167408 -110.06 -0.019494 0.00479632 0.999798 -0.0754375
0.335998 -0.94179 0.0117141 -188.326 0.941635 0.336165 0.0178249 -109.7 -0.0207252 0.00504132 0.999772 -0.0519273
0.334665 -0.942268 0.0114456 -188.226 0.942142 0.334818 0.0162675 -109.456 -0.0191606 0.00533923 0.999802 -0.0269201
0.335003 -0.942132 0.0126675 -188.13 0.942042 0.33517 0.0147808 -109.219 -0.0181712 0.00698169 0.999811 -0.0231132
0.335705 -0.94184 0.0154634 -188.038 0.941779 0.335921 0.014472 -108.975 -0.0188248 0.00970478 0.999776 -0.0554063
0.336421 -0.941552 0.0173506 -187.89 0.941562 0.336639 0.0116456 -108.594 -0.0168059 0.0124189 0.999782 -0.0805954
0.336471 -0.941607 0.0128233 -187.747 0.94164 0.336566 0.00613459 -108.227 -0.0100923 0.0100108 0.999899 -0.052485
0.336805 -0.941517 0.0103627 -187.55 0.941558 0.336844 0.00213623 -107.714 -0.00550189 0.00903754 0.999944 -0.0551704
0.337231 -0.941392 0.00748534 -187.303 0.941412 0.337179 -0.00740346 -107.069 0.00444567 0.00954345 0.999945 -0.0405523
0.337305 -0.941349 0.00933636 -187.203 0.941361 0.33719 -0.0119579 -106.81 0.00810841 0.0128223 0.999885 -0.046945
0.336078 -0.941786 0.00951722 -187.098 0.941781 0.335934 -0.0140217 -106.55 0.0100083 0.0136755 0.999856 -0.0542375
0.335991 -0.941831 0.00798813 -187.051 0.941774 0.335828 -0.0167911 -106.423 0.0131317 0.0131647 0.999827 -0.068634
0.33713 -0.941449 0.00406342 -186.958 0.941363 0.337032 -0.0156254 -106.182 0.0133411 0.00909297 0.99987 -0.0436272
0.33887 -0.940784 0.00965367 -186.848 0.940786 0.338732 -0.0135332 -105.913 0.00946183 0.013668 0.999862 -0.0511195
0.339301 -0.940649 0.00732346 -186.663 0.940618 0.339182 -0.0138916 -105.406 0.0105831 0.011602 0.999877 -0.0399057
0.338449 -0.940963 0.00634036 -186.318 0.940933 0.338353 -0.0127001 -104.552 0.00980505 0.0102642 0.999899 -0.0603815
0.33875 -0.940875 0.00138169 -185.971 0.940819 0.338713 -0.0115736 -103.633 0.0104213 0.00522047 0.999932 -0.0444563
0.339149 -0.940725 0.00376589 -185.796 0.940692 0.339094 -0.0107113 -103.153 0.00879938 0.00717526 0.999936 -0.0245433
0.339495 -0.94058 0.00727397 -185.546 0.940566 0.339397 -0.0120244 -102.536 0.00884111 0.0109239 0.999901 -0.015626
0.340474 -0.940222 0.00773436 -185.431 0.940228 0.340392 -0.010285 -102.219 0.00703749 0.0107738 0.999917 -0.0119176
0.34088 -0.940072 0.00804069 -185.192 0.940014 0.340714 -0.0169466 -101.606 0.0131915 0.0133351 0.999824 -0.0206008
0.341299 -0.939905 0.00967773 -185.012 0.939867 0.341108 -0.0171863 -101.14 0.0128524 0.0149615 0.999805 -0.0209881
0.341349 -0.93992 0.00556176 -184.771 0.939842 0.341225 -0.0161901 -100.533 0.0133196 0.0107537 0.999853 -0.0281715
0.341201 -0.939956 0.00799025 -184.586 0.939902 0.34104 -0.0166206 -100.073 0.0128976 0.013181 0.99983 -0.0172589
0.342725 -0.939415 0.00626592 -184.178 0.939327 0.342576 -0.0174783 -99.013 0.0142728 0.011876 0.999828 -0.00493046
0.341699 -0.9398 0.00410652 -184.123 0.939662 0.341565 -0.0191985 -98.8731 0.0166401 0.0104188 0.999807 -0.0098267
0.345015 -0.93857 0.0071095 -184.001 0.938493 0.344853 -0.0175367 -98.5467 0.0140077 0.0127226 0.999821 -0.0251181
0.344596 -0.938734 0.0057031 -183.707 0.938585 0.344414 -0.0208962 -97.798 0.0176517 0.0125536 0.999765 -0.041198
0.344967 -0.938595 0.0060825 -183.465 0.938473 0.344794 -0.0196548 -97.1764 0.0163507 0.0124885 0.999788 -0.0260815
0.345741 -0.93831 0.00617539 -183.294 0.938214 0.345587 -0.0179899 -96.7244 0.014746 0.0120137 0.999819 -0.0309697
0.347122 -0.937807 0.00493161 -182.507 0.937679 0.346974 -0.0191416 -94.7565 0.01624 0.0112687 0.999805 -0.0230175
0.346897 -0.937888 0.0053174 -182.275 0.937739 0.346725 -0.0206824 -94.1548 0.0175541 0.012161 0.999772 0.0103981
0.347296 -0.937646 0.0143304 -182.101 0.937676 0.347026 -0.018366 -93.6775 0.0122478 0.0198157 0.999729 -0.00758983
0.348668 -0.937243 0.00230813 -181.802 0.937109 0.348574 -0.0179687 -92.9105 0.0160365 0.0084281 0.999836 -0.02267
0.348471 -0.937304 0.00535995 -181.688 0.937159 0.3483 -0.0204875 -92.6108 0.0173361 0.0121624 0.999776 -0.0201624
0.350058 -0.936728 3.83519e-06 -181.509 0.936592 0.350007 -0.0170273 -92.1605 0.0159486 0.00596412 0.999855 -0.0243507
0.35005 -0.936728 0.00238719 -181.384 0.936619 0.349968 -0.0163288 -91.8456 0.0144602 0.00795177 0.999864 -0.00264263
0.350941 -0.93639 0.00385225 -181.204 0.936249 0.350809 -0.0192565 -91.3905 0.0166801 0.0103645 0.999807 -0.00593095
0.351424 -0.936205 0.00460546 -181.04 0.936075 0.351281 -0.019114 -90.9281 0.0162768 0.0110282 0.999807 -0.00791964
0.350525 -0.936531 0.00642344 -180.917 0.936366 0.350309 -0.022406 -90.632 0.0187337 0.0138685 0.999728 -0.0218119
0.352464 -0.935821 0.00277918 -180.8 0.935684 0.352358 -0.0184132 -90.3145 0.0162522 0.00909044 0.999827 -0.00460408
0.353187 -0.935532 0.00628658 -180.673 0.935437 0.35303 -0.0180764 -90.0198 0.0146917 0.012265 0.999817 -0.0252963
0.352278 -0.935872 0.00654826 -180.552 0.935762 0.352101 -0.0193479 -89.7222 0.0158015 0.0129435 0.999791 -0.0161886
0.353773 -0.935318 0.0049483 -180.262 0.935212 0.353638 -0.0178669 -88.9644 0.0149613 0.0109485 0.999828 -0.00476979
0.354693 -0.934975 0.00392708 -180.072 0.934864 0.354577 -0.0174648 -88.5183 0.0149367 0.00986593 0.99984 -0.00315818
0.355978 -0.934473 0.00638978 -179.955 0.934405 0.35584 -0.0162987 -88.2089 0.012957 0.0117726 0.999847 -0.0181506
0.35547 -0.934676 0.0046984 -179.66 0.934551 0.355327 -0.018909 -87.479 0.0160043 0.0111125 0.99981 -0.0200321
0.354998 -0.934848 0.00597149 -179.324 0.934716 0.354819 -0.0202181 -86.5934 0.016782 0.012759 0.999778 -0.00911056
0.356069 -0.934456 0.0028283 -179.212 0.934353 0.35598 -0.0162045 -86.2906 0.0141356 0.00841254 0.999865 -0.000903274
0.354357 -0.93511 0.000182201 -179.086 0.934987 0.354307 -0.016327 -85.994 0.015203 0.00595593 0.999867 -0.00479573
0.355309 -0.934748 0.00101051 -178.983 0.934637 0.355249 -0.0158774 -85.6936 0.0144824 0.00658584 0.999873 0.00601124
0.355603 -0.934628 0.00425929 -178.923 0.934552 0.355505 -0.0151529 -85.5449 0.0126482 0.00936895 0.999876 -0.00768509
0.373092 -0.927794 0.000868524 -178.734 0.927719 0.373049 -0.0130651 -85.0947 0.0117977 0.00568023 0.999914 -0.0165737
0.416595 -0.909037 0.0100627 -178.125 0.909041 0.416428 -0.015233 -83.8064 0.00965696 0.0154934 0.999833 -0.00593956
0.419097 -0.907878 0.010771 -177.931 0.907891 0.418919 -0.01549 -83.3792 0.00955088 0.0162707 0.999822 0.00187148
0.420151 -0.907375 0.011985 -177.792 0.907384 0.419918 -0.0180016 -83.0882 0.0113014 0.0184384 0.999766 -2.0824e-05
0.423109 -0.90606 0.00583456 -177.516 0.905981 0.422959 -0.0174453 -82.5363 0.0133387 0.0126672 0.999831 0.00689406
0.424443 -0.905453 -0.00152652 -177.322 0.905279 0.424393 -0.0189809 -82.1245 0.0178342 0.0066744 0.999819 0.0106048
0.42783 -0.903856 0.00231769 -176.776 0.903722 0.427719 -0.018528 -80.9942 0.0157553 0.0100214 0.999826 0.0175345
0.413361 -0.91055 0.00560196 -176.45 0.910428 0.413183 -0.0200134 -80.3081 0.0159085 0.0133729 0.999784 -0.00364777
0.409538 -0.912289 0.0028896 -176.207 0.912204 0.409451 -0.015319 -79.7552 0.0127922 0.00890961 0.999878 0.00826591
0.410171 -0.912007 0.00182757 -176.086 0.911885 0.410082 -0.0172424 -79.4775 0.0149757 0.00873887 0.99985 0.00407275
0.410747 -0.911749 -0.000374183 -175.968 0.911674 0.410719 -0.0127019 -79.2192 0.0117346 0.00487614 0.999919 0.00937923
0.412434 -0.910936 0.00967781 -175.636 0.910894 0.412217 -0.0186658 -78.5169 0.013014 0.0165139 0.999779 -0.0016029
0.414328 -0.910028 0.0134375 -175.511 0.910044 0.414045 -0.0196515 -78.2294 0.0123197 0.0203709 0.999717 -0.0056959
0.410835 -0.911702 0.00388216 -175.2 0.911571 0.410694 -0.0192085 -77.5434 0.015918 0.0114304 0.999808 0.0120211
0.414962 -0.909836 0.00227343 -175.075 0.909704 0.414857 -0.0182202 -77.2309 0.0156342 0.00962884 0.999831 0.0113283
0.415831 -0.909436 0.00315257 -174.862 0.909315 0.415713 -0.0181433 -76.8385 0.0151896 0.0104112 0.99983 -0.0112611
0.41733 -0.908729 0.00692535 -174.533 0.908631 0.417134 -0.0197209 -76.1362 0.0150322 0.0145227 0.999782 0.00675639
0.41935 -0.907815 0.00423695 -174.096 0.907695 0.419207 -0.018843 -75.1608 0.0153298 0.0117477 0.999813 0.00957994
0.420926 -0.907091 0.00255348 -173.887 0.906965 0.420817 -0.0181116 -74.731 0.0153543 0.00993955 0.999833 0.0204907
0.422621 -0.906298 0.00384525 -173.766 0.906166 0.422477 -0.0193958 -74.4278 0.0159539 0.0116815 0.999804 0.0247976
0.423621 -0.905826 0.00499464 -173.437 0.905703 0.423455 -0.0196796 -73.7015 0.0157113 0.0128603 0.999794 0.051015
0.425353 -0.905025 0.00195904 -173.242 0.904859 0.425232 -0.020187 -73.2808 0.0174367 0.0103593 0.999794 0.0497252
0.427175 -0.904169 0.000396057 -172.95 0.903976 0.427075 -0.0208463 -72.7132 0.0186794 0.00926304 0.999783 0.0311396
0.42615 -0.904653 -0.000127392 -172.668 0.904403 0.426036 -0.0234152 -72.1115 0.0212369 0.00986316 0.999726 0.0345541
0.42908 -0.903266 0.000508883 -172.493 0.903059 0.42897 -0.0216693 -71.7706 0.0193549 0.00975743 0.999765 0.0380627
0.427994 -0.903778 0.00250759 -172.339 0.903537 0.427812 -0.024455 -71.4243 0.0210291 0.0127323 0.999698 0.0389708
0.42757 -0.903981 -0.00136214 -172.249 0.903752 0.427495 -0.0219258 -71.2538 0.0204028 0.00814378 0.999759 0.0407752
0.430896 -0.9024 0.00190441 -171.459 0.902229 0.430772 -0.0204534 -69.6016 0.0176367 0.0105315 0.999789 0.0380148
0.432874 -0.901443 0.00441664 -170.868 0.901243 0.432662 -0.0237566 -68.323 0.0195043 0.0142641 0.999708 0.0309445
0.435127 -0.900365 -0.0025945 -170.617 0.90018 0.435093 -0.0192261 -67.7662 0.0184394 0.00603028 0.999812 0.0445572
0.434247 -0.900793 0.0013607 -170.531 0.900574 0.434107 -0.0227495 -67.5782 0.0199019 0.0111043 0.99974 0.0446615
0.435547 -0.900146 0.00589792 -170.034 0.90001 0.435341 -0.0214442 -66.5097 0.0167353 0.0146482 0.999753 0.0463861
0.43792 -0.898995 0.00590649 -169.789 0.898866 0.437719 -0.0209942 -65.999 0.0162883 0.0145029 0.999762 0.0543979
0.440492 -0.897756 0.000146237 -169.287 0.897609 0.440417 -0.0181671 -65.012 0.0162452 0.00813373 0.999835 0.0507214
0.443119 -0.896461 0.00197706 -168.84 0.896288 0.442988 -0.0207324 -64.0023 0.01771 0.0109589 0.999783 0.0684435
0.444887 -0.895577 0.00403525 -168.551 0.895485 0.444765 -0.0170346 -63.396 0.0134611 0.011192 0.999847 0.0638573
0.445072 -0.895491 0.00263913 -168.401 0.895349 0.444945 -0.0193299 -63.0843 0.0161355 0.0109661 0.99981 0.0781644
0.445154 -0.895431 0.00641091 -168.262 0.895309 0.444942 -0.0211701 -62.7711 0.0161038 0.0151637 0.999755 0.0680711
0.446108 -0.894942 0.00819246 -168.105 0.89488 0.445904 -0.0189435 -62.4528 0.0133002 0.0157821 0.999787 0.0629784
0.44746 -0.894283 0.00615976 -167.814 0.894186 0.447278 -0.0193131 -61.8137 0.0145162 0.0141498 0.999794 0.0719923
0.447878 -0.894046 0.0093611 -167.665 0.89399 0.447641 -0.0200045 -61.5013 0.0136945 0.0173283 0.999756 0.0601993
0.44868 -0.893647 0.00900121 -167.434 0.893572 0.448431 -0.0209474 -60.9969 0.0146831 0.0174419 0.99974 0.0589102
0.450806 -0.892579 0.00873346 -167.285 0.89254 0.450612 -0.0179064 -60.6933 0.0120475 0.0158673 0.999802 0.066617
0.451921 -0.892021 0.00810769 -166.976 0.891958 0.451716 -0.0190794 -60.0709 0.0133568 0.0158541 0.999785 0.063731
0.453559 -0.89115 0.0116772 -166.743 0.891136 0.453286 -0.0202144 -59.6054 0.0127209 0.0195743 0.999727 0.0559415
0.453791 -0.891048 0.010398 -166.602 0.890992 0.453512 -0.0214773 -59.2816 0.0144217 0.0190107 0.999715 0.0547483
0.45624 -0.889818 0.00832889 -166.143 0.889718 0.455984 -0.0219089 -58.3207 0.015697 0.0174061 0.999725 0.0599691
0.460402 -0.887707 0.0025726 -165.352 0.887544 0.460258 -0.0207064 -56.6623 0.0171971 0.0118166 0.999782 0.0329047
0.461869 -0.886945 0.00252699 -165.192 0.886808 0.461743 -0.0190943 -56.3045 0.0157688 0.01106 0.999815 0.044912
0.463482 -0.886093 0.00479129 -164.724 0.885993 0.46333 -0.0184726 -55.3818 0.0141485 0.0128067 0.999818 0.0695322
0.465458 -0.885038 0.00752339 -163.991 0.884903 0.465189 -0.0233879 -53.8519 0.0171994 0.0175436 0.999698 0.0583643
0.465615 -0.884904 0.0121102 -163.7 0.884863 0.465276 -0.0231496 -53.2785 0.0148506 0.0214947 0.999659 0.0557766
0.467031 -0.884218 0.00640669 -163.524 0.884118 0.466833 -0.0200545 -52.8928 0.0147417 0.0150304 0.999778 0.0603843
0.468221 -0.883566 0.00896558 -163.332 0.883526 0.468011 -0.0186317 -52.4862 0.0122663 0.0166451 0.999786 0.0525926
0.468066 -0.88362 0.0114331 -162.944 0.883597 0.467784 -0.0208606 -51.6644 0.0130846 0.0198664 0.999717 0.0608093
0.468198 -0.883572 0.00958778 -162.84 0.883516 0.467943 -0.0207266 -51.4588 0.0138269 0.0181751 0.999739 0.0599136
0.470507 -0.882371 0.00674812 -162.337 0.882246 0.470272 -0.0220624 -50.4346 0.0162938 0.016334 0.999734 0.0605346
0.471973 -0.881595 0.00559209 -161.83 0.881465 0.471768 -0.0213073 -49.4145 0.0161463 0.0149857 0.999757 0.0480556
0.473902 -0.880568 0.00409397 -161.63 0.880443 0.473742 -0.0197086 -48.9894 0.0154153 0.0129444 0.999797 0.0408639
0.473665 -0.880685 0.00597725 -161.422 0.880514 0.47341 -0.0240339 -48.603 0.0183366 0.0166471 0.999693 0.0524722
0.472894 -0.881093 0.00679619 -161.227 0.880939 0.472626 -0.0239081 -48.1846 0.0178532 0.017293 0.999691 0.0458803
0.475517 -0.879694 0.00466559 -161.023 0.879538 0.475315 -0.022125 -47.7654 0.0172456 0.0146244 0.999744 0.0407886
0.477071 -0.878833 0.00747204 -160.711 0.878711 0.47681 -0.0227907 -47.1332 0.0164665 0.0174385 0.999712 0.0278012
0.479474 -0.877525 0.0073465 -160.077 0.877389 0.479203 -0.023535 -45.8435 0.0171321 0.0177302 0.999696 0.0300266
0.480774 -0.87682 0.00654342 -159.752 0.876686 0.480532 -0.0226152 -45.1816 0.0166852 0.0166094 0.999723 0.0188395
0.482974 -0.875582 0.0096131 -159.325 0.875468 0.48264 -0.0247848 -44.2758 0.0170615 0.0203864 0.999647 0.0194565
0.483886 -0.87511 0.00611431 -159.099 0.87491 0.483595 -0.0258433 -43.8107 0.0196589 0.0178547 0.999647 0.0145654
0.489383 -0.87205 0.00579191 -158.08 0.871865 0.489113 -0.0249094 -41.7446 0.0188893 0.01724 0.999673 0.00600467
0.489222 -0.872145 0.00498508 -157.731 0.871934 0.488958 -0.0255113 -41.039 0.019812 0.0168273 0.999662 0.00701789
0.493387 -0.869801 0.00396857 -156.913 0.869657 0.49321 -0.0209847 -39.3912 0.0162952 0.0138049 0.999772 -0.00255149
0.4947 -0.869 0.0104987 -156.562 0.868934 0.494381 -0.0232561 -38.6806 0.0150192 0.0206275 0.999674 -0.0128385
0.497907 -0.867119 0.0138921 -155.971 0.867128 0.497538 -0.0233493 -37.4827 0.0133348 0.023672 0.999631 -0.0359168
0.499717 -0.866078 0.0138903 -155.741 0.866129 0.499429 -0.0197948 -36.9952 0.0102066 0.0219226 0.999708 -0.0282083
0.505231 -0.862954 0.00725575 -154.954 0.862926 0.505081 -0.0158722 -35.4476 0.0100322 0.0142803 0.999848 -0.0323804
0.507412 -0.861649 0.00968944 -154.77 0.861663 0.507246 -0.015428 -35.0562 0.00837858 0.0161774 0.999834 -0.0361737
0.506595 -0.862167 0.00539765 -154.264 0.86208 0.506426 -0.0187478 -34.0841 0.0134302 0.0141507 0.99981 -0.0595562
0.508824 -0.860828 0.00858713 -154.264 0.860762 0.508576 -0.0209751 -34.0841 0.0136888 0.0180641 0.999743 -0.0595562
0.508045 -0.861295 0.0078732 -154.182 0.861213 0.507803 -0.0211997 -33.9154 0.0142611 0.0175509 0.999744 -0.0555533
0.50943 -0.860487 0.00653177 -154.103 0.860397 0.509223 -0.0202057 -33.749 0.0140606 0.0159133 0.999775 -0.0375505
0.511043 -0.859526 0.00706843 -153.936 0.859441 0.510823 -0.0205335 -33.433 0.0140383 0.0165684 0.999764 -0.0501448
0.511631 -0.859202 0.0023695 -153.661 0.859034 0.511472 -0.0213861 -32.8769 0.017163 0.0129773 0.999768 -0.0428353
0.517603 -0.855618 -0.00236209 -153.379 0.855322 0.517493 -0.0249924 -32.308 0.0226063 0.0109158 0.999685 -0.0230256
0.518333 -0.855179 0.00020396 -153.245 0.854938 0.518181 -0.0238662 -32.03 0.0203042 0.012545 0.999715 -0.0360209
0.519301 -0.851297 -0.0749703 -153.029 0.854414 0.518979 0.025245 -31.5961 0.0174171 -0.0771654 0.996866 0.0209864
0.513322 -0.855892 0.0628475 -152.826 0.858 0.510263 -0.0588829 -31.1827 0.0183287 0.084149 0.996285 -0.0389067
0.514433 -0.855805 0.0543703 -152.746 0.857425 0.512343 -0.0482353 -31.0045 0.0134238 0.0714323 0.997355 -0.0254039
0.517706 -0.855553 0.00309298 -152.44 0.855375 0.517516 -0.0226116 -30.4156 0.0177448 0.0143518 0.99974 -0.0239937
0.519686 -0.854349 0.00382049 -152.301 0.854197 0.519497 -0.0217114 -30.148 0.0165644 0.0145466 0.999757 -0.0234891
0.518928 -0.85481 0.00360425 -151.764 0.854685 0.518769 -0.0198234 -29.1058 0.0150755 0.0133674 0.999797 -0.0301714
0.51732 -0.85575 0.00849247 -151.437 0.855651 0.51703 -0.0232578 -28.4388 0.015512 0.0192983 0.999693 -0.0497606
0.520198 -0.854046 0.000229622 -151.026 0.853857 0.520078 -0.0211584 -27.6269 0.0179508 0.0112026 0.999776 -0.0410473
0.520582 -0.853796 0.00515815 -150.06 0.85366 0.520367 -0.0219485 -25.7172 0.0160554 0.0158293 0.999746 -0.0480165
0.521786 -0.853075 0.00124692 -149.564 0.852974 0.521701 -0.0162118 -24.7246 0.0131794 0.00952268 0.999868 -0.0593009
0.52266 -0.852506 0.00772187 -149.301 0.852426 0.52242 -0.0211535 -24.2273 0.0139994 0.0176384 0.999746 -0.0623928
0.523388 -0.852091 -0.00249135 -148.921 0.851862 0.523312 -0.0218074 -23.4852 0.0198856 0.00929144 0.999759 -0.0630812
0.525913 -0.850533 0.00313716 -148.538 0.850345 0.525711 -0.0232798 -22.7305 0.018151 0.0149108 0.999724 -0.0581695
0.525703 -0.85065 0.00561519 -147.915 0.8505 0.525456 -0.0233515 -21.5357 0.0169135 0.0170517 0.999712 -0.0833509
0.527419 -0.849602 0.00226034 -147.674 0.849388 0.527222 -0.0240065 -21.052 0.0192043 0.0145814 0.999709 -0.0897437
0.52574 -0.850637 0.00365093 -147.326 0.8504 0.525481 -0.0262638 -20.3653 0.0204225 0.0169127 0.999648 -0.0730334
0.555941 -0.831222 0.000632606 -146.834 0.830919 0.555717 -0.0274397 -19.4948 0.0224569 0.0157805 0.999623 -0.0523193
0.564355 -0.825532 -0.000577889 -146.482 0.82527 0.564193 -0.0248102 -18.8366 0.0208076 0.0135248 0.999692 -0.0602092
0.567184 -0.823582 0.00389699 -146.23 0.82342 0.566964 -0.0230488 -18.4132 0.0167732 0.0162818 0.999727 -0.0493022
0.568315 -0.82281 -0.00141133 -145.987 0.822509 0.568152 -0.0260994 -17.983 0.0222767 0.0136718 0.999658 -0.0564954
0.569119 -0.822254 0.000743428 -145.743 0.821964 0.568894 -0.0270999 -17.5581 0.0218601 0.0160341 0.999632 -0.0719886
0.567735 -0.823206 -0.00294033 -145.504 0.822964 0.567648 -0.0225095 -17.1238 0.020199 0.0103596 0.999742 -0.065982
0.592907 -0.805271 0.000331105 -144.608 0.805073 0.592753 -0.0223994 -15.6488 0.0178413 0.0135473 0.999749 -0.0552578
0.590784 -0.80683 0.000619564 -144.384 0.806528 0.590541 -0.0278271 -15.3009 0.0220859 0.0169395 0.999613 -0.0429519
0.595588 -0.803278 0.00439998 -143.931 0.803046 0.595263 -0.0279113 -14.561 0.0198014 0.020157 0.999601 -0.0789399
0.600222 -0.799832 0.00110629 -142.244 0.799727 0.60012 -0.0171363 -11.8526 0.0130422 0.0111703 0.999853 -0.0832964
0.603748 -0.796593 0.0304585 -142.008 0.797102 0.602732 -0.0366545 -11.4737 0.0108404 0.0464086 0.998864 -0.12809
0.603267 -0.797451 0.0118971 -141.887 0.797397 0.60281 -0.0279008 -11.2801 0.0150779 0.0263183 0.99954 -0.104487
0.606321 -0.795206 0.00469893 -141.69 0.794996 0.605998 -0.0273559 -10.9878 0.018906 0.0203221 0.999615 -0.117483
0.603799 -0.795057 -0.0575366 -141.286 0.796948 0.603652 0.0218766 -10.3448 0.0173389 -0.0590627 0.998104 -0.0545725
0.611037 -0.791465 -0.0147086 -141.107 0.791338 0.611208 -0.0144891 -10.0285 0.0204577 -0.00278612 0.999787 -0.097068
0.609546 -0.789657 0.0699657 -140.949 0.792581 0.60521 -0.0744098 -9.7705 0.0164143 0.10081 0.99477 -0.0724642
0.610504 -0.791747 0.0205305 -140.864 0.791769 0.609467 -0.0406398 -9.62688 0.0196638 0.0410662 0.998963 -0.0751621
0.614189 -0.789153 0.00302507 -140.009 0.788997 0.613981 -0.02261 -8.30612 0.0159854 0.0162736 0.99974 -0.118341
0.616439 -0.787395 0.0036077 -139.488 0.787272 0.616246 -0.0210946 -7.49043 0.0143865 0.0158437 0.999771 -0.104829
0.617415 -0.786631 0.0032051 -139.177 0.786534 0.617262 -0.0187675 -7.00297 0.0127847 0.0141083 0.999819 -0.120222
0.618223 -0.785988 0.00474809 -138.871 0.78588 0.618009 -0.0213984 -6.53544 0.0138845 0.0169604 0.99976 -0.118314
0.65675 -0.754103 0.00282753 -137.256 0.753934 0.656513 -0.0239704 -4.14728 0.0162199 0.0178743 0.999709 -0.117577
0.672429 -0.740157 0.00274979 -136.844 0.739999 0.672199 -0.0234567 -3.59438 0.0155132 0.0178078 0.999721 -0.120468
0.687857 -0.725825 0.00548432 -136.567 0.725687 0.687529 -0.026124 -3.24411 0.0151909 0.0219495 0.999644 -0.122162
0.703042 -0.711136 0.00425002 -136.128 0.710944 0.702684 -0.0281848 -2.73949 0.0170568 0.0228366 0.999594 -0.162153
0.710344 -0.703849 0.00292562 -135.877 0.703693 0.710085 -0.0244118 -2.37771 0.0151048 0.0193995 0.999698 -0.130447
0.725005 -0.688743 -0.000929326 -135.439 0.68855 0.724832 -0.0227655 -1.91893 0.0163532 0.0158652 0.99974 -0.153338
0.733655 -0.67952 -0.00192957 -135.163 0.679352 0.733531 -0.0203311 -1.58484 0.0152308 0.0136051 0.999791 -0.130332
0.738604 -0.674138 -0.00173207 -134.699 0.673907 0.738413 -0.0244011 -1.08807 0.0177287 0.0168555 0.999701 -0.148822
0.743596 -0.668622 -0.00316426 -134.043 0.66843 0.743481 -0.0209009 -0.344474 0.0163274 0.0134268 0.999777 -0.147208
0.744578 -0.667533 -0.00193535 -133.687 0.667344 0.744431 -0.0217999 0.0253861 0.0159929 0.0149402 0.999761 -0.1598
0.748196 -0.663325 -0.0142242 -133.139 0.663203 0.748331 -0.0127402 0.60476 0.0190953 9.86657e-05 0.999818 -0.145589
0.767329 -0.641238 -0.00439435 -132.176 0.64087 0.767089 -0.0293285 1.62797 0.0221774 0.0196884 0.99956 -0.138069
0.782102 -0.623118 -0.00637537 -131.771 0.622746 0.781922 -0.0280271 2.013 0.0224492 0.0179498 0.999587 -0.157061
0.828424 -0.560081 -0.00471231 -130.935 0.559827 0.828253 -0.0242909 2.734 0.0175079 0.0174851 0.999694 -0.150844
0.875659 -0.482917 -0.00355189 -129.802 0.482706 0.875453 -0.0240146 3.55223 0.0147066 0.019314 0.999705 -0.151421
0.905332 -0.424646 -0.00711706 -128.886 0.424442 0.905233 -0.020046 4.10314 0.014955 0.0151275 0.999774 -0.171003
0.954666 -0.297267 -0.0156896 -126.771 0.297076 0.95476 -0.0134005 5.14395 0.0189633 0.00813196 0.999787 -0.174861
0.966489 -0.256347 -0.0135733 -125.569 0.256119 0.966504 -0.0164951 5.60162 0.0173471 0.0124659 0.999772 -0.162738
0.970313 -0.241438 -0.0141255 -124.109 0.241216 0.970343 -0.0158015 6.13436 0.0175217 0.0119251 0.999775 -0.15851
0.97834 -0.206562 -0.0135535 -123.368 0.206414 0.978396 -0.0115934 6.37023 0.0156554 0.00854467 0.999841 -0.161596
0.993027 -0.117785 0.00488819 -122.106 0.117817 0.99301 -0.00705823 6.70343 -0.00402267 0.00758493 0.999963 -0.149972
0.996207 -0.0865602 0.00888567 -121.34 0.0866657 0.996162 -0.0122673 6.82977 -0.00778971 0.0129909 0.999885 -0.173057
0.999471 -0.0325076 -0.000851948 -118.033 0.0325053 0.999468 -0.00264683 7.34213 0.000937537 0.00261773 0.999996 -0.131296
0.999554 -0.0285023 -0.00892134 -117.518 0.0283175 0.999395 -0.0201988 7.40735 0.00949165 0.0199371 0.999756 -0.128986
0.999851 -0.0167727 -0.00399676 -116.744 0.0167318 0.999809 -0.0100531 7.51133 0.00416462 0.00998471 0.999941 -0.126972
0.999928 -0.0100375 -0.00658496 -116.217 0.0099421 0.999847 -0.0143704 7.56149 0.0067282 0.0143039 0.999875 -0.133163
0.999932 0.00509085 -0.0105155 -115.688 -0.00525008 0.999871 -0.0151701 7.60412 0.0104369 0.0152243 0.99983 -0.129653
0.999554 0.0269418 -0.0129165 -115.162 -0.0271217 0.999535 -0.0139656 7.64066 0.0125342 0.0143097 0.999819 -0.126344
0.993839 0.10981 -0.0150212 -113.07 -0.110047 0.993798 -0.015982 7.66655 0.013173 0.0175366 0.999759 -0.135206
0.989271 0.144786 -0.0194859 -110.125 -0.145104 0.989287 -0.0160274 7.55746 0.0169566 0.018683 0.999682 -0.166355
0.985142 0.171042 -0.0154676 -107.971 -0.171325 0.985026 -0.0192818 7.40706 0.011938 0.0216453 0.999694 -0.192018
0.980964 0.192985 -0.021607 -106.646 -0.193269 0.981073 -0.0119122 7.27594 0.0188992 0.0158615 0.999696 -0.181995
0.968143 0.249815 -0.0170973 -105.331 -0.249952 0.968237 -0.00640467 7.07051 0.0149542 0.0104741 0.999833 -0.171273
0.966927 0.254313 -0.0194277 -104.548 -0.254548 0.967001 -0.0107141 6.93585 0.0160619 0.015305 0.999754 -0.18866
0.966206 0.257712 -0.00548921 -103.547 -0.257685 0.966215 0.00518184 6.76985 0.00663918 -0.00359224 0.999972 -0.164344
0.964686 0.263083 -0.0129974 -101.724 -0.263245 0.964642 -0.0129804 6.42633 0.00912289 0.0159435 0.999831 -0.152214
0.957406 0.288503 -0.0117873 -101.23 -0.288667 0.957295 -0.0160663 6.32068 0.00664876 0.0187846 0.999801 -0.151906
0.926259 0.376879 -0.00253325 -100.236 -0.376886 0.926254 -0.00316367 6.00906 0.00115411 0.00388513 0.999992 -0.15469
0.882082 0.47104 -0.00720361 -98.3592 -0.471081 0.882071 -0.00573861 5.24462 0.00365098 0.00845541 0.999958 -0.12846
0.879973 0.474925 -0.0096351 -97.8903 -0.475 0.879949 -0.00805682 5.03632 0.00465201 0.0116665 0.999921 -0.122953
0.875363 0.48338 -0.00906782 -96.2752 -0.483437 0.87536 -0.00567598 4.31176 0.00519396 0.00935227 0.999943 -0.112528
0.874899 0.48406 -0.0154444 -95.3525 -0.484228 0.874884 -0.0100085 3.88608 0.00866735 0.016235 0.999831 -0.114314
0.873649 0.486191 -0.0188782 -92.3293 -0.486369 0.873732 -0.00613662 2.50582 0.0135109 0.014543 0.999803 -0.101268
0.873398 0.48674 -0.0161611 -92.1086 -0.486833 0.873492 -0.00222007 2.39819 0.013036 0.00980679 0.999867 -0.110065
0.872471 0.488467 -0.0139249 -90.9448 -0.488514 0.872556 1.11104e-05 1.86686 0.0121557 0.00679283 0.999903 -0.0982483
0.87308 0.487358 -0.0146175 -88.6034 -0.48746 0.873134 -0.0043232 0.792804 0.0106561 0.0108999 0.999884 -0.0986152
0.873436 0.486748 -0.0136122 -87.6775 -0.486894 0.873393 -0.0108922 0.37266 0.00658699 0.0161414 0.999848 -0.0762023
0.872484 0.488598 -0.00657209 -86.5033 -0.48864 0.872444 -0.00850365 -0.162873 0.00157891 0.0106307 0.999942 -0.0667863
0.8729 0.487856 -0.00645083 -84.6292 -0.487895 0.872868 -0.00772367 -1.03439 0.00186268 0.00988932 0.999949 -0.0972613
0.890512 0.454911 -0.00669892 -83.462 -0.454956 0.890475 -0.00835917 -1.52906 0.00216254 0.0104916 0.999943 -0.104446
0.895059 0.445942 -0.00211993 -82.7711 -0.445944 0.895027 -0.00773715 -1.81731 -0.00155292 0.00787058 0.999968 -0.0980371
0.91144 0.411418 -0.00351756 -82.0579 -0.411433 0.911401 -0.00845214 -2.06625 -0.000271458 0.00915086 0.999958 -0.0837279
0.919443 0.393222 0.000742872 -81.595 -0.393205 0.919418 -0.00777054 -2.22317 -0.00373856 0.00685247 0.99997 -0.0858221
0.925159 0.379535 0.00579019 -80.8921 -0.379483 0.925161 -0.0083799 -2.4452 -0.00853732 0.00555546 0.999948 -0.0603132
0.927957 0.372655 0.00498797 -80.4091 -0.372597 0.927943 -0.00969373 -2.60101 -0.00824096 0.00713686 0.999941 -0.0706071
0.929016 0.369919 0.00943709 -79.9368 -0.36991 0.929064 -0.00274627 -2.75273 -0.00978355 -0.000939544 0.999952 -0.0571013
0.930109 0.367198 0.00786419 -79.4672 -0.367158 0.930138 -0.00617276 -2.90798 -0.00958141 0.00285394 0.99995 -0.0462955
0.929978 0.367444 0.0112268 -78.9889 -0.367355 0.930035 -0.0092536 -3.06224 -0.0138415 0.00448142 0.999894 -0.0396896
0.931444 0.363723 0.0108953 -78.2649 -0.363679 0.931506 -0.00581682 -3.29181 -0.0122648 0.00145564 0.999924 -0.0467808
0.931451 0.363663 0.0121382 -77.7829 -0.363621 0.93153 -0.00562986 -3.4505 -0.0133544 0.000830245 0.99991 -0.028575
0.9323 0.361553 0.00980231 -76.8136 -0.361523 0.932351 -0.0047565 -3.75946 -0.0108589 0.000890729 0.999941 -0.0240634
0.937904 0.346859 0.00507891 -75.8569 -0.34681 0.937896 -0.0085677 -4.06167 -0.00773528 0.00627426 0.99995 -0.00585217
0.962368 0.271715 0.00435349 -74.9088 -0.27163 0.962296 -0.0142697 -4.30097 -0.00806665 0.0125502 0.999889 -0.00214113
0.966855 0.255278 0.00487109 -74.4037 -0.255251 0.966859 -0.00555843 -4.38414 -0.0061286 0.00413085 0.999973 -0.0170353
0.969231 0.246115 0.00433835 -73.6873 -0.246053 0.969189 -0.0114393 -4.54726 -0.00702007 0.0100199 0.999925 -0.00172708
0.971149 0.238396 0.00602137 -72.708 -0.23832 0.971122 -0.0111881 -4.74493 -0.00851468 0.00943028 0.999919 -0.00141599
0.971821 0.235692 0.00376902 -71.7314 -0.235636 0.971773 -0.0115147 -4.94438 -0.00637655 0.0103021 0.999927 0.0231949
0.972141 0.234365 0.00378726 -70.9754 -0.234333 0.972129 -0.00727014 -5.05268 -0.00538557 0.00618012 0.999966 0.00990328
0.976049 0.21755 -0.00120429 -70.4823 -0.217547 0.97597 -0.0125008 -5.13939 -0.00154419 0.0124634 0.999921 -0.00259133
0.978006 0.208565 0.00207103 -70.0009 -0.208541 0.977976 -0.00861855 -5.21669 -0.00382295 0.00799711 0.999961 -0.0118861
0.978924 0.204224 -9.021e-05 -69.5068 -0.204212 0.978859 -0.0114833 -5.29387 -0.00225686 0.0112597 0.999934 0.00641925
0.979386 0.201969 0.00335824 -69.0141 -0.201925 0.979346 -0.0104122 -5.37172 -0.00539183 0.00951947 0.99994 -0.0101755
0.98043 0.19679 0.00563122 -68.2785 -0.19669 0.980354 -0.0147763 -5.48789 -0.00842843 0.0133795 0.999875 -0.0293677
0.981045 0.193369 0.0126004 -67.315 -0.193158 0.981033 -0.0162452 -5.63507 -0.0155028 0.0135034 0.999789 -0.00765755
0.922251 0.386229 0.016721 -65.4713 -0.386213 0.9224 -0.00431216 -6.12243 -0.0170889 -0.00248097 0.999851 0.0409612
0.844358 0.535749 0.00573384 -64.7756 -0.535697 0.844367 -0.00855218 -6.54224 -0.00942328 0.0041495 0.999947 0.0612679
0.768312 0.640054 0.00526057 -64.2196 -0.640048 0.768329 -0.0030081 -6.97644 -0.0059672 -0.00105585 0.999982 0.076273
0.695117 0.718829 0.0098686 -63.8338 -0.718868 0.695147 0.000633892 -7.36978 -0.00640446 -0.00753485 0.999951 0.0774764
0.593003 0.805166 0.00746009 -63.4077 -0.805191 0.593014 0.000856571 -7.91738 -0.00373426 -0.00651475 0.999972 0.08208
0.543658 0.839283 0.00636182 -63.2227 -0.839307 0.543644 0.00381094 -8.21006 -0.000260108 -0.00741137 0.999973 0.104481
0.38812 0.921608 0.00102226 -62.7768 -0.921609 0.388119 0.00117126 -9.15244 0.000682686 -0.00139672 0.999999 0.120685
0.329213 0.944255 -0.000848329 -62.6622 -0.944254 0.329214 0.0012168 -9.4975 0.00142825 0.000400452 0.999999 0.122585
0.208143 0.978097 0.00173854 -62.5127 -0.978098 0.208142 0.000810966 -10.1913 0.000431341 -0.00186926 0.999998 0.127786
0.0840437 0.996438 0.00698182 -62.4413 -0.996461 0.08403 0.00224555 -10.8962 0.00165087 -0.00714583 0.999973 0.146385
-0.00163305 0.999998 -0.00145677 -62.4322 -0.999997 -0.00163054 0.00167288 -11.4289 0.0016705 0.0014595 0.999998 0.173084
-0.0591851 0.998242 -0.00316824 -62.4613 -0.998247 -0.0591835 0.000608912 -11.7845 0.000420334 0.00319873 0.999995 0.139783
-0.117937 0.993019 -0.00222301 -62.5527 -0.993012 -0.117926 0.00443546 -12.501 0.00414235 0.00273058 0.999988 0.145181
-0.136558 0.990599 -0.0080883 -62.6515 -0.990621 -0.136514 0.00586308 -13.4441 0.0047038 0.00881309 0.99995 0.165278
-0.137918 0.990444 2.28297e-05 -62.7727 -0.990423 -0.137915 0.00652972 -14.4369 0.00647047 0.000877954 0.999979 0.170475
-0.136423 0.990622 -0.00756172 -62.8503 -0.990645 -0.136393 0.00437018 -15.034 0.00329783 0.00808717 0.999962 0.172773
-0.136919 0.990471 -0.0148563 -63.0054 -0.990538 -0.136755 0.0115622 -16.2518 0.00942031 0.0162988 0.999823 0.184768
-0.136752 0.990512 -0.0136007 -63.0736 -0.990594 -0.136673 0.00659924 -16.6523 0.00467777 0.0143752 0.999886 0.181666
-0.138708 0.990193 -0.0166563 -63.1228 -0.99033 -0.138648 0.00471056 -17.0938 0.00235499 0.0171487 0.99985 0.187665
-0.135581 0.99063 -0.0164299 -63.2598 -0.990739 -0.135437 0.00959866 -18.1372 0.00728351 0.0175791 0.999819 0.180161
-0.115472 0.993138 -0.0185295 -63.3517 -0.993287 -0.11532 0.00909259 -18.928 0.00689338 0.0194551 0.999787 0.183857
-0.074788 0.99708 -0.0154121 -63.3824 -0.997189 -0.0747092 0.00562761 -19.5277 0.00445976 0.0157897 0.999865 0.190355
-0.0431596 0.999007 -0.0110422 -63.407 -0.999035 -0.0430653 0.00863897 -20.5394 0.00815485 0.0114044 0.999902 0.192752
-0.0401713 0.999127 -0.0114431 -63.4313 -0.999139 -0.0400474 0.0108485 -21.1729 0.0103807 0.0118691 0.999876 0.181049
-0.0373008 0.999192 -0.0149761 -63.4373 -0.99925 -0.0371391 0.0109371 -21.5967 0.010372 0.0153728 0.999828 0.179848
-0.033079 0.999411 -0.00914792 -63.4603 -0.999413 -0.0329952 0.00916717 -22.2353 0.00885993 0.00944579 0.999916 0.195745
-0.0292858 0.999529 -0.00920439 -63.4846 -0.99952 -0.0291903 0.010345 -23.1198 0.0100715 0.00950293 0.999904 0.181942
-0.0281694 0.999573 -0.00777648 -63.493 -0.999549 -0.0280862 0.0106065 -23.5596 0.0103836 0.00807176 0.999914 0.18644
-0.0271453 0.999489 -0.0168566 -63.5026 -0.999583 -0.0269738 0.0103118 -24.0139 0.00985185 0.0171295 0.999805 0.186439
-0.0249859 0.999628 -0.0109477 -63.5102 -0.999668 -0.0249149 0.00657503 -24.6581 0.00629982 0.0111083 0.999918 0.190836
-0.00944722 0.999879 -0.0123957 -63.5092 -0.999954 -0.00942636 0.00173196 -25.9148 0.00161491 0.0124115 0.999922 0.201431
-0.00887918 0.999872 -0.013339 -63.5092 -0.999958 -0.00884652 0.00250344 -26.3763 0.00238511 0.0133606 0.999908 0.198129
-0.00896871 0.999794 -0.0182113 -63.5212 -0.999957 -0.00892806 0.00231439 -29.2706 0.00215132 0.0182313 0.999831 0.209416
-0.00787044 0.999905 -0.0113506 -63.5228 -0.999969 -0.00785971 0.000993518 -30.0114 0.000904211 0.0113581 0.999935 0.214413
-0.00739872 0.999915 -0.0107266 -63.5249 -0.999965 -0.00735605 0.00400386 -31.549 0.00392461 0.0107558 0.999934 0.192205
-0.00665987 0.99988 -0.0140155 -63.5267 -0.999956 -0.00656581 0.00674626 -32.2924 0.00665343 0.0140598 0.999879 0.207602
-0.00578678 0.999875 -0.0147192 -63.5283 -0.999962 -0.00568986 0.00662316 -32.538 0.00653858 0.0147569 0.99987 0.191
0.00112855 0.999896 -0.0144089 -63.5272 -0.999961 0.00125492 0.00876201 -33.2908 0.00877918 0.0143984 0.999858 0.195396
0.00448054 0.999935 -0.0104781 -63.5291 -0.999947 0.00457674 0.00918046 -34.028 0.00922782 0.0104364 0.999903 0.207293
0.00539875 0.999881 -0.0144521 -63.5249 -0.99993 0.00555032 0.0104684 -34.5271 0.0105473 0.0143946 0.999841 0.19899
0.00482136 0.999942 -0.00964458 -63.5214 -0.999949 0.00490683 0.00885648 -35.018 0.00890329 0.00960139 0.999914 0.212387
0.00804257 0.999926 -0.00914357 -63.5186 -0.999946 0.00810283 0.00656907 -35.7471 0.00664267 0.00909024 0.999937 0.210083
0.00651342 0.999917 -0.0111462 -63.5214 -0.99995 0.00659704 0.00748253 -36.2525 0.00755544 0.0110969 0.99991 0.22218
0.00648236 0.999928 -0.0101097 -63.5244 -0.999952 0.0065558 0.00724761 -36.9894 0.00731336 0.0100622 0.999923 0.214776
0.00904822 0.999881 -0.0124602 -63.5189 -0.999946 0.00911146 0.00503069 -37.9728 0.00514362 0.012414 0.99991 0.20697
0.00945079 0.999846 -0.014773 -63.5132 -0.999938 0.0095374 0.00580337 -38.4924 0.00594338 0.0147172 0.999874 0.217267
0.00903308 0.999797 -0.0179916 -63.5092 -0.999941 0.00913888 0.00580601 -38.9938 0.00596925 0.0179381 0.999821 0.217964
0.00995815 0.999802 -0.0172025 -63.5102 -0.999925 0.0100792 0.00696376 -39.7541 0.00713577 0.0171319 0.999828 0.228659
0.010951 0.999782 -0.0177626 -63.4908 -0.999904 0.0110998 0.0082952 -40.7518 0.00849056 0.0176701 0.999808 0.252453
0.0092569 0.999797 -0.0179042 -63.5324 -0.999895 0.00945437 0.0109769 -41.7324 0.011144 0.0178007 0.999779 0.172346
0.00830895 0.999843 -0.0156168 -63.5214 -0.999911 0.00847071 0.0103224 -42.6991 0.0104531 0.0155296 0.999825 0.18254
0.00670081 0.99981 -0.0182869 -63.5237 -0.999918 0.00689912 0.0108036 -43.2021 0.0109277 0.018213 0.999774 0.201437
0.00479609 0.99978 -0.0204258 -63.5263 -0.999937 0.00500172 0.0100283 -44.1257 0.0101282 0.0203764 0.999741 0.18163
0.00706595 0.999638 -0.0259765 -63.5278 -0.999928 0.00731593 0.00954164 -44.8233 0.00972822 0.0259072 0.999617 0.194225
0.00352061 0.999907 -0.0131661 -63.531 -0.999954 0.00363755 0.00886811 -45.7528 0.00891518 0.0131342 0.999874 0.203419
0.000697136 0.999899 -0.0141861 -63.5342 -0.999971 0.000804961 0.0075975 -46.9269 0.00760816 0.0141804 0.99987 0.19911
0.0023343 0.999926 -0.0119514 -63.5492 -0.999994 0.0023647 0.0025307 -48.0991 0.00255878 0.0119454 0.999925 0.188001
0.00403869 0.999809 -0.0191171 -63.5425 -0.999972 0.00415975 0.00629647 -48.5603 0.00637479 0.0190912 0.999797 0.195998
0.00517273 0.999734 -0.0224783 -63.5654 -0.999943 0.00538015 0.00917737 -49.7294 0.00929586 0.0224295 0.999705 0.168089
0.0046311 0.99983 -0.0178378 -63.5688 -0.999883 0.00488985 0.0144883 -50.1733 0.0145731 0.0177686 0.999736 0.163785
0.00340104 0.999855 -0.0166638 -63.5936 -0.999678 0.00381851 0.0250847 -51.2989 0.0251447 0.0165731 0.999546 0.158476
0.00120395 0.999776 -0.021115 -63.6038 -0.999591 0.0018065 0.028541 -51.7681 0.0285727 0.021072 0.99937 0.165972
0.00143099 0.999752 -0.0222336 -63.603 -0.999579 0.00207406 0.0289256 -52.2257 0.0289645 0.0221829 0.999334 0.160268
-0.00178266 0.999966 -0.00801043 -63.6379 -0.999446 -0.00151551 0.0332413 -53.316 0.0332281 0.00806525 0.999415 0.157759
0.0275313 0.999619 0.0022091 -63.6135 -0.999171 0.0274525 0.0300732 -53.7536 0.0300011 -0.00303522 0.999545 0.162155
0.121284 0.992564 -0.0103764 -63.5145 -0.992522 0.121411 0.0126408 -54.5778 0.0138066 0.00876567 0.999866 0.182549
0.271223 0.962367 -0.0169701 -62.9269 -0.96236 0.271455 0.0132417 -56.9328 0.01735 0.0127399 0.999768 0.174734
0.279796 0.959899 -0.0175456 -62.5786 -0.959966 0.279978 0.00884212 -58.2438 0.0133999 0.0143692 0.999807 0.173826
0.2826 0.959017 -0.0206065 -62.4619 -0.959124 0.282831 0.00931428 -58.689 0.0147607 0.017132 0.999744 0.163023
