0.373704 -0.927388 -0.0172343 -190.072 0.927543 0.373581 0.0100366 -114.146 -0.00286943 -0.0197363 0.999801 -0.0268058
0.373793 -0.927364 -0.0166071 -190.078 0.927502 0.373647 0.0112717 -114.117 -0.00424779 -0.0196165 0.999799 -0.0098068
0.373748 -0.927386 -0.0163559 -190.08 0.927522 0.37361 0.0109123 -114.122 -0.00400922 -0.0192489 0.999807 -0.00179077
0.37361 -0.927445 -0.0161604 -190.088 0.927577 0.373473 0.0108978 -114.121 -0.00407166 -0.0190616 0.99981 -0.0128473
0.374419 -0.927127 -0.0157041 -190.092 0.927251 0.374288 0.0106953 -114.126 -0.00403801 -0.0185662 0.999819 -0.012108
0.37457 -0.927069 -0.0154996 -190.092 0.927184 0.374419 0.0118419 -114.12 -0.00517491 -0.0188066 0.99981 -0.00660873
0.374259 -0.927193 -0.0155675 -190.1 0.927312 0.374118 0.0112998 -114.128 -0.00465302 -0.018665 0.999815 -0.0175695
0.37521 -0.9268 -0.0161196 -190.095 0.926936 0.375102 0.00938009 -114.114 -0.00264695 -0.0184614 0.999826 -0.0446906
0.374499 -0.927091 -0.0159122 -190.088 0.927223 0.374391 0.00940706 -114.118 -0.00276378 -0.0182771 0.999829 -0.0258811
0.374678 -0.92702 -0.0158252 -190.098 0.927148 0.374555 0.0102469 -114.116 -0.00357163 -0.0185116 0.999822 -0.0291485
0.374479 -0.927086 -0.0166391 -190.079 0.927227 0.374339 0.0109702 -114.12 -0.00394166 -0.0195363 0.999801 -0.0268087
0.374406 -0.927128 -0.0159139 -190.085 0.927259 0.374285 0.01009 -114.116 -0.00339838 -0.0185341 0.999822 -0.0232365
0.374464 -0.927108 -0.0157361 -190.101 0.927226 0.374308 0.012049 -114.115 -0.00528058 -0.0191028 0.999804 -0.00820183
0.372417 -0.927936 -0.0154772 -190.067 0.928062 0.372319 0.00889913 -114.039 -0.00249538 -0.017678 0.999841 -0.0298663
0.372255 -0.927956 -0.0180119 -190.005 0.92812 0.372089 0.0119563 -113.933 -0.00439287 -0.021168 0.999766 -0.0107975
0.370821 -0.928587 -0.0147265 -189.916 0.928691 0.370685 0.0112342 -113.706 -0.00497302 -0.0178422 0.999828 -0.0406106
0.366637 -0.930219 -0.0164145 -189.737 0.93034 0.366444 0.0136469 -113.203 -0.00667958 -0.0202745 0.999772 0.0158638
0.365837 -0.930484 -0.019031 -189.649 0.930626 0.365523 0.0181169 -113.018 -0.00990121 -0.0243386 0.999655 0.0129835
0.365229 -0.930774 -0.0163402 -189.594 0.930865 0.364965 0.0170628 -112.814 -0.00991804 -0.0214423 0.999721 0.00957919
0.364477 -0.931062 -0.0167092 -189.515 0.931178 0.364251 0.0151521 -112.628 -0.00802118 -0.0210818 0.999746 0.0167071
0.364111 -0.931193 -0.0173812 -189.419 0.931318 0.363864 0.0158324 -112.424 -0.00841863 -0.0219521 0.999724 -0.00381301
0.36456 -0.930984 -0.0190985 -189.366 0.931144 0.36429 0.0162221 -112.235 -0.0081451 -0.0236973 0.999686 0.0154994
0.363841 -0.931242 -0.0201826 -189.255 0.931434 0.363578 0.0155565 -112.008 -0.00714892 -0.0244588 0.999675 -0.00607324
0.361206 -0.932315 -0.0178618 -189.186 0.932476 0.361046 0.0115849 -111.785 -0.0043519 -0.0208402 0.999773 0.00521398
0.362159 -0.931943 -0.0179876 -189.079 0.932086 0.361925 0.0150328 -111.549 -0.00749952 -0.0222103 0.999725 0.0134118
0.362118 -0.931967 -0.0175557 -188.959 0.932097 0.361876 0.0155241 -111.254 -0.008115 -0.0219852 0.999725 0.00303227
0.361732 -0.932111 -0.0178553 -188.813 0.932246 0.361482 0.0157808 -110.931 -0.00825505 -0.022354 0.999716 -0.00566098
0.359923 -0.932833 -0.0166682 -188.765 0.932936 0.35967 0.0163565 -110.808 -0.00926282 -0.0214374 0.999727 0.0254723
0.360998 -0.932393 -0.017964 -188.637 0.932529 0.360745 0.0158782 -110.403 -0.00832431 -0.022484 0.999713 0.0210626
0.360386 -0.932646 -0.0171147 -188.507 0.932751 0.36011 0.0172361 -110.047 -0.00991203 -0.0221754 0.999705 0.0204552
0.358288 -0.933492 -0.0148931 -188.426 0.933558 0.358051 0.0164313 -109.841 -0.010006 -0.0197907 0.999754 0.00395696
0.357876 -0.933649 -0.014972 -188.331 0.933699 0.357606 0.0180295 -109.619 -0.0114791 -0.0204317 0.999725 -0.0133974
0.35977 -0.932909 -0.0156879 -188.243 0.932956 0.35946 0.0195363 -109.356 -0.0125864 -0.0216647 0.999686 -0.0162394
0.359238 -0.933183 -0.010852 -188.104 0.933079 0.358929 0.0230976 -108.976 -0.0176592 -0.0184233 0.999674 0.00896327
0.360057 -0.932913 -0.00567448 -187.94 0.93279 0.359891 0.0195379 -108.574 -0.016185 -0.0123279 0.999793 -0.0152231
0.360371 -0.932809 -0.000855835 -187.756 0.932691 0.360311 0.0162493 -108.12 -0.0148491 -0.00665402 0.999868 0.00614627
0.358566 -0.933458 0.00927641 -187.541 0.93337 0.358665 0.0133935 -107.501 -0.0158294 0.00385586 0.999867 0.0141282
0.359047 -0.933189 0.0155981 -187.412 0.933102 0.359274 0.0155883 -107.228 -0.0201508 0.00895765 0.999757 0.00625034
0.360422 -0.932591 0.0192229 -187.348 0.932538 0.360727 0.015803 -107.047 -0.021672 0.0122303 0.99969 0.0169742
0.358101 -0.933466 0.0201285 -187.256 0.933499 0.358375 0.0121362 -106.868 -0.0185423 0.0144439 0.999724 -0.00117546
0.360148 -0.932762 0.0157792 -187.147 0.9328 0.360302 0.00822304 -106.576 -0.0133554 0.0117573 0.999842 -0.00628357
0.361506 -0.932269 0.0136866 -187.055 0.93218 0.361689 0.0148627 -106.283 -0.0188063 0.00738546 0.999796 0.00459771
0.362754 -0.931772 0.0145065 -186.846 0.931747 0.362924 0.0115675 -105.817 -0.016043 0.0093202 0.999828 0.0241098
0.359662 -0.932962 0.0150266 -186.568 0.932963 0.359828 0.0102403 -104.967 -0.0149608 0.0103362 0.999835 -0.0456513
0.358893 -0.933314 0.0109524 -186.183 0.933341 0.358959 0.00475582 -104.044 -0.00837014 0.0085155 0.999929 -0.018218
0.35937 -0.933143 0.00985121 -186.003 0.933137 0.359445 0.0073199 -103.576 -0.0103715 0.00656198 0.999925 0.0049091
0.360909 -0.932433 0.0176708 -185.788 0.932435 0.361138 0.0120353 -102.951 -0.0176037 0.0121332 0.999771 0.0267561
0.361319 -0.932344 0.0135119 -185.659 0.932283 0.361487 0.0132189 -102.66 -0.0172089 0.00782066 0.999821 0.0341204
0.360034 -0.932769 0.0178463 -185.419 0.93281 0.360237 0.00977861 -102.041 -0.0155501 0.0131265 0.999793 -0.011992
0.360187 -0.932738 0.0162734 -185.244 0.932716 0.360396 0.0124544 -101.566 -0.0174815 0.0106926 0.99979 0.0142425
0.36101 -0.932397 0.017543 -185.017 0.932435 0.361208 0.00973241 -100.948 -0.0154112 0.0128442 0.999799 0.0324115
0.359325 -0.933034 0.018268 -184.855 0.933074 0.35954 0.0102057 -100.475 -0.0160903 0.0133782 0.999781 0.0414437
0.362403 -0.931897 0.0152357 -184.422 0.931902 0.36257 0.0100875 -99.512 -0.0149245 0.0105424 0.999833 0.0341247
0.3599 -0.932831 0.0172775 -184.35 0.932903 0.360058 0.00707006 -99.2781 -0.0128161 0.0135737 0.999826 0.0478439
0.363206 -0.931572 0.0159919 -184.24 0.931551 0.363407 0.0121524 -98.974 -0.0171324 0.0104834 0.999798 0.0428824
0.36138 -0.932227 0.0188889 -183.955 0.932313 0.36157 0.00771154 -98.2146 -0.0140186 0.0148236 0.999792 0.0158524
0.361628 -0.932107 0.0200379 -183.706 0.932199 0.361846 0.00848271 -97.6136 -0.0151574 0.0156117 0.999763 0.0221642
0.3614 -0.932233 0.0182234 -183.553 0.932289 0.3616 0.00912207 -97.1977 -0.0150935 0.0136927 0.999792 0.051193
0.361333 -0.932208 0.0206834 -182.774 0.932365 0.361492 0.00445189 -95.2175 -0.011627 0.0176759 0.999776 0.0485884
0.360434 -0.932578 0.019646 -182.503 0.932645 0.360665 0.00973442 -94.5599 -0.0161637 0.0148141 0.99976 0.067373
0.361249 -0.932354 0.0147041 -182.32 0.932256 0.361458 0.0157189 -94.0841 -0.0199705 0.00802954 0.999768 0.0697774
0.362622 -0.931829 0.0141014 -182.036 0.931885 0.36272 0.00502382 -93.345 -0.00979622 0.0113192 0.999888 0.0518153
0.361827 -0.93209 0.0170107 -181.921 0.932137 0.362003 0.00861811 -93.0347 -0.0141908 0.0127381 0.999818 0.0603769
0.361947 -0.93206 0.0160653 -181.76 0.932155 0.362043 0.00346726 -92.5852 -0.00904802 0.0137204 0.999865 0.0222242
0.362862 -0.93175 0.0131407 -181.61 0.931786 0.36296 0.00595339 -92.2543 -0.0103166 0.010084 0.999896 0.0485567
0.36258 -0.931806 0.0165197 -181.453 0.931863 0.362734 0.00741627 -91.8236 -0.0129028 0.0127051 0.999836 0.0552339
0.362349 -0.931943 0.0136566 -181.283 0.931977 0.362458 0.00656506 -91.3611 -0.0110682 0.0103488 0.999885 0.0320172
0.361455 -0.932235 0.0169554 -181.124 0.932305 0.361607 0.00688177 -91.0538 -0.0125466 0.0133202 0.999833 0.0456076
0.363676 -0.931401 0.0152605 -181.047 0.931478 0.363774 0.00415052 -90.7983 -0.00941717 0.0127054 0.999875 0.0368647
0.364526 -0.931123 0.0114743 -180.9 0.931112 0.364629 0.0087182 -90.4893 -0.0123016 0.00750582 0.999896 0.0707001
0.362566 -0.931805 0.0168973 -180.815 0.931826 0.362761 0.0102691 -90.1897 -0.0156985 0.0120221 0.999804 0.0788513
0.363951 -0.93132 0.0134992 -180.501 0.931356 0.364056 0.00625397 -89.4128 -0.0107389 0.0102965 0.999889 0.0874503
0.363548 -0.931474 0.0137693 -180.329 0.931513 0.363654 0.00619674 -88.9262 -0.0107794 0.0105735 0.999886 0.078308
0.364197 -0.931237 0.0126 -180.206 0.931234 0.364315 0.00880509 -88.6489 -0.01279 0.00852676 0.999882 0.0831538
0.363883 -0.931326 0.0148764 -179.905 0.931371 0.364008 0.00672848 -87.8979 -0.0116816 0.0114071 0.999867 0.0712281
0.36325 -0.931536 0.0170546 -179.592 0.931567 0.36344 0.00974537 -87.0679 -0.0152765 0.0123475 0.999807 0.0596528
0.365034 -0.930915 0.0121301 -179.46 0.93096 0.365101 0.00382338 -86.7397 -0.00798796 0.00989699 0.999919 0.0579715
0.362706 -0.931839 0.0109779 -179.326 0.931876 0.362761 0.00343555 -86.4727 -0.00718373 0.00898396 0.999934 0.0540501
0.36356 -0.931494 0.0119563 -179.245 0.931534 0.36363 0.0042177 -86.2218 -0.00827644 0.00960433 0.99992 0.047324
0.364501 -0.931119 0.0125421 -179.174 0.931149 0.364592 0.00582899 -86.0128 -0.0100002 0.00955387 0.999904 0.0394032
0.382581 -0.923855 0.0111345 -178.981 0.923889 0.382642 0.00384798 -85.5117 -0.00781552 0.00881492 0.999931 0.040281
0.423472 -0.905832 0.0118509 -178.415 0.905734 0.423611 0.0141095 -84.2657 -0.017801 0.00475882 0.99983 0.0542973
0.426555 -0.904399 0.0106275 -178.212 0.90434 0.426661 0.0113859 -83.8244 -0.0148317 0.00475412 0.999879 0.0673075
0.428418 -0.903462 0.0146421 -178.078 0.903397 0.428601 0.0131996 -83.5932 -0.018201 0.00757269 0.999806 0.0911881
0.432316 -0.901637 0.0124298 -177.776 0.901657 0.432409 0.00606811 -83.0099 -0.010846 0.00858406 0.999904 0.082983
0.432385 -0.90156 0.0152343 -177.572 0.901668 0.432429 -0.000457083 -82.553 -0.00617565 0.0139339 0.999884 0.090549
0.435068 -0.900318 0.0119601 -177.01 0.900355 0.435138 0.00390897 -81.4267 -0.00872363 0.0090677 0.999921 0.0207037
0.419026 -0.907823 0.0165497 -176.679 0.90787 0.419185 0.00751234 -80.723 -0.0137573 0.0118771 0.999835 0.103411
0.416187 -0.909204 0.0116569 -176.42 0.909222 0.41627 0.00582262 -80.1804 -0.0101464 0.0081754 0.999915 0.0865161
0.415436 -0.909521 0.0136194 -176.332 0.909586 0.415507 0.00276483 -79.9273 -0.00817362 0.0112394 0.999903 0.0884028
0.415263 -0.909636 0.0109057 -176.215 0.909677 0.41531 0.00233961 -79.6584 -0.00665743 0.00894909 0.999938 0.0851098
0.416103 -0.909234 0.0123087 -175.872 0.909191 0.416232 0.0110572 -78.9641 -0.0151768 0.00659002 0.999863 0.118164
0.417814 -0.908388 0.0161771 -175.761 0.908345 0.418024 0.0128901 -78.6824 -0.0184716 0.0093087 0.999786 0.116844
0.41383 -0.910264 0.0128104 -175.445 0.91032 0.413895 0.00282833 -77.99 -0.00787668 0.0104911 0.999914 0.124894
0.416547 -0.909067 0.00923755 -175.307 0.909092 0.416587 0.00285618 -77.7141 -0.0064447 0.00720804 0.999953 0.0843233
0.417505 -0.9086 0.0116757 -175.11 0.908621 0.417585 0.00547241 -77.2879 -0.00984784 0.00832405 0.999917 0.128214
0.418553 -0.908122 0.0113308 -174.774 0.908118 0.418646 0.00756986 -76.5833 -0.0116179 0.00712127 0.999907 0.107563
0.418998 -0.907902 0.0124613 -174.323 0.907925 0.41909 0.00594534 -75.5592 -0.0106202 0.0088228 0.999905 0.122902
0.420111 -0.90739 0.0122865 -174.155 0.907451 0.420156 0.00118715 -75.2315 -0.00623945 0.0106507 0.999924 0.104079
0.421005 -0.906949 0.0141155 -174 0.907011 0.421091 0.00367929 -74.8787 -0.00928083 0.0112539 0.999894 0.0735313
0.421495 -0.906704 0.0151601 -173.668 0.906763 0.421609 0.00519515 -74.1581 -0.0111021 0.0115569 0.999872 0.0958578
0.422381 -0.906278 0.0159616 -173.475 0.906369 0.422476 0.002939 -73.7259 -0.00940694 0.0132257 0.999868 0.087743
0.423785 -0.905613 0.016477 -173.207 0.905729 0.423855 0.000895529 -73.1505 -0.00779486 0.0145442 0.999864 0.0749795
0.422827 -0.906047 0.0172044 -172.91 0.906182 0.422887 -0.000129368 -72.5346 -0.00715832 0.015645 0.999852 0.133115
0.424813 -0.90514 0.015957 -172.756 0.905233 0.424906 0.00281737 -72.2514 -0.00933035 0.0132479 0.999869 0.121699
0.423612 -0.905641 0.019175 -172.627 0.905738 0.423791 0.0063435 -71.9424 -0.0138711 0.0146803 0.999796 0.124976
0.423356 -0.905835 0.0152724 -172.524 0.905947 0.42339 -0.00108262 -71.6788 -0.00548551 0.0142943 0.999883 0.135262
0.422867 -0.906069 0.0149089 -171.773 0.90613 0.422972 0.00467596 -70.133 -0.0105428 0.0115321 0.999878 0.113587
0.424332 -0.905304 0.0191647 -171.135 0.905424 0.424484 0.00452187 -68.7479 -0.0122288 0.0154334 0.999806 0.14823
0.425043 -0.905085 0.0126367 -170.932 0.90516 0.42507 -0.000627078 -68.2795 -0.00480392 0.0117048 0.99992 0.145634
0.424216 -0.905398 0.0171542 -170.819 0.905521 0.4243 0.00135481 -68.049 -0.00850517 0.0149588 0.999852 0.163902
0.424294 -0.905372 0.0166195 -170.302 0.905464 0.424406 0.00373398 -66.9628 -0.0104341 0.0134641 0.999855 0.148719
0.426401 -0.904368 0.0173264 -170.078 0.904462 0.426531 0.00448507 -66.4221 -0.0114464 0.0137586 0.99984 0.147946
0.427088 -0.904128 0.0121227 -169.582 0.90418 0.427146 0.00246355 -65.4466 -0.00740553 0.00990896 0.999923 0.171046
0.428134 -0.903596 0.0146922 -169.09 0.903671 0.428217 0.00292856 -64.4759 -0.00893768 0.0120231 0.999888 0.176754
0.428848 -0.903278 0.0133884 -168.812 0.903308 0.428951 0.00598579 -63.8855 -0.0111498 0.00952684 0.999892 0.189139
0.428372 -0.903471 0.0154047 -168.656 0.903533 0.428488 0.00506116 -63.53 -0.0111733 0.0117506 0.999869 0.189412
0.428739 -0.903232 0.018837 -168.508 0.903327 0.42891 0.00602388 -63.1949 -0.0135203 0.0144333 0.999804 0.176705
0.429793 -0.902804 0.0149191 -168.404 0.902862 0.429901 0.0049153 -62.9694 -0.0108513 0.0113574 0.999877 0.179483
0.427385 -0.903913 0.0168367 -168.102 0.903991 0.42752 0.00522934 -62.3156 -0.0119249 0.0129853 0.999845 0.168352
0.426598 -0.904267 0.0177726 -167.909 0.904296 0.426799 0.00953953 -61.9673 -0.0162116 0.0120022 0.999797 0.18084
0.427704 -0.903732 0.0183478 -167.715 0.903769 0.427915 0.00953109 -61.5885 -0.0164649 0.0125057 0.999786 0.159478
0.42887 -0.903304 0.0106108 -167.567 0.903252 0.428973 0.0108366 -61.2034 -0.0143405 0.00493669 0.999885 0.164519
0.429056 -0.903139 0.0158453 -167.257 0.90318 0.429202 0.00719823 -60.5417 -0.0133018 0.0112227 0.999848 0.147909
0.430384 -0.902448 0.0188701 -167.064 0.902494 0.430601 0.00931003 -60.1404 -0.0165273 0.0130233 0.999779 0.163313
0.429491 -0.902877 0.0187361 -166.876 0.902884 0.429731 0.0114391 -59.8012 -0.0183796 0.0120036 0.999759 0.155214
0.430671 -0.902295 0.0196632 -166.435 0.90235 0.430902 0.00936662 -58.8095 -0.0169244 0.0137091 0.999763 0.16624
0.433196 -0.901127 0.0176253 -165.689 0.901252 0.433292 0.00179135 -57.2852 -0.00925112 0.0151088 0.999843 0.172652
0.433581 -0.900971 0.0160691 -165.474 0.901067 0.433672 0.00248749 -56.7722 -0.00920988 0.0134008 0.999868 0.156174
0.432927 -0.901291 0.0157649 -165.029 0.901367 0.433036 0.0041493 -55.8865 -0.0105665 0.0124136 0.999867 0.156643
0.43291 -0.90125 0.0183693 -164.305 0.901267 0.433135 0.0106135 -54.3761 -0.0175218 0.0119609 0.999775 0.153491
0.433744 -0.900908 0.0151902 -164.001 0.900858 0.433932 0.0125935 -53.8327 -0.0179371 0.00822181 0.999805 0.138555
0.435552 -0.900076 0.012517 -163.764 0.900034 0.435683 0.0109084 -53.382 -0.0152719 0.00651458 0.999862 0.122616
0.434809 -0.900441 0.0120882 -163.58 0.900366 0.434945 0.0127807 -52.936 -0.016766 0.00532659 0.999845 0.135532
0.435576 -0.900053 0.0133152 -163.098 0.899925 0.435751 0.0159978 -51.9669 -0.020201 0.0050144 0.999783 0.130126
0.435641 -0.899988 0.0154207 -163.042 0.899933 0.435836 0.0129177 -51.8071 -0.0183467 0.00825012 0.999798 0.128053
0.436272 -0.89967 0.0161373 -162.585 0.899672 0.436452 0.010003 -50.9262 -0.0160425 0.0101543 0.99982 0.103507
0.436025 -0.899766 0.017415 -162.084 0.8998 0.436213 0.00882424 -49.8485 -0.0155364 0.0118225 0.999809 0.0878977
0.43837 -0.898659 0.0156271 -161.919 0.898655 0.438542 0.0100045 -49.5068 -0.0158438 0.00965775 0.999828 0.117523
0.438206 -0.898677 0.018861 -161.718 0.898719 0.438425 0.00941539 -49.116 -0.0167305 0.0128249 0.999778 0.111604
0.436231 -0.899639 0.0187426 -161.499 0.89967 0.436455 0.0100178 -48.6343 -0.0171927 0.0124921 0.999774 0.089874
0.437461 -0.899043 0.0186963 -161.336 0.899046 0.437703 0.0115352 -48.3157 -0.0185541 0.0117626 0.999759 0.0953017
0.438715 -0.898461 0.0171967 -161.02 0.898391 0.438958 0.0144507 -47.6466 -0.020532 0.00910961 0.999748 0.102222
0.43852 -0.898435 0.0227011 -160.369 0.898487 0.438842 0.0117604 -46.3344 -0.0205282 0.0152395 0.999673 0.0983424
0.437711 -0.898925 0.0185178 -160.057 0.898954 0.43793 0.00995416 -45.6517 -0.0170575 0.0122896 0.999779 0.0864896
0.439665 -0.897872 0.0228356 -159.609 0.89793 0.439987 0.0115425 -44.7719 -0.0204111 0.0154299 0.999673 0.0900376
0.439909 -0.897731 0.0236579 -159.364 0.897876 0.440182 0.0076874 -44.2825 -0.017315 0.0178601 0.999691 0.105082
0.44038 -0.897512 0.0231981 -158.388 0.89762 0.440673 0.00926485 -42.2976 -0.0185381 0.016743 0.999688 0.101077
0.438779 -0.898327 0.0219577 -158.03 0.89845 0.439016 0.00721742 -41.5273 -0.0161234 0.016561 0.999733 0.0787889
0.438362 -0.898609 0.0184489 -157.255 0.898662 0.438561 0.00840216 -39.9029 -0.0156412 0.0128961 0.999795 0.103646
0.441145 -0.897179 0.0214531 -156.875 0.89715 0.441482 0.0146821 -39.179 -0.0226436 0.0127697 0.999662 0.0837169
0.440895 -0.897295 0.0217603 -156.285 0.897163 0.441291 0.0190117 -37.9821 -0.0266618 0.0111404 0.999582 0.0869204
0.442533 -0.896575 0.0178186 -156.053 0.896409 0.442826 0.0188621 -37.5115 -0.0248018 0.00762567 0.999663 0.0810835
0.446197 -0.894854 0.0120023 -155.36 0.894776 0.44633 0.0128766 -36.0776 -0.0168797 0.00499391 0.999845 0.0450818
0.446473 -0.894735 0.0105407 -155.079 0.894694 0.446569 0.00990311 -35.5418 -0.0135678 0.00500922 0.999895 0.0125584
0.444547 -0.895651 0.0137021 -154.637 0.895648 0.444678 0.00866336 -34.6395 -0.0138524 0.008421 0.999869 0.0810353
0.445545 -0.895148 0.0141434 -154.509 0.895139 0.445689 0.00935987 -34.4197 -0.014682 0.00849005 0.999856 0.0516521
0.445947 -0.89493 0.0151887 -154.459 0.894955 0.44609 0.00769152 -34.2793 -0.0136589 0.0101632 0.999855 0.0557393
0.445969 -0.894937 0.0141417 -154.429 0.894976 0.446078 0.00566319 -34.2264 -0.0113765 0.0101309 0.999884 0.0863752
0.446793 -0.894499 0.0157418 -154.257 0.894494 0.446967 0.0100364 -33.9008 -0.0160136 0.00959676 0.999826 0.0323759
0.447562 -0.894076 0.0177578 -153.993 0.89412 0.447749 0.00831288 -33.3187 -0.0153834 0.0121571 0.999808 0.057167
0.449414 -0.893089 0.0204848 -153.683 0.893256 0.449543 0.00197408 -32.7557 -0.0109718 0.017411 0.999788 0.0411316
0.450005 -0.892794 0.0203841 -153.536 0.892942 0.450158 0.0034258 -32.5032 -0.0122346 0.0166602 0.999786 0.0412293
0.450365 -0.892574 -0.0219637 -153.322 0.890037 0.450762 -0.0681771 -32.0961 0.0707536 0.0111561 0.997431 0.0837065
0.439268 -0.89652 0.0574127 -153.162 0.893471 0.442642 0.0760106 -31.6902 -0.0935582 0.0179076 0.995453 0.116258
0.442212 -0.895824 0.0441331 -153.041 0.893851 0.444231 0.0607452 -31.4875 -0.0740222 0.0125861 0.997177 -0.0371265
0.448142 -0.893679 0.0224961 -152.743 0.893826 0.448371 0.00617121 -30.8858 -0.0156017 0.0173421 0.999728 0.036729
0.449813 -0.892933 0.0184148 -152.629 0.893024 0.449975 0.00563848 -30.6491 -0.013321 0.0139086 0.999815 0.021344
0.449268 -0.893234 0.0170427 -152.088 0.89322 0.449477 0.0113434 -29.5791 -0.0177926 0.0101266 0.99979 0.0307417
0.446064 -0.894712 0.0227509 -151.765 0.894788 0.446369 0.0104812 -28.9328 -0.019533 0.015682 0.999686 0.0188383
0.450812 -0.892418 0.0189183 -151.359 0.892526 0.45097 0.00486062 -28.1892 -0.0128693 0.0146938 0.999809 0.0309318
0.449409 -0.893045 0.0224082 -150.413 0.893178 0.44965 0.00692561 -26.2748 -0.0162607 0.0169021 0.999725 0.0287138
0.451037 -0.89232 0.0181931 -149.934 0.892422 0.45118 0.00446331 -25.2963 -0.0121911 0.0142228 0.999825 0.0638593
0.449854 -0.892815 0.0226342 -149.663 0.892884 0.45016 0.0106908 -24.7889 -0.0197339 0.0154004 0.999687 0.0109819
0.451467 -0.892075 0.0194639 -149.295 0.892174 0.451651 0.00613847 -24.0658 -0.0142669 0.0145939 0.999792 0.0711856
0.451876 -0.891794 0.0226172 -148.917 0.891887 0.452161 0.00940131 -23.2505 -0.0186107 0.0159238 0.9997 0.00678946
0.451515 -0.892066 0.018775 -148.32 0.892042 0.451772 0.0127508 -22.0489 -0.0198566 0.0109909 0.999742 -0.00107061
0.451913 -0.891752 0.0235223 -148.089 0.891832 0.452238 0.010772 -21.6127 -0.0202437 0.0161099 0.999665 0.0367316
0.453073 -0.891153 0.0238788 -147.726 0.891241 0.453404 0.0106711 -20.9066 -0.0203364 0.016447 0.999658 0.0358921
0.482738 -0.875321 0.0278939 -147.26 0.875535 0.483096 0.00754905 -20.0168 -0.0200833 0.0207779 0.999582 0.0212948
0.491682 -0.870467 0.0231461 -146.904 0.870598 0.491944 0.00704324 -19.4193 -0.0175175 0.016688 0.999707 0.0342787
0.493988 -0.869123 0.0245307 -146.668 0.86928 0.494272 0.00691144 -18.9546 -0.0181317 0.0179099 0.999675 0.00175006
0.495682 -0.868093 0.026707 -146.419 0.868333 0.495961 0.00460736 -18.5498 -0.0172452 0.0209068 0.999633 0.0401719
0.49411 -0.869047 0.0247605 -146.219 0.869174 0.49443 0.00869536 -18.1989 -0.019799 0.0172247 0.999655 0.0341425
0.495432 -0.868445 0.018718 -145.921 0.868596 0.495521 0.000181441 -17.6344 -0.00943276 0.0161685 0.999825 0.0283815
0.517938 -0.855133 0.0220893 -145.115 0.855287 0.518138 0.00413808 -16.258 -0.0149839 0.0167494 0.999747 0.0195173
0.518416 -0.854739 0.0258075 -144.835 0.854899 0.518739 0.00751158 -15.8325 -0.0198078 0.0181687 0.999639 0.0239283
0.522397 -0.852337 0.0249674 -144.363 0.852396 0.52277 0.0115026 -15.061 -0.0228563 0.0152732 0.999622 0.00504027
0.523582 -0.85184 0.0151598 -142.732 0.851916 0.523673 0.00253149 -12.3829 -0.0100952 0.0115894 0.999882 -0.0250707
0.527166 -0.849132 0.032732 -142.42 0.848465 0.528098 0.0349229 -11.8971 -0.0469399 0.00936183 0.998854 -0.0188658
0.526764 -0.849641 0.0250966 -142.337 0.84957 0.527212 0.016686 -11.7427 -0.0274084 0.0125317 0.999546 -0.00853821
0.529441 -0.847888 0.0279223 -142.157 0.848109 0.529785 0.00625044 -11.4478 -0.0200925 0.0203719 0.999591 -0.0173255
0.526831 -0.84977 -0.0184573 -141.741 0.84795 0.526951 -0.0574646 -10.7978 0.0585578 0.0146232 0.998177 0.000192265
0.533689 -0.845678 0.00222272 -141.592 0.8445 0.532803 -0.0542249 -10.4303 0.0446726 0.0308163 0.998526 -0.133995
0.526214 -0.847861 0.0650427 -141.418 0.843738 0.530113 0.0841788 -10.2916 -0.105852 0.0105829 0.994326 0.065436
0.526134 -0.848431 0.0578668 -141.297 0.844632 0.529266 0.0804677 -10.1149 -0.0988982 0.00653936 0.995076 0.168273
0.533482 -0.84552 0.0222001 -140.534 0.845611 0.533743 0.00776202 -8.85508 -0.0184121 0.0146318 0.999723 -0.0473361
0.534656 -0.844846 0.0194286 -140.012 0.844911 0.53486 0.00708146 -8.02053 -0.0163743 0.0126293 0.999786 -0.061202
0.535065 -0.844629 0.0175101 -139.728 0.844697 0.535218 0.00530937 -7.57667 -0.0138562 0.0119499 0.999833 -0.0266443
0.53579 -0.844047 0.0226799 -139.389 0.844127 0.536074 0.00864907 -7.02183 -0.0194583 0.0145106 0.999705 -0.0374785
0.57559 -0.817431 0.0224151 -137.804 0.817509 0.575862 0.00788879 -4.65646 -0.0193565 0.0137838 0.999718 -0.0366633
0.593382 -0.804597 0.0228482 -137.425 0.804675 0.593664 0.00790277 -4.1032 -0.0199227 0.013696 0.999708 -0.0441987
0.609792 -0.79217 0.0249013 -137.137 0.792195 0.610164 0.0112314 -3.74785 -0.0240911 0.0128779 0.999627 -0.0671861
0.625363 -0.77989 0.0263176 -136.699 0.779927 0.62577 0.0111984 -3.23663 -0.0252023 0.0135227 0.999591 -0.056779
0.633535 -0.773392 0.0223362 -136.447 0.77344 0.633815 0.00831259 -2.90896 -0.0205859 0.0120094 0.999716 -0.0400182
0.6494 -0.760149 0.021296 -136.046 0.760246 0.649618 0.0048263 -2.4249 -0.017503 0.013056 0.999762 -0.0409894
0.658437 -0.75237 0.019977 -135.776 0.752505 0.658586 0.00116213 -2.11255 -0.0140309 0.0142676 0.9998 -0.0391961
0.664275 -0.747135 0.0229679 -135.354 0.747298 0.664486 0.00215298 -1.64129 -0.0168704 0.0157337 0.999734 -0.0839773
0.668685 -0.743306 0.0188768 -134.686 0.74342 0.668823 0.00138297 -0.872794 -0.0136532 0.0131086 0.999821 -0.0555791
0.670199 -0.74191 0.0200646 -134.321 0.742029 0.670364 0.00213404 -0.46982 -0.0150338 0.0134583 0.999796 -0.0451138
0.674185 -0.7384 0.0155245 -133.813 0.738553 0.674133 -0.00910632 0.0862489 -0.00374149 0.017605 0.999838 -0.0382431
0.69499 -0.718604 0.024441 -132.862 0.718844 0.69517 -0.00152561 1.05044 -0.0158943 0.0186295 0.9997 -0.0682483
0.712054 -0.701478 0.0301144 -132.473 0.701839 0.712333 -0.002038 1.48188 -0.0200219 0.0225866 0.999544 -0.0641174
0.765966 -0.642413 0.0245391 -131.621 0.642662 0.766144 -0.00312746 2.20312 -0.0167913 0.0181659 0.999694 -0.0679954
0.8216 -0.569442 0.0266241 -130.489 0.569623 0.821905 0.000927032 3.07916 -0.0224104 0.014404 0.999645 -0.0354628
0.856593 -0.515507 0.0223754 -129.617 0.515726 0.856739 -0.00504915 3.60589 -0.016567 0.0158647 0.999737 -0.0889903
0.919501 -0.392589 0.0197986 -127.516 0.392822 0.919565 -0.00951241 4.67717 -0.0144716 0.016524 0.999759 -0.208206
0.934492 -0.355457 0.0193486 -126.358 0.355631 0.934605 -0.00632957 5.13912 -0.0158334 0.0127959 0.999793 -0.0341975
0.940488 -0.339276 0.0193261 -124.914 0.339462 0.940592 -0.00723834 5.66917 -0.0157222 0.0133681 0.999787 -0.0664304
0.951592 -0.307089 0.0129856 -124.157 0.307215 0.951595 -0.0092294 5.93293 -0.00952275 0.012772 0.999873 -0.0780137
0.975722 -0.218926 0.00612699 -122.878 0.218867 0.975713 0.0090302 6.33235 -0.00795513 -0.00746997 0.99994 -0.0441083
0.981895 -0.189193 0.00940777 -122.151 0.189065 0.981878 0.0130366 6.41037 -0.0117037 -0.0110219 0.999871 -0.0686168
0.99047 -0.137721 0.00164661 -118.917 0.137722 0.990471 -0.000324575 6.99468 -0.00158621 0.000548255 0.999999 0.0196376
0.990805 -0.133336 0.0229651 -118.399 0.133478 0.99104 -0.00478593 7.04696 -0.0221212 0.00780727 0.999725 -0.0423504
0.992243 -0.123433 0.0147825 -117.631 0.123454 0.99235 -0.00047878 7.12645 -0.0146103 0.00230002 0.999891 -0.0998057
0.993182 -0.115825 0.013206 -117.091 0.115871 0.993261 -0.00273038 7.17839 -0.0128008 0.00424195 0.999909 -0.0764319
0.994674 -0.101439 0.0182503 -116.594 0.10156 0.994812 -0.00580804 7.24295 -0.0175664 0.00763061 0.999817 -0.0872848
0.996624 -0.0799933 0.0184706 -116.079 0.0801774 0.996736 -0.00945152 7.28352 -0.0176543 0.0109005 0.999785 -0.0807682
0.999785 0.00744216 0.0193536 -113.962 -0.00724948 0.999924 -0.010007 7.33521 -0.0194266 0.0098645 0.999763 -0.0899775
0.998679 0.0466774 0.0214756 -111.022 -0.0463192 0.998784 -0.0168858 7.28264 -0.0222377 0.0158688 0.999627 -0.10826
0.9966 0.0789995 0.0233881 -108.891 -0.0788044 0.996848 -0.00915318 7.16927 -0.0240375 0.00727898 0.999685 -0.145752
0.994592 0.102804 0.0147413 -107.54 -0.102556 0.994587 -0.016696 7.04176 -0.0163779 0.0150939 0.999752 -0.132735
0.986377 0.164004 0.0128036 -106.225 -0.163806 0.986375 -0.015243 6.89845 -0.015129 0.012938 0.999802 -0.116769
0.985834 0.167163 0.0137224 -105.478 -0.167007 0.985885 -0.0117789 6.71609 -0.0154977 0.00932026 0.999836 -0.0532758
0.985053 0.172143 -0.00607716 -104.495 -0.172166 0.985062 -0.00338556 6.57444 0.00540358 0.00438124 0.999976 -0.0677042
0.983487 0.18062 0.011422 -102.647 -0.180541 0.983538 -0.00761769 6.22902 -0.0126099 0.00542975 0.999906 0.00766609
0.977857 0.208099 0.0221637 -102.132 -0.207978 0.978104 -0.00766306 6.13649 -0.023273 0.00288382 0.999725 -0.0686839
0.953558 0.301163 0.00531948 -101.137 -0.301181 0.953563 0.00290881 5.88908 -0.00419643 -0.00437585 0.999982 -0.0427297
0.917032 0.39874 0.00771759 -99.298 -0.398723 0.917064 -0.003638 5.15868 -0.00852814 0.000258974 0.999964 -0.0370877
0.914797 0.403809 0.00919981 -98.8508 -0.403781 0.914843 -0.00474313 4.93298 -0.0103317 0.000624291 0.999946 -0.041724
0.911471 0.411275 0.0085535 -97.2402 -0.411242 0.91151 -0.00538134 4.23253 -0.0100098 0.00138737 0.999949 -0.0666124
0.911622 0.410819 0.0131341 -96.3201 -0.410656 0.911691 -0.0134799 3.79201 -0.017512 0.00689499 0.999823 -0.0572926
0.910131 0.414228 0.00879367 -93.3759 -0.41405 0.910097 -0.0169115 2.45079 -0.0150083 0.0117507 0.999818 -0.0239138
0.91 0.414553 0.00675196 -93.0901 -0.414419 0.909956 -0.0154164 2.30877 -0.0125349 0.0112308 0.999858 -0.0402654
0.908767 0.417291 0.0033416 -91.9599 -0.417221 0.908716 -0.0126931 1.78892 -0.0083333 0.0101409 0.999914 -0.0380816
0.908419 0.417875 0.0124559 -89.6244 -0.417753 0.908491 -0.0112724 0.709971 -0.0160265 0.00503658 0.999859 -0.097606
0.908481 0.417562 0.017441 -88.6918 -0.417424 0.908644 -0.0110856 0.28955 -0.0204766 0.00279074 0.999786 -0.133324
0.907233 0.4202 0.0189666 -87.5195 -0.420165 0.907428 -0.00595691 -0.232279 -0.0197139 -0.00256478 0.999802 -0.108228
0.908351 0.417918 0.0156064 -85.6786 -0.417933 0.908475 -0.00242475 -1.07285 -0.0151914 -0.00431992 0.999875 -0.0976211
0.923403 0.383597 0.0134334 -84.504 -0.383621 0.92349 -0.000808253 -1.57776 -0.0127157 -0.00440701 0.999909 -0.0604123
0.925218 0.379201 0.0133645 -83.8336 -0.379251 0.925293 0.00127911 -1.87515 -0.011881 -0.00625194 0.99991 -0.0753544
0.938998 0.343567 0.0156245 -83.1402 -0.343637 0.939101 0.00195423 -2.14962 -0.0140016 -0.00720418 0.999876 -0.0719144
0.94519 0.326249 0.0133054 -82.6383 -0.326336 0.945241 0.00492352 -2.31581 -0.0109705 -0.0089957 0.999899 -0.0301467
0.949511 0.313436 0.0136456 -81.9255 -0.313579 0.94951 0.0100012 -2.5131 -0.00982191 -0.0137752 0.999857 -0.0338212
0.950837 0.309416 0.0130763 -81.4447 -0.309546 0.950838 0.00940911 -2.68711 -0.00952213 -0.0129943 0.99987 -0.057727
0.951574 0.30731 0.00817686 -80.9771 -0.307391 0.95151 0.0118341 -2.84258 -0.00414363 -0.0137745 0.999896 -0.00516759
0.951903 0.306209 0.0107581 -80.4876 -0.306319 0.95187 0.0106373 -2.98352 -0.00698307 -0.0134211 0.999886 -0.0439281
0.95147 0.30748 0.0127039 -80.025 -0.30764 0.951407 0.013471 -3.13303 -0.00794457 -0.0167255 0.999828 -0.00207223
0.951957 0.30607 0.00994156 -79.3072 -0.306187 0.951868 0.0139877 -3.37818 -0.00518184 -0.0163597 0.999853 -0.0750752
0.951639 0.307039 0.0105352 -78.8299 -0.307169 0.951544 0.0145033 -3.5375 -0.00557164 -0.017038 0.999839 -0.0348847
0.951449 0.307584 0.0117284 -77.8491 -0.307725 0.951385 0.0130945 -3.84733 -0.00713058 -0.0160679 0.999845 -0.0667276
0.955566 0.294547 0.0116056 -76.9387 -0.294659 0.955556 0.00946387 -4.17677 -0.00830227 -0.0124631 0.999888 0.00868507
0.97621 0.216382 0.0138764 -76.0081 -0.216498 0.976254 0.00750263 -4.42393 -0.0119234 -0.0103284 0.999876 -0.0285863
0.979463 0.201409 0.00927045 -75.4582 -0.201488 0.979453 0.00865164 -4.49342 -0.00733745 -0.0103419 0.99992 0.109532
0.980697 0.195115 0.0127626 -74.7142 -0.195221 0.980729 0.00771157 -4.66349 -0.011012 -0.0100543 0.999889 0.00444469
0.981903 0.188948 0.0128789 -73.7292 -0.189058 0.981934 0.00794638 -4.84842 -0.0111448 -0.0102374 0.999885 0.0304385
0.981968 0.188493 0.0145024 -72.7148 -0.188586 0.982042 0.00531964 -5.0192 -0.0132393 -0.00795866 0.999881 0.0534698
0.981981 0.188768 0.00890973 -72.0055 -0.188829 0.981988 0.00656947 -5.16181 -0.00750914 -0.00813351 0.999939 0.0643866
0.983964 0.17772 0.0151613 -71.6531 -0.177766 0.984071 0.00177402 -5.2342 -0.0146045 -0.00444074 0.999883 0.0309616
0.986389 0.164106 0.010297 -71.0296 -0.164168 0.986417 0.0055216 -5.34149 -0.00925103 -0.00713689 0.999932 0.0528787
0.986812 0.161361 0.0128093 -70.5407 -0.161402 0.986886 0.0022237 -5.42119 -0.0122825 -0.00426182 0.999915 0.0516394
0.987028 0.160077 0.0122898 -70.0733 -0.160156 0.987075 0.00572078 -5.45715 -0.0112152 -0.00761486 0.999908 0.0356749
0.987471 0.157112 0.0147184 -69.3087 -0.157223 0.98754 0.00673636 -5.57972 -0.0134766 -0.00896603 0.999869 0.0267735
0.987564 0.156432 0.0156832 -68.3823 -0.156641 0.987568 0.0131071 -5.7242 -0.0134378 -0.0154008 0.999791 0.0367804
0.933695 0.358056 0.00300541 -66.3809 -0.358062 0.933593 0.0139817 -6.13376 0.00220039 -0.0141308 0.999898 0.0601378
0.860152 0.509959 0.00899222 -65.7085 -0.510016 0.860145 0.00583017 -6.46599 -0.00476147 -0.00960101 0.999943 0.120327
0.785158 0.619264 0.00624811 -65.1693 -0.61929 0.785153 0.00373585 -6.86962 -0.00259225 -0.00680262 0.999974 0.0842324
0.713816 0.70033 0.00235215 -64.749 -0.70032 0.713778 0.00853064 -7.21145 0.00429535 -0.00773656 0.999961 0.124171
0.610608 0.791932 0.00133358 -64.3133 -0.791915 0.610582 0.00772302 -7.79402 0.00530185 -0.00577182 0.999969 0.112175
0.561301 0.827611 -0.00147501 -64.1273 -0.827567 0.561288 0.00940466 -8.07612 0.0086113 -0.00405818 0.999955 0.128208
0.406792 0.913515 0.00316873 -63.6928 -0.913521 0.40679 0.00126758 -8.93092 -0.000131056 -0.00341034 0.999994 0.130478
0.346816 0.937919 0.00515734 -63.5537 -0.937924 0.346832 -0.00246135 -9.26972 -0.00409727 -0.00398356 0.999984 0.127788
0.225247 0.974284 0.00591513 -63.3793 -0.9743 0.225255 -0.000615351 -9.97453 -0.00193194 -0.0056245 0.999982 0.154272
0.104914 0.994481 -0.000215443 -63.2868 -0.994467 0.104914 0.00526632 -10.602 0.00525986 -0.000338259 0.999986 0.180374
0.0198815 0.999794 0.0040491 -63.2556 -0.9998 0.0198908 -0.00226002 -11.1517 -0.00234009 -0.00400336 0.999989 0.165153
-0.0394776 0.999211 0.00429875 -63.259 -0.999216 -0.0394648 -0.00303467 -11.5116 -0.00286262 -0.00441518 0.999986 0.172513
-0.100426 0.994944 0.00112518 -63.3295 -0.994944 -0.100427 0.0010201 -12.2101 0.00112795 -0.00101705 0.999999 0.169667
-0.116726 0.993159 0.00320419 -63.4782 -0.993156 -0.116711 -0.00448613 -13.1032 -0.00408148 -0.00370591 0.999985 0.211679
-0.123139 0.992383 -0.00363089 -63.5636 -0.992388 -0.123145 -0.00123851 -14.1001 -0.00167621 0.00345074 0.999993 0.189798
-0.121935 0.992538 0.000469529 -63.6676 -0.992477 -0.121922 -0.0111435 -14.6323 -0.0110031 -0.00182477 0.999938 0.215559
-0.125795 0.992022 -0.00819231 -63.8099 -0.991822 -0.125941 -0.0207117 -15.9 -0.0215782 0.00551988 0.999752 0.172765
-0.125473 0.992081 -0.00562702 -63.8694 -0.991861 -0.125565 -0.0211103 -16.2858 -0.0216497 0.00293245 0.999761 0.206166
-0.12725 0.991869 0.00160797 -63.9157 -0.991763 -0.127212 -0.0149543 -16.744 -0.0146281 -0.00349765 0.999887 0.202625
-0.124286 0.992238 -0.00406332 -64.07 -0.992097 -0.124337 -0.0168251 -17.7641 -0.0171997 0.0019401 0.99985 0.155339
-0.103862 0.994581 -0.00463693 -64.1633 -0.994402 -0.103932 -0.0190305 -18.5436 -0.0194093 0.00263443 0.999808 0.154062
-0.0655928 0.997841 -0.00314984 -64.2026 -0.997624 -0.0656445 -0.0209275 -19.1721 -0.0210891 0.00176967 0.999776 0.152929
-0.0297285 0.999557 0.00146344 -64.2402 -0.999521 -0.0297147 -0.00867081 -20.179 -0.00862349 -0.00172051 0.999961 0.154386
-0.0290406 0.999562 -0.00564737 -64.2852 -0.999473 -0.029119 -0.0143373 -20.8166 -0.0144955 0.00522803 0.999881 0.166345
-0.026264 0.999618 -0.00863649 -64.271 -0.999437 -0.0264379 -0.0206676 -21.2217 -0.020888 0.00808882 0.999749 0.160748
-0.0235269 0.999702 -0.00644982 -64.2911 -0.999647 -0.0236041 -0.0121642 -21.8697 -0.0123128 0.00616135 0.999905 0.155644
-0.0217863 0.999747 -0.00562116 -64.3037 -0.999679 -0.021857 -0.0128278 -22.7729 -0.0129474 0.00533989 0.999902 0.162198
-0.020846 0.99975 -0.0080212 -64.3124 -0.999688 -0.020954 -0.013627 -23.2064 -0.0137916 0.00773463 0.999875 0.165507
-0.0192514 0.99981 -0.00293519 -64.2809 -0.999648 -0.0193018 -0.0182181 -23.6479 -0.0182713 0.00258344 0.99983 0.177242
-0.0173847 0.999844 -0.00323279 -64.2813 -0.999722 -0.0174339 -0.0158752 -24.3179 -0.0159291 0.00295591 0.999869 0.169213
-0.000970404 0.999996 0.00270694 -64.28 -0.999918 -0.000935852 -0.0127362 -25.534 -0.0127336 -0.00271908 0.999915 0.157893
7.19583e-05 0.999994 0.00336517 -64.2939 -0.999874 0.000125445 -0.0158967 -26.0017 -0.015897 -0.0033636 0.999868 0.148542
-0.00125901 0.999997 -0.00210647 -64.3161 -0.999759 -0.0013049 -0.0219284 -28.9106 -0.021931 0.00207835 0.999757 0.143141
-0.00213328 0.999991 0.00367773 -64.3057 -0.999894 -0.00208015 -0.0143887 -29.6708 -0.014381 -0.00370803 0.99989 0.134796
-0.00184099 0.999998 0.000245111 -64.3362 -0.99985 -0.0018365 -0.0172035 -31.1636 -0.0172031 -0.000276746 0.999852 0.149712
-0.00326435 0.999995 0.00034073 -64.3314 -0.999865 -0.00325843 -0.0161306 -31.8386 -0.0161294 -0.00039334 0.99987 0.12992
-0.00111322 0.999997 -0.00201238 -64.3351 -0.999851 -0.00114773 -0.01723 -32.1819 -0.0172323 0.0019929 0.999849 0.168452
0.00600048 0.999969 -0.00507427 -64.3079 -0.999806 0.00590412 -0.0187966 -32.9102 -0.0187661 0.00518607 0.99981 0.189908
0.00549744 0.999974 -0.00472956 -64.3018 -0.999922 0.00544396 -0.0112471 -33.726 -0.011221 0.00479102 0.999926 0.145649
0.0060912 0.99997 -0.00485098 -64.3008 -0.999862 0.00601546 -0.0154777 -34.1781 -0.0154481 0.00494459 0.999868 0.16559
0.00537254 0.999979 -0.00374244 -64.3016 -0.999873 0.0053157 -0.0150346 -34.6562 -0.0150144 0.00382273 0.99988 0.156008
0.00676216 0.999976 -0.00136457 -64.296 -0.999929 0.00674847 -0.00980145 -35.4169 -0.00979201 0.00143076 0.999951 0.144769
0.00485759 0.999987 -0.00134368 -64.2695 -0.999928 0.00484251 -0.0110104 -35.947 -0.0110038 0.00139707 0.999938 0.158514
0.00425746 0.999981 -0.00442065 -64.2679 -0.999848 0.00418195 -0.0169533 -36.6216 -0.0169345 0.00449215 0.999847 0.180968
0.00510066 0.999987 -0.000828418 -64.2766 -0.999892 0.00508876 -0.0137863 -37.6446 -0.0137819 0.000898648 0.999905 0.162402
0.00455981 0.999988 -0.00165867 -64.2993 -0.999843 0.00453077 -0.0171075 -38.1573 -0.0170998 0.00173641 0.999852 0.138163
0.00414091 0.99999 -0.0014688 -64.2686 -0.99981 0.00411216 -0.0190671 -38.6439 -0.0190609 0.00154748 0.999817 0.156735
0.0039634 0.999988 -0.00279172 -64.2812 -0.999851 0.00391586 -0.0168344 -39.4057 -0.0168233 0.00285802 0.999854 0.144154
0.00324481 0.99999 -0.00300655 -64.2636 -0.99985 0.00319322 -0.017009 -40.421 -0.0169992 0.00306129 0.999851 0.156529
0.00261953 0.999979 -0.00588675 -64.2519 -0.999842 0.0025157 -0.0175774 -41.3513 -0.0175622 0.00593187 0.999828 0.164544
0.000418135 0.999981 -0.0061606 -64.2777 -0.999867 0.000317453 -0.0163347 -42.3901 -0.0163325 0.00616661 0.999848 0.180457
0.000132754 0.99999 -0.0045731 -64.2698 -0.999865 5.75851e-05 -0.0164334 -42.8458 -0.016433 0.00457467 0.999855 0.160926
6.52827e-05 0.999996 -0.00294398 -64.2376 -0.999777 3.14157e-06 -0.0211029 -43.741 -0.0211028 0.00294471 0.999773 0.160368
0.001682 0.999996 -0.00205317 -64.2587 -0.999697 0.00163107 -0.024559 -44.452 -0.0245556 0.00209386 0.999696 0.146101
-0.00236288 0.999992 -0.00331066 -64.262 -0.999934 -0.00240001 -0.011257 -45.428 -0.0112649 0.00328384 0.999931 0.166487
-0.00248971 0.999991 -0.00332326 -64.2576 -0.999895 -0.0025369 -0.0142715 -46.5188 -0.0142798 0.00328738 0.999893 0.133474
-0.00261251 0.999996 -0.00103312 -64.2526 -0.999887 -0.00262755 -0.0148329 -47.6586 -0.0148356 0.000994256 0.999889 0.121105
-0.00379983 0.999993 -0.000310949 -64.2907 -0.999823 -0.00380491 -0.0184224 -48.1635 -0.0184234 0.000240892 0.99983 0.117469
-0.00520788 0.99998 -0.00348104 -64.3458 -0.999758 -0.00528113 -0.0213753 -49.2993 -0.0213932 0.00336888 0.999765 0.126179
-0.00586247 0.99996 -0.00682925 -64.3241 -0.999807 -0.00598941 -0.0187184 -49.7443 -0.0187585 0.0067182 0.999801 0.151722
-0.00876413 0.999818 -0.016947 -64.3453 -0.999806 -0.00906079 -0.0175085 -50.8578 -0.0176588 0.0167903 0.999703 0.0852431
-0.00912565 0.999661 -0.0243875 -64.3053 -0.999793 -0.00956427 -0.0179298 -51.3086 -0.018157 0.0242188 0.999542 0.105527
-0.0110853 0.99944 -0.0315804 -64.3299 -0.999653 -0.0118312 -0.0235321 -51.803 -0.0238925 0.0313086 0.999224 0.0882252
-0.0137251 0.99926 -0.0359368 -64.3426 -0.999785 -0.0142728 -0.0150284 -52.8468 -0.0155302 0.0357228 0.999241 0.100217
0.0103751 0.999546 -0.028274 -64.3243 -0.999941 0.010459 0.00281856 -53.1284 0.003113 0.0282431 0.999596 0.101992
0.114367 0.993421 -0.00592583 -64.2412 -0.993401 0.114309 -0.00933554 -54.1276 -0.00859674 0.00695441 0.999939 0.0955323
0.25959 0.965638 -0.0125199 -63.6796 -0.965599 0.259332 -0.0191153 -56.4712 -0.0152117 0.0170513 0.999739 0.0922141
0.266503 0.963805 -0.00744928 -63.3446 -0.963696 0.266326 -0.0189754 -57.8331 -0.0163046 0.0122358 0.999792 0.102701
0.269162 0.963078 -0.005708 -63.2059 -0.962928 0.269 -0.0202363 -58.2858 -0.0179537 0.0109432 0.999779 0.0902987
