1 1.78395e-08 0 0 -1.19532e-08 1 -1.89175e-10 0 0 -8.73115e-11 1 0
1 -1.62592e-05 1.04439e-05 0.000388565 1.623e-05 1 2.11329e-05 -0.00175385 -1.04439e-05 -2.11349e-05 1 -0.00489408
1 2.66054e-05 4.89317e-06 -0.000918559 -2.65958e-05 1 2.09327e-05 -0.0021653 -4.89131e-06 -2.09341e-05 1 -0.00941681
1 2.37939e-07 -2.59597e-05 -0.000481418 -2.79378e-07 1 3.59316e-05 -0.0039762 2.59597e-05 -3.59333e-05 1 -0.00890929
1 -1.44156e-05 -5.21801e-05 0.00109835 1.43842e-05 1 0.000103713 -0.00404625 5.21783e-05 -0.000103716 1 -0.0097827
1 -4.27362e-05 -7.21142e-05 0.00109811 4.2697e-05 1 0.000114271 -0.00339057 7.21086e-05 -0.000114276 1 -0.0103828
1 -5.21009e-05 -7.84881e-05 -0.00132622 5.20849e-05 1 0.000142231 -0.00368982 7.84826e-05 -0.000142237 1 -0.000322356
1 -0.000124607 -8.07773e-05 -0.00221383 0.000124594 1 0.000166569 -0.00259451 8.07587e-05 -0.00016658 1 -0.000237385
1 -0.000113896 -7.00578e-05 -0.000640038 0.000113865 1 0.000181172 -0.00683027 7.00392e-05 -0.000181182 1 0.00108955
1 -0.000153913 -0.000103105 0.00473304 0.00015392 1 0.000169955 -0.00694161 0.000103081 -0.000169972 1 -0.00622065
1 -9.37818e-05 -8.11368e-05 0.00436606 9.37486e-05 1 0.000205375 -0.00742572 8.11201e-05 -0.000205384 1 -0.0087272
1 -0.000131047 -6.00331e-05 0.000267321 0.000131031 1 0.000212333 -0.00711676 6.00051e-05 -0.000212342 1 -0.0111969
1 -0.000192078 -6.46506e-05 0.00218028 0.000192066 1 0.000250628 -0.0107722 6.4604e-05 -0.000250642 1 -0.00786393
1 -0.000196193 -3.46564e-05 0.00348546 0.000196208 1 0.000268215 -0.00833669 3.46042e-05 -0.000268223 1 -0.0133427
1 -0.000208718 -3.57684e-05 0.000613487 0.000208725 1 0.000260856 -0.0058415 3.57162e-05 -0.000260865 1 -0.00409003
1 -0.00033082 -2.74405e-05 0.00110751 0.000330795 1 0.000278705 -0.00466272 2.73492e-05 -0.000278716 1 -0.00358164
1 -0.000233503 -2.89567e-05 0.000118174 0.00023349 1 0.00028486 -0.00613297 2.88915e-05 -0.000284868 1 -0.00329829
1 -0.000214228 -2.39164e-06 -0.00246376 0.000214237 1 0.000282328 -0.00678127 2.33017e-06 -0.00028233 1 -0.00414204
1 -0.000190977 2.57101e-05 -0.0012732 0.000190931 1 0.000262862 -0.00667971 -2.57585e-05 -0.000262859 1 -0.0068223
1 -0.000211301 1.55047e-05 0.0045614 0.000211286 1 0.000252714 -0.00921844 -1.55587e-05 -0.000252713 1 -0.00832378
1 -0.000207354 2.28919e-06 0.00159204 0.000207353 1 0.000219906 -0.00595346 -2.33576e-06 -0.000219906 1 -0.0104744
1 -0.000224272 5.58328e-05 0.000876222 0.000224249 1 0.000159069 -0.00697867 -5.58682e-05 -0.000159058 1 -0.00828616
1 -0.000129751 6.04838e-05 -6.31097e-05 0.000129746 1 0.000116196 -0.00648198 -6.04969e-05 -0.00011619 1 -0.0128027
1 -0.000144669 3.86778e-05 -0.000761056 0.000144588 1 8.19687e-05 -0.00418959 -3.86927e-05 -8.19652e-05 1 -0.00861397
1 -0.000178795 3.86387e-05 0.00147788 0.000178741 1 6.83416e-05 -0.00552921 -3.86536e-05 -6.83364e-05 1 -0.00617573
1 -0.000195164 3.99705e-05 -0.00263689 0.000195162 1 1.70262e-05 -0.00564427 -3.99724e-05 -1.70195e-05 1 -0.00524516
1 -0.000168295 4.89485e-05 -0.00134541 0.00016828 1 2.28824e-05 -0.00340118 -4.89503e-05 -2.28755e-05 1 -0.00562345
1 -0.000170855 5.1735e-05 0.000448207 0.000170843 1 1.42914e-05 -0.00900567 -5.17368e-05 -1.42841e-05 1 -0.00779326
1 -0.000131823 7.06669e-05 -0.000139668 0.000131772 1 -1.15752e-05 -0.00652107 -7.06669e-05 1.15832e-05 1 -0.0144042
1 -0.000199448 8.31727e-05 -0.000913978 0.000199423 1 -7.58811e-05 -0.0067943 -8.31578e-05 7.58959e-05 1 -0.0115169
1 -0.000201802 9.63099e-05 -0.00204501 0.000201747 1 -0.000107563 -0.0065289 -9.62857e-05 0.000107581 1 -0.00653531
1 -0.000249785 9.30466e-05 -0.0011869 0.000249788 1 -0.000112098 -0.00752795 -9.30186e-05 0.000112121 1 -0.00702084
1 -0.000252121 7.30641e-05 -0.00317813 0.000252143 1 -0.000109201 -0.00850141 -7.30343e-05 0.000109218 1 -0.00755455
1 -0.000310234 4.74099e-05 -0.00104666 0.000310199 1 -0.000131046 -0.00991929 -4.73689e-05 0.000131059 1 -0.011019
1 -0.000304122 4.85796e-05 0.000374661 0.00030403 1 -0.000153908 -0.0140016 -4.85331e-05 0.000153921 1 -0.0110948
1 -0.000305844 6.73477e-05 0.00221079 0.000305847 1 -0.000150001 -0.0129709 -6.7303e-05 0.00015002 1 -0.0096636
1 -0.000298074 5.67827e-05 -0.00278987 0.00029801 1 -0.0001418 -0.0160602 -5.67418e-05 0.000141816 1 -0.00904797
1 -0.000308927 1.83731e-05 0.00274063 0.000308859 1 -0.000166629 -0.0132959 -1.8321e-05 0.000166632 1 -0.00575408
0.999998 -0.00221026 3.29483e-05 0.00215785 0.00221019 0.999997 0.000621544 -0.0121797 -3.43211e-05 -0.000621471 1 -0.00316359
0.999998 -0.00190457 -8.07978e-05 0.0342036 0.00190451 0.999998 -0.000514904 -0.0147714 8.17794e-05 0.000514748 1 0.0072798
0.999998 -0.00179032 0.000779178 0.0784557 0.0017901 0.999998 0.000235038 -0.00760653 -0.000779595 -0.000233645 1 0.0163291
0.999998 -0.00200223 0.00100612 0.12158 0.00200124 0.999998 0.000972979 -0.00511536 -0.00100807 -0.000970965 0.999999 0.0142578
0.999994 -0.00297902 0.0018868 0.179994 0.00297849 0.999996 0.000257383 -0.00330605 -0.00188756 -0.000251763 0.999998 0.0190461
0.999995 -0.00282958 0.00148848 0.250784 0.00282929 0.999996 0.000163947 -0.00512489 -0.00148894 -0.000159736 0.999999 0.0167428
0.999993 -0.00370105 0.00106234 0.330067 0.00370236 0.999992 -0.0012771 -0.0088913 -0.0010576 0.00128102 0.999999 0.0175835
0.999991 -0.00427894 0.000404116 0.41818 0.00427929 0.999991 -0.000925446 -0.0138324 -0.000400152 0.000927166 1 0.0192737
0.999986 -0.00527798 -0.00080703 0.515279 0.00527789 0.999986 -1.74383e-05 -0.0138729 0.000807112 1.31772e-05 1 0.0173151
0.999979 -0.00635458 -0.000954222 0.614349 0.00635423 0.99998 -0.000349717 -0.0148106 0.000956425 0.000343645 1 0.0167901
0.99997 -0.00750652 -0.00176488 0.719372 0.00750433 0.999971 -0.00122365 -0.0101268 0.00177401 0.00121037 0.999998 0.0288674
0.999969 -0.00784372 -0.000633808 0.819992 0.00784297 0.999969 -0.00110469 -0.0121358 0.000642452 0.00109968 0.999999 0.044571
0.99997 -0.00776401 0.000778789 0.931269 0.00776496 0.999969 -0.00121729 -0.00626759 -0.000769312 0.00122329 0.999999 0.0453524
0.999965 -0.00803927 0.00230812 1.03874 0.00804148 0.999967 -0.000950209 -0.0113337 -0.00230041 0.000968736 0.999997 0.0391687
0.999963 -0.00816706 0.00263342 1.14585 0.00817445 0.999963 -0.00282446 -0.0139725 -0.00261025 0.00284588 0.999993 0.0208771
0.999951 -0.00902808 0.00405592 1.24996 0.0090421 0.999953 -0.00345919 -0.014173 -0.0040245 0.0034957 0.999986 0.0275384
0.999946 -0.00972545 0.00375149 1.35015 0.00973597 0.999949 -0.00280212 -0.0169938 -0.00372404 0.00283849 0.999989 0.0451349
0.99994 -0.010757 0.00219287 1.44515 0.0107618 0.99994 -0.00221071 -0.00643689 -0.00216896 0.00223418 0.999995 0.0359395
0.999937 -0.0109546 0.00266018 1.55817 0.0109593 0.999938 -0.00176871 -0.0119779 -0.00264064 0.00179775 0.999995 0.0410513
0.999924 -0.012001 0.00297226 1.66658 0.0120072 0.999926 -0.00208977 -0.00652587 -0.00294696 0.0021253 0.999993 0.0593868
0.999928 -0.0117844 0.00239589 1.78121 0.0117885 0.999929 -0.00172415 -0.0106333 -0.0023754 0.00175227 0.999996 0.0561246
0.99992 -0.012063 0.00385692 1.88234 0.0120686 0.999926 -0.00147389 -0.00731927 -0.00383885 0.00152031 0.999992 0.0495333
0.999924 -0.0118638 0.00349639 1.99588 0.0118679 0.999929 -0.00118651 -0.0126651 -0.00348206 0.00122791 0.999993 0.0543538
0.99991 -0.0126266 0.00457465 2.1066 0.0126326 0.999919 -0.00130453 -0.0151487 -0.00455781 0.00136221 0.999989 0.0712283
0.999907 -0.0124396 0.00560583 2.21993 0.0124497 0.999921 -0.00178869 -0.0232738 -0.00558314 0.00185831 0.999983 0.0660441
0.999898 -0.0135185 0.00469643 2.3247 0.013521 0.999909 -0.00049641 -0.0170288 -0.00468929 0.000559858 0.999989 0.0797171
0.999894 -0.0137734 0.00475132 2.44158 0.0137789 0.999905 -0.00112648 -0.0201417 -0.00473535 0.00119182 0.999988 0.0820938
0.999889 -0.0146569 0.00276901 2.56365 0.0146579 0.999893 -0.000337841 -0.0276275 -0.00276376 0.00037839 0.999996 0.0919594
0.999874 -0.0156876 0.00228802 2.68491 0.0156947 0.999872 -0.00313482 -0.0345991 -0.00223855 0.00317034 0.999993 0.0758074
0.999869 -0.0161209 0.00162311 2.81267 0.0161254 0.999866 -0.0028493 -0.034749 -0.00157696 0.0028751 0.999995 0.0896695
0.999886 -0.0149951 0.00184216 2.92301 0.0150018 0.999881 -0.00368086 -0.0339004 -0.00178674 0.00370808 0.999992 0.082934
0.999884 -0.0149961 0.00269487 3.04458 0.0150055 0.999881 -0.00351573 -0.0360829 -0.00264183 0.00355576 0.99999 0.109493
0.999875 -0.0153663 0.00371688 3.16016 0.0153795 0.999875 -0.00358033 -0.0366352 -0.0036614 0.00363705 0.999987 0.12465
0.999862 -0.0160229 0.0043088 3.28427 0.0160377 0.999865 -0.00345815 -0.0397161 -0.00425281 0.00352678 0.999985 0.119247
0.999855 -0.01681 0.00286395 3.40632 0.0168205 0.999852 -0.00371434 -0.0356136 -0.00280109 0.00376197 0.999989 0.103108
0.99985 -0.0171434 0.00250564 3.53486 0.017153 0.999845 -0.00390028 -0.0360104 -0.00243838 0.00394267 0.999989 0.118684
0.999849 -0.017351 0.00107095 3.64894 0.0173554 0.99984 -0.0042314 -0.0383243 -0.000997359 0.00424935 0.999991 0.136015
0.999836 -0.0180651 0.00116399 3.7687 0.0180715 0.99982 -0.00575544 -0.0335554 -0.00105981 0.00577553 0.999983 0.13564
0.999844 -0.0176609 0.000519939 3.89517 0.0176623 0.99984 -0.00297167 -0.026231 -0.000467373 0.00298039 0.999995 0.122376
0.999863 -0.0164473 0.00201405 4.01528 0.0164545 0.999858 -0.00363384 -0.0408446 -0.00195399 0.00366647 0.999991 0.112806
0.99986 -0.0164408 0.00303381 4.14407 0.016452 0.999858 -0.00372954 -0.0330423 -0.00297207 0.00377893 0.999988 0.141087
0.99984 -0.0172988 0.00456213 4.26926 0.0173241 0.999834 -0.00558493 -0.0332808 -0.00446476 0.00566307 0.999974 0.155206
0.999842 -0.0174217 0.0035804 4.3985 0.0174421 0.999831 -0.00575555 -0.0371106 -0.00347952 0.00581708 0.999977 0.142789
0.999826 -0.0184837 0.00234323 4.52704 0.0184943 0.999819 -0.00456176 -0.042792 -0.00225849 0.0046043 0.999987 0.156465
0.999819 -0.0189474 0.00189202 4.6621 0.0189572 0.999806 -0.00530089 -0.0447987 -0.00179122 0.0053358 0.999984 0.17225
0.999812 -0.0192961 0.00206304 4.78606 0.01931 0.999789 -0.00699008 -0.0462401 -0.00192772 0.0070286 0.999973 0.173746
0.999814 -0.0191978 0.00179561 4.91718 0.0192094 0.999793 -0.00671661 -0.0508885 -0.0016663 0.00674985 0.999976 0.180364
0.999835 -0.0179682 0.00279283 5.04693 0.0179877 0.999813 -0.00711346 -0.0496446 -0.0026645 0.00716252 0.999971 0.157855
0.999847 -0.0174215 0.00174723 5.17863 0.0174347 0.999817 -0.00786362 -0.0515144 -0.00160991 0.00789288 0.999968 0.152481
0.999844 -0.01749 0.00232418 5.32429 0.0175108 0.999804 -0.00923345 -0.0409575 -0.00216223 0.00927271 0.999955 0.150243
0.999858 -0.0168402 0.00067202 5.45547 0.0168464 0.9998 -0.0107524 -0.0430226 -0.000490813 0.0107622 0.999942 0.14456
0.999848 -0.0174235 -0.000671063 5.58783 0.0174154 0.999791 -0.0106743 -0.0552276 0.000856908 0.010661 0.999943 0.134197
0.999836 -0.0175188 -0.00455089 5.72194 0.0174608 0.99977 -0.0124914 -0.0558678 0.00476868 0.0124099 0.999912 0.161268
0.999813 -0.0188232 -0.00451466 5.84407 0.0187802 0.99978 -0.00937222 -0.0609234 0.00469008 0.00928567 0.999946 0.169934
0.999845 -0.0167912 -0.005264 5.98058 0.016739 0.999812 -0.00979518 -0.0597429 0.00542748 0.00970555 0.999938 0.168942
0.999844 -0.0164517 -0.00640971 6.1276 0.0163882 0.999817 -0.00983168 -0.0644757 0.00657028 0.0097251 0.999931 0.153726
0.999803 -0.0171413 -0.0100047 6.25936 0.0170542 0.999817 -0.00872081 -0.0627572 0.0101524 0.00854847 0.999912 0.155653
0.999803 -0.0176188 -0.00918185 6.39413 0.0175364 0.999806 -0.00896637 -0.0556618 0.00933805 0.00880358 0.999918 0.167433
0.999777 -0.016349 -0.0133851 6.52996 0.0162394 0.999834 -0.00825708 -0.0631432 0.0135178 0.00803786 0.999876 0.175531
0.999758 -0.0160067 -0.0150639 6.66902 0.0158722 0.999834 -0.00899979 -0.0625293 0.0152055 0.00875852 0.999846 0.176782
0.999696 -0.0169361 -0.017924 6.81857 0.0167685 0.999815 -0.00946036 -0.0665173 0.0180809 0.00915692 0.999795 0.163609
0.999684 -0.0163432 -0.0191133 6.95058 0.016167 0.999826 -0.00933697 -0.069464 0.0192626 0.00902501 0.999774 0.177343
0.999664 -0.0161932 -0.020225 7.07875 0.0160185 0.999833 -0.00876328 -0.0700561 0.0203635 0.00843636 0.999757 0.183811
0.999636 -0.0166421 -0.0212373 7.22034 0.0164502 0.999823 -0.00917406 -0.0671725 0.0213863 0.00882136 0.999732 0.201807
0.999604 -0.0169238 -0.0224881 7.36181 0.0166673 0.999795 -0.0115427 -0.072567 0.0226789 0.0111633 0.999681 0.186597
0.999549 -0.017558 -0.0243857 7.49811 0.0171967 0.999741 -0.0149465 -0.0692834 0.0246418 0.0145204 0.999591 0.200103
0.999403 -0.0169127 -0.0301184 7.65117 0.0164201 0.999729 -0.0165277 -0.0798691 0.0303898 0.0160233 0.99941 0.203492
0.999481 -0.0167426 -0.0275329 7.77924 0.0163677 0.999771 -0.0137865 -0.0761815 0.0277574 0.0133286 0.999526 0.197556
0.99929 -0.0188608 -0.0326088 7.91445 0.0185386 0.999777 -0.010154 -0.0754519 0.032793 0.00954226 0.999417 0.18544
0.999487 -0.0160471 -0.0277107 8.04699 0.0157607 0.999821 -0.0105206 -0.0753091 0.0278745 0.0100784 0.999561 0.204184
0.9994 -0.015937 -0.0307569 8.17237 0.0156523 0.999833 -0.00947356 -0.0771482 0.0309028 0.00898645 0.999482 0.214805
0.999563 -0.014173 -0.0259396 8.32156 0.0138538 0.999827 -0.0124415 -0.087233 0.0261115 0.0120767 0.999586 0.197725
0.999532 -0.0147754 -0.0267729 8.46297 0.0144393 0.999815 -0.0127048 -0.0849867 0.0269556 0.0123123 0.999561 0.212218
0.999507 -0.0151001 -0.0275282 8.58965 0.0147591 0.999812 -0.012547 -0.0805918 0.0277125 0.0121345 0.999542 0.209659
0.99947 -0.0153503 -0.0287297 8.72431 0.0149723 0.999799 -0.0133238 -0.0765431 0.0289284 0.0128866 0.999498 0.232739
0.9995 -0.0149054 -0.0278939 8.86741 0.0145906 0.999828 -0.0114544 -0.0711855 0.0280599 0.0110417 0.999545 0.239059
0.999528 -0.0140205 -0.0273518 9.00224 0.0137219 0.999845 -0.0110724 -0.0791356 0.0275028 0.0106919 0.999565 0.232538
0.999545 -0.0136944 -0.0268934 9.14277 0.0134214 0.999857 -0.0103051 -0.0819088 0.0270307 0.00993943 0.999585 0.236214
0.999607 -0.0139297 -0.0243382 9.28367 0.0137361 0.999873 -0.00810389 -0.0743245 0.024448 0.00776639 0.999671 0.238296
0.999566 -0.0155474 -0.025034 9.43771 0.0152632 0.999817 -0.0115041 -0.0843841 0.0252083 0.011117 0.99962 0.248903
0.999523 -0.0151897 -0.0268755 9.59291 0.0149129 0.999834 -0.0104699 -0.0951547 0.02703 0.0100641 0.999584 0.235225
0.999539 -0.0142987 -0.0268067 9.75576 0.0139723 0.999826 -0.0123235 -0.0852717 0.0269783 0.0119433 0.999565 0.232277
0.999539 -0.014816 -0.0265155 9.92297 0.0145337 0.999836 -0.0108067 -0.101348 0.0266713 0.0104163 0.99959 0.227604
0.999546 -0.0143199 -0.0265247 10.0827 0.0141016 0.999865 -0.00840069 -0.098905 0.0266414 0.00802283 0.999613 0.226204
0.999579 -0.0138788 -0.0255012 10.2428 0.0136721 0.999873 -0.00826105 -0.0914627 0.0256126 0.00790891 0.999641 0.240713
0.999593 -0.0148589 -0.0243392 10.4072 0.0146956 0.999868 -0.0068759 -0.0980414 0.0244382 0.00651542 0.99968 0.257894
0.999516 -0.0149005 -0.0273108 10.5673 0.0147766 0.99988 -0.00473381 -0.091237 0.027378 0.00432796 0.999616 0.259802
0.999521 -0.0152287 -0.0269407 10.7357 0.0150762 0.999869 -0.00585604 -0.101831 0.0270264 0.00544707 0.99962 0.255547
0.999506 -0.0150083 -0.0276296 10.9047 0.0148408 0.99987 -0.00625898 -0.101775 0.02772 0.00584583 0.999599 0.260106
0.999522 -0.0146863 -0.0272147 11.0661 0.0145647 0.999883 -0.00465992 -0.098646 0.0272799 0.00426131 0.999619 0.284238
0.999561 -0.013839 -0.0261971 11.2483 0.0136716 0.999885 -0.00655775 -0.10775 0.0262849 0.00619671 0.999635 0.282017
0.999549 -0.0145964 -0.0262537 11.4161 0.0144101 0.99987 -0.00726901 -0.0967054 0.0263564 0.00688741 0.999629 0.288655
0.999517 -0.014691 -0.0273768 11.5772 0.0144917 0.999867 -0.007462 -0.100543 0.0274828 0.00706166 0.999597 0.287479
0.99948 -0.0152688 -0.0284149 11.7508 0.014952 0.999824 -0.0113258 -0.100985 0.0285828 0.0108951 0.999532 0.307116
0.999491 -0.0149861 -0.0281747 11.915 0.0146821 0.999832 -0.0109636 -0.106505 0.0283343 0.0105444 0.999543 0.309993
0.999553 -0.0135785 -0.0266375 12.0812 0.0133169 0.999862 -0.00997337 -0.112923 0.0267693 0.00961418 0.999595 0.308803
0.999572 -0.0133325 -0.0260508 12.2543 0.0130176 0.999841 -0.0122213 -0.1039 0.0262096 0.011877 0.999586 0.303729
0.999603 -0.0124905 -0.0252433 12.4177 0.0121953 0.999856 -0.0118131 -0.10844 0.0253872 0.0115006 0.999612 0.318194
0.999555 -0.0124905 -0.0271082 12.5791 0.0121181 0.999831 -0.0138567 -0.113414 0.0272766 0.0135221 0.999537 0.314421
0.999495 -0.0129354 -0.0290404 12.7544 0.0126031 0.999853 -0.011595 -0.118595 0.0291861 0.0112231 0.999511 0.313686
0.999475 -0.0137499 -0.0293251 12.9137 0.0134056 0.999839 -0.0119037 -0.115189 0.029484 0.0115043 0.999499 0.316779
0.99951 -0.013426 -0.0282732 13.0764 0.0131249 0.999856 -0.0108067 -0.116203 0.0284142 0.0104303 0.999542 0.32063
0.99952 -0.0122977 -0.0284321 13.252 0.0119197 0.999839 -0.0134232 -0.119107 0.0285926 0.0130779 0.999506 0.316798
0.999537 -0.0130439 -0.0275097 13.4195 0.0126195 0.9998 -0.0155449 -0.111825 0.027707 0.0151905 0.999501 0.32033
0.999521 -0.0127513 -0.0282012 13.5753 0.0123899 0.999839 -0.0129546 -0.120932 0.0283618 0.012599 0.999518 0.328665
0.999507 -0.0130516 -0.0285446 13.7387 0.0126323 0.999811 -0.0148203 -0.124182 0.0287326 0.0144524 0.999483 0.316126
0.999393 -0.0134823 -0.0321172 13.9006 0.0130874 0.999837 -0.0124736 -0.14113 0.0322801 0.0120457 0.999406 0.316264
0.999447 -0.0123607 -0.0308667 14.0634 0.0119986 0.999857 -0.0118881 -0.1238 0.0310092 0.0115112 0.999453 0.34552
0.999524 -0.0114072 -0.0286539 14.2288 0.0111058 0.999882 -0.0106518 -0.131303 0.0287721 0.0103285 0.999533 0.332513
0.999486 -0.0128749 -0.0293594 14.3998 0.0125041 0.99984 -0.0127777 -0.137565 0.0295193 0.012404 0.999487 0.331605
0.99946 -0.012444 -0.0304318 14.5593 0.0120932 0.999859 -0.011686 -0.141118 0.0305729 0.0113117 0.999469 0.350704
0.999455 -0.0124878 -0.0305528 14.7242 0.0120859 0.999839 -0.0133041 -0.142759 0.030714 0.0129276 0.999445 0.351791
0.999467 -0.0123749 -0.0301995 14.8806 0.0119702 0.999837 -0.0135432 -0.140774 0.0303622 0.0131745 0.999452 0.352836
0.999468 -0.0117 -0.0304367 15.0444 0.0112966 0.999847 -0.0133893 -0.147163 0.0305887 0.0130384 0.999447 0.362506
0.999511 -0.0108059 -0.0293325 15.2057 0.010492 0.999886 -0.0108321 -0.149262 0.0294463 0.010519 0.999511 0.378636
0.999508 -0.0111032 -0.029347 15.3611 0.0107336 0.999862 -0.0127211 -0.154998 0.0294842 0.0123999 0.999488 0.366562
0.999428 -0.00979452 -0.0323697 15.5363 0.00939778 0.999879 -0.012384 -0.164576 0.0324871 0.0120727 0.999399 0.373825
0.999477 -0.00973334 -0.0308311 15.7008 0.0093687 0.999885 -0.0119494 -0.147568 0.0309438 0.0116543 0.999453 0.372806
0.99939 -0.0116898 -0.0329062 15.8596 0.0113082 0.999867 -0.011757 -0.151145 0.0330393 0.0113777 0.999389 0.38329
0.999295 -0.0117576 -0.0356613 16.0097 0.0114343 0.999892 -0.00925521 -0.152854 0.0357662 0.00884092 0.999321 0.380929
0.999432 -0.00890101 -0.0324971 16.1847 0.00851638 0.999892 -0.0119547 -0.155895 0.0326 0.0116711 0.9994 0.376686
0.999503 -0.00838591 -0.030406 16.3585 0.00793675 0.999858 -0.0148607 -0.152116 0.0305263 0.014612 0.999427 0.371524
0.999452 -0.0092599 -0.0317869 16.5132 0.00882195 0.999865 -0.0138896 -0.154768 0.0319112 0.0136015 0.999398 0.369338
0.99943 -0.00932285 -0.032459 16.6767 0.00890777 0.999877 -0.0129068 -0.15759 0.0325754 0.0126103 0.99939 0.384805
0.999394 -0.00964838 -0.0334324 16.8424 0.00927535 0.999893 -0.0112941 -0.16297 0.0335378 0.0109771 0.999377 0.369405
0.999385 -0.00970885 -0.0336999 17.0047 0.00928901 0.999878 -0.0125914 -0.169328 0.033818 0.0122706 0.999353 0.368949
0.999435 -0.00776444 -0.0326904 17.1631 0.00744239 0.999923 -0.00996152 -0.163554 0.0327652 0.0097126 0.999416 0.369025
0.99949 -0.007686 -0.0309962 17.3397 0.00732197 0.999903 -0.0118401 -0.169731 0.0310842 0.0116071 0.999449 0.374713
0.999455 -0.00896753 -0.0317746 17.496 0.00855939 0.99988 -0.0129556 -0.168441 0.031887 0.0126765 0.999411 0.380755
0.999369 -0.00851559 -0.0344949 17.6635 0.00814543 0.999908 -0.0108558 -0.179732 0.0345841 0.0105679 0.999346 0.386487
0.999392 -0.0093213 -0.0336114 17.8294 0.00886292 0.999866 -0.0137589 -0.170143 0.0337351 0.0134526 0.99934 0.395394
0.999356 -0.00955776 -0.0345883 17.9856 0.0091287 0.99988 -0.0125406 -0.167868 0.034704 0.0122168 0.999323 0.402535
0.99939 -0.00867163 -0.0338415 18.1443 0.00828771 0.9999 -0.0114675 -0.173897 0.0339375 0.0111801 0.999362 0.392916
0.999436 -0.00787066 -0.032655 18.313 0.00745145 0.999889 -0.012939 -0.171431 0.0327532 0.0126883 0.999383 0.398669
0.999431 -0.00811857 -0.0327404 18.4767 0.00775294 0.999906 -0.0112779 -0.18328 0.0328289 0.0110177 0.9994 0.399537
0.999462 -0.00751986 -0.0319378 18.6348 0.00706519 0.999873 -0.0143242 -0.178568 0.0320414 0.0140908 0.999387 0.40281
0.999419 -0.00765204 -0.0332193 18.8052 0.00716924 0.999867 -0.0146283 -0.178795 0.0333268 0.0143817 0.999341 0.40449
0.999313 -0.00795778 -0.0361882 18.9628 0.00747844 0.999883 -0.0133604 -0.19505 0.0362903 0.0130806 0.999256 0.405755
0.999428 -0.00629326 -0.0332441 19.126 0.00595274 0.999929 -0.0103314 -0.188888 0.0333068 0.0101276 0.999394 0.398014
0.999464 -0.00601925 -0.0321963 19.2917 0.00566267 0.999922 -0.0111543 -0.177505 0.0322609 0.010966 0.999419 0.412216
0.999409 -0.00594091 -0.0338621 19.4456 0.00551681 0.999905 -0.0126025 -0.186292 0.0339338 0.0124082 0.999347 0.42352
0.999348 -0.00637361 -0.0355533 19.6157 0.00591142 0.999897 -0.0130884 -0.191169 0.0356331 0.0128697 0.999282 0.416095
0.999337 -0.00588039 -0.0359343 19.7803 0.00538831 0.999891 -0.013774 -0.204769 0.0360114 0.0135712 0.999259 0.423578
0.999324 -0.00694107 -0.0360999 19.9412 0.00651988 0.99991 -0.0117704 -0.1969 0.0361784 0.0115271 0.999279 0.423099
0.999327 -0.00638395 -0.0361159 20.1019 0.00606524 0.999942 -0.00892689 -0.207988 0.0361708 0.00870183 0.999308 0.447319
0.999336 -0.00602228 -0.0359297 20.2716 0.00573473 0.999951 -0.00810016 -0.211151 0.0359767 0.00788874 0.999322 0.446786
0.999439 -0.00659415 -0.032851 20.4314 0.00625233 0.999925 -0.0104963 -0.213625 0.0329178 0.010285 0.999405 0.442388
0.999397 -0.00571661 -0.0342564 20.5864 0.00540569 0.999944 -0.00916106 -0.22256 0.0343068 0.00897036 0.999371 0.466613
0.999414 -0.00640168 -0.0336319 20.7618 0.00603653 0.999922 -0.0109472 -0.214549 0.0336993 0.0107377 0.999374 0.466476
0.999414 -0.00710654 -0.0334747 20.9148 0.00667337 0.999893 -0.0130339 -0.20442 0.0335638 0.0128029 0.999355 0.479565
0.999391 -0.00676112 -0.0342316 21.0757 0.00633892 0.999903 -0.0124258 -0.218962 0.0343123 0.0122012 0.999337 0.486686
0.999431 -0.00557548 -0.0332617 21.2531 0.00515055 0.999904 -0.0128452 -0.216708 0.0333302 0.0126666 0.999364 0.476984
0.999526 -0.00565339 -0.0302748 21.4269 0.00523448 0.99989 -0.0138971 -0.21883 0.03035 0.013732 0.999445 0.479822
0.999524 -0.006122 -0.0302419 21.584 0.0055983 0.999834 -0.0173712 -0.213331 0.0303432 0.0171936 0.999392 0.477276
0.999416 -0.00474427 -0.0338457 21.739 0.00448592 0.99996 -0.0077041 -0.224604 0.0338809 0.00754777 0.999397 0.462495
0.999389 -0.00447186 -0.0346758 21.9129 0.00403483 0.999912 -0.0126615 -0.231293 0.0347294 0.0125139 0.999318 0.481738
0.99954 -0.00360501 -0.0301287 22.0741 0.00343995 0.999979 -0.00552739 -0.217869 0.030148 0.00542121 0.999531 0.479362
0.999401 -0.00406292 -0.0343778 22.2438 0.00376898 0.999956 -0.00861007 -0.222303 0.0344113 0.00847534 0.999372 0.478231
0.99945 -0.00450124 -0.0328466 22.4072 0.00421123 0.999952 -0.0088923 -0.222756 0.0328851 0.00874909 0.999421 0.476094
0.999495 -0.00397643 -0.0315285 22.5615 0.00365541 0.999941 -0.0102326 -0.220897 0.0315673 0.0101122 0.999451 0.478402
0.999406 -0.00498939 -0.0341092 22.7275 0.00459751 0.999923 -0.0115573 -0.223091 0.0341642 0.0113936 0.999351 0.484008
0.999376 -0.00435794 -0.0350665 22.8935 0.00398531 0.999935 -0.0106883 -0.230299 0.0351108 0.0105419 0.999328 0.495816
0.999457 -0.00437655 -0.0326724 23.0515 0.0040274 0.999934 -0.0107431 -0.227458 0.0327173 0.0106057 0.999408 0.499588
0.999428 -0.00331898 -0.0336575 23.2123 0.00310899 0.999975 -0.00628907 -0.232475 0.0336776 0.00618084 0.999414 0.488005
0.999485 -0.00349753 -0.0319008 23.3903 0.00321491 0.999955 -0.0089049 -0.235752 0.0319305 0.00879776 0.999451 0.494114
0.999473 -0.00287613 -0.032339 23.5505 0.00258866 0.999957 -0.0089274 -0.238338 0.0323633 0.00883898 0.999437 0.515426
0.99943 -0.0025778 -0.0336689 23.7192 0.00226028 0.999953 -0.00946464 -0.236509 0.0336917 0.00938314 0.999388 0.512076
0.999429 -0.00237354 -0.0337023 23.8745 0.00204415 0.99995 -0.00980334 -0.242998 0.0337238 0.00972885 0.999384 0.507001
0.999413 -0.0025827 -0.034178 24.0398 0.00213044 0.99991 -0.0132612 -0.245947 0.0342091 0.0131806 0.999328 0.520397
0.999433 -0.000536577 -0.0336699 24.1972 0.000176974 0.999943 -0.010681 -0.246233 0.0336737 0.010669 0.999376 0.519258
0.99944 -0.000713309 -0.033464 24.3687 0.000345887 0.99994 -0.0109837 -0.235212 0.0334698 0.0109659 0.99938 0.513055
0.999492 -0.00141708 -0.0318285 24.5304 0.00115455 0.999965 -0.0082635 -0.236634 0.0318391 0.00822255 0.999459 0.526691
0.99937 -0.00199581 -0.035446 24.6967 0.00159198 0.999934 -0.0114161 -0.239502 0.0354664 0.0113525 0.999306 0.527403
0.99936 -0.00180967 -0.0357171 24.851 0.00142003 0.999939 -0.0109305 -0.247171 0.0357347 0.0108727 0.999302 0.51821
0.999341 -0.000877474 -0.0362911 25.0192 0.000589578 0.999968 -0.00794257 -0.258268 0.0362969 0.00791594 0.99931 0.510053
0.999459 -0.000639016 -0.0328911 25.189 0.000324323 0.999954 -0.00957119 -0.244685 0.0328957 0.00955534 0.999413 0.541126
0.999465 0.000870153 -0.0326987 25.3398 -0.00113409 0.999967 -0.00805263 -0.258832 0.0326907 0.0080854 0.999433 0.533575
0.99948 -0.000538311 -0.0322415 25.5098 0.000113868 0.999913 -0.0131637 -0.259485 0.0322458 0.0131531 0.999393 0.525847
0.999505 -0.000317953 -0.0314506 25.6696 -9.78418e-05 0.999913 -0.0132168 -0.268709 0.031452 0.0132133 0.999418 0.53155
0.999425 -0.000475654 -0.0339048 25.831 -5.44041e-05 0.999878 -0.0156304 -0.268223 0.0339081 0.0156233 0.999303 0.540379
0.999423 -0.000194566 -0.0339573 25.9893 -0.000274403 0.999905 -0.0138043 -0.275642 0.0339568 0.0138057 0.999328 0.540255
0.999468 0.000826419 -0.0326024 26.1497 -0.00120547 0.999932 -0.0116081 -0.269953 0.0325906 0.0116412 0.999401 0.559369
0.999502 0.00155331 -0.0315309 26.317 -0.0018461 0.999956 -0.00925832 -0.267899 0.0315151 0.00931191 0.99946 0.565198
0.999507 0.000661694 -0.0314016 26.4841 -0.00106457 0.999918 -0.0128123 -0.270088 0.0313906 0.0128394 0.999425 0.570724
0.999483 0.000531802 -0.0321392 26.6419 -0.000878105 0.999942 -0.0107616 -0.272128 0.0321316 0.0107842 0.999425 0.56549
0.999471 0.000272937 -0.0325106 26.8104 -0.000748126 0.999893 -0.0146047 -0.273019 0.0325031 0.0146213 0.999365 0.57114
0.999476 0.000891835 -0.0323675 26.9601 -0.00121057 0.999951 -0.00982954 -0.281903 0.0323572 0.00986357 0.999428 0.573771
0.999475 0.00243711 -0.0323101 27.1262 -0.00278572 0.999938 -0.0107469 -0.292757 0.0322819 0.0108312 0.99942 0.575279
0.999538 0.00332511 -0.0302011 27.2873 -0.00367958 0.999925 -0.0116883 -0.290231 0.03016 0.011794 0.999476 0.577902
0.999538 0.00294424 -0.0302569 27.4573 -0.00333361 0.999912 -0.0128247 -0.293316 0.0302165 0.0129196 0.99946 0.565874
0.99951 0.00205165 -0.0312519 27.6161 -0.00248394 0.999902 -0.0137984 -0.294965 0.0312205 0.0138692 0.999416 0.559658
0.999471 0.00223287 -0.0324444 27.7746 -0.00258106 0.99994 -0.010692 -0.296539 0.0324185 0.0107701 0.999416 0.555436
0.999432 0.000982949 -0.0336783 27.9319 -0.00133278 0.999946 -0.0103651 -0.309881 0.0336663 0.0104041 0.999379 0.562197
0.999438 0.00214283 -0.0334484 28.0882 -0.00247985 0.999947 -0.0100357 -0.305467 0.0334251 0.010113 0.99939 0.57094
0.999431 0.00299919 -0.0336028 28.2443 -0.00339645 0.999925 -0.0117694 -0.312027 0.033565 0.0118768 0.999366 0.57728
0.999491 0.00376315 -0.0316762 28.4025 -0.00414502 0.99992 -0.0119969 -0.310592 0.0316285 0.012122 0.999426 0.577854
0.99947 0.0023968 -0.0324683 28.5679 -0.0027951 0.999921 -0.0122265 -0.320755 0.0324364 0.0123108 0.999398 0.590952
0.999465 0.0028134 -0.0325868 28.7259 -0.00320524 0.999923 -0.0119769 -0.319686 0.0325506 0.0120749 0.999397 0.593623
0.999434 0.00166674 -0.0335969 28.8783 -0.00217309 0.999885 -0.0150385 -0.316756 0.033568 0.015103 0.999322 0.6008
0.999454 0.00190376 -0.0329919 29.0322 -0.00233845 0.999911 -0.0131413 -0.311774 0.0329639 0.0132113 0.999369 0.598601
0.999477 0.00298631 -0.0322169 29.191 -0.00333241 0.999937 -0.0106929 -0.313615 0.0321829 0.0107947 0.999424 0.604185
0.999516 0.00398355 -0.0308628 29.3495 -0.00426092 0.999951 -0.00892507 -0.314801 0.0308258 0.00905225 0.999484 0.622267
0.999517 0.00356253 -0.030891 29.5138 -0.00381865 0.999959 -0.008235 -0.312279 0.0308603 0.00834898 0.999489 0.617844
0.999478 0.00217895 -0.0322408 29.6713 -0.00236425 0.999981 -0.00570927 -0.318138 0.0322277 0.00578251 0.999464 0.618006
0.999502 0.00199222 -0.0314896 29.8356 -0.00220719 0.999975 -0.00679318 -0.324931 0.0314752 0.0068593 0.999481 0.619384
0.999482 0.00194161 -0.0321188 29.992 -0.00213427 0.99998 -0.00596294 -0.32094 0.0321066 0.0060284 0.999466 0.626029
0.999549 0.00279709 -0.0299039 30.1529 -0.00305011 0.99996 -0.00841793 -0.315789 0.0298792 0.00850534 0.999517 0.635549
0.999572 0.00345148 -0.0290463 30.3133 -0.00365247 0.99997 -0.00686789 -0.319188 0.0290217 0.00697104 0.999555 0.624559
0.999539 0.0100706 -0.0286478 30.4774 -0.0102822 0.999921 -0.00724932 -0.326906 0.0285725 0.00754054 0.999563 0.631334
0.999487 0.0154178 -0.0280613 30.6334 -0.0155979 0.999859 -0.00620929 -0.335453 0.0279616 0.0066438 0.999587 0.62847
0.999254 0.0250619 -0.0293873 30.8015 -0.0253108 0.999647 -0.00812611 -0.337563 0.0291732 0.00886386 0.999535 0.623911
0.999037 0.0307309 -0.0313238 30.9539 -0.0309176 0.999507 -0.0054901 -0.349808 0.0311396 0.00645326 0.999494 0.645291
0.998862 0.038002 -0.028829 31.1063 -0.0381646 0.999259 -0.00510656 -0.35355 0.0286135 0.00620099 0.999571 0.641666
0.998648 0.0443923 -0.027056 31.267 -0.0445735 0.998987 -0.00612844 -0.374342 0.0267565 0.00732613 0.999615 0.643984
0.998389 0.0495583 -0.0276465 31.4269 -0.0498075 0.998724 -0.00839838 -0.382967 0.027195 0.00976185 0.999583 0.653788
0.998103 0.0547116 -0.0282261 31.5872 -0.0550144 0.998435 -0.0100648 -0.389933 0.0276313 0.0115985 0.999551 0.656699
0.997776 0.0605914 -0.027787 31.7467 -0.0608527 0.998109 -0.00865393 -0.405118 0.0272101 0.0103256 0.999577 0.662996
0.997584 0.0634243 -0.0283493 31.9112 -0.0638395 0.997862 -0.0139864 -0.418331 0.0274017 0.0157624 0.9995 0.662877
0.99734 0.0667632 -0.0292401 32.0599 -0.0671907 0.997644 -0.0138868 -0.437057 0.0282441 0.0158145 0.999476 0.667991
0.997153 0.070184 -0.0275597 32.2212 -0.0706503 0.997368 -0.0163225 -0.452735 0.0263416 0.0182231 0.999487 0.658518
0.996992 0.0727997 -0.0266018 32.3715 -0.0732003 0.997213 -0.0144031 -0.454925 0.0254791 0.0163071 0.999542 0.659258
0.996934 0.0735773 -0.0266196 32.5373 -0.0739528 0.997172 -0.0134043 -0.463467 0.0255581 0.0153318 0.999556 0.660161
0.997017 0.0721445 -0.0274183 32.6891 -0.0725489 0.997266 -0.014052 -0.4837 0.0263296 0.0159993 0.999525 0.67423
0.99687 0.073796 -0.0283628 32.8463 -0.0742636 0.997114 -0.0157997 -0.500497 0.027115 0.0178566 0.999473 0.682289
0.996898 0.0725395 -0.0305523 33.0105 -0.0731161 0.997158 -0.0181971 -0.511339 0.0291455 0.0203745 0.999368 0.677763
0.996812 0.0741312 -0.0295212 33.1681 -0.074699 0.997032 -0.0186188 -0.52362 0.0280534 0.0207647 0.999391 0.679628
0.996648 0.0761574 -0.0298945 33.3183 -0.0766499 0.996935 -0.0156879 -0.540431 0.0286081 0.0179268 0.99943 0.671566
0.996586 0.0772771 -0.0290553 33.4701 -0.0777132 0.996875 -0.0141897 -0.557098 0.027868 0.0163993 0.999477 0.675732
0.996646 0.07611 -0.0300618 33.6241 -0.0764182 0.997033 -0.00923777 -0.575025 0.0292695 0.0115041 0.999505 0.695039
0.996462 0.076836 -0.0340619 33.7764 -0.0770672 0.997011 -0.00552522 -0.594311 0.0335356 0.00813073 0.999404 0.705015
0.996438 0.0768733 -0.0346685 33.9211 -0.0770855 0.997013 -0.00482466 -0.607866 0.034194 0.00747991 0.999387 0.701561
0.996426 0.0773732 -0.0338849 34.078 -0.0775746 0.996976 -0.00466637 -0.611955 0.0334214 0.0072783 0.999415 0.706413
0.996397 0.0774678 -0.0345158 34.2319 -0.0778262 0.996925 -0.00916369 -0.627802 0.0336998 0.0118169 0.999362 0.709817
0.996208 0.0812982 -0.0309862 34.3922 -0.0814956 0.99666 -0.00515783 -0.640863 0.0304634 0.00766351 0.999507 0.694223
0.996375 0.0800373 -0.0288268 34.5464 -0.0802721 0.996748 -0.00707937 -0.648396 0.0281664 0.00936769 0.999559 0.691431
0.996307 0.0793556 -0.0328054 34.7035 -0.0796644 0.996788 -0.00821274 -0.671788 0.0320483 0.0107958 0.999428 0.707389
0.996214 0.0799159 -0.0342388 34.8582 -0.0803102 0.996717 -0.0102983 -0.684681 0.0333034 0.013009 0.999361 0.703102
0.996196 0.0805285 -0.0332995 35.0168 -0.0809824 0.996637 -0.0125107 -0.69335 0.0321801 0.0151597 0.999367 0.711185
0.996305 0.0791976 -0.0332357 35.1744 -0.0796288 0.996754 -0.0118517 -0.71294 0.0321892 0.0144544 0.999377 0.723352
0.996019 0.0831382 -0.0321522 35.3277 -0.0833839 0.996497 -0.0063739 -0.723735 0.0315096 0.0090295 0.999463 0.734444
0.996199 0.0810987 -0.0317904 35.4859 -0.0814498 0.996628 -0.00990586 -0.731849 0.0308798 0.0124575 0.999445 0.731019
0.99617 0.0808817 -0.0332339 35.6433 -0.0812869 0.99663 -0.0110247 -0.751054 0.0322302 0.0136839 0.999387 0.748582
0.9964 0.0780334 -0.0331418 35.7883 -0.0784826 0.996838 -0.0124741 -0.757744 0.0320636 0.0150302 0.999373 0.736231
0.997057 0.0690638 -0.033278 35.9327 -0.069481 0.997517 -0.011543 -0.765747 0.0323981 0.0138212 0.99938 0.72797
0.997386 0.0632703 -0.034912 36.085 -0.0636627 0.997919 -0.01024 -0.786982 0.0341915 0.0124358 0.999338 0.726044
0.99744 0.0640337 -0.0318269 36.2165 -0.0643853 0.997874 -0.0101456 -0.790067 0.0311096 0.0121689 0.999442 0.731168
0.997525 0.0634321 -0.0303284 36.3866 -0.0637544 0.997918 -0.00977902 -0.796081 0.0296449 0.0116884 0.999492 0.733245
0.997622 0.0626061 -0.0288401 36.538 -0.0628639 0.997989 -0.00812037 -0.804611 0.0282737 0.00991405 0.999551 0.729602
0.997596 0.0621087 -0.0307264 36.6877 -0.0624282 0.998004 -0.00954923 -0.819127 0.030072 0.0114445 0.999482 0.748135
0.997553 0.0622544 -0.031811 36.8284 -0.0625424 0.998009 -0.00813602 -0.82321 0.0312412 0.0101056 0.999461 0.742313
0.99757 0.0619004 -0.0319751 36.9904 -0.062158 0.998041 -0.00712389 -0.835221 0.0314715 0.00909409 0.999463 0.749053
0.99766 0.0604676 -0.0319143 37.1368 -0.0608036 0.998103 -0.00966214 -0.842364 0.0312695 0.01158 0.999444 0.755628
0.997631 0.0621081 -0.0295705 37.2736 -0.0622518 0.998053 -0.00396318 -0.854355 0.0292668 0.00579461 0.999555 0.759141
0.997562 0.0636039 -0.0287238 37.4361 -0.0638822 0.997918 -0.00887299 -0.866902 0.0280997 0.0106863 0.999548 0.759588
0.997571 0.0634565 -0.0287185 37.5972 -0.0637861 0.997906 -0.0107058 -0.876643 0.027979 0.0125117 0.99953 0.762612
0.997569 0.0630835 -0.02961 37.7429 -0.0634701 0.997908 -0.0123015 -0.884946 0.028772 0.014151 0.999486 0.763976
0.997463 0.0640056 -0.0311597 37.8891 -0.0643713 0.997867 -0.0108795 -0.898437 0.0303969 0.0128576 0.999455 0.768748
0.997553 0.0625625 -0.0312143 38.0478 -0.0631899 0.99781 -0.0195319 -0.917002 0.029924 0.0214565 0.999322 0.761228
0.997464 0.0648288 -0.02938 38.1963 -0.0653095 0.997742 -0.0157044 -0.926452 0.0282955 0.0175834 0.999445 0.760339
0.997326 0.0662557 -0.0308322 38.361 -0.06691 0.997544 -0.0206949 -0.933087 0.0293854 0.0227025 0.99931 0.762424
0.997346 0.0666828 -0.0292353 38.5211 -0.0671769 0.997609 -0.0162546 -0.941616 0.0280815 0.0181754 0.99944 0.762929
0.997397 0.0650373 -0.0311232 38.6684 -0.0655739 0.997711 -0.0165424 -0.956007 0.029976 0.0185402 0.999379 0.781123
0.997318 0.0653058 -0.0330609 38.7959 -0.0656552 0.997796 -0.00959339 -0.968231 0.0323615 0.0117383 0.999407 0.778878
0.997257 0.0657157 -0.0340683 38.9698 -0.0660437 0.99778 -0.00859031 -0.979747 0.0334281 0.0108167 0.999383 0.770216
0.997376 0.0638891 -0.0340451 39.1121 -0.0642447 0.99789 -0.00945303 -0.981931 0.0333693 0.0116154 0.999376 0.792825
0.997297 0.0667176 -0.0307742 39.276 -0.0669409 0.997737 -0.00628445 -0.990039 0.0302853 0.00832752 0.999507 0.785294
0.997154 0.0676921 -0.0331874 39.4486 -0.0680704 0.997626 -0.0104037 -0.988615 0.0324044 0.0126332 0.999395 0.797812
0.997257 0.0670288 -0.0313971 39.586 -0.0673796 0.997675 -0.0102474 -1.0195 0.0306372 0.0123348 0.999454 0.796436
0.997214 0.0672297 -0.0323068 39.7285 -0.0675442 0.997678 -0.00874161 -1.04285 0.0316441 0.0108994 0.99944 0.786744
0.997084 0.0682688 -0.0341001 39.8914 -0.0686463 0.997591 -0.0100239 -1.05009 0.0333336 0.0123355 0.999368 0.782697
0.997109 0.067268 -0.0353509 40.041 -0.0677608 0.997618 -0.0129294 -1.06224 0.034397 0.0152874 0.999291 0.780725
0.997064 0.0689184 -0.0333685 40.1979 -0.0693207 0.997533 -0.0110522 -1.06939 0.0325245 0.0133329 0.999382 0.802281
0.997013 0.0703871 -0.0318021 40.3604 -0.0707617 0.997435 -0.0108096 -1.08016 0.0309597 0.0130276 0.999436 0.809327
0.997041 0.0703581 -0.0309614 40.5193 -0.0707065 0.997444 -0.0103016 -1.09026 0.0301574 0.0124603 0.999468 0.815115
0.99704 0.068798 -0.0343322 40.6641 -0.0692725 0.997515 -0.0128274 -1.11004 0.0333644 0.0151678 0.999328 0.813763
0.996872 0.0710514 -0.0346247 40.8252 -0.0714621 0.997385 -0.0107693 -1.11997 0.0337689 0.0132099 0.999342 0.827387
0.996901 0.0702686 -0.035373 40.9748 -0.0708042 0.99739 -0.0141212 -1.13185 0.0342884 0.016582 0.999274 0.831716
0.9969 0.0703179 -0.0352882 41.1221 -0.0706785 0.997458 -0.00907396 -1.14747 0.0345604 0.0115399 0.999336 0.831407
0.996877 0.0712841 -0.0339985 41.2787 -0.0716406 0.997386 -0.00938296 -1.1522 0.0332408 0.0117893 0.999378 0.837455
0.99679 0.0728406 -0.0332368 41.4306 -0.0731541 0.997286 -0.00831257 -1.17309 0.0325411 0.0107173 0.999413 0.842824
0.996862 0.0720982 -0.0326865 41.5926 -0.0725072 0.997302 -0.0115039 -1.16369 0.0317689 0.0138378 0.9994 0.83256
0.996781 0.0730542 -0.0330346 41.7306 -0.0733921 0.997261 -0.0091297 -1.17479 0.0322772 0.0115248 0.999413 0.834593
0.996749 0.0732599 -0.0335475 41.8991 -0.0736967 0.997209 -0.011971 -1.20314 0.0325768 0.0144044 0.999366 0.849943
0.996727 0.0733174 -0.0340493 42.0311 -0.0736566 0.997245 -0.00881264 -1.20852 0.0333093 0.0112917 0.999381 0.862376
0.996727 0.0735595 -0.0335291 42.2062 -0.073933 0.997213 -0.0100386 -1.21868 0.0326972 0.0124846 0.999387 0.853535
0.996634 0.075527 -0.0318886 42.3746 -0.0758006 0.997095 -0.00745675 -1.20972 0.0312328 0.00984882 0.999464 0.844979
0.996654 0.0750256 -0.0324443 42.5326 -0.075392 0.997102 -0.0102188 -1.22537 0.0315836 0.0126307 0.999421 0.863353
0.996688 0.0747521 -0.0320217 42.6793 -0.0751244 0.997118 -0.0105816 -1.24549 0.0311384 0.0129521 0.999431 0.868633
0.996558 0.0755158 -0.0342003 42.8392 -0.0758175 0.997093 -0.00760943 -1.25317 0.0335262 0.0101762 0.999386 0.867637
0.996472 0.0760503 -0.03551 42.99 -0.0764177 0.997034 -0.0091042 -1.26248 0.0347123 0.0117857 0.999328 0.882187
0.996543 0.07598 -0.0335911 43.1602 -0.0763506 0.997032 -0.00988464 -1.27225 0.0327404 0.0124152 0.999387 0.895066
0.996484 0.0766947 -0.0337331 43.3275 -0.0770916 0.996968 -0.0106217 -1.27665 0.0328162 0.0131849 0.999374 0.902995
0.996414 0.0776519 -0.0336029 43.4807 -0.0779852 0.996916 -0.00872047 -1.29403 0.0328221 0.0113097 0.999397 0.902285
0.996475 0.0771223 -0.0330112 43.6423 -0.077486 0.996945 -0.00987839 -1.29537 0.0321484 0.0124015 0.999406 0.906216
0.996344 0.0779338 -0.0349981 43.7902 -0.0782983 0.996888 -0.00916517 -1.31142 0.0341749 0.011872 0.999345 0.909516
0.996297 0.077969 -0.0362445 43.9531 -0.0784701 0.996837 -0.012611 -1.32252 0.0351466 0.0154084 0.999263 0.917872
0.996205 0.078657 -0.0372689 44.1148 -0.079077 0.996819 -0.00992846 -1.33137 0.0363694 0.0128379 0.999256 0.926906
0.996205 0.0786243 -0.0373335 44.2743 -0.0790431 0.996822 -0.00987505 -1.34613 0.0364385 0.0127885 0.999254 0.930802
0.996119 0.0804131 -0.0357802 44.4245 -0.0807227 0.99671 -0.00729134 -1.38439 0.0350761 0.0101513 0.999333 0.901638
0.996235 0.07918 -0.0353043 44.5784 -0.079533 0.996794 -0.00870508 -1.39516 0.0345019 0.0114802 0.999339 0.893138
0.996085 0.0802723 -0.0370378 44.7303 -0.0805454 0.996733 -0.00594075 -1.41241 0.0364399 0.00890072 0.999296 0.904208
