0.480565 -0.87665 0.0232865 0.687383 0.876925 0.48061 -0.00401009 0.55236 -0.0076763 0.0223477 0.999721 0
0.479225 -0.877375 0.0235992 1.08054 0.877673 0.479221 -0.00619971 1.28537 -0.00586975 0.0236834 0.999702 0
0.477805 -0.878209 0.0212537 1.48302 0.878459 0.477758 -0.00756498 2.0254 -0.00351049 0.0222851 0.999746 0
0.476747 -0.878858 0.0179024 1.90722 0.879039 0.476686 -0.00780479 2.82566 -0.00167453 0.0194578 0.999809 0
0.47553 -0.879533 0.0171412 2.31254 0.879699 0.47547 -0.00767755 3.59979 -0.00139745 0.01873 0.999824 0
0.474573 -0.880032 0.0179805 2.74574 0.880213 0.474527 -0.0070236 4.3883 -0.00235123 0.0191599 0.999814 0
0.473324 -0.880673 0.0194998 3.17926 0.880882 0.47329 -0.00661347 5.17719 -0.00340474 0.0203073 0.999788 0
0.47208 -0.881305 0.0210078 3.59562 0.881543 0.472066 -0.00594026 5.98829 -0.00468187 0.0213235 0.999762 0
0.470577 -0.882111 0.0209433 4.01849 0.882351 0.470544 -0.00677716 6.80375 -0.00387653 0.0216685 0.999758 0
0.469587 -0.88265 0.0204297 4.44822 0.882881 0.469537 -0.00746127 7.60249 -0.00300681 0.0215407 0.999763 0
0.468503 -0.883226 0.0204002 4.87622 0.883454 0.468472 -0.00656054 8.42123 -0.00376248 0.0210963 0.99977 0
0.468212 -0.883395 0.01978 5.3058 0.883595 0.468237 -0.00363417 9.24293 -0.00605133 0.0191791 0.999798 0
0.468939 -0.882969 0.0215032 5.74083 0.883172 0.469049 0.000125941 10.0785 -0.0101973 0.018932 0.999769 0
0.469901 -0.882427 0.0226919 6.17705 0.882616 0.470085 0.00322636 10.9165 -0.0135141 0.0185121 0.999737 0
0.471422 -0.881608 0.0229904 6.61915 0.881782 0.471635 0.00460942 11.7572 -0.0149068 0.0180996 0.999725 0
0.473129 -0.880668 0.0239448 7.0532 0.88089 0.473315 0.00244769 12.588 -0.013489 0.0199346 0.99971 0
0.474645 -0.879869 0.0233123 7.50806 0.880141 0.474699 -0.00348124 13.456 -0.00800327 0.0221704 0.999722 0
0.47584 -0.879319 0.0193693 7.95707 0.879523 0.47582 -0.00588364 14.2897 -0.00404272 0.0198354 0.999795 0
0.476611 -0.878976 0.0156063 8.40652 0.879107 0.476604 -0.00443503 15.1328 -0.00353974 0.0158334 0.999868 0
0.476052 -0.879211 0.0190413 8.8876 0.879376 0.476128 -0.000604053 16.0058 -0.00853502 0.017032 0.999819 0
0.47522 -0.879527 0.0244681 9.34893 0.879762 0.475408 0.00218473 16.8853 -0.0135539 0.0204879 0.999698 0
0.474051 -0.879742 0.0364662 9.80793 0.880398 0.474212 -0.00463958 17.7314 -0.0132111 0.0343042 0.999324 0
0.47286 -0.880168 0.0413312 10.2795 0.881073 0.472873 -0.0100852 18.5913 -0.0106677 0.0411847 0.999095 0
0.471672 -0.880909 0.0390652 10.7623 0.881749 0.471534 -0.013242 19.4487 -0.00675556 0.0406915 0.999149 0
0.470283 -0.881936 0.0319662 11.214 0.882504 0.470155 -0.0118958 20.3338 -0.00453774 0.0338047 0.999418 0
0.469532 -0.882496 0.0272158 11.6907 0.882903 0.469468 -0.00909755 21.2161 -0.0047484 0.0283005 0.999588 0
0.468531 -0.883028 0.0272165 12.1601 0.883415 0.468555 -0.00588488 22.1151 -0.00755589 0.0268007 0.999612 0
0.466762 -0.883945 0.0278309 12.6334 0.884325 0.46686 -0.00324746 23.0199 -0.0101226 0.0261274 0.999607 0
0.466491 -0.884029 0.0296389 13.1036 0.884445 0.466639 -0.00214269 23.9332 -0.0119364 0.0272135 0.999558 0
0.466219 -0.884149 0.0303322 13.5678 0.88455 0.466446 0.000459415 24.821 -0.0145545 0.0266161 0.99954 0
0.465687 -0.88439 0.0314609 14.0187 0.88478 0.466 0.00303279 25.7253 -0.017343 0.0264237 0.9995 0
0.465466 -0.884466 0.0325736 14.4881 0.884883 0.465803 0.00320189 26.6222 -0.0180049 0.0273335 0.999464 0
0.465454 -0.884392 0.0346907 14.9534 0.884931 0.465722 -0.000407383 27.4837 -0.0157959 0.0308885 0.999398 0
0.465606 -0.884425 0.0316876 15.4075 0.884884 0.465811 -0.00101015 28.3786 -0.013867 0.0285102 0.999497 0
0.465187 -0.884735 0.0290841 15.8671 0.885121 0.46536 -0.000913839 29.2742 -0.0127261 0.026168 0.999577 0
0.464067 -0.885227 0.0318731 16.3166 0.885696 0.464264 -0.00137523 30.1702 -0.0135801 0.028868 0.999491 0
0.4634 -0.885479 0.0344446 16.7758 0.886023 0.46364 -0.00116071 31.0342 -0.0149421 0.0310566 0.999406 0
0.463043 -0.885559 0.0371194 17.2405 0.886217 0.463261 -0.00299367 31.9094 -0.0145449 0.034282 0.999306 0
0.462417 -0.886203 0.0285625 17.6889 0.886622 0.462464 -0.00534352 32.7957 -0.00847367 0.0277951 0.999578 0
0.462402 -0.88639 0.022323 18.1415 0.886655 0.462397 -0.00567893 33.6869 -0.00528834 0.0224187 0.999735 0
0.461871 -0.886639 0.0233846 18.5981 0.886917 0.461911 -0.00396289 34.5453 -0.00728796 0.0225705 0.999719 0
0.461733 -0.886543 0.029046 19.0507 0.886944 0.461872 -0.00213452 35.4086 -0.0115232 0.0267478 0.999576 0
0.461692 -0.886444 0.0325268 19.4918 0.886918 0.461926 -0.000364441 36.2777 -0.0147019 0.0290169 0.999471 0
0.461486 -0.886467 0.0347506 19.9342 0.887022 0.461726 -0.00123363 37.1306 -0.0149517 0.0313938 0.999395 0
0.461087 -0.886686 0.0344567 20.3992 0.887265 0.461245 -0.00367777 38.005 -0.0126319 0.032268 0.9994 0
0.460272 -0.887105 0.0345807 20.8474 0.887705 0.460386 -0.005063 38.8778 -0.0114291 0.0330278 0.999389 0
0.45962 -0.887329 0.0373768 21.2759 0.888024 0.459769 -0.00500489 39.7369 -0.0127437 0.0354918 0.999289 0
0.458668 -0.887643 0.0413865 21.7253 0.888454 0.458957 -0.00280583 40.5941 -0.016504 0.0380569 0.999139 0
0.457975 -0.88785 0.0445111 22.1615 0.888708 0.458472 0.00109651 41.4631 -0.0213807 0.0390552 0.999008 0
0.45726 -0.888255 0.0437862 22.5745 0.88911 0.457694 -0.00011487 42.2899 -0.0199387 0.0389833 0.999041 0
0.455891 -0.889078 0.0412727 22.9993 0.889901 0.456138 -0.0037686 43.1006 -0.0154755 0.0384467 0.999141 0
0.45549 -0.889482 0.0367648 23.3962 0.890201 0.455474 -0.00928189 43.9205 -0.00848935 0.0369558 0.999281 0
0.454276 -0.890369 0.0296056 23.8288 0.890838 0.454251 -0.00795318 44.7857 -0.00636711 0.0299867 0.99953 0
0.453626 -0.890842 0.0249589 24.2638 0.891165 0.453653 -0.00490389 45.6408 -0.00695408 0.024467 0.999677 0
0.452301 -0.891458 0.0269422 24.6548 0.891813 0.452394 -0.0028991 46.4147 -0.00960407 0.0253387 0.999633 0
0.451282 -0.891993 0.0263298 25.0315 0.892319 0.451404 -0.00143738 47.1735 -0.0106033 0.0241432 0.999652 0
0.450236 -0.892546 0.0254898 25.416 0.89285 0.450352 -0.00133157 47.9342 -0.0102909 0.0233581 0.999674 0
0.448816 -0.893266 0.0253228 25.8029 0.893566 0.448931 -0.00126002 48.7083 -0.0102426 0.0231931 0.999679 0
0.44757 -0.893906 0.0247831 26.1624 0.89419 0.447686 -0.000946927 49.456 -0.0102486 0.0225846 0.999692 0
0.446382 -0.894481 0.0254211 26.5217 0.894774 0.446519 -0.000349646 50.1677 -0.0110382 0.0229022 0.999677 0
0.44526 -0.895053 0.0249865 26.8633 0.89531 0.445439 0.00183433 50.8863 -0.0127718 0.0215539 0.999686 0
0.443866 -0.89576 0.0244459 27.2117 0.89595 0.444118 0.005773 51.5995 -0.0160281 0.0193398 0.999685 0
0.442327 -0.896545 0.0235193 27.5496 0.896659 0.442626 0.00926624 52.3027 -0.0187179 0.0169901 0.999681 0
0.440858 -0.897226 0.0250823 27.875 0.897418 0.441134 0.00649177 52.973 -0.0168892 0.0196473 0.999664 0
0.439914 -0.897649 0.0264962 28.1758 0.897963 0.44007 8.70083e-05 53.6393 -0.0117383 0.0237544 0.999649 0
0.438854 -0.898204 0.0252449 28.4829 0.898546 0.43882 -0.00715048 54.2991 -0.00465538 0.0258217 0.999656 0
0.438617 -0.898492 0.0180994 28.7896 0.898673 0.438556 -0.00743048 54.9396 -0.00126139 0.0195246 0.999809 0
0.437917 -0.898901 0.0143728 29.1058 0.899009 0.437919 -0.00316334 55.5678 -0.00345057 0.0143065 0.999892 0
0.436511 -0.899548 0.0164971 29.3768 0.899681 0.436546 -0.00165517 56.178 -0.00571281 0.0155646 0.999863 0
0.435856 -0.899784 0.0204782 29.6685 0.900001 0.43587 -0.00401515 56.7544 -0.00531307 0.0201804 0.999782 0
0.435977 -0.899643 0.0238083 29.9399 0.899958 0.435834 -0.0111454 57.2919 -0.000349572 0.0262856 0.999654 0
0.436888 -0.899177 0.0246739 30.2086 0.899505 0.436581 -0.0169721 57.8424 0.00448879 0.0296092 0.999552 0
0.43946 -0.898005 0.0214941 30.4656 0.89824 0.439153 -0.0175862 58.3893 0.00635331 0.0270353 0.999614 0
0.443242 -0.896228 0.0176669 30.7125 0.896399 0.4431 -0.0114925 58.9165 0.00247173 0.0209306 0.999778 0
0.447248 -0.894254 0.0167264 30.9729 0.894409 0.447193 -0.00709873 59.4291 -0.00113189 0.0181352 0.999835 0
0.451954 -0.891788 0.0212711 31.2329 0.892026 0.451959 -0.00485632 59.8963 -0.00528284 0.0211692 0.999762 0
0.458851 -0.888127 0.0261863 31.4634 0.888474 0.458909 -0.00410222 60.3921 -0.00837383 0.0251481 0.999649 0
0.468063 -0.883262 0.0276501 31.6995 0.883632 0.468175 -0.00268943 60.8899 -0.0105696 0.0256914 0.999614 0
0.481025 -0.876397 0.0233036 31.981 0.87665 0.481127 -0.00139268 61.3208 -0.00999147 0.021099 0.999728 0
0.49709 -0.86748 0.0194809 32.2299 0.86764 0.497193 0.000499656 61.7528 -0.0101192 0.016654 0.99981 0
0.517521 -0.855457 0.0191543 32.5035 0.855593 0.517645 0.00188565 62.1521 -0.0115282 0.0154124 0.999815 0
0.54353 -0.83905 0.0238778 32.7221 0.839274 0.543707 0.00113666 62.5094 -0.0139363 0.0194222 0.999714 0
0.569669 -0.821431 0.0269964 32.9344 0.821708 0.569907 0.00141918 62.8539 -0.0165512 0.0213747 0.999635 0
0.597184 -0.801634 0.0274679 33.1758 0.801879 0.597477 0.00322434 63.1871 -0.0189962 0.0201004 0.999618 0
0.626612 -0.778845 0.0275102 33.4428 0.779052 0.626943 0.00465528 63.5213 -0.0208731 0.0185148 0.999611 0
0.661972 -0.749048 0.0268461 33.7635 0.749216 0.662305 0.00514864 63.7887 -0.0216369 0.0167053 0.999626 0
0.696439 -0.717136 0.0262426 34.0874 0.717266 0.696776 0.00573959 64.0574 -0.0224013 0.0148256 0.999639 0
0.73254 -0.680241 0.0256232 34.376 0.680355 0.732863 0.00531938 64.3413 -0.0223968 0.0135362 0.999658 0
0.768358 -0.63954 0.0247977 34.6883 0.639648 0.768655 0.00433361 64.5956 -0.0218324 0.012532 0.999683 0
0.804214 -0.593854 0.0240383 35.0294 0.593954 0.804491 0.0034947 64.8296 -0.0214139 0.0114672 0.999705 0
0.840032 -0.542013 0.0238508 35.3858 0.542097 0.840309 0.0033502 64.9988 -0.0218579 0.0101152 0.99971 0
0.873173 -0.486853 0.0233184 35.7345 0.486936 0.873434 0.0023671 65.1632 -0.0215195 0.00928767 0.999725 0
0.903004 -0.429048 0.0224 36.0847 0.429147 0.903235 0.000414001 65.3049 -0.0204101 0.00923903 0.999749 0
0.92889 -0.369706 0.0219374 36.4455 0.369815 0.929105 -0.000985607 65.4438 -0.0200178 0.00902831 0.999759 0
0.950385 -0.310244 0.0227658 36.8099 0.310348 0.950622 -0.00113882 65.5518 -0.0212884 0.00814765 0.99974 0
0.96791 -0.250035 0.025158 37.1958 0.250079 0.968224 0.00142933 65.6749 -0.024716 0.00490804 0.999683 0
0.981573 -0.189121 0.0273333 37.5816 0.189111 0.981951 0.00296919 65.7648 -0.0274015 0.00225456 0.999622 0
0.991256 -0.128958 0.0279652 37.9794 0.128957 0.991648 0.00186451 65.8213 -0.0279721 0.00175811 0.999607 0
0.997077 -0.0713825 0.0272384 38.3778 0.0714694 0.99744 -0.00223001 65.8623 -0.0270095 0.0041702 0.999627 0
0.999496 -0.0161738 0.0273056 38.759 0.016277 0.999861 -0.00356001 65.8743 -0.0272442 0.00400267 0.999621 0
0.998907 0.0378602 0.0274 39.1191 -0.0378285 0.999283 -0.00167353 65.866 -0.0274437 0.000635204 0.999623 0
0.995764 0.0879013 0.0269603 39.4693 -0.088003 0.996117 0.00260632 65.7823 -0.0266265 -0.00496787 0.999633 0
0.990704 0.133802 0.0245574 39.8212 -0.13386 0.991 0.000696158 65.7084 -0.0242432 -0.00397692 0.999698 0
0.984166 0.175836 0.0223489 40.2389 -0.17576 0.984419 -0.00534265 65.6606 -0.0229401 0.00133002 0.999736 0
0.976876 0.212495 0.0236543 40.6516 -0.212347 0.977156 -0.00862464 65.6637 -0.0249466 0.00340229 0.999683 0
0.968837 0.246396 0.0253933 41.06 -0.246276 0.969169 -0.00776665 65.6825 -0.026524 0.00127085 0.999647 0
0.960755 0.276295 0.0247341 41.3991 -0.276333 0.96106 -0.00191612 65.5278 -0.0243003 -0.00499392 0.999692 0
0.952236 0.304478 0.0232649 41.7511 -0.304564 0.952492 0.000202638 65.3488 -0.0220979 -0.00727863 0.999729 0
0.944123 0.328984 0.0200605 42.1078 -0.329022 0.944321 -0.00144229 65.1907 -0.019418 -0.00523865 0.999798 0
0.936004 0.351618 0.0161594 42.4906 -0.351575 0.936143 -0.00555794 65.0153 -0.0170818 -0.000478966 0.999854 0
0.928079 0.372232 0.0106408 42.8762 -0.372153 0.92813 -0.00870019 64.846 -0.0131145 0.00411446 0.999906 0
0.920979 0.389596 0.00368543 43.2873 -0.389561 0.920969 -0.00764472 64.7055 -0.00637251 0.00560493 0.999964 0
0.91372 0.406344 0.00103936 43.7153 -0.40634 0.913717 -0.00306084 64.5231 -0.00219344 0.00237441 0.999995 0
0.906977 0.421158 0.00440863 44.1605 -0.421164 0.906985 0.000559583 64.3413 -0.00376288 -0.00236428 0.99999 0
0.900527 0.434657 0.0111881 44.5848 -0.434716 0.900561 0.00340567 64.1457 -0.00859528 -0.00793055 0.999932 0
0.894454 0.44686 0.0163687 45.0139 -0.446986 0.894527 0.00490111 63.9319 -0.0124521 -0.0117004 0.999854 0
0.888973 0.457783 0.0127545 45.4523 -0.457767 0.889062 -0.00427391 63.6214 -0.0132961 -0.00203922 0.99991 0
0.883978 0.467421 0.0100511 45.9158 -0.46732 0.884021 -0.0108472 63.3377 -0.0139556 0.00489166 0.999891 0
0.879484 0.475848 0.00877815 46.3923 -0.475731 0.8795 -0.0126378 63.1022 -0.0137341 0.0069387 0.999882 0
0.876027 0.482196 0.00802423 46.8742 -0.482088 0.876036 -0.0123679 62.8507 -0.0129933 0.00696623 0.999891 0
0.873592 0.486591 0.00812544 47.3631 -0.486513 0.873618 -0.00988268 62.5963 -0.0119073 0.0046803 0.999918 0
0.870999 0.491224 0.00780457 47.8723 -0.491151 0.871022 -0.00960612 62.3038 -0.0115167 0.0045337 0.999923 0
0.868944 0.494861 0.00700968 48.4136 -0.494779 0.868952 -0.0107872 61.9897 -0.0114292 0.0059052 0.999917 0
0.867251 0.49783 0.00642503 48.9486 -0.497743 0.867248 -0.0115293 61.6697 -0.0113117 0.00680079 0.999913 0
0.8655 0.50086 0.00698993 49.4943 -0.500782 0.865511 -0.0103854 61.3407 -0.0112515 0.00548814 0.999922 0
0.8643 0.502929 0.00686746 50.0537 -0.502858 0.864313 -0.00983293 61.0168 -0.0108809 0.00504524 0.999928 0
0.863602 0.504144 0.00554574 50.632 -0.504066 0.863592 -0.0112437 60.6962 -0.0104577 0.00691467 0.999922 0
0.863391 0.504526 0.00312412 51.2247 -0.504432 0.863321 -0.0149977 60.3762 -0.0102639 0.011373 0.999883 0
0.864858 0.502012 -0.00235748 51.8638 -0.501935 0.86462 -0.0222229 60.0153 -0.00911781 0.0204029 0.99975 0
0.866688 0.498829 -0.00455651 52.5072 -0.49878 0.866377 -0.0246796 59.6651 -0.00836325 0.0236622 0.999685 0
0.868772 0.495181 -0.00557199 53.1491 -0.495145 0.868414 -0.0262409 59.307 -0.00815519 0.0255563 0.99964 0
0.871244 0.490829 -0.00455662 53.8131 -0.490763 0.870878 -0.0268923 58.9343 -0.00923123 0.0256659 0.999628 0
0.873629 0.48659 -0.00165844 54.4811 -0.486459 0.873305 -0.0263716 58.5455 -0.0113839 0.0238458 0.999651 0
0.875959 0.48238 0.00255919 55.1679 -0.482199 0.875754 -0.0231993 58.1591 -0.0134321 0.0190876 0.999728 0
0.878165 0.478326 0.00558144 55.8623 -0.478122 0.878038 -0.0211629 57.7699 -0.0150235 0.0159159 0.999761 0
0.879963 0.475016 0.00507951 56.5558 -0.474841 0.87985 -0.0197373 57.3781 -0.0138447 0.0149561 0.999792 0
0.881635 0.47193 0.00142461 57.264 -0.471773 0.881412 -0.0233024 56.9825 -0.0122527 0.0198721 0.999728 0
0.88234 0.470613 -0.000702834 57.9873 -0.470522 0.882138 -0.0210102 56.6178 -0.00926767 0.0188688 0.999779 0
0.882601 0.470121 -0.00148031 58.7247 -0.470087 0.88249 -0.0151736 56.2533 -0.00582708 0.0140881 0.999884 0
0.882347 0.470599 -0.000629762 59.4821 -0.470582 0.882301 -0.00992492 55.8998 -0.00411502 0.00905358 0.999951 0
0.881716 0.471762 0.00423858 60.2334 -0.47175 0.881725 -0.00357451 55.5001 -0.00542358 0.00115215 0.999985 0
0.881767 0.471652 0.00569429 60.9311 -0.471624 0.881782 -0.00553564 55.1235 -0.00763202 0.00219557 0.999969 0
0.882075 0.471046 0.00775217 61.6309 -0.47102 0.882108 -0.00504274 54.7366 -0.00921361 0.000796652 0.999957 0
0.882539 0.470166 0.0083396 62.3548 -0.470146 0.882578 -0.00426363 54.3632 -0.00936496 -0.000158014 0.999956 0
0.882506 0.470248 0.0071033 63.0868 -0.470233 0.882535 -0.00364567 53.978 -0.00798327 -0.000122887 0.999968 0
0.882056 0.471102 0.00629095 63.826 -0.471093 0.882079 -0.00301361 53.6091 -0.00696882 -0.000305448 0.999976 0
0.881224 0.472631 0.00796462 64.5441 -0.472652 0.881249 0.000838678 53.2405 -0.00662243 -0.00450356 0.999968 0
0.879625 0.475561 0.0100651 65.2666 -0.47561 0.879651 0.00307579 52.8664 -0.00739108 -0.00749262 0.999945 0
0.877302 0.479753 0.0133638 66.0076 -0.479859 0.877324 0.00615491 52.498 -0.00877152 -0.0118124 0.999892 0
0.874177 0.485352 0.0157416 66.7583 -0.485482 0.874228 0.00564774 52.0972 -0.0110206 -0.0125794 0.99986 0
0.870606 0.49171 0.0163433 67.4721 -0.491807 0.870701 0.00224917 51.7091 -0.0131242 -0.00999588 0.999864 0
0.866319 0.499223 0.0164041 68.1736 -0.499305 0.866425 0.00111985 51.3102 -0.0136538 -0.00916078 0.999865 0
0.861214 0.507967 0.016764 68.8564 -0.50807 0.861313 0.00231482 50.9045 -0.0132631 -0.0105108 0.999857 0
0.855689 0.517226 0.0165411 69.5312 -0.517339 0.855775 0.00315863 50.4999 -0.0125217 -0.0112602 0.999858 0
0.84963 0.527077 0.0178758 70.2091 -0.527239 0.849698 0.00571011 50.0791 -0.0121794 -0.0142763 0.999824 0
0.843213 0.537234 0.0193085 70.8729 -0.537428 0.843284 0.00650209 49.6484 -0.0127894 -0.0158596 0.999793 0
0.837084 0.54673 0.0194362 71.5403 -0.546909 0.837177 0.0051061 49.2085 -0.0134799 -0.0149041 0.999798 0
0.831239 0.55557 0.0195855 72.2016 -0.555741 0.831345 0.00424061 48.7629 -0.0139264 -0.0144094 0.999799 0
0.825577 0.563944 0.0197592 72.8444 -0.564129 0.825671 0.00505384 48.3194 -0.0134645 -0.0153191 0.999792 0
0.819857 0.572235 0.0195649 73.4918 -0.572438 0.819921 0.00665189 47.8826 -0.0122352 -0.0166533 0.999786 0
0.813706 0.580993 0.0181437 74.1065 -0.581169 0.81376 0.00614614 47.4872 -0.0111938 -0.0155457 0.999817 0
0.808007 0.588919 0.0172958 74.7035 -0.589087 0.808043 0.00662283 47.073 -0.0100754 -0.01554 0.999829 0
0.802409 0.596557 0.0161023 75.3023 -0.596699 0.802445 0.00573256 46.6309 -0.00950144 -0.0142081 0.999854 0
0.79699 0.603807 0.0149433 75.9107 -0.603918 0.797036 0.00409658 46.1629 -0.00943677 -0.0122894 0.99988 0
0.79236 0.609875 0.0147653 76.5096 -0.609969 0.792421 0.00259385 45.6894 -0.0101184 -0.0110616 0.999888 0
0.788529 0.614822 0.0146669 77.0989 -0.614894 0.78861 0.000464116 45.238 -0.0112811 -0.00938458 0.999892 0
0.786129 0.617886 0.0147629 77.6369 -0.617911 0.786241 -0.00335502 44.8044 -0.0136802 -0.00648468 0.999885 0
0.78388 0.620743 0.0145453 78.1851 -0.620711 0.784007 -0.00711722 44.3667 -0.0158216 -0.00344937 0.999869 0
0.782412 0.622585 0.0147812 78.7477 -0.622519 0.78255 -0.00930458 43.9227 -0.0173599 -0.00192158 0.999848 0
0.781894 0.62328 0.0128234 79.2845 -0.623161 0.781997 -0.0122941 43.4992 -0.0176906 0.00162164 0.999842 0
0.781998 0.623192 0.0105827 79.8147 -0.623056 0.782059 -0.0136225 43.0948 -0.0167658 0.00405916 0.999851 0
0.784349 0.62024 0.00993836 80.2704 -0.620135 0.784406 -0.0117967 42.7074 -0.0151125 0.00308962 0.999881 0
0.787427 0.616366 0.0072535 80.7395 -0.616265 0.787443 -0.0123257 42.3296 -0.0133089 0.00523552 0.999898 0
0.791399 0.611291 0.00332958 81.2238 -0.61119 0.791348 -0.0146765 41.9526 -0.0116065 0.00957995 0.999887 0
0.797787 0.602939 -0.000301075 81.6995 -0.60284 0.797648 -0.0184943 41.6069 -0.0109108 0.014936 0.999829 0
0.805676 0.59235 -0.00267252 82.1535 -0.592269 0.805471 -0.0208238 41.2826 -0.0101823 0.0183601 0.99978 0
0.815014 0.579427 -0.00418108 82.599 -0.579368 0.814773 -0.0218313 40.9725 -0.00924303 0.0202152 0.999753 0
0.827321 0.561717 -0.00381813 82.9974 -0.561692 0.827165 -0.0173324 40.7047 -0.00657766 0.016484 0.999843 0
0.840764 0.541383 -0.00455099 83.4305 -0.541387 0.840645 -0.0147091 40.4531 -0.00413748 0.0148307 0.999882 0
0.854778 0.518972 -0.00490532 83.887 -0.518991 0.854695 -0.0120783 40.207 -0.00207577 0.0128701 0.999915 0
0.86983 0.493333 -0.0042019 84.3752 -0.49335 0.869776 -0.00973681 39.9532 -0.00114877 0.0105424 0.999944 0
0.885743 0.464157 -0.00417546 84.881 -0.464175 0.885687 -0.0100517 39.7198 -0.000967435 0.0108414 0.999941 0
0.903762 0.428031 -0.00198114 85.3826 -0.428024 0.903693 -0.0116149 39.5447 -0.0031812 0.0113451 0.999931 0
0.923829 0.38279 0.00344872 85.814 -0.382728 0.923785 -0.0118232 39.3807 -0.0077117 0.00960272 0.999924 0
0.941897 0.335808 0.0079283 86.2612 -0.33571 0.941895 -0.0115239 39.2699 -0.0113374 0.00819276 0.999902 0
0.957882 0.286979 0.0103156 86.7477 -0.286871 0.957909 -0.0107478 39.2057 -0.0129658 0.00733586 0.999889 0
0.971958 0.234949 0.0098351 87.2416 -0.234831 0.971965 -0.0117718 39.1604 -0.0123251 0.00913213 0.999882 0
0.984149 0.177199 0.00723912 87.7221 -0.177088 0.984098 -0.0137888 39.1358 -0.00956736 0.0122882 0.999879 0
0.993536 0.113482 0.00285996 88.2004 -0.113417 0.993399 -0.0171642 39.1276 -0.00478891 0.0167289 0.999849 0
0.999016 0.0442737 -0.00251438 88.6822 -0.0443142 0.99883 -0.0193786 39.1521 0.00165348 0.0194709 0.999809 0
0.999589 -0.0278626 -0.0068069 89.1678 0.0277268 0.999429 -0.0192943 39.2058 0.0073406 0.0190976 0.999791 0
0.994875 -0.100644 -0.00977651 89.6434 0.100462 0.994785 -0.0176206 39.2774 0.0114989 0.0165481 0.999797 0
0.984914 -0.172633 -0.011934 90.1107 0.172426 0.984883 -0.0165833 39.3831 0.0146164 0.0142754 0.999791 0
0.970128 -0.242282 -0.0122953 90.5633 0.242045 0.970097 -0.018053 39.5159 0.0163016 0.0145377 0.999762 0
0.951013 -0.309011 -0.00935654 90.9999 0.308809 0.950947 -0.0183725 39.6809 0.0145749 0.0145831 0.999788 0
0.927759 -0.373167 -0.00320981 91.4322 0.373069 0.927658 -0.016435 39.892 0.00911059 0.0140502 0.99986 0
0.900988 -0.433832 0.00322486 91.8692 0.433838 0.900909 -0.0121336 40.1754 0.00235863 0.0123313 0.999921 0
0.871912 -0.489607 0.00737361 92.2885 0.48966 0.871855 -0.0101118 40.4219 -0.00147791 0.0124271 0.999922 0
0.840891 -0.541097 0.0108159 92.6719 0.541164 0.840906 -0.00447924 40.6806 -0.00667143 0.00961972 0.999932 0
0.809515 -0.586964 0.0125927 93.006 0.586995 0.809589 0.00150715 40.9477 -0.0110795 0.00617176 0.99992 0
0.782518 -0.622528 0.0111446 93.3581 0.622483 0.782597 0.00753273 41.2028 -0.0134111 0.00104282 0.99991 0
0.759811 -0.650099 0.00764361 93.7236 0.65002 0.759843 0.0105821 41.4513 -0.0126874 -0.00307192 0.999915 0
0.741674 -0.670735 0.00590609 94.0648 0.670667 0.741688 0.0102343 41.7577 -0.011245 -0.00362951 0.99993 0
0.72612 -0.687522 0.00796613 94.4176 0.687464 0.726163 0.00901696 42.0769 -0.0119841 -0.00107097 0.999928 0
0.714696 -0.699349 0.0109799 94.7664 0.699303 0.714778 0.00826037 42.3909 -0.0136251 0.00177462 0.999906 0
0.707215 -0.706949 0.00837348 95.1387 0.706912 0.707264 0.00724528 42.7208 -0.0110443 0.000795339 0.999939 0
0.701139 -0.713016 0.00354984 95.4888 0.712965 0.701136 0.0094453 43.1475 -0.00922357 -0.00409156 0.999949 0
0.696195 -0.717853 -0.000229085 95.803 0.717788 0.696127 0.0136985 43.5296 -0.00967401 -0.00970124 0.999906 0
0.692614 -0.721296 -0.00422762 96.1322 0.721263 0.692493 0.0153014 43.9008 -0.00810921 -0.0136472 0.999874 0
0.691611 -0.722236 -0.00705219 96.5139 0.722257 0.691507 0.0127436 44.3006 -0.00432722 -0.0139071 0.999894 0
0.692766 -0.721127 -0.00716096 96.8879 0.721162 0.692724 0.00762856 44.6872 -0.000540592 -0.010449 0.999945 0
0.696246 -0.717756 -0.00822857 97.2775 0.717793 0.696252 0.00260297 45.0849 0.00386086 -0.00771873 0.999963 0
0.699848 -0.71423 -0.00939611 97.6878 0.714248 0.69989 -0.00186151 45.4943 0.00790579 -0.00540838 0.999954 0
0.703324 -0.710731 -0.0140341 98.0889 0.710805 0.703389 0.000466753 45.9177 0.00953969 -0.0103038 0.999902 0
0.706585 -0.707378 -0.0188046 98.515 0.707578 0.706603 0.00685004 46.3518 0.00844181 -0.0181459 0.9998 0
0.710269 -0.703739 -0.0163988 98.9663 0.703921 0.710185 0.0114748 46.7826 0.00357092 -0.0196937 0.9998 0
0.713558 -0.700454 -0.0141088 99.4113 0.70059 0.71332 0.0186644 47.237 -0.00300945 -0.0232026 0.999726 0
0.716849 -0.697117 -0.0124492 99.8393 0.697132 0.71634 0.0294073 47.6894 -0.0115824 -0.0297593 0.99949 0
0.71924 -0.694693 -0.00980937 100.279 0.694591 0.718677 0.0323594 48.0803 -0.0154301 -0.0300877 0.999428 0
0.7199 -0.694011 -0.00960269 100.793 0.693971 0.719478 0.0274837 48.5783 -0.0121651 -0.0264495 0.999576 0
0.719484 -0.694391 -0.0128227 101.291 0.694483 0.719174 0.0219556 49.0372 -0.00602396 -0.0247019 0.999677 0
0.718829 -0.695023 -0.0151007 101.779 0.695187 0.718673 0.0149611 49.5195 0.000454125 -0.0212523 0.999774 0
0.717003 -0.696863 -0.0170027 102.27 0.697051 0.716953 0.00990624 50.0118 0.00528689 -0.0189546 0.999806 0
0.715019 -0.698889 -0.0173964 102.765 0.699075 0.714997 0.00854406 50.5043 0.00646699 -0.0182705 0.999812 0
0.713185 -0.700824 -0.014598 103.264 0.700974 0.713074 0.0126792 50.9913 0.00152358 -0.0192754 0.999813 0
0.711121 -0.702983 -0.0110192 103.828 0.703036 0.710847 0.0209137 51.5305 -0.006869 -0.0226191 0.999721 0
0.709672 -0.704471 -0.0093013 104.33 0.704449 0.709323 0.0247348 52.0397 -0.0108273 -0.0241059 0.999651 0
0.708937 -0.705154 -0.0128999 104.835 0.705226 0.708563 0.0244006 52.5765 -0.00806581 -0.0263959 0.999619 0
0.70689 -0.707128 -0.016659 105.347 0.707318 0.706596 0.0205551 53.1178 -0.00276387 -0.0263134 0.99965 0
0.704183 -0.709594 -0.0245253 105.927 0.710015 0.703856 0.0215531 53.7052 0.0019683 -0.0325907 0.999467 0
0.700681 -0.713001 -0.0260014 106.5 0.713468 0.700362 0.0213383 54.2764 0.00299618 -0.0335026 0.999434 0
0.697757 -0.715964 -0.0230581 107.075 0.716334 0.697453 0.0206112 54.8544 0.00132509 -0.0308989 0.999522 0
0.695508 -0.718261 -0.0192567 107.636 0.718516 0.695179 0.021476 55.4301 -0.00203853 -0.0287729 0.999584 0
0.694201 -0.719606 -0.015898 108.204 0.71976 0.693841 0.0230435 56.0169 -0.00555158 -0.0274396 0.999608 0
0.694011 -0.719869 -0.011743 108.793 0.719934 0.693739 0.0205198 56.6248 -0.00662499 -0.0226951 0.999721 0
0.69399 -0.719887 -0.0118777 109.362 0.719944 0.69368 0.0221087 57.2321 -0.00767641 -0.0238945 0.999685 0
0.694268 -0.719629 -0.0112726 109.923 0.719679 0.693985 0.0211604 57.8468 -0.00740462 -0.0228036 0.999713 0
0.694662 -0.719197 -0.0141753 110.483 0.719317 0.694364 0.0210192 58.4452 -0.00527411 -0.0247978 0.999679 0
0.695366 -0.71843 -0.0179944 111.053 0.718649 0.695036 0.0216379 59.056 -0.00303856 -0.027978 0.999604 0
0.696593 -0.717059 -0.0241997 111.624 0.717461 0.696054 0.0275371 59.6645 -0.00290144 -0.0365445 0.999328 0
0.698552 -0.714973 -0.0289745 112.245 0.715539 0.69765 0.0358984 60.3094 -0.00545235 -0.0458092 0.998935 0
0.701157 -0.712384 -0.0297823 112.815 0.712991 0.700255 0.0358673 60.9149 -0.00469613 -0.0463832 0.998913 0
0.702802 -0.710771 -0.029583 113.426 0.711379 0.702005 0.0336016 61.56 -0.00311562 -0.04466 0.998997 0
0.704173 -0.709516 -0.0269718 114.075 0.710023 0.703514 0.030577 62.1942 -0.00271981 -0.0406822 0.999169 0
0.703814 -0.710031 -0.0224109 114.683 0.710377 0.703315 0.0266848 62.7977 -0.00318511 -0.0347014 0.999393 0
0.704172 -0.709761 -0.0195196 115.301 0.71002 0.703761 0.0243148 63.4273 -0.00352057 -0.0309811 0.999514 0
0.705792 -0.70815 -0.0195304 115.897 0.708395 0.70527 0.0277678 64.0348 -0.0058895 -0.0334335 0.999424 0
0.706751 -0.707199 -0.0193393 116.505 0.707387 0.706012 0.0339125 64.6584 -0.0103291 -0.037648 0.999238 0
0.707482 -0.706446 -0.020083 117.104 0.706582 0.706464 0.0406248 65.2676 -0.0145113 -0.0429316 0.998973 0
0.707648 -0.706308 -0.0190716 117.704 0.706445 0.706772 0.0375447 65.8737 -0.0130388 -0.0400415 0.999113 0
0.708343 -0.705515 -0.0223499 118.288 0.705868 0.70804 0.0207281 66.4449 0.00120066 -0.0304587 0.999535 0
0.707855 -0.705869 -0.0262836 118.869 0.706247 0.707913 0.00861006 67.0237 0.012529 -0.0246574 0.999618 0
0.706978 -0.7068 -0.0248047 119.511 0.707194 0.70688 0.0140307 67.6422 0.00761706 -0.0274611 0.999594 0
0.705744 -0.708287 -0.0159573 120.117 0.708438 0.705332 0.0249352 68.2461 -0.00640611 -0.0289026 0.999562 0
0.704053 -0.710147 0.00120072 120.754 0.709609 0.703584 0.0377339 68.9013 -0.0276414 -0.0257147 0.999287 0
0.703941 -0.710257 0.00135507 121.312 0.709754 0.703512 0.0363397 69.4662 -0.0267638 -0.0246192 0.999339 0
0.703439 -0.71072 -0.00711087 121.848 0.710503 0.702887 0.0336906 70.0406 -0.0189465 -0.0287516 0.999407 0
0.702562 -0.711401 -0.0177698 122.452 0.711618 0.702251 0.0210509 70.6421 -0.00249674 -0.0274349 0.999621 0
0.700785 -0.71294 -0.024853 123.026 0.713351 0.700612 0.0165572 71.2455 0.00560805 -0.029332 0.999554 0
0.698724 -0.714977 -0.0243352 123.626 0.715373 0.698543 0.0166968 71.874 0.00506135 -0.0290753 0.999564 0
0.695936 -0.717937 -0.0155102 124.166 0.718103 0.695734 0.0168086 72.4525 -0.00127659 -0.0228356 0.999739 0
0.693268 -0.7206 -0.0107443 124.749 0.720674 0.693127 0.0142856 73.0537 -0.00284704 -0.017647 0.99984 0
0.690745 -0.722964 -0.0139357 125.277 0.723095 0.690556 0.0163467 73.6255 -0.00219472 -0.0213683 0.999769 0
0.688595 -0.724914 -0.0183533 125.84 0.725145 0.688316 0.0196599 74.2569 -0.00161884 -0.0268465 0.999638 0
0.687236 -0.726143 -0.0205758 126.4 0.726427 0.686827 0.0239238 74.8486 -0.00324012 -0.0313881 0.999502 0
0.685999 -0.727329 -0.0199495 126.968 0.72757 0.685449 0.0283245 75.4529 -0.00692688 -0.0339452 0.9994 0
0.685672 -0.7277 -0.0175456 127.537 0.727859 0.685136 0.0284546 76.0288 -0.00868531 -0.0322813 0.999441 0
0.683725 -0.72956 -0.0162167 128.075 0.729717 0.683357 0.0231719 76.6222 -0.00582349 -0.0276768 0.9996 0
0.680261 -0.732778 -0.0167666 128.612 0.732969 0.680052 0.0169052 77.2255 -0.000985577 -0.0237894 0.999717 0
0.675451 -0.737221 -0.0164628 129.132 0.737404 0.675321 0.0133404 77.8245 0.00128281 -0.0211505 0.999776 0
0.669758 -0.742422 -0.0152966 129.669 0.742579 0.669587 0.0151248 78.4477 -0.000986579 -0.0214889 0.999769 0
0.665018 -0.746732 -0.0119538 130.204 0.746783 0.664719 0.0215483 79.033 -0.00814489 -0.0232569 0.999696 0
0.661912 -0.749579 -0.00201048 130.784 0.74928 0.661568 0.0301241 79.6377 -0.0212503 -0.0214459 0.999544 0
0.65874 -0.75237 0.00131735 131.318 0.751869 0.658363 0.035373 80.2416 -0.0274809 -0.0223111 0.999373 0
0.655299 -0.75537 -0.000520509 131.811 0.755001 0.654958 0.0316831 80.8459 -0.0235916 -0.0211549 0.999498 0
0.650463 -0.759526 -0.00436139 132.307 0.759379 0.650197 0.0242423 81.4596 -0.0155769 -0.0190807 0.999697 0
0.645012 -0.764121 -0.0088582 132.809 0.764153 0.644868 0.0146971 82.0855 -0.00551797 -0.0162488 0.999853 0
0.639129 -0.76899 -0.012997 133.341 0.769096 0.638982 0.0138961 82.7512 -0.00238111 -0.0188773 0.999819 0
0.633615 -0.773534 -0.0133357 133.849 0.773614 0.633327 0.0204564 83.3911 -0.0073779 -0.0232781 0.999702 0
0.627286 -0.778693 -0.0122448 134.332 0.778739 0.626991 0.02116 84.0324 -0.00879975 -0.0228089 0.999701 0
0.619715 -0.784636 -0.0173067 134.853 0.784813 0.619425 0.0195136 84.69 -0.00459086 -0.0256755 0.99966 0
0.612769 -0.790005 -0.0201706 135.344 0.790262 0.612549 0.0164011 85.3332 -0.000601413 -0.0259902 0.999662 0
0.606024 -0.795215 -0.0192165 135.868 0.795446 0.60582 0.0157164 86.0359 -0.000856185 -0.0248102 0.999692 0
0.599828 -0.799837 -0.0215938 136.33 0.800097 0.599347 0.0250541 86.6877 -0.00709708 -0.0323053 0.999453 0
0.593249 -0.804739 -0.0212639 136.831 0.804927 0.592573 0.0308395 87.3728 -0.0122174 -0.0354114 0.999298 0
0.586568 -0.809712 -0.0174549 137.305 0.809689 0.585786 0.0354676 88.0297 -0.0184937 -0.0349372 0.999218 0
0.581241 -0.813621 -0.0133953 137.774 0.81342 0.580485 0.0372222 88.6892 -0.022509 -0.0325311 0.999217 0
0.577196 -0.816505 -0.012835 138.255 0.816291 0.576467 0.0367996 89.3682 -0.0226481 -0.0317177 0.99924 0
0.574007 -0.818655 -0.0179042 138.735 0.81867 0.573285 0.0335162 90.0587 -0.017174 -0.0338962 0.999278 0
0.571271 -0.820301 -0.0275147 139.188 0.820713 0.570549 0.0300686 90.7248 -0.0089668 -0.039759 0.999169 0
0.568872 -0.821763 -0.0330247 139.651 0.822419 0.568245 0.0269214 91.3895 -0.00335689 -0.0424749 0.999092 0
0.56604 -0.823658 -0.0344473 140.118 0.824362 0.565273 0.029903 92.0859 -0.00515771 -0.0453233 0.998959 0
0.563696 -0.825334 -0.0327202 140.584 0.825894 0.562614 0.0369367 92.8011 -0.0120763 -0.0478445 0.998782 0
0.561399 -0.827071 -0.0280066 141.046 0.827205 0.559876 0.0476487 93.4972 -0.0237286 -0.0499171 0.998472 0
0.557483 -0.829851 -0.0236966 141.493 0.829738 0.556013 0.0488218 94.16 -0.0273392 -0.0468793 0.998526 0
0.553329 -0.832701 -0.0208928 141.928 0.832624 0.552215 0.042372 94.8003 -0.0237459 -0.0408415 0.998883 0
0.547125 -0.836812 -0.0200056 142.385 0.836959 0.546555 0.0278702 95.5168 -0.0123879 -0.0319924 0.999411 0
0.541701 -0.840221 -0.0242566 142.835 0.840524 0.541137 0.0262751 96.2324 -0.00895077 -0.0346215 0.999361 0
0.535152 -0.844374 -0.0254056 143.263 0.844671 0.53443 0.0302442 96.957 -0.0119599 -0.0376446 0.99922 0
0.528837 -0.848584 -0.0153966 143.727 0.848491 0.52818 0.0330038 97.678 -0.0198743 -0.0305174 0.999337 0
0.523451 -0.852045 -0.00426368 144.153 0.851703 0.523084 0.0313837 98.3421 -0.0245101 -0.0200592 0.999498 0
0.518357 -0.855155 0.0040843 144.588 0.854796 0.518268 0.0268762 99.0732 -0.0251 -0.0104402 0.999631 0
0.512813 -0.858449 0.0093866 145.002 0.858247 0.512897 0.0186755 99.7618 -0.0208463 -0.00152103 0.999782 0
0.508007 -0.861256 0.0129042 145.449 0.861274 0.508107 0.00596579 100.456 -0.0116948 0.00808338 0.999899 0
0.502478 -0.864514 0.0114737 145.893 0.864582 0.502486 -0.00232516 101.155 -0.00375525 0.0110883 0.999932 0
0.496601 -0.867979 0.000383706 146.313 0.867963 0.496594 0.00577564 101.891 -0.00520368 -0.00253515 0.999983 0
0.491916 -0.870628 -0.00504754 146.739 0.870491 0.491714 0.0214904 102.669 -0.0162282 -0.0149653 0.999756 0
0.486995 -0.873399 0.00326157 147.152 0.872948 0.486857 0.030533 103.409 -0.0282554 -0.0120222 0.999529 0
0.483174 -0.875492 0.00756906 147.536 0.874984 0.483161 0.0309551 104.176 -0.030758 -0.00833387 0.999492 0
0.48171 -0.876328 0.00190506 147.934 0.876051 0.481611 0.024191 104.904 -0.0221168 -0.00998415 0.999706 0
0.480239 -0.877102 -0.00799329 148.316 0.877055 0.480049 0.0180794 105.636 -0.0120203 -0.015693 0.999805 0
0.478445 -0.878 -0.01437 148.695 0.878099 0.478263 0.0143548 106.388 -0.00573085 -0.0194863 0.999794 0
0.47712 -0.878743 -0.0129615 149.097 0.878818 0.476956 0.0138508 107.131 -0.00598926 -0.0179993 0.99982 0
0.4769 -0.878905 -0.00959669 149.53 0.878878 0.476682 0.0186275 107.889 -0.0117972 -0.0173178 0.999781 0
0.476471 -0.879167 -0.00642442 149.921 0.878958 0.476165 0.0264397 108.647 -0.0201858 -0.0182446 0.99963 0
0.475307 -0.87982 -0.00073114 150.308 0.879462 0.47509 0.02892 109.415 -0.025097 -0.0143889 0.999582 0
0.473341 -0.880862 0.0055592 150.709 0.880706 0.473364 0.0168612 110.132 -0.0174839 -0.0030851 0.999842 0
0.472176 -0.881468 0.00800594 151.129 0.881493 0.472196 0.000718786 110.863 -0.00441396 0.00671779 0.999968 0
0.471138 -0.881994 0.0107552 151.551 0.882049 0.471038 -0.010596 111.608 0.00427953 0.0144788 0.999886 0
0.470365 -0.882435 0.00815356 151.956 0.882457 0.470283 -0.0101618 112.367 0.00513266 0.0119749 0.999915 0
0.46923 -0.883063 0.00474654 152.368 0.883067 0.469243 0.00206858 113.146 -0.00405397 0.00322087 0.999987 0
0.466746 -0.884336 0.00993602 152.752 0.884293 0.466832 0.00963608 113.929 -0.01316 0.00428875 0.999904 0
0.464896 -0.88521 0.0165852 153.123 0.885228 0.465072 0.00893543 114.705 -0.015623 0.0105276 0.999823 0
0.465138 -0.885158 0.011956 153.505 0.885191 0.465211 0.00408838 115.452 -0.00918094 0.00868172 0.99992 0
0.46591 -0.884802 0.00733797 153.882 0.884818 0.465933 0.00180639 116.202 -0.0050173 0.00565115 0.999972 0
0.466026 -0.884761 0.00417552 154.27 0.884758 0.466039 0.00319338 116.941 -0.00477134 0.00220613 0.999986 0
0.46567 -0.884956 0.00221154 154.654 0.884931 0.465674 0.00676664 117.666 -0.00701804 -0.00119396 0.999975 0
0.465025 -0.885298 0.0005041 155.039 0.885228 0.464995 0.0123075 118.395 -0.0111302 -0.00527707 0.999924 0
0.464151 -0.885752 0.00262115 155.406 0.885649 0.464138 0.0141594 119.129 -0.0137583 -0.00425067 0.999896 0
0.463178 -0.886256 0.00398826 155.766 0.886186 0.463192 0.011236 119.874 -0.0118053 -0.00166992 0.999929 0
0.462626 -0.886547 0.00341978 156.118 0.886538 0.462637 0.00411964 120.604 -0.00523437 0.00112591 0.999986 0
0.462183 -0.886775 -0.0040665 156.506 0.88678 0.462162 0.00525534 121.341 -0.00278092 -0.00603502 0.999978 0
0.461039 -0.887337 -0.00877359 156.893 0.887336 0.460895 0.0145333 122.075 -0.0088522 -0.0144855 0.999856 0
0.458993 -0.88844 7.5779e-05 157.267 0.88821 0.458876 0.0227068 122.775 -0.0202084 -0.0103549 0.999742 0
0.457787 -0.889026 0.00806199 157.606 0.888734 0.457846 0.0229899 123.432 -0.0241298 -0.00335952 0.999703 0
0.457194 -0.889332 0.00791352 157.934 0.889138 0.45726 0.018609 124.121 -0.0201681 -0.00147171 0.999796 0
0.457757 -0.889063 0.00513066 158.274 0.888988 0.457785 0.0115769 124.8 -0.0126414 -0.00073832 0.99992 0
0.458731 -0.888573 -0.00206085 158.601 0.888552 0.458701 0.00830707 125.468 -0.00643612 -0.00564188 0.999963 0
0.459783 -0.887995 -0.00802896 158.908 0.888027 0.459734 0.00728085 126.081 -0.00277417 -0.0104775 0.999941 0
0.462334 -0.886668 -0.00822384 159.212 0.886706 0.462316 0.00407348 126.662 0.000190192 -0.00917543 0.999958 0
0.466294 -0.884593 -0.00801358 159.518 0.884629 0.466285 0.00307184 127.24 0.00101928 -0.00852143 0.999963 0
0.470749 -0.882236 -0.00745262 159.825 0.882263 0.470704 0.00701566 127.847 -0.00268149 -0.00987779 0.999948 0
0.475977 -0.879446 -0.00462785 160.15 0.879398 0.475877 0.014158 128.439 -0.0102489 -0.0108086 0.999889 0
0.481122 -0.876643 -0.00434567 160.481 0.876487 0.480927 0.0219237 129.035 -0.0171293 -0.0143569 0.99975 0
0.486378 -0.873723 -0.00665676 160.788 0.873596 0.486137 0.0223856 129.62 -0.0163227 -0.0167032 0.999727 0
0.492624 -0.870198 -0.00877403 161.063 0.870207 0.492488 0.0140198 130.186 -0.00787889 -0.0145417 0.999863 0
0.499004 -0.866539 -0.0102944 161.378 0.866599 0.498979 0.00503368 130.748 0.00077483 -0.011433 0.999934 0
0.505472 -0.862697 -0.0158594 161.707 0.862817 0.505515 0.00149138 131.309 0.00673056 -0.0144376 0.999873 0
0.51185 -0.858898 -0.0174099 162.06 0.859055 0.51187 0.00361791 131.883 0.00580418 -0.0168079 0.999842 0
0.517666 -0.855471 -0.0138204 162.413 0.855578 0.51765 0.00499518 132.445 0.00288091 -0.0144103 0.999892 0
0.523191 -0.852185 -0.00727049 162.78 0.852211 0.52314 0.00781207 133 -0.00285384 -0.0102832 0.999943 0
0.528379 -0.849009 9.15136e-05 163.147 0.848976 0.528359 0.00873672 133.547 -0.0074659 -0.00453861 0.999962 0
0.532095 -0.846685 0.000674924 163.491 0.846629 0.532068 0.0111185 134.085 -0.009773 -0.0053447 0.999938 0
0.532866 -0.846199 -0.00120699 163.829 0.846132 0.532805 0.0133865 134.623 -0.0106846 -0.00815449 0.99991 0
0.531896 -0.84681 -0.00084686 164.171 0.846722 0.531826 0.0148922 135.192 -0.0121605 -0.00863818 0.999889 0
0.531079 -0.847321 0.00147613 164.514 0.847202 0.531033 0.0158958 135.763 -0.0142527 -0.00719137 0.999873 0
0.531174 -0.847262 0.00133558 164.873 0.847117 0.53111 0.0177425 136.339 -0.0157419 -0.00829296 0.999842 0
0.531325 -0.847138 -0.00724126 165.234 0.847082 0.531129 0.0187995 136.92 -0.0120797 -0.0161226 0.999797 0
0.530977 -0.847243 -0.0155525 165.576 0.847372 0.530771 0.015588 137.491 -0.004952 -0.0214556 0.999758 0
0.528915 -0.848486 -0.0178807 165.898 0.848666 0.528886 0.00671329 138.019 0.00376073 -0.0187255 0.999818 0
0.525507 -0.850653 -0.0152298 166.23 0.850742 0.525583 -0.00117101 138.566 0.00900066 -0.0123413 0.999883 0
0.521554 -0.853095 -0.0145284 166.582 0.853209 0.521554 0.00409893 139.147 0.00408056 -0.0145336 0.999886 0
0.517936 -0.855315 -0.0133413 166.911 0.855404 0.517769 0.0141646 139.766 -0.00520749 -0.0187486 0.999811 0
0.514764 -0.857322 -0.00424288 167.286 0.857122 0.514522 0.0246826 140.397 -0.0189778 -0.0163424 0.999686 0
0.511481 -0.859279 0.00526293 167.659 0.858775 0.511375 0.0316487 141.018 -0.0298864 -0.011668 0.999485 0
0.509202 -0.860633 0.00496695 168.016 0.860191 0.509111 0.0296351 141.594 -0.0280337 -0.0108177 0.999549 0
0.507273 -0.861785 0.000721738 168.353 0.8615 0.507126 0.0253036 142.194 -0.0221723 -0.0122141 0.99968 0
0.50462 -0.863337 -0.00281172 168.699 0.863203 0.504477 0.0195982 142.799 -0.0155014 -0.0123167 0.999804 0
0.502282 -0.864703 0.00092239 169.056 0.86464 0.502258 0.0116053 143.403 -0.0104984 -0.00503161 0.999932 0
0.500944 -0.86544 0.00834771 169.407 0.865414 0.501002 0.00748098 143.995 -0.0106566 0.00347667 0.999937 0
0.500044 -0.865837 0.0168299 169.759 0.865882 0.500202 0.00684307 144.604 -0.0143433 0.0111508 0.999835 0
0.499074 -0.866277 0.0221382 170.117 0.866364 0.499341 0.00850918 145.215 -0.0184258 0.0149331 0.999719 0
0.498235 -0.866704 0.0242094 170.473 0.866842 0.498526 0.00759472 145.819 -0.0186514 0.0172017 0.999678 0
0.49767 -0.86698 0.0258957 170.823 0.867218 0.497915 0.00360451 146.407 -0.0160189 0.0206633 0.999658 0
