0.480565 -0.87665 0.0232865 0.687383 0.876925 0.48061 -0.00401009 0.55236 -0.0076763 0.0223477 0.999721 0
0.47446 -0.879863 0.0269913 0.905352 0.880275 0.474164 -0.0168839 0.964998 0.00205717 0.0317705 0.999493 0
0.472988 -0.880727 0.0245267 1.32784 0.881057 0.472655 -0.018325 1.74656 0.00454661 0.0302769 0.999531 0
0.471676 -0.881502 0.021825 1.75188 0.881745 0.471322 -0.0195243 2.53639 0.00692409 0.0284532 0.999571 0
0.470284 -0.882309 0.0190648 2.17731 0.882478 0.469957 -0.019336 3.33388 0.00810071 0.0259177 0.999631 0
0.468445 -0.883371 0.0146598 2.57008 0.883452 0.468201 -0.0173206 4.06072 0.00843678 0.0210649 0.999743 0
0.467072 -0.884078 0.0158199 2.99633 0.884197 0.466858 -0.0154716 4.86504 0.00629242 0.0212142 0.999755 0
0.46596 -0.884648 0.0167102 3.42341 0.884794 0.465771 -0.0140442 5.67498 0.00464106 0.0213291 0.999762 0
0.463212 -0.886097 0.016329 3.83715 0.88624 0.463055 -0.0125972 6.45925 0.00360114 0.0203066 0.999787 0
0.460703 -0.887389 0.0171508 4.24635 0.88755 0.46055 -0.0122429 7.24101 0.00296545 0.0208625 0.999778 0
0.458684 -0.8884 0.0188265 4.65743 0.888599 0.458554 -0.0109976 8.02664 0.00113727 0.0217736 0.999762 0
0.458481 -0.888493 0.0193758 5.08907 0.888703 0.458409 -0.00826263 8.85592 -0.00154077 0.0210076 0.999778 0
0.458898 -0.888255 0.0203758 5.52232 0.888473 0.458907 -0.00448176 9.69086 -0.00536967 0.02016 0.999782 0
0.459896 -0.887699 0.0220561 5.95922 0.887927 0.459984 -0.00119526 10.53 -0.00908441 0.0201339 0.999756 0
0.461362 -0.886889 0.0239283 6.40015 0.887135 0.461509 0.000745325 11.3734 -0.0117042 0.0208838 0.999713 0
0.460132 -0.887578 0.0219935 6.78749 0.887754 0.460306 0.00335377 12.1408 -0.0131005 0.0179817 0.999752 0
0.461573 -0.886879 0.0199145 7.23595 0.887048 0.461676 0.000674893 12.9947 -0.00979263 0.0173537 0.999801 0
0.463326 -0.886054 0.0153984 7.66973 0.886175 0.463342 -0.00273301 13.8265 -0.00471313 0.014912 0.999878 0
0.464558 -0.88539 0.016467 8.12686 0.885537 0.464543 -0.00495976 14.69 -0.00325832 0.0168863 0.999852 0
0.465215 -0.884965 0.0202979 8.5888 0.885176 0.46524 -0.00372597 15.5587 -0.00614603 0.0197006 0.999787 0
0.465091 -0.884911 0.02496 9.05409 0.885197 0.465215 -0.000969479 16.4322 -0.0107538 0.0225454 0.999688 0
0.464665 -0.884921 0.0316568 9.52289 0.885394 0.464837 -0.00212136 17.3078 -0.012838 0.0290144 0.999497 0
0.463926 -0.885132 0.0362457 9.99388 0.885806 0.464007 -0.00663569 18.1859 -0.0109448 0.0351851 0.999321 0
0.463925 -0.885096 0.0371419 10.4335 0.88584 0.463869 -0.010645 19.049 -0.00780711 0.0378402 0.999253 0
0.462662 -0.885808 0.0358994 10.9052 0.88652 0.462507 -0.012996 19.939 -0.00509174 0.0378383 0.999271 0
0.462015 -0.886114 0.0366772 11.3433 0.886862 0.461814 -0.014261 20.8086 -0.00430122 0.0391164 0.999225 0
0.461137 -0.886575 0.0365778 11.8193 0.887304 0.46104 -0.0115438 21.7123 -0.0066294 0.0377789 0.999264 0
0.460339 -0.886991 0.0365479 12.2952 0.887702 0.460323 -0.00933493 22.6193 -0.00854384 0.0367408 0.999288 0
0.459558 -0.887348 0.037672 12.7723 0.888084 0.459618 -0.00755834 23.5266 -0.0106078 0.0369294 0.999262 0
0.459188 -0.887434 0.0400891 13.2491 0.888244 0.459332 -0.00608663 24.4341 -0.0130127 0.0384038 0.999178 0
0.458243 -0.887841 0.0418543 13.6797 0.888666 0.458547 -0.00259192 25.3197 -0.016891 0.0383822 0.99912 0
0.45887 -0.887577 0.0405634 14.1202 0.888318 0.459229 -0.000509612 26.2003 -0.0181756 0.036267 0.999177 0
0.458769 -0.887625 0.0406591 14.6024 0.888378 0.459112 -0.00101695 27.106 -0.0177644 0.0365872 0.999173 0
0.45906 -0.887609 0.0376006 15.0823 0.888275 0.459307 -0.00229196 28.0101 -0.0152358 0.0344518 0.99929 0
0.459081 -0.887595 0.0376714 15.5617 0.888284 0.459281 -0.00369106 28.9119 -0.0140256 0.0351573 0.999283 0
0.458231 -0.888539 0.0228551 16.0431 0.888716 0.458436 0.00440932 29.8108 -0.0143955 0.0182912 0.999729 0
0.457491 -0.8889 0.0236273 16.5213 0.889081 0.457721 0.00515075 30.7084 -0.0153932 0.0186502 0.999708 0
0.457171 -0.889085 0.0228463 16.9929 0.889249 0.457393 0.00534562 31.6046 -0.0152024 0.0178721 0.999725 0
0.456855 -0.889334 0.0191937 17.4589 0.889473 0.456981 0.00255489 32.4986 -0.0110433 0.0159051 0.999813 0
0.460104 -0.887735 0.0151568 17.7232 0.887859 0.460094 -0.00437762 33.2063 -0.00308737 0.0154712 0.999876 0
0.459513 -0.888032 0.0156994 18.2001 0.888162 0.459516 -0.00362015 34.1085 -0.0039993 0.0156071 0.99987 0
0.459169 -0.888136 0.0194393 18.6747 0.888316 0.459231 -0.00140094 35.0065 -0.00768292 0.0179115 0.99981 0
0.458742 -0.8883 0.0218713 19.1456 0.888516 0.458846 -0.000287985 35.8994 -0.00977972 0.0195651 0.999761 0
0.458463 -0.888375 0.0245163 19.6127 0.888658 0.458569 -0.00143678 36.7873 -0.00996601 0.0224453 0.999698 0
0.459377 -0.887832 0.0269866 19.9393 0.888197 0.459447 -0.00390372 37.542 -0.00893306 0.0257627 0.999628 0
0.457835 -0.888575 0.0286514 20.4014 0.888995 0.45789 -0.00500129 38.4208 -0.0086752 0.0277607 0.999577 0
0.456561 -0.889118 0.0319412 20.8608 0.889624 0.456676 -0.00404984 39.2967 -0.010986 0.0302647 0.999482 0
0.454963 -0.889723 0.0374307 21.3184 0.890371 0.455233 -0.00146546 40.1696 -0.0157358 0.033994 0.999298 0
0.453302 -0.890491 0.0392899 21.7697 0.891139 0.453725 0.00211802 41.0395 -0.0197129 0.0340527 0.999226 0
0.452563 -0.890908 0.0383278 22.2149 0.891515 0.452983 0.00258869 41.9039 -0.0196681 0.0329983 0.999262 0
0.449947 -0.892473 0.0322345 22.5332 0.892959 0.450134 -0.00159406 42.6574 -0.0130872 0.0295013 0.999479 0
0.449124 -0.893003 0.028854 22.9651 0.893444 0.44912 -0.00699547 43.5028 -0.00671193 0.0289213 0.999559 0
0.448339 -0.893526 0.0245482 23.3894 0.893853 0.448299 -0.00741603 44.3402 -0.0043785 0.0252673 0.999671 0
0.454693 -0.890391 0.0214147 23.7612 0.890632 0.454697 -0.00494839 45.1483 -0.00533118 0.0213226 0.999758 0
0.452731 -0.891402 0.0209257 24.169 0.891612 0.452797 -0.00169287 45.9579 -0.00796607 0.019424 0.99978 0
0.452601 -0.891485 0.0201571 24.5696 0.891671 0.452684 -0.000499753 46.7543 -0.00867928 0.0181997 0.999797 0
0.450702 -0.892453 0.0198826 24.9632 0.892628 0.450793 0.000131476 47.5385 -0.00908028 0.0176885 0.999802 0
0.44851 -0.893563 0.0195828 25.3498 0.893719 0.448623 0.00162301 48.3105 -0.0102356 0.0167736 0.999807 0
0.446413 -0.894603 0.0199997 25.7293 0.894759 0.446544 0.00237848 49.0707 -0.0110585 0.0168331 0.999797 0
0.490508 -0.871341 -0.0129366 25.939 0.871413 0.49055 -5.66517e-05 49.7416 0.0063954 -0.0112453 0.999916 0
0.484821 -0.874546 -0.0108776 26.3255 0.874605 0.484832 0.00177648 50.4827 0.00372022 -0.0103749 0.999939 0
0.479291 -0.877616 -0.00836436 26.701 0.877656 0.479258 0.00566136 51.212 -0.000959819 -0.0100545 0.999949 0
0.471058 -0.882088 -0.00494419 27.0665 0.882082 0.471002 0.0093613 51.9271 -0.00592877 -0.0087709 0.999944 0
0.466745 -0.884366 -0.00680211 27.42 0.884373 0.466671 0.0101718 52.6263 -0.00582125 -0.0107632 0.999925 0
0.460667 -0.88753 -0.00874122 27.7609 0.887571 0.46062 0.00689354 53.3082 -0.00209184 -0.0109341 0.999938 0
0.454809 -0.890539 -0.00947727 28.0925 0.890583 0.45482 0.0010175 53.9711 0.00340433 -0.00890306 0.999955 0
0.448851 -0.893551 -0.00992481 28.4129 0.893577 0.4489 -0.00319264 54.6164 0.00730803 -0.00743556 0.999946 0
0.44369 -0.896137 -0.00878251 28.721 0.896161 0.443724 -0.00221433 55.2435 0.00588135 -0.00688806 0.999959 0
0.438071 -0.898915 -0.00680304 29.0183 0.89894 0.438067 0.00208452 55.8502 0.00110638 -0.00702869 0.999975 0
0.432162 -0.901786 -0.0042124 29.3073 0.901796 0.432158 0.0019608 56.436 5.22029e-05 -0.00464611 0.999989 0
0.427026 -0.904239 0.000781247 29.5894 0.904235 0.427021 -0.00355712 57.0021 0.00288288 0.00222542 0.999993 0
0.42176 -0.906691 0.00553593 29.8651 0.906681 0.421694 -0.0101567 57.5502 0.00687448 0.009303 0.999933 0
0.418667 -0.908105 0.00791505 30.1316 0.908092 0.418541 -0.013841 58.0832 0.00925633 0.0129824 0.999873 0
0.416609 -0.909055 0.00746129 30.3879 0.909058 0.416519 -0.0111754 58.6025 0.00705125 0.0114385 0.99991 0
0.415165 -0.909696 0.00955043 30.6405 0.909741 0.415104 -0.0077289 59.106 0.00306652 0.0118972 0.999925 0
0.412561 -0.910788 0.0160702 30.8961 0.910929 0.41252 -0.00596659 59.5919 -0.00119498 0.0171004 0.999853 0
0.413564 -0.910138 0.0247646 31.1512 0.910452 0.413593 -0.00420376 60.0627 -0.00641643 0.0242855 0.999684 0
0.418822 -0.907636 0.0280351 31.4028 0.908015 0.418934 -0.00203483 60.5205 -0.00989797 0.0263085 0.999605 0
0.424821 -0.90489 0.0264811 31.6494 0.905223 0.424934 -0.00146582 60.9665 -0.00992633 0.024594 0.999648 0
0.434202 -0.900501 0.0237883 31.8967 0.900744 0.434349 0.00111566 61.399 -0.0113371 0.0209427 0.999716 0
0.446508 -0.894455 0.0240975 32.1518 0.894684 0.446692 0.00258416 61.8145 -0.0130755 0.0204058 0.999706 0
0.462163 -0.886337 0.0284914 32.4154 0.886663 0.46241 0.00241196 62.2122 -0.0153125 0.0241476 0.999591 0
0.480875 -0.876182 0.0326319 32.6872 0.876603 0.481207 0.00268972 62.5938 -0.0180594 0.0273118 0.999464 0
0.502455 -0.863815 0.0369033 32.9682 0.864328 0.502914 0.0037541 62.9628 -0.021802 0.0300103 0.999312 0
0.5269 -0.849001 0.0396741 33.2611 0.849561 0.52747 0.00474788 63.3194 -0.0249578 0.0312039 0.999201 0
0.554632 -0.83105 0.0417188 33.5675 0.831645 0.555284 0.00508471 63.663 -0.0273914 0.0318751 0.999116 0
0.586738 -0.808653 0.0426487 33.8888 0.809269 0.587421 0.0044855 63.9915 -0.02868 0.0318825 0.99908 0
0.637779 -0.7696 0.0308933 34.2276 0.770018 0.638017 -0.00270835 64.3027 -0.0176261 0.0255157 0.999519 0
0.739355 -0.672629 -0.0304071 34.6029 0.67253 0.73992 -0.0149132 64.5923 0.0325299 -0.00942359 0.999426 0
0.719522 -0.68786 0.095585 35.0028 0.68971 0.723876 0.0174052 64.8261 -0.0811641 0.0534025 0.995269 0
0.823329 -0.566393 0.0364435 35.3827 0.566529 0.824008 0.00749461 65.0048 -0.0342746 0.0144757 0.999308 0
0.871548 -0.489807 0.022218 35.7369 0.489844 0.8718 0.00411886 65.1638 -0.0213871 0.00729357 0.999745 0
0.892991 -0.449669 0.0191183 35.8441 0.449736 0.893161 0.000880088 65.0607 -0.0174714 0.00781227 0.999817 0
0.919995 -0.391508 0.0181735 36.2118 0.391587 0.920141 -0.000845734 65.2247 -0.0163911 0.00789459 0.999834 0
0.943021 -0.332229 0.0183123 36.5864 0.332316 0.943166 -0.00181834 65.3645 -0.0166674 0.00780019 0.999831 0
0.958244 -0.285138 0.0215371 36.8042 0.285141 0.958481 0.00300751 65.3426 -0.0215004 0.00325917 0.999764 0
0.974225 -0.224439 0.022654 37.187 0.2244 0.974488 0.00431052 65.431 -0.0230435 0.000884133 0.999734 0
0.986161 -0.164223 0.0227686 37.5728 0.164194 0.986423 0.00313959 65.4935 -0.0229751 0.00064232 0.999736 0
0.994145 -0.10584 0.0217669 37.9533 0.105913 0.994373 -0.00219893 65.5236 -0.0214117 0.00449144 0.999761 0
0.998551 -0.0495625 0.0209781 38.3402 0.0496559 0.998759 -0.00395799 65.535 -0.0207559 0.00499394 0.999772 0
0.999785 0.00454796 0.0202353 38.7266 -0.00453154 0.999989 -0.000856999 65.5304 -0.020239 0.000765118 0.999795 0
0.998234 0.0561745 0.0193207 39.1115 -0.0562378 0.998414 0.0027479 65.5072 -0.0191356 -0.0038296 0.99981 0
0.995197 0.0865806 0.0456746 39.4797 -0.0865102 0.996245 -0.00352031 65.4499 -0.0458079 -0.000447914 0.99895 0
0.985761 0.165957 0.0270847 39.8543 -0.165779 0.986125 -0.00871075 65.3722 -0.0281545 0.00409664 0.999595 0
0.979192 0.196363 0.0512336 40.2035 -0.195369 0.980441 -0.0237949 65.2551 -0.0549039 0.0132903 0.998403 0
0.976957 0.213165 0.0107565 40.5796 -0.212989 0.976932 -0.0154889 65.1498 -0.0138101 0.012841 0.999822 0
0.969457 0.2451 0.00891673 40.9606 -0.245029 0.96948 -0.00829448 65.0416 -0.0106776 0.00585628 0.999926 0
0.963025 0.268884 0.0168633 41.3144 -0.268957 0.96315 0.00220941 64.8867 -0.0156478 -0.00666321 0.999855 0
0.955163 0.295694 0.0151039 41.701 -0.295809 0.955229 0.00596084 64.754 -0.0126651 -0.0101614 0.999868 0
0.947422 0.319745 0.0124133 42.0914 -0.319815 0.947471 0.00408668 64.6043 -0.0104545 -0.00784176 0.999915 0
0.942406 0.33428 0.011332 42.4404 -0.33428 0.942472 -0.00192685 64.3989 -0.0113242 -0.00197219 0.999934 0
0.935367 0.353676 0.00118563 42.8478 -0.35367 0.935363 -0.00374869 64.2301 -0.00243482 0.00308708 0.999992 0
0.928228 0.371991 -0.00387073 43.2667 -0.372 0.928231 -0.0019649 64.0564 0.00286201 0.00326379 0.999991 0
0.921684 0.387939 -0.00141519 43.6965 -0.387939 0.921685 7.83531e-05 63.8733 0.00133476 0.000476792 0.999999 0
0.917515 0.397677 0.00439949 44.0782 -0.397673 0.917525 -0.00180094 63.6478 -0.00475284 -9.71692e-05 0.999989 0
0.911488 0.411279 0.00622767 44.5353 -0.411267 0.911509 -0.00327029 63.4441 -0.00702158 0.000419602 0.999975 0
0.905801 0.423661 0.00594967 45.0017 -0.423628 0.905816 -0.00601786 63.2273 -0.00793884 0.00293054 0.999964 0
0.900674 0.434479 0.00380135 45.4787 -0.434435 0.90066 -0.00884496 62.9986 -0.00726667 0.00631499 0.999954 0
0.89612 0.44381 0.00127814 45.9683 -0.443773 0.896076 -0.0106441 62.7592 -0.00586925 0.00897116 0.999943 0
0.89257 0.450908 -0.000699452 46.4713 -0.450883 0.892504 -0.0119006 62.509 -0.00474183 0.0109375 0.999929 0
0.88953 0.456869 -0.00279793 46.9882 -0.456865 0.889443 -0.0128667 62.2484 -0.0033898 0.0127236 0.999913 0
0.886414 0.462869 -0.00468437 47.5205 -0.46289 0.886326 -0.0126498 61.9784 -0.00170333 0.0133813 0.999909 0
0.882953 0.469348 -0.0103556 48.0438 -0.469456 0.882834 -0.0146224 61.6688 0.00227933 0.0177724 0.999839 0
0.880827 0.473297 -0.0115834 48.6071 -0.473431 0.880685 -0.0160142 61.3786 0.00262182 0.0195897 0.999805 0
0.878776 0.477064 -0.0127346 49.1856 -0.477224 0.878617 -0.0169874 61.0798 0.0030848 0.0210054 0.999775 0
0.876013 0.482024 -0.0159316 49.7585 -0.482259 0.875844 -0.0179897 60.7386 0.00528216 0.0234424 0.999711 0
0.875648 0.482662 -0.0166653 50.3613 -0.482928 0.87541 -0.0209044 60.4217 0.00449923 0.0263531 0.999643 0
0.873967 0.485608 -0.0191493 50.9755 -0.485957 0.873662 -0.0236763 60.0939 0.00523263 0.0299981 0.999536 0
0.887693 0.460359 -0.00836686 51.603 -0.460371 0.887118 -0.0328834 59.7586 -0.00771577 0.0330422 0.999424 0
0.884798 0.46581 -0.0123955 52.166 -0.46596 0.884242 -0.0315829 59.3078 -0.00375103 0.0337203 0.999424 0
0.885078 0.465284 -0.0121437 52.7433 -0.465417 0.88445 -0.0336885 58.8709 -0.00493419 0.0354688 0.999359 0
0.887601 0.460457 -0.0120156 53.4121 -0.460579 0.886911 -0.0354401 58.5285 -0.00566188 0.0369908 0.9993 0
0.88999 0.455848 -0.0110076 54.0961 -0.455928 0.889257 -0.0367583 58.1806 -0.00696761 0.0377332 0.999264 0
0.892425 0.451106 -0.00893892 54.7948 -0.451111 0.891704 -0.0369244 57.8282 -0.00868595 0.0369847 0.999278 0
0.89477 0.446481 -0.00644553 55.5065 -0.446408 0.894104 -0.0360364 57.4722 -0.0103266 0.0351216 0.99933 0
0.891607 0.452755 -0.00710853 56.0481 -0.452651 0.890766 -0.0405473 56.9773 -0.012026 0.03937 0.999152 0
0.89333 0.449335 -0.00767973 56.7755 -0.449283 0.892573 -0.0381815 56.6112 -0.0103016 0.0375591 0.999241 0
0.894398 0.447161 -0.00996078 57.5104 -0.447235 0.893816 -0.0327773 56.2469 -0.00575364 0.0337707 0.999413 0
0.894553 0.446788 -0.0124844 58.2505 -0.44696 0.894105 -0.0283336 55.8829 -0.00149679 0.0309259 0.999521 0
0.894521 0.446845 -0.0127299 58.9921 -0.447026 0.894173 -0.0249661 55.5167 0.000226776 0.0280233 0.999607 0
0.894318 0.447311 -0.0104269 59.7342 -0.44743 0.894001 -0.0238442 55.1485 -0.00134411 0.0259896 0.999661 0
0.894131 0.447719 -0.00881723 60.4755 -0.447797 0.893821 -0.0237139 54.779 -0.00273614 0.0251517 0.99968 0
0.893903 0.448199 -0.00749947 61.2157 -0.448245 0.893603 -0.023452 54.4084 -0.00380963 0.0243254 0.999697 0
0.893688 0.448645 -0.00621913 61.9548 -0.448668 0.893428 -0.0220002 54.0378 -0.00431397 0.0224517 0.999739 0
0.893481 0.449065 -0.00562287 62.6928 -0.449082 0.89326 -0.0203175 53.6672 -0.00410117 0.0206784 0.999778 0
0.892992 0.450044 -0.00514321 63.4298 -0.450061 0.892828 -0.0174246 53.2966 -0.00324981 0.0178747 0.999835 0
0.89187 0.45227 -0.00441438 64.1652 -0.452283 0.891752 -0.014751 52.926 -0.00273489 0.0151525 0.999881 0
0.881865 0.471435 0.00792816 64.7999 -0.471493 0.881829 0.00854068 52.5183 -0.0029649 -0.0112698 0.999932 0
0.880488 0.473957 0.0102613 65.5322 -0.474044 0.880456 0.00893915 52.1229 -0.00479782 -0.0127351 0.999907 0
0.878639 0.477306 0.0131494 66.2618 -0.477431 0.878623 0.00896049 51.7274 -0.00727645 -0.014151 0.999873 0
0.876051 0.481997 0.0146159 66.9865 -0.482145 0.876045 0.00906875 51.3311 -0.00843309 -0.0149917 0.999852 0
0.871991 0.489435 0.00924265 67.6998 -0.489486 0.872001 0.00426057 50.9207 -0.00597433 -0.00823932 0.999948 0
0.867953 0.496572 0.00859036 68.4104 -0.496618 0.867958 0.00440551 50.5193 -0.00526842 -0.0080899 0.999953 0
0.863705 0.503931 0.00816131 69.1138 -0.503972 0.863711 0.00402235 50.1144 -0.00502202 -0.0075872 0.999959 0
0.859086 0.511749 0.00917619 69.8097 -0.511793 0.859103 0.00317928 49.706 -0.0062563 -0.00742758 0.999953 0
0.852848 0.52213 0.00557381 70.5105 -0.52216 0.852797 0.00927874 49.2756 9.13861e-05 -0.0108238 0.999941 0
0.849171 0.528095 0.00497013 71.1879 -0.528118 0.849122 0.00915263 48.8379 0.000613207 -0.010397 0.999946 0
0.839838 0.54283 0.00279345 71.845 -0.54283 0.839793 0.00914255 48.4184 0.00261693 -0.00919463 0.999954 0
0.845783 0.533479 0.0071762 72.4939 -0.533519 0.845766 0.00604944 47.9973 -0.00284214 -0.00894515 0.999956 0
0.840671 0.541534 0.00355735 73.1347 -0.541538 0.840607 0.0107784 47.5751 0.00284653 -0.0109875 0.999936 0
0.834655 0.550562 0.0152552 73.766 -0.550548 0.834786 -0.00549765 47.1515 -0.0157616 -0.00381006 0.999869 0
0.829982 0.55747 0.0188856 74.3888 -0.557527 0.830155 -0.0026394 46.7273 -0.0171494 -0.00833859 0.999818 0
0.826027 0.563614 0.00422058 75.003 -0.563483 0.82596 -0.0166494 46.3032 -0.0128699 0.0113747 0.999852 0
0.821993 0.569469 0.00563652 75.6077 -0.569309 0.821936 -0.0175578 45.8776 -0.0146315 0.0112235 0.99983 0
0.817831 0.575427 0.00609119 76.2029 -0.575233 0.817761 -0.0193451 45.4508 -0.0161128 0.0123171 0.999794 0
0.812535 0.582881 0.00602062 76.7885 -0.582616 0.812409 -0.0234754 45.0233 -0.0185745 0.0155669 0.999706 0
0.815167 0.579171 0.00795915 77.3656 -0.578711 0.814945 -0.030967 44.6098 -0.0244215 0.0206372 0.999489 0
0.786061 0.618148 0.00115758 77.9245 -0.617716 0.785579 -0.0359626 44.1776 -0.0231396 0.0275537 0.999352 0
0.78387 0.620858 0.00913916 78.4753 -0.619848 0.783292 -0.047353 43.7522 -0.0365581 0.0314537 0.998836 0
0.778474 0.62713 -0.0262019 79.0169 -0.627493 0.778578 -0.00830654 43.3351 0.0151909 0.0229079 0.999622 0
0.800431 0.598326 -0.0362832 79.5447 -0.599122 0.800484 -0.0166958 42.9292 0.0190546 0.0351019 0.999202 0
0.80039 0.599397 -0.0099522 80.0577 -0.598907 0.800241 0.030419 42.5368 0.0261972 -0.0183866 0.999488 0
0.803862 0.594637 0.014549 80.559 -0.594789 0.803816 0.0103055 42.1631 -0.00556668 -0.0169378 0.999841 0
0.808531 0.588098 0.0204499 81.0503 -0.588414 0.808389 0.0165916 41.8095 -0.00677401 -0.0254478 0.999653 0
0.815129 0.579279 0.0011228 81.531 -0.579255 0.815111 -0.00763117 41.4771 -0.00533578 0.00557 0.99997 0
0.824151 0.56626 0.0112264 81.8518 -0.566176 0.824225 -0.00989614 41.0573 -0.0148568 0.00179981 0.999888 0
0.833216 0.552856 0.010078 82.3306 -0.552791 0.833276 -0.00856357 40.7795 -0.0131322 0.00156426 0.999913 0
0.843781 0.536634 0.00764375 82.8026 -0.536591 0.843813 -0.00697266 40.5215 -0.0101917 0.00178182 0.999946 0
0.859427 0.511258 0.000408957 83.1501 -0.511245 0.85941 -0.00650758 40.1679 -0.00367851 0.00538371 0.999979 0
0.873137 0.487464 -0.00344019 83.6081 -0.487476 0.873117 -0.00582918 39.9475 0.000162178 0.00676668 0.999977 0
0.887372 0.461029 -0.00474521 84.099 -0.461049 0.887363 -0.00451935 39.7613 0.00212717 0.00619812 0.999979 0
0.903035 0.429562 -0.00198473 84.5897 -0.429566 0.903023 -0.00461609 39.5903 -0.000190633 0.00502106 0.999987 0
0.920578 0.390559 -0.000720861 85.0593 -0.390545 0.920526 -0.0103087 39.4159 -0.00336257 0.00977145 0.999947 0
0.935664 0.352879 -0.00316094 85.5509 -0.35287 0.935462 -0.019831 39.2846 -0.004041 0.0196706 0.999798 0
0.951812 0.306416 0.0127628 86.0434 -0.306504 0.951853 0.00559444 39.1743 -0.0104341 -0.0092367 0.999903 0
0.965225 0.261078 0.0133619 86.5357 -0.261143 0.965294 0.00340002 39.0875 -0.0120105 -0.00677116 0.999905 0
0.978588 0.204901 0.0195444 87.0269 -0.205187 0.978623 0.0139398 39.0253 -0.0162703 -0.0176516 0.999712 0
0.988335 0.151845 0.0117089 87.5149 -0.151709 0.988355 -0.0117569 38.9861 -0.0133578 0.00984342 0.999862 0
0.996557 0.0824853 0.00843895 87.9798 -0.082338 0.996468 -0.0165181 38.9686 -0.00977164 0.0157664 0.999828 0
0.999833 0.0178629 0.00391719 88.4569 -0.0177898 0.999681 -0.017955 38.9795 -0.00423666 0.0178823 0.999831 0
0.998809 -0.0487876 -0.00061672 88.9295 0.0487698 0.998661 -0.0172391 39.0196 0.00145695 0.0171885 0.999851 0
0.990856 -0.134887 -0.0031897 89.3755 0.134804 0.990692 -0.0188871 39.0954 0.00570762 0.0182844 0.999817 0
0.979625 -0.200757 -0.00562204 89.835 0.200633 0.979511 -0.0174254 39.1894 0.00900512 0.0159424 0.999832 0
0.964086 -0.265507 -0.00666577 90.2868 0.265367 0.964001 -0.0168224 39.3088 0.0108923 0.0144494 0.999836 0
0.944515 -0.32844 -0.00418241 90.7297 0.328335 0.944421 -0.0162745 39.4547 0.00929516 0.0139983 0.999859 0
0.92095 -0.389679 0.000609436 91.1622 0.389656 0.920876 -0.0124744 39.6286 0.00429979 0.0117257 0.999922 0
0.895398 -0.445243 0.00460974 91.5499 0.445266 0.895327 -0.0113207 39.8523 0.000913219 0.012189 0.999925 0
0.865705 -0.50047 0.00923068 91.9638 0.500531 0.865695 -0.0062988 40.0708 -0.0048386 0.0100731 0.999938 0
0.83359 -0.55227 0.0111884 92.3285 0.552304 0.833643 0.000124007 40.3374 -0.00939562 0.00607602 0.999937 0
0.803137 -0.595655 0.012891 92.7239 0.595635 0.803234 0.00573962 40.5989 -0.0137733 0.00306862 0.9999 0
0.774984 -0.631858 0.0124202 93.1065 0.631733 0.775081 0.0127364 40.8876 -0.0176743 -0.00202429 0.999842 0
0.757238 -0.653134 0.00258325 93.4296 0.652959 0.757116 0.0204815 41.2106 -0.015333 -0.0138226 0.999787 0
0.733804 -0.679251 0.0122162 93.8007 0.679192 0.733904 0.00908092 41.5318 -0.0151337 0.00163352 0.999884 0
0.720823 -0.693059 0.0091315 94.1218 0.693013 0.720881 0.00801084 41.8742 -0.0121347 0.000553846 0.999926 0
0.706355 -0.70781 0.00821192 94.4913 0.707752 0.706402 0.00907906 42.2201 -0.0122272 -0.000601034 0.999925 0
0.695966 -0.71765 0.0246944 94.856 0.717961 0.696055 -0.00617014 42.5819 -0.0127607 0.0220238 0.999676 0
0.687861 -0.725492 0.0225632 95.2192 0.725729 0.687971 -0.00372513 42.9576 -0.0128203 0.0189372 0.999738 0
0.682235 -0.730928 0.017322 95.5847 0.731026 0.682349 0.000934322 43.3455 -0.0125026 0.0120254 0.999849 0
0.679255 -0.733826 0.0106033 95.9547 0.733829 0.67932 0.00426198 43.7439 -0.0103306 0.00488601 0.999935 0
0.678458 -0.734627 0.00431049 96.3335 0.734604 0.678471 0.00576463 44.1495 -0.00715939 -0.000744559 0.999974 0
0.679546 -0.73363 0.00186053 96.7224 0.733611 0.679543 0.00594987 44.561 -0.00562931 -0.00267831 0.999981 0
0.682581 -0.73081 -0.000728465 97.1209 0.730809 0.682578 0.00226199 44.9792 -0.00115585 -0.00207636 0.999997 0
0.686188 -0.727413 -0.00401354 97.5295 0.72741 0.686198 -0.00245798 45.4039 0.00454205 -0.00123285 0.999989 0
0.690004 -0.72376 -0.00807917 97.9464 0.723772 0.690037 -0.00195633 45.8371 0.00699084 -0.0044976 0.999965 0
0.695098 -0.718689 -0.0179912 98.1757 0.718915 0.694874 0.017657 46.1939 -0.0001883 -0.0252075 0.999682 0
0.698829 -0.715098 -0.0165157 98.6263 0.71528 0.698518 0.0211207 46.6343 -0.00356685 -0.0265731 0.999641 0
0.701999 -0.712094 -0.0109863 99.0901 0.712124 0.701671 0.0231812 47.0772 -0.00879847 -0.0240968 0.999671 0
0.704686 -0.709501 -0.00516791 99.5635 0.709385 0.704391 0.0246443 47.5269 -0.0138449 -0.0210325 0.999683 0
0.707116 -0.707097 -0.000756803 100.044 0.706877 0.706868 0.0257605 47.9851 -0.0176802 -0.0187506 0.999668 0
0.708612 -0.705596 0.00193262 100.532 0.705404 0.708479 0.0215354 48.4474 -0.0165645 -0.013897 0.999766 0
0.708733 -0.705473 0.00238261 101.029 0.705361 0.708674 0.0157367 48.9158 -0.0127903 -0.00947252 0.999873 0
0.708211 -0.705999 -0.0016337 101.529 0.705981 0.708172 0.00915139 49.3942 -0.00530393 -0.00763447 0.999957 0
0.707182 -0.707003 -0.00635542 102.035 0.707032 0.707155 0.00615104 49.8833 0.000145467 -0.00884339 0.999961 0
0.704597 -0.709467 -0.0141739 102.372 0.709543 0.704662 0.000482339 50.2828 0.00964558 -0.0103968 0.999899 0
0.703205 -0.710943 -0.00793289 102.897 0.710983 0.703193 0.00466902 50.7955 0.00225895 -0.00892343 0.999958 0
0.701778 -0.712396 0.000116388 103.429 0.712347 0.701732 0.0115737 51.3174 -0.00832671 -0.00803924 0.999933 0
0.700224 -0.713918 0.00255196 103.964 0.713794 0.700162 0.0164669 51.8491 -0.0135428 -0.00970892 0.999861 0
0.698973 -0.715147 0.000703498 104.502 0.714994 0.698844 0.0200201 52.3918 -0.014809 -0.0134906 0.999799 0
0.696948 -0.717117 -0.00256081 105.046 0.717023 0.696787 0.0191151 52.9422 -0.0119235 -0.0151584 0.999814 0
0.694038 -0.719916 -0.00561336 105.599 0.719904 0.693909 0.0151333 53.4999 -0.00699954 -0.0145442 0.99987 0
0.69172 -0.722134 -0.00675319 105.717 0.722164 0.691708 0.00437755 53.8677 0.00151006 -0.00790496 0.999968 0
0.688894 -0.724852 -0.0038381 106.295 0.724862 0.688886 0.00331689 54.4452 0.000239758 -0.00506708 0.999987 0
0.68681 -0.726837 -0.000652073 106.877 0.726835 0.686805 0.00332319 55.0328 -0.00196757 -0.00275635 0.999994 0
0.68546 -0.728106 0.00256616 107.463 0.728097 0.685465 0.0037089 55.6289 -0.00445948 -0.000673888 0.99999 0
0.684593 -0.728898 0.00637341 108.052 0.728901 0.684615 0.00214243 56.2305 -0.00592495 0.00317889 0.999977 0
0.684173 -0.729261 0.00928105 108.645 0.729279 0.684213 0.00187287 56.8378 -0.00771603 0.00548711 0.999955 0
0.684062 -0.729379 0.00805936 109.239 0.729381 0.6841 0.00331418 57.4517 -0.0079307 0.00361124 0.999962 0
0.684363 -0.729137 0.00234276 109.832 0.729122 0.684365 0.00507328 58.0716 -0.00530243 -0.00176381 0.999984 0
0.685234 -0.727795 -0.0277084 110.378 0.727928 0.685619 -0.00682377 58.683 0.0239638 -0.0154939 0.999593 0
0.686259 -0.726705 -0.0307998 110.995 0.727045 0.68659 -0.00024737 59.3172 0.0213266 -0.022223 0.999526 0
0.688479 -0.72461 -0.0306151 111.612 0.725074 0.688639 0.00665993 59.9541 0.0162569 -0.0267834 0.999509 0
0.69046 -0.722813 -0.0283998 112.23 0.723271 0.690485 0.0104684 60.5879 0.012043 -0.0277687 0.999542 0
0.692096 -0.721293 -0.0272032 112.848 0.721728 0.692082 0.0114462 61.2188 0.0105708 -0.0275552 0.999564 0
0.693469 -0.720176 -0.0211642 113.468 0.720438 0.693464 0.00875934 61.8449 0.00836836 -0.0213218 0.999738 0
0.693779 -0.720055 -0.0138315 114.09 0.720173 0.693761 0.00681596 62.4664 0.0046879 -0.0146899 0.999881 0
0.695224 -0.717365 -0.0452839 114.657 0.717595 0.696323 -0.0138643 63.081 0.0414779 -0.0228567 0.998878 0
0.695955 -0.717096 -0.0376861 115.295 0.717311 0.696683 -0.00987397 63.7079 0.0333358 -0.0201608 0.999241 0
0.696815 -0.716657 -0.0291735 115.924 0.716941 0.697133 -0.00103325 64.3346 0.0210783 -0.0201957 0.999574 0
0.697591 -0.716249 -0.0188144 116.546 0.71647 0.697549 0.0097973 64.9581 0.0061067 -0.0203145 0.999775 0
0.697942 -0.716058 -0.0117381 117.16 0.716146 0.697766 0.0160566 65.5772 -0.00330702 -0.0196128 0.999802 0
0.699759 -0.711791 -0.0607554 117.734 0.712578 0.701501 -0.0113462 66.1945 0.0506961 -0.0353533 0.998088 0
0.698956 -0.713339 -0.051066 118.364 0.713382 0.700473 -0.020585 66.8004 0.0504544 -0.0220416 0.998483 0
0.69709 -0.711337 -0.0898008 118.966 0.711204 0.701897 -0.0391111 67.4176 0.0908521 -0.0366027 0.995192 0
0.69794 -0.713647 -0.0598971 119.595 0.713792 0.699989 -0.0227257 68.0266 0.0581455 -0.0268929 0.997946 0
0.697283 -0.716617 -0.0159961 120.21 0.716739 0.697335 0.00297993 68.6322 0.00901914 -0.0135428 0.999868 0
0.694953 -0.718858 0.0168293 120.807 0.718516 0.695148 0.0224283 69.2351 -0.0278216 -0.00349451 0.999607 0
0.692205 -0.720702 0.0379471 121.387 0.720071 0.693218 0.0307702 69.8348 -0.0484818 0.00602533 0.998806 0
0.68874 -0.722278 0.0628681 121.958 0.721486 0.691349 0.0386536 70.4336 -0.0713825 0.0187361 0.997273 0
0.686083 -0.721 0.0972097 122.543 0.72028 0.691969 0.0487412 71.0392 -0.102409 0.0365777 0.99407 0
0.690905 -0.722836 0.0125639 123.23 0.722658 0.691016 0.016197 71.7036 -0.0203896 -0.00211117 0.99979 0
0.686527 -0.725941 0.0411066 123.896 0.72551 0.687668 0.027352 72.339 -0.0481236 0.0110454 0.99878 0
0.671855 -0.731482 0.116379 124.524 0.729985 0.680535 0.0631997 72.9604 -0.12543 0.042494 0.991192 0
0.673275 -0.731688 0.106462 125.108 0.730921 0.680359 0.0535353 73.5685 -0.111603 0.0417713 0.992875 0
0.67509 -0.733466 0.0792544 125.683 0.732245 0.67927 0.0490845 74.1805 -0.089837 0.0248972 0.995645 0
0.677298 -0.734075 0.0490014 126.266 0.732908 0.679028 0.04203 74.7925 -0.0641265 0.0074467 0.997914 0
0.678792 -0.733985 0.0225405 126.853 0.733127 0.679116 0.0364224 75.3988 -0.0420411 -0.00819816 0.999082 0
0.679571 -0.733596 0.00439992 127.437 0.733095 0.679307 0.033376 75.9999 -0.0274734 -0.0194558 0.999433 0
0.678187 -0.734878 -0.00397205 128.006 0.734642 0.677809 0.0295919 76.6015 -0.0190541 -0.0229869 0.999554 0
0.675976 -0.736916 -0.00328507 128.562 0.736776 0.675744 0.0230417 77.2111 -0.0147599 -0.017996 0.999729 0
0.671439 -0.741057 -0.00231593 129.116 0.741008 0.671351 0.013942 77.8241 -0.00877702 -0.0110773 0.9999 0
0.666953 -0.745073 -0.00627991 129.669 0.74509 0.666875 0.0108832 78.4355 -0.0039209 -0.0119377 0.999921 0
0.65708 -0.753809 -0.00429196 129.851 0.753815 0.657086 -0.000138748 78.8607 0.00292477 -0.00314417 0.999991 0
0.65238 -0.757885 0.00312028 130.201 0.757816 0.652368 0.0114421 79.4199 -0.0107074 -0.00510003 0.99993 0
0.649017 -0.760759 0.0048242 130.747 0.760566 0.648974 0.0192879 80.0452 -0.0178042 -0.00884906 0.999802 0
0.646053 -0.76329 0.00193199 131.284 0.763087 0.645935 0.0215977 80.6723 -0.0177332 -0.012479 0.999765 0
0.641758 -0.766901 -0.00315295 131.82 0.766826 0.641625 0.0171952 81.2969 -0.011164 -0.0134529 0.999847 0
0.636516 -0.771238 -0.00631267 132.354 0.771258 0.636458 0.00912606 81.923 -0.00302061 -0.0106776 0.999938 0
0.631917 -0.775007 -0.00665255 132.884 0.775036 0.6319 0.00468403 82.5569 0.00057359 -0.00811589 0.999967 0
0.625643 -0.780089 -0.00572459 133.409 0.780106 0.625602 0.0074742 83.1985 -0.00224922 -0.00914197 0.999956 0
0.620052 -0.784501 -0.00973983 133.925 0.784551 0.619931 0.0128807 83.849 -0.00406689 -0.0156281 0.99987 0
0.6134 -0.789619 -0.0155584 134.438 0.789772 0.613265 0.0128699 84.5019 -0.00062084 -0.020182 0.999796 0
0.606231 -0.795054 -0.0192895 134.948 0.795279 0.606162 0.00992401 85.1577 0.00380245 -0.0213568 0.999765 0
0.599584 -0.800092 -0.0187718 135.453 0.800302 0.599527 0.00916801 85.8203 0.00391897 -0.0205201 0.999782 0
0.592914 -0.805102 -0.0162525 135.95 0.805266 0.592787 0.0122742 86.4904 -0.000247702 -0.0203652 0.999793 0
0.586435 -0.809875 -0.0139938 136.44 0.809956 0.586146 0.0200817 87.1665 -0.00806122 -0.023111 0.9997 0
0.579871 -0.814627 -0.011483 136.924 0.814607 0.57952 0.023909 87.8447 -0.0128223 -0.0232183 0.999648 0
0.574534 -0.818392 -0.0120179 137.404 0.818329 0.574084 0.0276616 88.5251 -0.0157388 -0.0257271 0.999545 0
0.570394 -0.821265 -0.0132564 137.878 0.821211 0.569889 0.028964 89.208 -0.0162324 -0.0274072 0.999493 0
0.566697 -0.823797 -0.0145997 138.345 0.823816 0.566243 0.0263763 89.8922 -0.0134618 -0.0269748 0.999545 0
0.563706 -0.825701 -0.0212824 138.805 0.825958 0.563336 0.0211389 90.5786 -0.00546532 -0.0294945 0.99955 0
0.568296 -0.822098 -0.0345524 139.26 0.822744 0.568326 0.00991206 91.2669 0.0114883 -0.0340607 0.999354 0
0.548754 -0.83579 -0.0180058 139.714 0.835676 0.54784 0.0389411 91.9554 -0.0226823 -0.0364161 0.999079 0
0.549832 -0.83514 -0.0150291 140.165 0.834663 0.548652 0.0481535 92.6471 -0.0319692 -0.0390206 0.998727 0
0.558984 -0.828661 -0.0292827 140.611 0.829177 0.55857 0.0215672 93.3405 -0.00151547 -0.0363362 0.999338 0
0.558182 -0.829216 -0.02887 141.056 0.829652 0.557359 0.0320767 94.0295 -0.0105076 -0.0418567 0.999068 0
0.533989 -0.845489 -0.00215508 141.497 0.844051 0.532929 0.0596965 94.714 -0.0493242 -0.0336963 0.998214 0
0.561198 -0.826902 -0.0359218 141.925 0.827024 0.561954 -0.0154809 95.3998 0.0329875 -0.0210204 0.999235 0
0.530177 -0.847796 -0.0124253 142.365 0.847706 0.529703 0.0284537 96.0912 -0.0175412 -0.0256185 0.999518 0
0.562216 -0.825234 -0.0538721 142.796 0.824772 0.564285 -0.036514 96.8003 0.0605319 -0.0239034 0.99788 0
0.528391 -0.848951 -0.00920527 143.239 0.848936 0.528184 0.018158 97.5036 -0.0105532 -0.0174092 0.999793 0
0.54177 -0.840456 -0.0109196 143.692 0.84036 0.541875 -0.012929 98.2158 0.0167833 -0.0021718 0.999857 0
0.499704 -0.865773 0.0270794 144.227 0.86545 0.500326 0.0258659 98.9528 -0.0359426 0.0105105 0.999299 0
0.52028 -0.853698 -0.022565 144.832 0.853577 0.52067 -0.0175695 99.7059 0.026748 -0.0101199 0.999591 0
0.49024 -0.871515 -0.0112265 145.374 0.871249 0.489651 0.0341514 100.436 -0.0242664 -0.0265235 0.999354 0
0.503034 -0.864232 -0.00773017 145.828 0.864119 0.503093 -0.0139938 101.147 0.0159829 0.000359576 0.999872 0
0.469789 -0.882423 0.0250627 146.258 0.881488 0.470448 0.0407144 101.873 -0.047718 0.00296535 0.998856 0
0.485221 -0.874187 0.0189203 146.365 0.874273 0.485397 0.00594789 102.55 -0.0143835 0.0136555 0.999803 0
0.480744 -0.876684 0.0176278 146.78 0.87649 0.481028 0.0194209 103.292 -0.0255055 0.00611411 0.999656 0
0.476646 -0.878943 0.0163746 147.192 0.878593 0.476921 0.0249119 104.036 -0.0297055 0.0025125 0.999556 0
0.474284 -0.880245 0.0149217 147.6 0.880054 0.4745 0.0188207 104.781 -0.0236471 0.00420554 0.999712 0
0.471413 -0.881887 0.00665573 147.96 0.881733 0.471456 0.0166383 105.502 -0.017811 -0.00197492 0.999839 0
0.469677 -0.882836 -0.00176402 148.366 0.882777 0.46962 0.0127247 106.257 -0.0104054 -0.00753374 0.999918 0
0.460495 -0.887661 0.00161488 148.726 0.88746 0.460428 0.020497 106.988 -0.0189379 -0.00800564 0.999789 0
0.445826 -0.894967 0.0165323 149.148 0.89438 0.446132 0.032419 107.75 -0.0363896 0.000332954 0.999338 0
0.473766 -0.880625 0.00667725 149.565 0.880367 0.473793 0.0217838 108.517 -0.022347 -0.004442 0.99974 0
0.469808 -0.882714 0.00981055 149.982 0.882327 0.469896 0.0264018 109.285 -0.0279152 -0.00374768 0.999603 0
0.468422 -0.883468 0.00804705 150.398 0.883187 0.468478 0.0225448 110.05 -0.0236874 -0.0034534 0.999713 0
0.466771 -0.88434 0.00824065 150.816 0.884291 0.466836 0.0097263 110.812 -0.0124484 0.00274717 0.999919 0
0.469744 -0.882656 0.0160742 151.177 0.882772 0.469801 -0.000271091 111.54 -0.00731238 0.0143172 0.999871 0
0.468933 -0.883021 0.0193791 151.606 0.883225 0.468912 -0.00589912 112.313 -0.00387802 0.0198824 0.999795 0
0.468436 -0.883279 0.0196688 152.028 0.883462 0.468501 -0.00143055 113.09 -0.00795128 0.0180468 0.999806 0
0.467515 -0.883783 0.0188932 152.445 0.88389 0.467671 0.00464384 113.865 -0.01294 0.0145285 0.999811 0
0.46711 -0.884 0.0187751 152.86 0.884126 0.467239 0.00296992 114.633 -0.0113979 0.0152123 0.999819 0
0.462538 -0.886405 0.0185487 153.271 0.886589 0.46253 -0.00496764 115.397 -0.00417598 0.0187428 0.999816 0
0.485811 -0.874062 0.00162962 153.643 0.873837 0.485642 -0.0236828 116.165 0.0199088 0.0129294 0.999718 0
0.447073 -0.894486 -0.00465447 154.054 0.894269 0.44707 -0.0202672 116.926 0.0202096 0.00489855 0.999784 0
0.449883 -0.893058 0.00723749 154.463 0.892758 0.449482 -0.0308166 117.68 0.0242679 0.0203252 0.999499 0
0.449741 -0.892955 -0.0190739 154.866 0.893158 0.449604 0.0111891 118.426 -0.00141566 -0.0220682 0.999755 0
0.446735 -0.893913 -0.0366939 155.261 0.894524 0.447019 0.000534646 119.165 0.0159249 -0.0330625 0.999326 0
0.449223 -0.893412 0.00377837 155.65 0.893149 0.449187 0.0226975 119.895 -0.0219754 -0.00682162 0.999735 0
0.448889 -0.893587 0.00109514 156.033 0.893485 0.448856 0.0145605 120.617 -0.0135027 -0.00555757 0.999893 0
0.447289 -0.894368 -0.00624479 156.41 0.894369 0.44722 0.0098839 121.331 -0.00604705 -0.0100061 0.999932 0
0.446125 -0.894945 -0.00672213 156.782 0.894946 0.446045 0.010748 122.038 -0.0066205 -0.0108109 0.99992 0
0.445902 -0.895014 -0.0110591 157.149 0.895082 0.445855 0.00651954 122.736 -0.00090434 -0.0128058 0.999918 0
0.446018 -0.894887 -0.0156707 157.513 0.895006 0.446052 0.0014278 123.426 0.00571221 -0.0146622 0.999876 0
0.446905 -0.894326 -0.0213761 157.87 0.894491 0.447072 -0.00353338 124.106 0.0127166 -0.0175416 0.999765 0
0.448455 -0.893462 -0.0247771 158.217 0.893639 0.448734 -0.00685907 124.771 0.0172466 -0.0190658 0.999669 0
0.450401 -0.89245 -0.025925 158.555 0.892616 0.450735 -0.00862265 125.424 0.0193806 -0.0192574 0.999627 0
0.479123 -0.876623 -0.0444076 158.874 0.87589 0.480787 -0.04075 126.082 0.057073 -0.0193719 0.998182 0
0.485281 -0.87385 -0.0298154 159.2 0.873963 0.485804 -0.0135001 126.692 0.0262814 -0.0195062 0.999464 0
0.484497 -0.874517 -0.0219569 159.518 0.874712 0.484642 -0.00146732 127.288 0.0119244 -0.018495 0.999758 0
0.48081 -0.8767 -0.0148051 159.832 0.876804 0.480847 0.00115232 127.88 0.00610874 -0.0135352 0.99989 0
0.493334 -0.869481 -0.0249703 160.107 0.869245 0.493855 -0.0228142 128.47 0.0321682 -0.0104503 0.999428 0
0.488673 -0.872026 -0.027722 160.429 0.872159 0.489098 -0.01102 129.046 0.0231685 -0.0187928 0.999555 0
0.486752 -0.873019 -0.0301775 160.746 0.873413 0.48698 -0.000241153 129.616 0.0149064 -0.0262401 0.999545 0
0.487073 -0.87298 -0.0258082 161.058 0.873336 0.487072 0.00677226 130.179 0.00665839 -0.0258378 0.999644 0
0.495547 -0.868023 -0.0311304 161.329 0.868457 0.495764 0.000845018 130.725 0.0146998 -0.0274542 0.999515 0
0.494093 -0.869204 -0.0188992 161.654 0.869404 0.494046 0.0073919 131.288 0.00291203 -0.0200834 0.999794 0
0.494134 -0.869297 -0.0124064 161.983 0.869364 0.493972 0.0140701 131.852 -0.00610267 -0.0177382 0.999824 0
0.491147 -0.871076 0.000961751 162.319 0.870677 0.490955 0.0297657 132.413 -0.0264004 -0.013782 0.999556 0
0.49711 -0.867632 0.00986221 162.661 0.86715 0.49717 0.029531 132.968 -0.0305252 -0.00612812 0.999515 0
0.503571 -0.863713 0.0204001 163.004 0.863347 0.503962 0.025581 133.518 -0.0323755 0.00473047 0.999465 0
0.509013 -0.860364 0.0260531 163.346 0.860118 0.509569 0.0231694 134.064 -0.0332099 0.0106152 0.999392 0
0.512475 -0.858384 0.0233738 163.692 0.858066 0.512953 0.02452 134.618 -0.0330372 0.00749033 0.999426 0
0.514051 -0.857628 0.0150199 164.046 0.857243 0.51427 0.025698 135.185 -0.0297636 -0.000334388 0.999557 0
0.514944 -0.85712 0.0133379 164.402 0.856745 0.515114 0.0254099 135.756 -0.0286499 -0.00165754 0.999588 0
0.515902 -0.856537 0.0137717 164.758 0.856118 0.516081 0.0268722 136.328 -0.0301243 -0.00207321 0.999544 0
0.517875 -0.855447 0.00400261 165.059 0.855258 0.517851 0.0190784 136.908 -0.0183933 -0.00645699 0.99981 0
0.517945 -0.855397 -0.00534721 165.407 0.855331 0.517798 0.0171475 137.477 -0.0118991 -0.0134551 0.999839 0
0.525163 -0.85 -0.0412762 165.704 0.850492 0.525909 -0.00909323 138.034 0.0294368 -0.0303297 0.999106 0
0.521629 -0.852098 -0.0428079 166.07 0.852539 0.522519 -0.0123165 138.609 0.0328628 -0.0300708 0.999007 0
0.524976 -0.849425 -0.053633 166.39 0.849256 0.526952 -0.0329492 139.18 0.0562499 -0.0282506 0.998017 0
0.519946 -0.853029 -0.0447075 166.754 0.853167 0.521178 -0.021914 139.776 0.0419938 -0.0267489 0.99876 0
0.514929 -0.856726 -0.0294708 167.114 0.856964 0.515324 -0.0073425 140.375 0.0214775 -0.0214745 0.999539 0
0.51819 -0.855028 -0.0201551 167.429 0.854856 0.518527 -0.0187451 140.958 0.0264786 -0.00751618 0.999621 0
0.511248 -0.859431 0.00197506 167.791 0.859364 0.511177 -0.0138109 141.555 0.0108599 0.0087581 0.999903 0
0.50425 -0.863483 0.011342 168.142 0.863557 0.504186 -0.00815061 142.153 0.00131944 0.0139044 0.999902 0
0.497563 -0.867404 0.00643761 168.492 0.867414 0.497584 0.00198782 142.75 -0.00492749 0.00459501 0.999977 0
0.490476 -0.871441 0.00489399 168.847 0.871407 0.4905 0.00766297 143.345 -0.00907833 0.000506158 0.999959 0
0.485233 -0.87429 0.0129023 169.204 0.874159 0.48539 0.0155899 143.942 -0.0198927 0.00371396 0.999795 0
0.48042 -0.876566 0.0287846 169.56 0.87633 0.481093 0.0243963 144.542 -0.035233 0.0135043 0.999288 0
0.475022 -0.878866 0.0441386 169.915 0.878692 0.476439 0.0300931 145.144 -0.0474772 0.0244894 0.998572 0
0.470885 -0.880626 0.052584 170.269 0.88033 0.472928 0.0368655 145.747 -0.0573332 0.0289318 0.997936 0
0.466597 -0.882233 0.0628647 170.621 0.882412 0.46918 0.0349217 146.347 -0.0603039 0.0391782 0.997411 0
0.463805 -0.88335 0.0676605 170.975 0.883752 0.466671 0.0346567 146.947 -0.0621892 0.0437211 0.997106 0
