1 -2.1549e-05 8.08281e-05 3.79315e+06 2.1549e-05 1 1.09693e-07 5.02223e+06 -8.08281e-05 -1.07951e-07 1 5.29029e+06
0.999998 0.000144297 0.001992 3.79315e+06 -0.000148583 0.999998 0.00215152 5.02223e+06 -0.00199169 -0.00215181 0.999996 5.29029e+06
0.999994 0.00100645 0.00332845 3.79315e+06 -0.00104229 0.999941 0.0107858 5.02223e+06 -0.0033174 -0.0107892 0.999936 5.29029e+06
0.999996 0.00112454 0.00276636 3.79315e+06 -0.00116752 0.999878 0.0155827 5.02223e+06 -0.0027485 -0.0155858 0.999875 5.29029e+06
0.999706 0.00287743 0.0240812 3.79315e+06 -0.0036618 0.999462 0.0325915 5.02223e+06 -0.0239745 -0.0326701 0.999179 5.29029e+06
0.999652 0.00257365 0.0262595 3.79315e+06 -0.00321846 0.999694 0.0245429 5.02223e+06 -0.0261882 -0.0246189 0.999354 5.29029e+06
0.999877 0.00666423 0.0142169 3.79315e+06 -0.00776343 0.996867 0.0787173 5.02223e+06 -0.0136478 -0.0788179 0.996796 5.29029e+06
0.99777 0.0057785 0.0664971 3.79315e+06 -0.0102044 0.99774 0.0664125 5.02223e+06 -0.0659631 -0.066943 0.995574 5.29029e+06
0.999454 0.00449524 0.0327346 3.79315e+06 -0.00604167 0.998863 0.047297 5.02223e+06 -0.0324847 -0.0474689 0.998344 5.29029e+06
0.99846 0.00638702 0.0551022 3.79315e+06 -0.0107744 0.996761 0.0796965 5.02223e+06 -0.0544147 -0.0801675 0.995295 5.29029e+06
0.999265 0.00634311 0.0378058 3.79315e+06 -0.00926214 0.996946 0.0775435 5.02223e+06 -0.0371985 -0.0778366 0.996272 5.29029e+06
0.998229 0.00415754 0.0593427 3.79315e+06 -0.00638877 0.999278 0.0374591 5.02223e+06 -0.0591441 -0.0377718 0.997535 5.29029e+06
0.998698 0.00205232 0.050972 3.79315e+06 -0.00200851 0.999998 -0.000910556 5.02223e+06 -0.0509738 0.000806992 0.9987 5.29029e+06
0.999994 0.00193965 -0.00301316 3.79315e+06 -0.00192695 0.999989 0.00421356 5.02223e+06 0.0030213 -0.00420772 0.999987 5.29029e+06
0.999478 0.00598541 0.0317419 3.79315e+06 -0.00765533 0.998578 0.0527516 5.02223e+06 -0.031381 -0.052967 0.998103 5.29029e+06
0.99935 0.00620938 0.0355099 3.79315e+06 -0.00823974 0.998322 0.0573199 5.02223e+06 -0.0350944 -0.0575752 0.997724 5.29029e+06
0.999998 -0.000346908 -0.00218042 3.79315e+06 0.00031567 0.999898 -0.0143108 5.02223e+06 0.00218516 0.0143101 0.999895 5.29029e+06
0.999926 0.000934186 0.0121275 3.79315e+06 -0.000952261 0.999998 0.0014847 5.02223e+06 -0.0121261 -0.00149613 0.999925 5.29029e+06
0.998501 -0.00671429 -0.0543153 3.79315e+06 0.00353006 0.998281 -0.0585099 5.02223e+06 0.0546148 0.0582305 0.996808 5.29029e+06
0.998637 -0.00663447 -0.0517784 3.79315e+06 0.00365353 0.998341 -0.0574548 5.02223e+06 0.0520737 0.0571873 0.997005 5.29029e+06
0.998544 -0.00608785 -0.0535907 3.79315e+06 0.00325561 0.998601 -0.0527791 5.02223e+06 0.053837 0.0525278 0.997167 5.29029e+06
0.998183 -0.013683 -0.0586811 3.79315e+06 0.00772843 0.994905 -0.100525 5.02223e+06 0.0597576 0.0998883 0.993203 5.29029e+06
0.99986 -0.00696402 -0.0151884 3.79315e+06 0.00615661 0.998598 -0.0525732 5.02223e+06 0.0155332 0.0524723 0.998502 5.29029e+06
0.999837 -0.00300711 -0.0178124 3.79315e+06 0.00260882 0.999747 -0.0223416 5.02223e+06 0.017875 0.0222915 0.999592 5.29029e+06
0.999899 -0.0014982 0.014143 3.79315e+06 0.00161165 0.999967 -0.00801345 5.02223e+06 -0.0141305 0.00803543 0.999868 5.29029e+06
0.997475 0.00130324 0.0710001 3.79315e+06 -0.00369484 0.99943 0.0335636 5.02223e+06 -0.0709159 -0.0337412 0.996911 5.29029e+06
0.996109 0.00231459 0.0880961 3.79315e+06 -0.0084607 0.997549 0.0694566 5.02223e+06 -0.0877195 -0.0699318 0.993688 5.29029e+06
0.99799 0.00416165 0.0632406 3.79315e+06 -0.0121476 0.991902 0.126425 5.02223e+06 -0.0622023 -0.126939 0.989958 5.29029e+06
0.999745 -0.00172695 0.0225025 3.79315e+06 0.00152039 0.999957 0.00919323 5.02223e+06 -0.0225174 -0.00915667 0.999705 5.29029e+06
0.999695 -0.0014093 0.024656 3.79315e+06 0.00127295 0.999984 0.00554486 5.02223e+06 -0.0246634 -0.00551178 0.999681 5.29029e+06
0.999992 -0.0040775 0.000385707 3.79315e+06 0.00408677 0.999592 -0.0282561 5.02223e+06 -0.000270336 0.0282574 0.999601 5.29029e+06
0.998476 -0.000988666 0.0551719 3.79315e+06 0.000391028 0.999941 0.010842 5.02223e+06 -0.0551794 -0.0108039 0.998418 5.29029e+06
0.996771 0.000676841 0.0802994 3.79315e+06 -0.00454505 0.998837 0.0479994 5.02222e+06 -0.0801735 -0.0482093 0.995614 5.29029e+06
0.999976 0.00132861 0.00678799 3.79315e+06 -0.00166065 0.99879 0.049147 5.02222e+06 -0.00671448 -0.0491571 0.998769 5.29029e+06
0.999906 0.00328248 -0.0132775 3.79315e+06 -0.00246628 0.998133 0.0610286 5.02222e+06 0.013453 -0.0609901 0.998048 5.29029e+06
0.999754 0.00534678 -0.0215345 3.79315e+06 -0.00379382 0.997432 0.0715206 5.02222e+06 0.0218616 -0.0714213 0.997207 5.29029e+06
0.999134 -0.00302107 0.0415016 3.79315e+06 0.0041117 0.999648 -0.0262191 5.02222e+06 -0.0414077 0.0263671 0.998794 5.29029e+06
0.99894 -0.00435559 0.0458151 3.79315e+06 0.00676087 0.998599 -0.0524764 5.02222e+06 -0.0455224 0.0527306 0.997571 5.29029e+06
0.999978 -0.000997471 0.00662247 3.79315e+06 0.00105979 0.999955 -0.00941291 5.02222e+06 -0.00661278 0.00941972 0.999934 5.29029e+06
0.999895 -0.00237803 0.0143026 3.79315e+06 0.00274513 0.999666 -0.0257017 5.02222e+06 -0.0142367 0.0257382 0.999567 5.29029e+06
0.999963 0.00169747 -0.00849433 3.79315e+06 -0.00155901 0.999866 0.0162805 5.02222e+06 0.00852083 -0.0162666 0.999831 5.29029e+06
0.997881 -0.00559146 -0.0648173 3.79315e+06 0.00324979 0.99934 -0.0361766 5.02222e+06 0.0649768 0.0358893 0.997241 5.29029e+06
0.998251 0.00927269 -0.0583813 3.79315e+06 -0.00617714 0.998576 0.0529818 5.02222e+06 0.0587895 -0.0525285 0.996887 5.29029e+06
0.999904 0.0116583 -0.00749699 3.79315e+06 -0.0110736 0.997212 0.0737969 5.02222e+06 0.00833643 -0.0737068 0.997245 5.29029e+06
0.999981 0.00321332 0.00531375 3.79315e+06 -0.00321644 0.999995 0.00057899 5.02222e+06 -0.00531186 -0.000596071 0.999986 5.29029e+06
0.999927 0.00622979 0.0103707 3.79315e+06 -0.00664692 0.99915 0.0406854 5.02222e+06 -0.0101084 -0.0407514 0.999118 5.29028e+06
0.999308 0.00372052 0.0370078 3.79315e+06 -0.00427716 0.999879 0.0149733 5.02222e+06 -0.0369476 -0.0151212 0.999203 5.29028e+06
0.999782 0.00290051 0.0206598 3.79315e+06 -0.00313163 0.999933 0.0111631 5.02222e+06 -0.0206261 -0.0112253 0.999724 5.29028e+06
0.998349 0.00310153 0.0573508 3.79315e+06 -0.00429301 0.999777 0.0206639 5.02222e+06 -0.0572739 -0.020876 0.99814 5.29028e+06
0.999974 -0.000192441 -0.00723727 3.79315e+06 6.68499e-05 0.999849 -0.0173496 5.02222e+06 0.00723952 0.0173487 0.999823 5.29028e+06
0.999215 -0.0030479 0.0395097 3.79315e+06 0.00492505 0.998859 -0.0475013 5.02222e+06 -0.0393198 0.0476586 0.998089 5.29028e+06
0.999043 -0.00262371 0.0436576 3.79315e+06 0.00430547 0.99925 -0.0384723 5.02222e+06 -0.0435239 0.0386234 0.998305 5.29028e+06
0.999966 -0.000631847 0.0081934 3.79315e+06 0.000722317 0.999939 -0.0110436 5.02222e+06 -0.00818592 0.0110491 0.999905 5.29028e+06
0.999453 -0.00484372 0.0327133 3.79315e+06 0.00684383 0.998095 -0.0613081 5.02222e+06 -0.032354 0.0614985 0.997583 5.29028e+06
0.999948 -0.0023825 0.00993393 3.79315e+06 0.00267074 0.999573 -0.0291035 5.02222e+06 -0.00986035 0.0291285 0.999527 5.29028e+06
0.998258 0.000234804 0.0590003 3.79315e+06 -0.000876434 0.999941 0.0108494 5.02222e+06 -0.0589943 -0.0108822 0.998199 5.29028e+06
0.999691 0.000657154 0.0248671 3.79315e+06 -0.00108426 0.999852 0.017166 5.02222e+06 -0.0248521 -0.0171877 0.999543 5.29028e+06
0.999348 0.0042519 0.0358481 3.79315e+06 -0.0065519 0.99791 0.0642887 5.02222e+06 -0.0354998 -0.0644817 0.997287 5.29028e+06
0.999444 0.00426213 0.0330662 3.79315e+06 -0.00627818 0.998111 0.061108 5.02222e+06 -0.0327433 -0.0612816 0.997583 5.29028e+06
0.999582 0.00228477 -0.028805 3.79315e+06 -0.00114903 0.999224 0.0393834 5.02222e+06 0.0288726 -0.0393338 0.998809 5.29028e+06
0.999958 0.00230531 -0.00892045 3.79315e+06 -0.00199416 0.999395 0.0347332 5.02222e+06 0.00899512 -0.0347139 0.999357 5.29028e+06
0.999301 -0.00434658 -0.0371293 3.79315e+06 0.0035541 0.999765 -0.0213833 5.02222e+06 0.0372135 0.0212364 0.999082 5.29028e+06
0.999989 -0.00453848 0.00076441 3.79315e+06 0.00455707 0.999642 -0.026377 5.02222e+06 -0.000644424 0.0263802 0.999652 5.29028e+06
0.99993 -0.00233287 -0.0115741 3.79316e+06 0.00222902 0.999957 -0.00897749 5.02222e+06 0.0115945 0.00895107 0.999893 5.29028e+06
0.997054 0.00152606 0.0766834 3.79315e+06 -0.00483201 0.999066 0.0429446 5.02222e+06 -0.0765462 -0.0431886 0.99613 5.29028e+06
0.999455 0.00443185 0.0327064 3.79316e+06 -0.00769108 0.994937 0.100209 5.02222e+06 -0.0320967 -0.100406 0.994429 5.29028e+06
0.998349 0.002003 0.0574113 3.79316e+06 -0.00424712 0.99923 0.0389931 5.02222e+06 -0.057289 -0.0391726 0.997589 5.29028e+06
0.998841 -0.000564727 0.04812 3.79316e+06 0.0014842 0.999817 -0.0190743 5.02222e+06 -0.0481004 0.0191236 0.998659 5.29028e+06
0.999785 -0.00198445 -0.0206471 3.79316e+06 0.00129074 0.999436 -0.0335576 5.02222e+06 0.0207021 0.0335237 0.999223 5.29028e+06
0.999731 0.00156288 0.0231403 3.79316e+06 -0.00167087 0.999988 0.00464809 5.02222e+06 -0.0231328 -0.0046855 0.999721 5.29027e+06
0.999946 0.0036083 0.00973327 3.79316e+06 -0.00392948 0.999442 0.0331828 5.02222e+06 -0.0096081 -0.0332193 0.999402 5.29027e+06
0.999613 0.00253246 0.0276873 3.79316e+06 -0.00307407 0.999804 0.0195368 5.02222e+06 -0.0276324 -0.0196143 0.999426 5.29027e+06
0.999914 8.00946e-06 -0.0131521 3.79316e+06 -7.16607e-05 0.999988 -0.00483914 5.02222e+06 0.013152 0.00483967 0.999902 5.29027e+06
0.999994 -0.000559355 -0.00340539 3.79316e+06 0.000533821 0.999972 -0.00749453 5.02221e+06 0.00340948 0.00749266 0.999966 5.29027e+06
0.999988 0.000166614 -0.004865 3.79316e+06 -0.000165822 1 0.000163218 5.02221e+06 0.00486503 -0.00016241 0.999988 5.29027e+06
0.999699 -0.00433558 -0.0241385 3.79316e+06 0.00338977 0.99923 -0.0390862 5.02221e+06 0.0242894 0.0389926 0.998944 5.29027e+06
0.999941 0.00531641 -0.00952133 3.79316e+06 -0.00491472 0.999117 0.0417258 5.02221e+06 0.00973475 -0.0416765 0.999084 5.29027e+06
0.99915 0.00352236 0.0410705 3.79316e+06 -0.00443273 0.999746 0.022096 5.02221e+06 -0.0409822 -0.0222593 0.998912 5.29027e+06
0.999998 0.000800293 0.00184177 3.79316e+06 -0.000787986 0.999977 -0.0066735 5.02221e+06 -0.00184707 0.00667203 0.999976 5.29027e+06
0.99982 0.000241487 -0.0189858 3.79316e+06 -0.000423928 0.999954 -0.0096059 5.02221e+06 0.0189826 0.00961222 0.999774 5.29027e+06
0.9999 0.00380732 0.0136347 3.79316e+06 -0.00417408 0.999627 0.0269726 5.02221e+06 -0.0135269 -0.0270268 0.999543 5.29027e+06
0.99987 0.000331014 0.0161494 3.79316e+06 -0.000186385 0.99996 -0.00895639 5.02221e+06 -0.0161517 0.00895221 0.999829 5.29027e+06
0.999443 0.00182487 0.0333343 3.79316e+06 -0.00230173 0.999896 0.0142727 5.02221e+06 -0.0333048 -0.0143415 0.999342 5.29027e+06
0.999723 0.0050005 0.0230174 3.79316e+06 -0.0063328 0.998286 0.0581784 5.02221e+06 -0.022687 -0.058308 0.998041 5.29027e+06
0.998941 0.00222924 0.0459579 3.79316e+06 -0.00304298 0.99984 0.0176438 5.02221e+06 -0.0459112 -0.017765 0.998788 5.29026e+06
0.99995 0.00330366 -0.00942895 3.79316e+06 -0.00299936 0.99948 0.032106 5.02221e+06 0.00953011 -0.0320761 0.99944 5.29026e+06
0.998395 0.00409385 -0.0564829 3.79316e+06 -0.00194031 0.999271 0.0381296 5.02221e+06 0.0565978 -0.0379588 0.997675 5.29026e+06
0.999789 0.000523247 0.0205128 3.79316e+06 -0.000658301 0.999978 0.00657768 5.02221e+06 -0.020509 -0.0065898 0.999768 5.29026e+06
0.999659 0.00425713 0.0257697 3.79316e+06 -0.00564782 0.998518 0.0541359 5.02221e+06 -0.0255011 -0.054263 0.998201 5.29026e+06
0.999659 0.0013548 0.0260922 3.79316e+06 -0.00170567 0.999908 0.0134298 5.02221e+06 -0.0260716 -0.0134697 0.999569 5.29026e+06
0.996456 -0.00106412 0.0841052 3.79316e+06 0.00446036 0.999182 -0.0402033 5.02221e+06 -0.0839936 0.0404359 0.995646 5.29026e+06
0.998539 -0.00168978 0.0540011 3.79316e+06 0.00432746 0.998801 -0.0487654 5.02221e+06 -0.0538539 0.0489278 0.997349 5.29026e+06
0.999999 -0.00142546 -0.000709453 3.79316e+06 0.00139609 0.999207 -0.0397977 5.02221e+06 0.000765621 0.0397967 0.999207 5.29026e+06
1 -0.000520956 0.000584301 3.79316e+06 0.000535591 0.999679 -0.0253332 5.02221e+06 -0.000570916 0.0253335 0.999679 5.29026e+06
0.999801 -0.00190245 -0.0198645 3.79316e+06 0.00123267 0.999432 -0.0336755 5.02221e+06 0.0199173 0.0336443 0.999235 5.29026e+06
0.998909 0.00243272 -0.0466254 3.79317e+06 -0.00234353 0.999995 0.00196746 5.02221e+06 0.0466299 -0.00185605 0.99891 5.29026e+06
0.999908 0.00468476 0.012755 3.79317e+06 -0.00499692 0.999686 0.0245529 5.0222e+06 -0.012636 -0.0246144 0.999617 5.29026e+06
0.997933 0.00860797 0.063684 3.79317e+06 -0.0145065 0.995584 0.0927474 5.0222e+06 -0.0626044 -0.0934796 0.993651 5.29026e+06
0.997657 0.00887291 0.0678355 3.79317e+06 -0.016541 0.99342 0.113329 5.0222e+06 -0.0663836 -0.114186 0.991239 5.29026e+06
0.997151 0.00829069 0.0749807 3.79317e+06 -0.0158549 0.994775 0.100857 5.0222e+06 -0.0737527 -0.101759 0.992071 5.29025e+06
0.998249 0.00707404 0.0587196 3.79317e+06 -0.0114524 0.99715 0.074566 5.0222e+06 -0.0580248 -0.075108 0.995486 5.29025e+06
0.998096 0.00614272 0.061374 3.79317e+06 -0.005855 0.999971 -0.00486667 5.0222e+06 -0.0614021 0.00449806 0.998103 5.29025e+06
0.997329 0.00757077 0.0726421 3.79317e+06 -0.00014032 0.99481 -0.101753 5.0222e+06 -0.0730354 0.101471 0.992154 5.29025e+06
0.999985 0.00483232 -0.00239098 3.79317e+06 -0.00487549 0.999819 -0.0183903 5.0222e+06 0.00230168 0.0184017 0.999828 5.29025e+06
0.996492 0.0028782 -0.0836367 3.79317e+06 -0.0056297 0.99945 -0.0326811 5.0222e+06 0.0834966 0.0330373 0.99596 5.29025e+06
0.994681 -0.00332513 -0.102949 3.79317e+06 -0.00565988 0.996204 -0.0868611 5.0222e+06 0.102847 0.0869817 0.990887 5.29025e+06
0.999736 -0.00443906 -0.0225374 3.79317e+06 0.00218916 0.995096 -0.0988889 5.0222e+06 0.0228659 0.0988134 0.994843 5.29025e+06
0.99821 -0.000665338 -0.0597973 3.79317e+06 -0.00087167 0.99967 -0.0256739 5.0222e+06 0.0597947 0.02568 0.99788 5.29025e+06
0.998436 0.00206617 -0.0558762 3.79317e+06 -0.000944965 0.999798 0.0200849 5.0222e+06 0.0559064 -0.0200007 0.998236 5.29025e+06
0.999988 0.00168268 0.00465285 3.79317e+06 -0.00174835 0.999898 0.0141469 5.0222e+06 -0.00462858 -0.0141549 0.999889 5.29025e+06
0.998551 0.000595978 0.0538055 3.79317e+06 -0.00283467 0.999133 0.0415405 5.0222e+06 -0.0537341 -0.0416328 0.997687 5.29025e+06
0.999319 0.000949351 0.0368883 3.79317e+06 -0.00194118 0.999637 0.0268608 5.0222e+06 -0.0368494 -0.0269141 0.998958 5.29024e+06
0.998779 6.27924e-05 0.0494111 3.79317e+06 -0.00222635 0.999041 0.0437331 5.0222e+06 -0.0493609 -0.0437897 0.997821 5.29024e+06
0.997478 0.00120427 0.070971 3.79317e+06 -0.00243 0.999849 0.017187 5.0222e+06 -0.0709397 -0.0173161 0.99733 5.29024e+06
0.999978 0.00119198 0.00644675 3.79317e+06 -0.00123853 0.999973 0.00722212 5.0222e+06 -0.00643797 -0.00722995 0.999953 5.29024e+06
0.99873 0.00118119 0.0503694 3.79317e+06 -0.0012517 0.999998 0.00136836 5.0222e+06 -0.0503677 -0.00142967 0.99873 5.29024e+06
0.999008 0.00106463 0.0445113 3.79317e+06 -0.000913033 0.999994 -0.00342607 5.0222e+06 -0.0445147 0.00338203 0.999003 5.29024e+06
0.999859 0.000380394 -0.016802 3.79317e+06 6.7949e-05 0.999644 0.0266753 5.0222e+06 0.0168061 -0.0266727 0.999503 5.29024e+06
0.997849 -0.00140587 -0.0655457 3.79317e+06 0.000305156 0.999859 -0.0168001 5.02219e+06 0.0655601 0.016744 0.997708 5.29024e+06
0.999723 -0.000786101 -0.0235424 3.79317e+06 0.000592362 0.999966 -0.00823523 5.02219e+06 0.0235481 0.008219 0.999689 5.29024e+06
0.999975 -0.000800913 0.00702009 3.79318e+06 0.00100328 0.999583 -0.0288716 5.02219e+06 -0.00699404 0.0288779 0.999558 5.29024e+06
0.999717 -0.00111602 0.0237439 3.79318e+06 0.00114735 0.999999 -0.0013057 5.02219e+06 -0.0237424 0.00133257 0.999717 5.29024e+06
0.999309 -0.00220955 0.0370992 3.79318e+06 0.000673699 0.999144 0.0413602 5.02219e+06 -0.0371588 -0.0413066 0.998455 5.29024e+06
0.999998 -0.00144457 0.00137724 3.79318e+06 0.00140989 0.99969 0.0248595 5.02219e+06 -0.00141273 -0.0248576 0.99969 5.29024e+06
0.999946 -0.00117323 -0.0103019 3.79318e+06 0.00135297 0.999847 0.0174583 5.02219e+06 0.0102799 -0.0174713 0.999795 5.29023e+06
0.997073 -0.00264117 -0.0764076 3.79318e+06 0.00107868 0.99979 -0.0204835 5.02219e+06 0.0764456 0.0203411 0.996866 5.29023e+06
0.998597 -0.00319394 -0.0528541 3.79318e+06 0.00129791 0.999356 -0.0358685 5.02219e+06 0.0529346 0.0357496 0.997958 5.29023e+06
0.998483 -0.00243997 -0.0550001 3.79318e+06 0.000736028 0.99952 -0.0309798 5.02219e+06 0.0550493 0.0308923 0.998006 5.29023e+06
0.999981 -0.00194468 0.00586036 3.79318e+06 0.0020712 0.999763 -0.0216602 5.02219e+06 -0.00581685 0.0216719 0.999748 5.29023e+06
0.999965 -0.00186813 0.00819174 3.79318e+06 0.00149128 0.998951 0.0457699 5.02219e+06 -0.00826865 -0.0457561 0.998918 5.29023e+06
0.99956 -0.00135922 0.0296373 3.79318e+06 7.22989e-05 0.999059 0.0433803 5.02219e+06 -0.0296684 -0.0433591 0.998619 5.29023e+06
0.999067 -0.000940365 0.0431883 3.79318e+06 -0.000656467 0.999317 0.0369446 5.02219e+06 -0.0431936 -0.0369385 0.998384 5.29023e+06
0.999936 0.00107468 0.0112253 3.79318e+06 -0.0006804 0.999385 -0.035069 5.02219e+06 -0.011256 0.0350591 0.999322 5.29023e+06
0.999996 0.000628535 0.00282186 3.79318e+06 -0.000623507 0.999998 -0.00178247 5.02219e+06 -0.00282298 0.0017807 0.999994 5.29023e+06
0.999797 -0.000122738 0.020171 3.79318e+06 -0.000751361 0.999061 0.0433211 5.02219e+06 -0.0201574 -0.0433275 0.998858 5.29023e+06
0.999738 0.000819167 0.0228775 3.79318e+06 -0.000684491 0.999982 -0.00589403 5.02219e+06 -0.022882 0.00587683 0.999721 5.29023e+06
0.999686 0.00179898 0.0249915 3.79318e+06 -0.000526719 0.998708 -0.0508212 5.02219e+06 -0.0250506 0.050792 0.998395 5.29023e+06
0.999998 0.00121548 0.00156911 3.79318e+06 -0.00116277 0.999449 -0.0331676 5.02219e+06 -0.00160856 0.0331657 0.999449 5.29022e+06
0.999549 0.00197974 -0.0299499 3.79318e+06 -0.000837359 0.999273 0.0381076 5.02218e+06 0.0300035 -0.0380653 0.998825 5.29022e+06
0.998254 0.00160608 -0.0590513 3.79318e+06 0.000506252 0.999361 0.0357388 5.02218e+06 0.059071 -0.0357062 0.997615 5.29022e+06
0.999578 0.000232116 -0.0290558 3.79318e+06 -6.57025e-05 0.999984 0.00572819 5.02218e+06 0.0290567 -0.00572387 0.999561 5.29022e+06
0.999256 0.000507366 -0.0385679 3.79318e+06 6.4943e-05 0.99989 0.0148363 5.02218e+06 0.0385712 -0.0148278 0.999146 5.29022e+06
0.999815 0.000207573 0.019218 3.79318e+06 5.00285e-05 0.99991 -0.0134027 5.02218e+06 -0.0192191 0.0134012 0.999725 5.29022e+06
0.999756 -0.000119031 0.0220795 3.79318e+06 -2.09738e-05 0.99998 0.00634063 5.02218e+06 -0.0220798 -0.00633954 0.999736 5.29022e+06
0.998914 0.00460058 0.0463734 3.79318e+06 0.00148706 0.991461 -0.130392 5.02218e+06 -0.0465773 0.13032 0.990377 5.29022e+06
0.998962 -0.000682184 0.0455475 3.79318e+06 0.0017509 0.999724 -0.023428 5.02218e+06 -0.0455189 0.0234835 0.998687 5.29022e+06
0.999997 -0.00111175 0.0021157 3.79319e+06 0.00110226 0.999989 0.00447793 5.02218e+06 -0.00212065 -0.00447558 0.999988 5.29022e+06
0.998632 0.000141812 -0.0522824 3.79319e+06 0.00233516 0.998877 0.0473127 5.02218e+06 0.0522304 -0.0473701 0.997511 5.29022e+06
0.999869 0.000576709 0.0161715 3.79319e+06 -0.00153097 0.998253 0.0590589 5.02218e+06 -0.0161092 -0.0590759 0.998124 5.29022e+06
0.999958 0.00111046 0.00905939 3.79319e+06 -0.00109758 0.999998 -0.00142751 5.02218e+06 -0.00906096 0.0014175 0.999958 5.29021e+06
0.999995 0.00072692 -0.00291469 3.79319e+06 -0.000716664 0.999994 0.0035184 5.02218e+06 0.00291723 -0.00351629 0.99999 5.29021e+06
0.998948 0.0011297 0.0458351 3.79319e+06 2.84771e-05 0.999681 -0.0252598 5.02218e+06 -0.045849 0.0252346 0.99863 5.29021e+06
0.99994 0.00137256 0.0108789 3.79319e+06 -0.0010016 0.99942 -0.0340316 5.02218e+06 -0.0109193 0.0340187 0.999362 5.29021e+06
0.999611 0.00139458 -0.0278689 3.79319e+06 -0.00139648 0.999999 -4.87566e-05 5.02218e+06 0.0278688 8.76559e-05 0.999612 5.29021e+06
0.998856 0.00284681 -0.0477249 3.79319e+06 -0.000655955 0.998948 0.0458588 5.02218e+06 0.0478052 -0.0457751 0.997807 5.29021e+06
0.996879 0.00122014 -0.0789316 3.79319e+06 0.000909376 0.999637 0.0269377 5.02218e+06 0.0789358 -0.0269254 0.996516 5.29021e+06
0.999875 -0.00176839 -0.0157398 3.79319e+06 0.00120208 0.999354 -0.0359166 5.02218e+06 0.0157931 0.0358932 0.999231 5.29021e+06
0.999924 -0.00145805 -0.0122736 3.79319e+06 0.0010633 0.999484 -0.0321077 5.02218e+06 0.0123141 0.0320922 0.999409 5.29021e+06
0.999333 -0.00127401 0.0364979 3.79319e+06 0.00218506 0.999687 -0.0249325 5.02218e+06 -0.0364547 0.0249956 0.999023 5.29021e+06
0.99832 -0.0014815 0.0579168 3.79319e+06 0.00215922 0.99993 -0.0116407 5.02218e+06 -0.0578955 0.0117462 0.998254 5.29021e+06
0.99959 -0.00117936 -0.0286004 3.79319e+06 0.00113592 0.999998 -0.00153499 5.02217e+06 0.0286022 0.00150187 0.99959 5.29021e+06
0.999975 -0.00110896 0.00698562 3.79319e+06 0.00128127 0.999694 -0.0247106 5.02217e+06 -0.00695608 0.0247189 0.99967 5.29021e+06
0.999909 -0.000659917 -0.0134895 3.79319e+06 0.00106644 0.999545 0.0301511 5.02217e+06 0.0134634 -0.0301627 0.999454 5.2902e+06
0.99902 -0.00033626 0.0442667 3.79319e+06 -0.000873674 0.999627 0.0273106 5.02217e+06 -0.0442594 -0.0273225 0.998646 5.2902e+06
0.998788 0.00133447 0.0492048 3.79319e+06 -0.000791065 0.999938 -0.0110615 5.02217e+06 -0.0492166 0.0110092 0.998727 5.2902e+06
0.999383 0.00026222 0.0351262 3.79319e+06 -0.000520508 0.999973 0.0073442 5.02217e+06 -0.0351233 -0.00735795 0.999356 5.2902e+06
0.999923 0.00010415 -0.0124486 3.79319e+06 0.000114648 0.999846 0.0175742 5.02217e+06 0.0124485 -0.0175743 0.999768 5.2902e+06
0.997868 -0.00106172 -0.0652552 3.7932e+06 0.000470216 0.999959 -0.00907911 5.02217e+06 0.0652622 0.00902907 0.997827 5.2902e+06
0.999852 -0.00040614 0.0171872 3.7932e+06 0.000232572 0.999949 0.0100994 5.02217e+06 -0.0171905 -0.0100939 0.999801 5.2902e+06
0.999998 -0.000336045 0.00189801 3.7932e+06 0.000296295 0.999781 0.0209048 5.02217e+06 -0.00190462 -0.0209042 0.99978 5.2902e+06
0.999988 -0.000390894 0.00481453 3.7932e+06 0.00014879 0.99874 0.0501841 5.02217e+06 -0.00482808 -0.0501828 0.998728 5.2902e+06
0.999926 -0.000598469 -0.0121435 3.7932e+06 0.000512915 0.999975 -0.00704713 5.02217e+06 0.0121474 0.00704038 0.999901 5.2902e+06
0.999933 0.000318516 -0.011588 3.7932e+06 0.00031132 0.998524 0.0543099 5.02217e+06 0.0115882 -0.0543098 0.998457 5.2902e+06
0.999904 0.000426635 0.0138729 3.7932e+06 -0.000674948 0.99984 0.0178993 5.02217e+06 -0.0138631 -0.017907 0.999744 5.2902e+06
0.999311 0.000938981 0.0370997 3.7932e+06 -0.000576141 0.999952 -0.0097896 5.02217e+06 -0.0371072 0.00976148 0.999264 5.2902e+06
0.999962 0.000895426 -0.0086822 3.7932e+06 -0.00106053 0.999818 -0.0190307 5.02217e+06 0.00866359 0.0190391 0.999781 5.2902e+06
0.999777 0.000281097 -0.0211044 3.7932e+06 -0.00128488 0.998867 -0.047564 5.02217e+06 0.0210672 0.0475805 0.998645 5.29019e+06
0.999466 0.000363255 0.0326608 3.7932e+06 0.00244021 0.996313 -0.0857548 5.02217e+06 -0.0325716 0.0857887 0.995781 5.29019e+06
0.999882 -0.000701664 0.0153649 3.7932e+06 0.00112861 0.999613 -0.0277962 5.02217e+06 -0.0153395 0.0278103 0.999496 5.29019e+06
0.999713 -0.00181702 0.0239031 3.7932e+06 0.00104555 0.999479 0.0322477 5.02216e+06 -0.0239492 -0.0322134 0.999194 5.29019e+06
0.999952 -0.00189575 -0.00962158 3.7932e+06 0.00270876 0.99636 0.0852017 5.02216e+06 0.00942504 -0.0852236 0.996317 5.29019e+06
0.999602 -0.000952914 0.0281786 3.7932e+06 -5.24779e-05 0.999364 0.035657 5.02216e+06 -0.0281947 -0.0356443 0.998967 5.29019e+06
0.999994 -7.59521e-05 0.00354711 3.7932e+06 0.000132262 0.999874 -0.0158774 5.02216e+06 -0.00354546 0.0158778 0.999868 5.29019e+06
0.999912 -0.00012303 0.0132532 3.7932e+06 0.000300779 0.99991 -0.0134107 5.02216e+06 -0.0132503 0.0134135 0.999822 5.29019e+06
0.998802 -0.000567493 -0.048935 3.7932e+06 -0.00143769 0.999161 -0.0409315 5.02216e+06 0.0489172 0.0409528 0.997963 5.29019e+06
0.999968 -0.00138556 -0.00794003 3.7932e+06 0.00082599 0.997543 -0.0700494 5.02216e+06 0.00801758 0.0700405 0.997512 5.29019e+06
0.999965 -0.00110695 0.00831932 3.7932e+06 0.00145868 0.9991 -0.0423916 5.02216e+06 -0.00826491 0.0424022 0.999066 5.29019e+06
0.999427 -0.00018629 -0.0338585 3.7932e+06 0.000476302 0.999963 0.00855758 5.02216e+06 0.0338556 -0.0085688 0.99939 5.29019e+06
1 -1.75469e-05 -0.000245257 3.7932e+06 1.97885e-05 0.999958 0.0091428 5.02216e+06 0.000245086 -0.00914281 0.999958 5.29018e+06
0.999995 -8.49177e-05 -0.00318981 3.7932e+06 -5.67011e-05 0.999015 -0.0443709 5.02216e+06 0.00319044 0.0443708 0.99901 5.29018e+06
0.99934 0.00119002 -0.036299 3.7932e+06 -0.000268029 0.999677 0.0253943 5.02216e+06 0.0363175 -0.0253678 0.999018 5.29018e+06
0.999948 0.00242729 -0.00988647 3.7932e+06 -0.00158596 0.996445 0.0842346 5.02216e+06 0.0100558 -0.0842145 0.996397 5.29018e+06
0.999885 0.00184625 -0.0150603 3.7932e+06 -0.000738571 0.997315 0.0732259 5.02216e+06 0.0151551 -0.0732063 0.997202 5.29018e+06
0.999028 0.00204772 0.0440288 3.7932e+06 -0.0041729 0.998828 0.0482304 5.02216e+06 -0.0438784 -0.0483672 0.997865 5.29018e+06
0.99988 0.00234436 -0.015333 3.79321e+06 -0.00275819 0.999631 -0.0270244 5.02216e+06 0.015264 0.0270634 0.999517 5.29018e+06
0.999775 0.00171519 0.0211395 3.79321e+06 -0.00117725 0.999676 -0.0254333 5.02216e+06 -0.0211763 0.0254027 0.999453 5.29018e+06
0.999988 0.00213904 0.0044566 3.79321e+06 -0.00176907 0.996678 -0.0814273 5.02216e+06 -0.00461597 0.0814184 0.996669 5.29018e+06
0.99978 0.00113408 0.0209509 3.79321e+06 -0.000420722 0.999421 -0.0340223 5.02216e+06 -0.0209773 0.034006 0.999201 5.29018e+06
0.999695 0.00102458 -0.0246812 3.79321e+06 -0.00174441 0.999573 -0.0291612 5.02216e+06 0.0246408 0.0291954 0.99927 5.29018e+06
0.998855 -0.00516924 -0.0475529 3.79321e+06 0.00557 0.99995 0.00829903 5.02216e+06 0.0475076 -0.0085544 0.998834 5.29018e+06
0.999547 -0.0288871 0.0084321 3.79321e+06 0.0286787 0.999304 0.0238723 5.02216e+06 -0.00911583 -0.0236197 0.999679 5.29018e+06
0.999214 -0.0394392 -0.00386731 3.79321e+06 0.0393366 0.998944 -0.0237586 5.02216e+06 0.00480024 0.0235878 0.99971 5.29018e+06
0.998596 -0.0457617 -0.0266622 3.79321e+06 0.0460443 0.998888 0.0100841 5.02215e+06 0.0261711 -0.0112976 0.999594 5.29017e+06
0.997969 -0.0544643 -0.0330266 3.79321e+06 0.0561507 0.997042 0.0524863 5.02215e+06 0.0300703 -0.0542342 0.998075 5.29017e+06
0.997462 -0.0705196 0.00985677 3.79321e+06 0.0699043 0.996151 0.0528881 5.02215e+06 -0.0135485 -0.0520648 0.998552 5.29017e+06
0.9975 -0.0630091 -0.031991 3.79321e+06 0.0640931 0.997362 0.0340702 5.02215e+06 0.0297599 -0.0360354 0.998907 5.29017e+06
0.99707 -0.0763689 -0.00436035 3.79321e+06 0.0764636 0.99665 0.0290049 5.02215e+06 0.00213067 -0.0292534 0.99957 5.29017e+06
0.996635 -0.0819247 -0.00273077 3.79321e+06 0.08196 0.996483 0.0174346 5.02215e+06 0.00129284 -0.0175997 0.999844 5.29017e+06
0.99427 -0.100192 0.037271 3.79321e+06 0.0970081 0.992129 0.079186 5.02215e+06 -0.0449114 -0.0751166 0.996163 5.29017e+06
0.996193 -0.0866241 0.00982303 3.79321e+06 0.0850353 0.990341 0.109517 5.02215e+06 -0.0192149 -0.108264 0.993936 5.29017e+06
0.996539 -0.0803102 -0.0214657 3.79321e+06 0.0814356 0.994986 0.0580546 5.02215e+06 0.0166957 -0.0596017 0.998083 5.29017e+06
0.996313 -0.0836939 -0.0188809 3.79321e+06 0.0850967 0.992016 0.0930689 5.02215e+06 0.0109409 -0.0943324 0.995481 5.29017e+06
0.995981 -0.0772881 -0.045251 3.79321e+06 0.0793819 0.995761 0.0464631 5.02215e+06 0.0414681 -0.0498685 0.997895 5.29017e+06
0.993746 -0.0692254 -0.0876116 3.79322e+06 0.0735062 0.996205 0.0466131 5.02215e+06 0.0840522 -0.0527616 0.995064 5.29017e+06
0.99625 -0.0759842 -0.0413689 3.79322e+06 0.0807034 0.9885 0.127885 5.02215e+06 0.0311759 -0.130744 0.990926 5.29017e+06
0.995855 -0.0718551 -0.0557661 3.79322e+06 0.0770627 0.992231 0.0976646 5.02215e+06 0.0483151 -0.101557 0.993656 5.29017e+06
0.996316 -0.0812866 -0.0273365 3.79322e+06 0.0840125 0.989123 0.120736 5.02215e+06 0.0172249 -0.122588 0.992308 5.29017e+06
0.996408 -0.0840202 -0.010599 3.79322e+06 0.0846198 0.992751 0.085354 5.02215e+06 0.00335072 -0.0859443 0.996294 5.29016e+06
0.995589 -0.0930046 0.0123478 3.79322e+06 0.0922348 0.994343 0.0526791 5.02214e+06 -0.0171773 -0.0513079 0.998535 5.29016e+06
0.994337 -0.098776 0.0392164 3.79322e+06 0.0976132 0.994756 0.0305379 5.02214e+06 -0.0420271 -0.0265369 0.998764 5.29016e+06
0.996149 -0.0860165 -0.0170046 3.79322e+06 0.0860719 0.996286 0.00255096 5.02214e+06 0.016722 -0.00400475 0.999852 5.29016e+06
0.996258 -0.080949 -0.0302712 3.79322e+06 0.0825439 0.995025 0.0557914 5.02214e+06 0.0256044 -0.0580814 0.997983 5.29016e+06
0.995802 -0.0867635 -0.0291773 3.79322e+06 0.0868382 0.996222 0.00129762 5.02214e+06 0.0289545 -0.00382588 0.999573 5.29016e+06
0.996067 -0.0742146 -0.0484035 3.79322e+06 0.0760086 0.996445 0.0363399 5.02214e+06 0.0455344 -0.0398761 0.998167 5.29016e+06
0.996254 -0.0822664 -0.0266461 3.79322e+06 0.0828609 0.996318 0.0220321 5.02214e+06 0.0247355 -0.0241575 0.999402 5.29016e+06
0.996439 -0.0783105 -0.0312511 3.79322e+06 0.0804606 0.993947 0.0748018 5.02214e+06 0.0252041 -0.0770499 0.996709 5.29016e+06
0.994813 -0.0726231 -0.0712192 3.79322e+06 0.0748555 0.996767 0.0291911 5.02214e+06 0.068869 -0.0343709 0.997033 5.29016e+06
0.995994 -0.0883802 -0.0135982 3.79323e+06 0.089 0.99451 0.0550425 5.02214e+06 0.00865883 -0.0560322 0.998391 5.29016e+06
0.995905 -0.0903844 -0.00179785 3.79323e+06 0.0903134 0.993847 0.0641237 5.02214e+06 -0.004009 -0.0640235 0.99794 5.29016e+06
0.992299 -0.105765 0.0644659 3.79323e+06 0.102097 0.993096 0.0577642 5.02214e+06 -0.0701302 -0.0507376 0.996247 5.29016e+06
0.995424 -0.093996 0.0171906 3.79323e+06 0.0930898 0.994522 0.0475419 5.02214e+06 -0.0215651 -0.0457241 0.998721 5.29016e+06
0.995434 -0.0950542 0.00865422 3.79323e+06 0.094038 0.99222 0.0815827 5.02214e+06 -0.0163417 -0.0803964 0.996629 5.29016e+06
0.995874 -0.0870548 -0.0256061 3.79323e+06 0.0866533 0.996104 -0.0163948 5.02214e+06 0.0269335 0.0141083 0.999538 5.29016e+06
0.995834 -0.0745114 -0.0525524 3.79323e+06 0.0768882 0.996035 0.0447541 5.02214e+06 0.0490093 -0.0486083 0.997615 5.29016e+06
0.996085 -0.0882249 -0.00555229 3.79323e+06 0.0883036 0.995964 0.0160386 5.02214e+06 0.00411488 -0.0164661 0.999856 5.29016e+06
0.99603 -0.0869555 -0.0190478 3.79323e+06 0.0860779 0.995366 -0.04286 5.02214e+06 0.0226865 0.0410502 0.9989 5.29016e+06
0.996002 -0.0891202 -0.00620223 3.79323e+06 0.0892796 0.995435 0.0337386 5.02213e+06 0.00316713 -0.0341575 0.999411 5.29016e+06
0.996031 -0.0789828 -0.0410395 3.79323e+06 0.0810148 0.995435 0.0504644 5.02213e+06 0.0368663 -0.0535889 0.997882 5.29016e+06
0.995961 -0.0887521 -0.0135649 3.79323e+06 0.089258 0.995085 0.0428763 5.02213e+06 0.00969292 -0.0439139 0.998988 5.29016e+06
0.995173 -0.0965018 0.0178488 3.79323e+06 0.0954694 0.994089 0.0517018 5.02213e+06 -0.0227326 -0.0497482 0.998503 5.29016e+06
0.996018 -0.0891471 -0.00106337 3.79324e+06 0.0891274 0.995368 0.0360277 5.02213e+06 -0.00215332 -0.0359791 0.99935 5.29016e+06
0.995543 -0.0938027 0.00979212 3.79324e+06 0.0935318 0.995297 0.0251929 5.02213e+06 -0.0121092 -0.0241648 0.999635 5.29016e+06
0.995864 -0.0904559 -0.00851298 3.79324e+06 0.0906176 0.995663 0.0210412 5.02213e+06 0.00657276 -0.0217256 0.999742 5.29016e+06
0.996002 -0.0892801 -0.00290203 3.79324e+06 0.0893186 0.994929 0.0462369 5.02213e+06 -0.00124072 -0.0463112 0.998926 5.29016e+06
0.99449 -0.0999315 0.0316809 3.79324e+06 0.0978106 0.993234 0.0626126 5.02213e+06 -0.0377235 -0.0591689 0.997535 5.29016e+06
0.995886 -0.0882644 -0.0204956 3.79324e+06 0.0892467 0.994579 0.0533608 5.02213e+06 0.0156746 -0.0549705 0.998365 5.29016e+06
0.995204 -0.0963937 0.016642 3.79324e+06 0.0954038 0.994052 0.0525251 5.02213e+06 -0.0216061 -0.0506855 0.998481 5.29016e+06
0.996096 -0.0800297 -0.0372547 3.79324e+06 0.0818666 0.995352 0.0507116 5.02213e+06 0.0330231 -0.0535635 0.998018 5.29016e+06
0.99593 -0.0824531 -0.0364002 3.79324e+06 0.0833112 0.996265 0.0227183 5.02213e+06 0.0343911 -0.0256584 0.999079 5.29016e+06
0.99526 -0.0967118 0.0102623 3.79324e+06 0.0965421 0.995202 0.0159114 5.02213e+06 -0.0117519 -0.0148452 0.999821 5.29016e+06
0.994829 -0.0978912 0.0270491 3.79324e+06 0.0980817 0.995161 -0.00580772 5.02213e+06 -0.0263497 0.00843071 0.999617 5.29016e+06
0.994971 -0.0979407 0.0209847 3.79324e+06 0.0969141 0.994259 0.0453534 5.02213e+06 -0.0253062 -0.0430917 0.998751 5.29017e+06
0.99529 -0.0965016 0.00918964 3.79324e+06 0.0961841 0.994902 0.0303091 5.02213e+06 -0.0120677 -0.0292824 0.999498 5.29017e+06
0.993508 -0.104242 0.0455564 3.79325e+06 0.103265 0.994381 0.0232988 5.02212e+06 -0.0477291 -0.0184432 0.99869 5.29017e+06
0.994651 -0.0995681 0.0275045 3.79325e+06 0.0980634 0.993846 0.0515058 5.02212e+06 -0.0324635 -0.0485331 0.998294 5.29017e+06
0.99578 -0.0912968 -0.0093323 3.79325e+06 0.091566 0.995208 0.0343152 5.02212e+06 0.0061547 -0.0350249 0.999367 5.29017e+06
0.995779 -0.0845663 -0.0356666 3.79325e+06 0.0845833 0.996416 -0.00103394 5.02212e+06 0.0356262 -0.00198723 0.999363 5.29017e+06
0.995508 -0.0941113 0.0103526 3.79325e+06 0.0937535 0.995117 0.0308551 5.02212e+06 -0.0132058 -0.0297459 0.99947 5.29017e+06
0.993983 -0.102778 0.037877 3.79325e+06 0.101417 0.994184 0.0362402 5.02212e+06 -0.0413814 -0.0321808 0.998625 5.29017e+06
0.992737 -0.100951 0.0654386 3.79325e+06 0.0989506 0.994541 0.0331309 5.02212e+06 -0.0684259 -0.0264151 0.997306 5.29017e+06
0.994681 -0.0820425 0.0622872 3.79325e+06 0.0798611 0.996129 0.0367423 5.02212e+06 -0.0650605 -0.0315725 0.997382 5.29017e+06
0.996387 -0.0626649 0.0573189 3.79325e+06 0.063272 0.997957 -0.00883865 5.02212e+06 -0.0566479 0.0124334 0.998317 5.29017e+06
0.998627 -0.0482223 0.0204601 3.79325e+06 0.0476258 0.998453 0.0287041 5.02212e+06 -0.0218126 -0.0276902 0.999379 5.29017e+06
0.999333 -0.0363984 -0.00308077 3.79325e+06 0.0364498 0.99916 0.0187048 5.02212e+06 0.00239736 -0.0188047 0.99982 5.29017e+06
0.998461 -0.0277934 -0.0479895 3.79325e+06 0.0275549 0.999604 -0.00562392 5.02212e+06 0.0481268 0.00429292 0.998832 5.29017e+06
0.999782 -0.0208604 0.000100783 3.79325e+06 0.0208386 0.998936 0.0411322 5.02212e+06 -0.000958709 -0.0411211 0.999154 5.29017e+06
0.999532 -0.016962 -0.0254728 3.79326e+06 0.0154633 0.998201 -0.0579234 5.02212e+06 0.0264095 0.0575024 0.997996 5.29017e+06
0.999761 -0.0133875 0.0172579 3.79326e+06 0.0138727 0.999503 -0.0283095 5.02212e+06 -0.0168703 0.0285422 0.99945 5.29018e+06
0.999721 -0.0101325 -0.0213514 3.79326e+06 0.010118 0.999949 -0.000789714 5.02212e+06 0.0213583 0.000573461 0.999772 5.29018e+06
0.999477 -0.00719775 -0.0315125 3.79326e+06 0.00771818 0.999835 0.0164245 5.02212e+06 0.0313891 -0.0166591 0.999368 5.29018e+06
0.999941 -0.00706717 -0.00825038 3.79326e+06 0.00659841 0.998436 -0.0555242 5.02212e+06 0.00862987 0.0554665 0.998423 5.29018e+06
0.99899 -0.00740431 0.0443138 3.79326e+06 0.00697499 0.999927 0.00983491 5.02212e+06 -0.0443834 -0.00951589 0.998969 5.29018e+06
0.999755 -0.00494912 0.0215758 3.79326e+06 0.00520853 0.999915 -0.0119837 5.02212e+06 -0.0215146 0.0120931 0.999695 5.29018e+06
0.999984 -0.00372961 0.00433416 3.79326e+06 0.00377622 0.999935 -0.0107971 5.02212e+06 -0.00429361 0.0108133 0.999932 5.29018e+06
0.999012 -0.00415498 0.0442437 3.79326e+06 0.00297254 0.999638 0.0267579 5.02212e+06 -0.0443388 -0.0266 0.998662 5.29018e+06
0.999613 -0.00195985 0.0277422 3.79326e+06 0.00226678 0.999937 -0.0110368 5.02212e+06 -0.0277188 0.0110954 0.999554 5.29018e+06
0.999998 -0.0013907 -0.00111929 3.79326e+06 0.00136863 0.999809 -0.0194803 5.02212e+06 0.00114617 0.0194787 0.99981 5.29018e+06
0.999374 -0.000854834 -0.0353701 3.79326e+06 0.000504751 0.999951 -0.00990544 5.02212e+06 0.0353768 0.00988139 0.999325 5.29018e+06
0.999816 -0.000476018 -0.0191723 3.79326e+06 0.000537362 0.999995 0.00319459 5.02212e+06 0.0191707 -0.00320431 0.999811 5.29018e+06
0.999723 -0.000286661 0.0235252 3.79326e+06 0.00063425 0.999891 -0.014769 5.02212e+06 -0.0235184 0.0147799 0.999614 5.29018e+06
0.996228 -0.000291014 0.0867772 3.79326e+06 0.00117473 0.999948 -0.0101329 5.02211e+06 -0.0867697 0.0101966 0.996176 5.29018e+06
0.999999 -0.000711421 -0.00115913 3.79326e+06 0.000714773 0.999996 0.00289335 5.02211e+06 0.00115707 -0.00289418 0.999995 5.29018e+06
0.999866 -0.000450494 -0.0163754 3.79327e+06 0.00069263 0.99989 0.0147839 5.02211e+06 0.016367 -0.0147933 0.999757 5.29018e+06
0.999996 -0.000268138 0.00269904 3.79327e+06 0.000198827 0.999671 0.0256473 5.02211e+06 -0.00270503 -0.0256467 0.999667 5.29018e+06
0.999999 -9.46941e-05 0.00112559 3.79327e+06 0.000114602 0.999843 -0.0176996 5.02211e+06 -0.00112374 0.0176997 0.999843 5.29018e+06
0.999616 -0.00028701 0.0277013 3.79327e+06 0.000345226 0.999998 -0.00209681 5.02211e+06 -0.0277006 0.00210557 0.999614 5.29019e+06
0.998279 -0.000890873 0.0586344 3.79327e+06 0.000134895 0.999917 0.0128958 5.02211e+06 -0.058641 -0.0128657 0.998196 5.29019e+06
0.999697 -0.00236021 0.0245028 3.79327e+06 0.00105338 0.998583 0.0532108 5.02211e+06 -0.0245936 -0.0531689 0.998283 5.29019e+06
0.999831 -0.00189271 -0.0182717 3.79327e+06 0.00266987 0.999089 0.0426033 5.02211e+06 0.0181744 -0.0426449 0.998925 5.29019e+06
0.997612 -0.00179669 -0.0690444 3.79327e+06 0.00400415 0.999485 0.0318464 5.02211e+06 0.0689517 -0.0320468 0.997105 5.29019e+06
0.999655 -0.00150913 -0.02621 3.79327e+06 0.00219012 0.99966 0.0259728 5.02211e+06 0.0261619 -0.0260212 0.999319 5.29019e+06
0.999914 -0.00164553 -0.0129979 3.79327e+06 0.00161959 0.999997 -0.00200619 5.02211e+06 0.0130012 0.00198497 0.999914 5.29019e+06
0.999409 -0.00236709 -0.0342873 3.79327e+06 0.000944833 0.999141 -0.0414377 5.02211e+06 0.0343559 0.0413808 0.998553 5.29019e+06
0.998545 0.000236829 -0.0539253 3.79327e+06 0.000197707 0.999968 0.00805263 5.02211e+06 0.0539254 -0.00805158 0.998513 5.29019e+06
0.999987 -0.000539592 -0.00513148 3.79327e+06 0.000439935 0.999812 -0.0194021 5.02211e+06 0.00514098 0.0193996 0.999799 5.29019e+06
0.999945 -0.000431094 -0.0104685 3.79327e+06 0.00017754 0.999707 -0.0242095 5.02211e+06 0.0104758 0.0242063 0.999652 5.29019e+06
0.999312 -0.000828164 0.0370817 3.79328e+06 0.00045376 0.999949 0.010104 5.02211e+06 -0.0370882 -0.0100803 0.999261 5.29019e+06
0.999119 0.00164061 0.0419342 3.79328e+06 0.000522888 0.998671 -0.0515296 5.02211e+06 -0.0419631 0.0515061 0.997791 5.29019e+06
0.999451 -7.6015e-06 0.0331211 3.79328e+06 0.000315213 0.999957 -0.00928227 5.02211e+06 -0.0331196 0.00928762 0.999408 5.29019e+06
0.999971 -0.000360776 0.00766689 3.79328e+06 0.000214818 0.999819 0.0190297 5.02211e+06 -0.00767237 -0.0190275 0.99979 5.29019e+06
0.999661 -0.000664316 -0.0260201 3.79328e+06 0.000157892 0.999811 -0.01946 5.02211e+06 0.0260281 0.0194493 0.999472 5.29019e+06
0.998379 -0.000845664 -0.0569074 3.79328e+06 -0.000618735 0.999669 -0.0257105 5.02211e+06 0.0569103 0.025704 0.998048 5.2902e+06
0.999815 0.000517972 -0.0192503 3.79328e+06 -0.000309413 0.999941 0.0108354 5.02211e+06 0.0192548 -0.0108274 0.999756 5.2902e+06
0.999546 0.000393362 -0.0301343 3.79328e+06 -0.000210113 0.999981 0.00608399 5.02211e+06 0.0301361 -0.0060749 0.999527 5.2902e+06
0.999791 0.000388823 -0.0204242 3.79328e+06 -0.000164365 0.99994 0.0109903 5.0221e+06 0.0204273 -0.0109846 0.999731 5.2902e+06
0.999775 0.00162673 -0.0211348 3.79328e+06 -4.32498e-05 0.997205 0.0747081 5.0221e+06 0.0211973 -0.0746903 0.996981 5.2902e+06
0.999997 0.00132877 0.00185277 3.79328e+06 -0.00145501 0.997554 0.0698869 5.0221e+06 -0.00175537 -0.0698894 0.997553 5.2902e+06
0.999263 0.000519377 0.0383945 3.79328e+06 -0.00389796 0.996115 0.0879742 5.0221e+06 -0.0381996 -0.088059 0.995383 5.2902e+06
0.99994 0.00388744 0.0102053 3.79328e+06 -0.00318316 0.997671 -0.0681425 5.0221e+06 -0.0104464 0.068106 0.997623 5.2902e+06
0.999972 0.00288021 0.00687763 3.79328e+06 -0.00263111 0.99935 -0.0359575 5.0221e+06 -0.00697672 0.0359384 0.99933 5.2902e+06
0.99987 0.00233695 -0.0159641 3.79329e+06 -0.00247025 0.999962 -0.00833583 5.0221e+06 0.015944 0.00837418 0.999838 5.2902e+06
0.999794 0.00175524 0.0202078 3.79329e+06 -0.00192773 0.999962 0.00851934 5.0221e+06 -0.020192 -0.00855654 0.999759 5.2902e+06
0.999667 0.00144116 -0.0257537 3.79329e+06 -0.000985799 0.999843 0.0176853 5.0221e+06 0.0257751 -0.017654 0.999512 5.2902e+06
