0.373812 -0.927349 -0.0170041 -190.073 0.9275 0.373692 0.00984525 -114.146 -0.0027757 -0.0194515 0.999807 -0.0307938
0.373603 -0.927438 -0.0167042 -190.073 0.927579 0.373455 0.0113654 -114.115 -0.00430245 -0.0197406 0.999796 -0.0117285
0.374032 -0.927283 -0.0156836 -190.088 0.927402 0.373882 0.0117091 -114.127 -0.00499381 -0.0189246 0.999808 -0.00743836
0.373544 -0.927478 -0.0157809 -190.092 0.927599 0.373394 0.0117012 -114.123 -0.00496012 -0.0190093 0.999807 -0.0119317
0.374529 -0.927084 -0.0155885 -190.091 0.927204 0.37439 0.0111382 -114.119 -0.00448986 -0.0186253 0.999816 -0.0110447
0.374226 -0.927213 -0.01522 -190.094 0.92732 0.374066 0.0123752 -114.132 -0.00578117 -0.0187449 0.999808 -0.00748787
0.375125 -0.926823 -0.0167502 -190.09 0.926971 0.375013 0.00950466 -114.114 -0.0025276 -0.0190924 0.999815 -0.0438686
0.374525 -0.927085 -0.0156202 -190.099 0.927211 0.374411 0.00974798 -114.115 -0.00318882 -0.0181341 0.99983 -0.0366806
0.373853 -0.927353 -0.0158028 -190.088 0.927483 0.373742 0.00960445 -114.129 -0.00300054 -0.0182475 0.999829 -0.0265187
0.37487 -0.926938 -0.0160763 -190.097 0.927068 0.374734 0.010879 -114.122 -0.00405984 -0.018982 0.999812 -0.0149912
0.372902 -0.927741 -0.0155444 -190.116 0.927865 0.372786 0.0098853 -114.148 -0.00337625 -0.0181094 0.99983 -0.0230119
0.372489 -0.927907 -0.0155444 -190.067 0.928033 0.37239 0.00894704 -114.04 -0.00251343 -0.0177584 0.999839 -0.029708
0.370815 -0.928589 -0.0147708 -189.916 0.928694 0.370679 0.0111741 -113.706 -0.0049009 -0.0178611 0.999828 -0.0406833
0.368236 -0.929671 -0.0106608 -189.851 0.929721 0.368152 0.00909851 -113.507 -0.00453382 -0.013262 0.999902 -0.0420287
0.366477 -0.930253 -0.0179879 -189.692 0.930392 0.366228 0.0157195 -113.119 -0.00803544 -0.0224966 0.999715 0.00629584
0.3659 -0.930497 -0.017114 -189.625 0.930595 0.365606 0.0180591 -112.901 -0.010547 -0.022534 0.99969 0.00265819
0.364385 -0.931087 -0.0173509 -189.465 0.931214 0.364148 0.0153986 -112.527 -0.00801912 -0.0217684 0.999731 0.0166848
0.363817 -0.931291 -0.0182622 -189.4 0.931437 0.363569 0.0155781 -112.383 -0.00786812 -0.0226777 0.999712 -0.00504436
0.364506 -0.931002 -0.0192572 -189.366 0.931167 0.364238 0.0160807 -112.237 -0.00795692 -0.0237932 0.999685 0.0167653
0.363865 -0.931232 -0.0202086 -189.254 0.931425 0.363604 0.0154921 -112.01 -0.00707886 -0.0244598 0.999676 -0.00581219
0.36218 -0.931933 -0.0180594 -189.135 0.932088 0.361976 0.0136231 -111.66 -0.00615878 -0.0217669 0.999744 0.0156195
0.361354 -0.932288 -0.016199 -189.029 0.932391 0.36113 0.0152256 -111.453 -0.00834469 -0.0206057 0.999753 0.00441765
0.361977 -0.932018 -0.0177256 -188.953 0.932154 0.36174 0.0152531 -111.243 -0.00780408 -0.0220443 0.999727 0.0056783
0.361451 -0.932221 -0.0177933 -188.855 0.932344 0.361177 0.0169034 -111 -0.00933118 -0.0226993 0.999699 0.0051078
0.359718 -0.932913 -0.0166448 -188.715 0.933007 0.359447 0.0172176 -110.661 -0.0100796 -0.0217232 0.999713 0.0167673
0.360828 -0.932444 -0.0187485 -188.552 0.932593 0.360557 0.0163909 -110.179 -0.0085237 -0.0233991 0.99969 0.0210464
0.359296 -0.933093 -0.0156364 -188.473 0.933175 0.359055 0.0162554 -109.947 -0.0095535 -0.020432 0.999746 0.00871419
0.357773 -0.93369 -0.0148736 -188.332 0.933735 0.3575 0.0182173 -109.615 -0.011692 -0.0204057 0.999723 -0.0119789
0.359848 -0.93288 -0.015594 -188.241 0.932925 0.359538 0.0195728 -109.356 -0.0126525 -0.0215913 0.999687 -0.0160986
0.359237 -0.933183 -0.010852 -188.104 0.933079 0.358929 0.0230976 -108.976 -0.0176592 -0.0184233 0.999674 0.00896173
0.360061 -0.932912 -0.00565231 -187.94 0.932788 0.359895 0.019573 -108.574 -0.0162256 -0.0123199 0.999792 -0.0146709
0.359739 -0.93305 -0.00241843 -187.84 0.932922 0.359643 0.0177122 -108.345 -0.0156566 -0.00862798 0.99984 0.000254733
0.360369 -0.932809 -0.000910195 -187.758 0.932694 0.360309 0.0160894 -108.12 -0.0146804 -0.00664705 0.99987 0.00587594
0.3603 -0.932831 0.00314322 -187.649 0.932729 0.360307 0.0139876 -107.806 -0.0141806 -0.00210797 0.999897 -0.0117916
0.358159 -0.933442 0.0201895 -187.257 0.933476 0.358434 0.0121379 -106.866 -0.0185666 0.0144991 0.999722 -0.00195313
0.360154 -0.93276 0.0157449 -187.147 0.932798 0.360307 0.00822925 -106.577 -0.0133489 0.011723 0.999842 -0.00632197
0.360936 -0.932481 0.0142707 -187.068 0.932402 0.361128 0.014581 -106.298 -0.0187501 0.00804321 0.999792 0.00332449
0.362764 -0.931769 0.0144707 -186.846 0.931743 0.362934 0.0115925 -105.818 -0.0160534 0.00927763 0.999828 0.0234201
0.362072 -0.93208 0.011443 -186.753 0.932033 0.362194 0.0114361 -105.553 -0.014804 0.0065246 0.999869 -0.00869832
0.360104 -0.9328 0.0144433 -186.671 0.932765 0.360279 0.0122159 -105.279 -0.0165986 0.00907321 0.999821 0.00187382
0.359662 -0.932962 0.0150266 -186.568 0.932963 0.359828 0.0102406 -104.967 -0.0149611 0.0103361 0.999835 -0.0456513
0.360164 -0.932837 0.00982856 -186.428 0.93284 0.360233 0.00642255 -104.672 -0.00953177 0.00685531 0.999931 -0.021513
0.361114 -0.932467 0.0100889 -186.048 0.932478 0.361181 0.00576121 -103.755 -0.00901606 0.00732722 0.999933 0.00362076
0.359097 -0.933133 0.0176863 -185.843 0.933158 0.359308 0.0106649 -103.107 -0.0163066 0.0126744 0.999787 0.0168121
0.361701 -0.932128 0.0175712 -185.532 0.932125 0.36193 0.0122002 -102.346 -0.0177317 0.0119657 0.999771 0.0122835
0.360233 -0.932685 0.0181736 -185.413 0.932734 0.360438 0.00956497 -102.029 -0.0154715 0.0135055 0.999789 -0.00451922
0.36034 -0.932673 0.016611 -185.191 0.932656 0.360554 0.0124035 -101.411 -0.0175576 0.0110228 0.999785 0.0531592
0.360931 -0.932426 0.0176246 -185.018 0.932465 0.36113 0.00970809 -100.947 -0.0154168 0.0129303 0.999798 0.0336186
0.359913 -0.932834 0.016836 -184.913 0.932841 0.360116 0.0111203 -100.716 -0.0164363 0.011703 0.999796 0.0508644
0.359385 -0.933043 0.0165144 -184.774 0.933054 0.359578 0.0106885 -100.302 -0.015911 0.0115676 0.999806 0.0430611
0.360777 -0.932524 0.0154462 -184.635 0.932538 0.360942 0.00964002 -100.074 -0.0145647 0.0109263 0.999834 0.0750849
0.36173 -0.932143 0.0161432 -184.517 0.932137 0.361925 0.0114051 -99.751 -0.0164738 0.0109222 0.999805 0.0797686
0.363208 -0.931571 0.0159995 -184.24 0.931551 0.363409 0.0121438 -98.9735 -0.0171272 0.0104936 0.999798 0.0429312
0.36161 -0.932156 0.0179938 -184.077 0.932225 0.361791 0.00795552 -98.5613 -0.0139258 0.0138975 0.999806 0.000877427
0.360811 -0.932411 0.0206286 -183.655 0.9325 0.361051 0.00929541 -97.4782 -0.0161151 0.0158822 0.999744 0.0527278
0.361122 -0.932344 0.0180124 -183.482 0.932397 0.361319 0.00913712 -97.0345 -0.0150272 0.0134951 0.999796 0.0249851
0.362076 -0.93195 0.0192374 -183.176 0.932066 0.362242 0.00585412 -96.2472 -0.0124243 0.0158109 0.999798 0.0190039
0.360359 -0.932662 0.0168267 -182.759 0.932727 0.360512 0.00710968 -95.1579 -0.0126972 0.0131327 0.999833 0.0697133
0.360343 -0.932631 0.018775 -182.551 0.932667 0.360575 0.0108425 -94.7012 -0.0168818 0.0136038 0.999765 0.0488625
0.36087 -0.932495 0.015054 -182.322 0.932385 0.361093 0.0164146 -94.0879 -0.0207424 0.00811264 0.999752 0.072524
0.362846 -0.931728 0.0150324 -182.084 0.931804 0.36294 0.0039727 -93.494 -0.00915732 0.0125657 0.999879 0.0440881
0.361273 -0.932284 0.0181154 -181.866 0.932366 0.361444 0.00716601 -92.8712 -0.0132285 0.0143013 0.99981 0.0532603
0.36194 -0.932066 0.015907 -181.759 0.932157 0.362036 0.0035445 -92.585 -0.00906262 0.0135449 0.999867 0.0224991
0.362591 -0.931802 0.016544 -181.453 0.931859 0.362745 0.00740769 -91.8234 -0.0129037 0.0127307 0.999836 0.055579
0.361625 -0.932205 0.0148559 -181.21 0.932252 0.361749 0.0066603 -91.2072 -0.0115829 0.0114409 0.999867 0.0388929
0.361915 -0.932015 0.0191125 -181.093 0.932147 0.362055 0.00433594 -90.933 -0.0109609 0.0162464 0.999808 0.0303446
0.362566 -0.931805 0.0168973 -180.815 0.931826 0.362761 0.0102691 -90.1897 -0.0156985 0.0120221 0.999804 0.0788513
0.363951 -0.93132 0.0134992 -180.501 0.931356 0.364056 0.00625397 -89.4128 -0.0107389 0.0102965 0.999889 0.0874503
0.363548 -0.931474 0.0137693 -180.329 0.931513 0.363654 0.00619674 -88.9262 -0.0107794 0.0105735 0.999886 0.078308
0.362576 -0.931821 0.0157463 -180.026 0.931885 0.362704 0.00609286 -88.2086 -0.0113887 0.0124646 0.999857 0.0716547
0.363229 -0.931546 0.0169359 -179.589 0.931575 0.363418 0.00979449 -87.0654 -0.0152788 0.0122194 0.999809 0.0567658
0.362696 -0.931842 0.011053 -179.325 0.93188 0.362751 0.00341767 -86.4731 -0.00719422 0.0090605 0.999933 0.0542252
0.364038 -0.931331 0.00993012 -179.234 0.931343 0.364101 0.00546417 -86.1732 -0.00870452 0.00725918 0.999936 0.0336636
0.36757 -0.929919 0.0119532 -179.115 0.929953 0.367647 0.00487878 -85.8347 -0.00893143 0.00932263 0.999917 0.0474693
0.389158 -0.9211 0.0114018 -178.923 0.921136 0.389221 0.0038339 -85.3677 -0.00796922 0.00901062 0.999928 0.0657324
0.402274 -0.915475 0.00895002 -178.795 0.91548 0.402328 0.00529257 -85.0948 -0.00844606 0.00606451 0.999946 0.0770193
0.410223 -0.911925 0.0105066 -178.677 0.911923 0.410302 0.00697321 -84.8319 -0.0106699 0.00672063 0.99992 0.075299
0.420995 -0.906983 0.0120445 -178.47 0.906934 0.421122 0.0113118 -84.4018 -0.0153318 0.00616137 0.999863 0.0638937
0.426075 -0.904638 0.00953961 -178.36 0.904553 0.42617 0.0127944 -84.1218 -0.0156398 0.00317769 0.999873 0.0514769
0.426527 -0.904412 0.0106701 -178.214 0.904353 0.426633 0.0113761 -83.8249 -0.0148409 0.00479735 0.999878 0.0665871
0.428874 -0.903206 0.0169237 -177.935 0.90311 0.429123 0.0156885 -83.3697 -0.0214323 0.00855557 0.999734 0.0729245
0.432372 -0.901608 0.0125209 -177.775 0.901628 0.432467 0.0061525 -83.0095 -0.010962 0.00862899 0.999903 0.0824377
0.434902 -0.900356 0.0148269 -177.434 0.900448 0.434963 0.000948237 -82.2569 -0.00730288 0.0129384 0.99989 0.0672559
0.433524 -0.901049 0.0129648 -177.309 0.901084 0.433614 0.00505704 -81.9688 -0.0101783 0.00948999 0.999903 0.11954
0.41711 -0.908804 0.00975918 -176.533 0.908798 0.41718 0.00678803 -80.3879 -0.0102403 0.00603778 0.999929 0.0899291
0.416083 -0.909247 0.0120235 -176.426 0.909267 0.416171 0.00597874 -80.1893 -0.01044 0.00844496 0.99991 0.0832107
0.417236 -0.908703 0.0131877 -175.829 0.908643 0.417389 0.0124428 -78.84 -0.0168112 0.0067913 0.999836 0.116779
0.41517 -0.909636 0.0140266 -175.528 0.909686 0.415268 0.00482978 -78.1505 -0.0102181 0.0107546 0.99989 0.112485
0.41472 -0.90989 0.010343 -175.369 0.909935 0.41475 0.00091849 -77.8552 -0.0051255 0.00903058 0.999946 0.104608
0.417979 -0.908388 0.0111496 -175.194 0.908392 0.418064 0.00685993 -77.4786 -0.0108927 0.00726087 0.999914 0.0992567
0.416582 -0.908976 0.0148745 -175.053 0.909026 0.416699 0.00572249 -77.1384 -0.0113998 0.0111375 0.999873 0.101386
0.418333 -0.908235 0.0103509 -174.769 0.908226 0.418413 0.00739472 -76.5841 -0.0110471 0.00630752 0.999919 0.108149
0.417882 -0.908402 0.0134549 -174.587 0.908447 0.417973 0.00475997 -76.1714 -0.00994775 0.010234 0.999898 0.0741217
0.419761 -0.907582 0.00975489 -174.377 0.907595 0.419818 0.00480428 -75.7101 -0.00845556 0.00683685 0.999941 0.113453
0.420214 -0.907312 0.0143219 -173.944 0.907364 0.420317 0.00498376 -74.7344 -0.0105416 0.010901 0.999885 0.0862139
0.421532 -0.906685 0.0152619 -173.669 0.906746 0.421646 0.00512839 -74.1578 -0.011085 0.0116769 0.99987 0.0963831
0.421982 -0.906477 0.0151711 -173.532 0.906534 0.422098 0.00539682 -73.8686 -0.0112958 0.0114758 0.99987 0.110263
0.423784 -0.905613 0.016477 -173.207 0.90573 0.423855 0.000895291 -73.1505 -0.00779465 0.0145443 0.999864 0.0749795
0.422769 -0.906073 0.0172985 -172.884 0.906218 0.422808 -0.00150953 -72.4445 -0.00594618 0.0163144 0.999849 0.131688
0.424056 -0.905487 0.0164102 -172.669 0.905564 0.424181 0.00493998 -72.0443 -0.011434 0.0127657 0.999853 0.126161
0.424618 -0.905324 0.00934539 -172.318 0.905331 0.424477 -0.0139912 -71.3436 0.00869971 0.0144016 0.999858 0.0737211
0.423486 -0.905681 0.0200493 -172.144 0.905743 0.423723 0.00937227 -70.8763 -0.0169836 0.0141905 0.999755 0.139926
0.42489 -0.90498 0.0219055 -171.245 0.905166 0.425048 0.00292246 -68.9413 -0.0119556 0.0185864 0.999756 0.142155
0.42575 -0.904733 0.0139748 -171.022 0.904798 0.42583 0.00316413 -68.4812 -0.00881359 0.0112973 0.999897 0.148798
0.425023 -0.90503 0.0165998 -170.729 0.905141 0.425108 0.00178947 -67.8243 -0.00867621 0.0142646 0.999861 0.138535
0.424636 -0.905265 0.0134163 -170.612 0.90533 0.424702 0.00235361 -67.5631 -0.00782855 0.0111467 0.999907 0.169471
0.425906 -0.904616 0.016554 -170.217 0.904702 0.426023 0.0041831 -66.7912 -0.0108365 0.0131948 0.999854 0.138381
0.425374 -0.904922 0.0131657 -169.823 0.904973 0.425453 0.00373012 -65.923 -0.00897686 0.0103279 0.999906 0.181271
0.428942 -0.903236 0.0131764 -168.812 0.903266 0.429041 0.00588521 -63.8908 -0.010969 0.00937742 0.999896 0.188697
0.428342 -0.903485 0.015441 -168.656 0.903546 0.428459 0.0051279 -63.5295 -0.0112488 0.0117551 0.999868 0.190496
0.427813 -0.903686 0.0181311 -168.52 0.903775 0.42797 0.00574935 -63.2378 -0.0129552 0.0139268 0.999819 0.169063
0.428959 -0.903218 0.0138144 -168.439 0.903269 0.429052 0.00448627 -63.071 -0.00997917 0.0105537 0.999894 0.190042
0.426849 -0.904167 0.0167878 -168.219 0.904218 0.427009 0.0072725 -62.6195 -0.0137441 0.0120756 0.999833 0.176328
0.427784 -0.903724 0.0168384 -167.908 0.903744 0.42797 0.00945173 -61.9631 -0.0157481 0.0111743 0.999813 0.186685
0.427355 -0.903872 0.0195721 -167.817 0.903937 0.427575 0.0087724 -61.7311 -0.0162977 0.013943 0.99977 0.164962
0.429262 -0.903061 0.0146321 -167.509 0.903037 0.429426 0.0108616 -61.0703 -0.0160921 0.00855084 0.999834 0.173343
0.429634 -0.902868 0.0156307 -167.165 0.90288 0.429797 0.00907694 -60.3583 -0.0149133 0.0102129 0.999837 0.153125
0.429599 -0.902847 0.0176739 -166.943 0.902831 0.429827 0.0120295 -59.9239 -0.0184576 0.0107887 0.999771 0.158287
0.43133 -0.90199 0.0192048 -166.514 0.902055 0.43154 0.00834293 -58.9635 -0.0158129 0.0137252 0.999781 0.161715
0.43208 -0.901648 0.0183778 -166.363 0.901678 0.432296 0.00983262 -58.6631 -0.0168102 0.0123224 0.999783 0.151629
0.431055 -0.902162 0.0171814 -166.202 0.902164 0.43126 0.010696 -58.3342 -0.0170592 0.0108899 0.999795 0.149654
0.432952 -0.901263 0.0166646 -165.876 0.901316 0.433106 0.0069271 -57.6819 -0.0134607 0.012021 0.999837 0.144204
0.431663 -0.90185 0.0182792 -165.559 0.901937 0.431826 0.00600154 -56.9755 -0.0133059 0.013896 0.999815 0.147627
0.433457 -0.901065 0.0140118 -165.37 0.901129 0.433538 0.00326545 -56.5775 -0.00901704 0.011211 0.999897 0.159786
0.433262 -0.901138 0.0152982 -165.025 0.901202 0.433373 0.00472766 -55.8952 -0.0108901 0.0117384 0.999872 0.152848
0.433972 -0.900804 0.0148159 -164.571 0.900844 0.434096 0.00634325 -54.9234 -0.0121455 0.010594 0.99987 0.173918
0.433244 -0.901136 0.0159349 -164.38 0.901139 0.433419 0.0097825 -54.4966 -0.0157218 0.0101214 0.999825 0.165746
0.434721 -0.900448 0.0145222 -163.869 0.900392 0.434897 0.0125882 -53.5669 -0.0176507 0.00760332 0.999815 0.137108
0.436049 -0.89983 0.0129283 -163.631 0.899781 0.43619 0.01149 -53.058 -0.0159782 0.00662242 0.99985 0.130025
0.435802 -0.899911 0.0153916 -163.431 0.899881 0.435984 0.0114953 -52.6238 -0.0170553 0.00884093 0.999815 0.128419
0.435002 -0.900309 0.0147091 -163.097 0.90022 0.435195 0.0144529 -51.9636 -0.0194134 0.00695437 0.999787 0.128802
0.435755 -0.89992 0.0161771 -163.039 0.899888 0.435956 0.012017 -51.7941 -0.0178668 0.00932111 0.999797 0.135226
0.436473 -0.899546 0.0175745 -162.817 0.899539 0.436692 0.0114005 -51.3878 -0.0179299 0.0108329 0.99978 0.107675
0.436557 -0.89952 0.0167523 -162.711 0.899492 0.436769 0.0120919 -51.1051 -0.0181938 0.00978976 0.999787 0.124729
0.437055 -0.899241 0.0186515 -162.027 0.899323 0.437234 0.00670541 -49.7576 -0.0141849 0.0138431 0.999804 0.0915395
0.438544 -0.898593 0.0144569 -161.917 0.898584 0.438695 0.00963087 -49.5001 -0.0149964 0.00876716 0.999849 0.108518
0.438571 -0.898529 0.0173845 -161.019 0.898471 0.438812 0.0139105 -47.6577 -0.0201275 0.00951875 0.999752 0.100218
0.439474 -0.897954 0.0232448 -160.325 0.898037 0.43979 0.0106627 -46.183 -0.0197975 0.0161887 0.999673 0.111475
0.437273 -0.898935 0.0266198 -159.85 0.899128 0.43761 0.00819017 -45.2362 -0.0190115 0.0203532 0.999612 0.126985
0.439901 -0.897807 0.0207225 -159.406 0.897933 0.440095 0.00574358 -44.3656 -0.0142765 0.0160808 0.999769 0.0999445
0.440376 -0.89746 0.0251912 -159.053 0.897588 0.440721 0.0100473 -43.6574 -0.0201194 0.0181867 0.999632 0.10805
0.440175 -0.897602 0.0235792 -158.7 0.897724 0.440469 0.00890988 -42.9548 -0.0183834 0.0172457 0.999682 0.0906061
0.439718 -0.897804 0.0244218 -158.481 0.897968 0.439999 0.00739219 -42.5318 -0.0173823 0.0186795 0.999674 0.104336
0.439759 -0.897782 0.0244809 -158.305 0.897905 0.440083 0.00965616 -42.1224 -0.0194428 0.0177352 0.999654 0.0645451
0.440225 -0.897596 0.0228911 -158.139 0.897747 0.440464 0.00647267 -41.7844 -0.0158925 0.017701 0.999717 0.0965501
0.438861 -0.898434 0.0147601 -157.341 0.898467 0.438988 0.00676401 -40.1242 -0.0125565 0.010293 0.999868 0.0800895
0.441242 -0.897142 0.0209983 -156.872 0.897106 0.441569 0.014723 -39.1786 -0.0224808 0.0123413 0.999671 0.079037
0.440632 -0.897452 0.0205816 -156.284 0.897311 0.440996 0.018883 -37.9834 -0.026023 0.0101476 0.99961 0.0843971
0.443411 -0.89603 0.0227397 -155.777 0.896034 0.443767 0.0139345 -36.9267 -0.0225769 0.0141969 0.999644 0.0409326
0.44627 -0.894781 0.0144997 -155.482 0.894832 0.446375 0.00491743 -36.3982 -0.0108723 0.0107803 0.999883 0.0520551
0.444739 -0.895563 0.0131815 -155.181 0.895476 0.444897 0.0137269 -35.7324 -0.0181577 0.0056988 0.999819 0.0481739
0.44658 -0.894609 0.0155034 -154.836 0.894504 0.446795 0.0153907 -35.0441 -0.0206955 0.00699468 0.999761 0.0796633
0.44463 -0.895587 0.015076 -154.531 0.895625 0.44476 0.00664813 -34.4632 -0.0126592 0.0105465 0.999864 0.0662717
0.445493 -0.895151 0.0155058 -154.503 0.895169 0.445648 0.00840139 -34.3888 -0.0144306 0.0101376 0.999844 0.0411243
0.447319 -0.89395 0.0275517 -154.103 0.89375 0.447946 0.0235834 -33.6133 -0.033424 0.014075 0.999342 0.0453465
0.446905 -0.894239 0.0247633 -154.048 0.894116 0.447394 0.0198895 -33.5187 -0.0288649 0.0132526 0.999495 0.017703
0.448999 -0.893149 0.0261562 -153.777 0.893225 0.44942 0.0130606 -32.9877 -0.0234202 0.0174992 0.999573 0.0169013
0.450351 -0.892614 0.0205861 -153.698 0.892765 0.450509 0.00356661 -32.7726 -0.0124578 0.0167724 0.999782 0.030497
0.450445 -0.892589 0.0196093 -153.517 0.892693 0.450627 0.00585074 -32.4341 -0.0140588 0.0148697 0.999791 0.0390359
0.45191 -0.891859 0.0191185 -153.466 0.891941 0.452099 0.00688008 -32.3637 -0.0147795 0.0139434 0.999794 0.0367382
0.450828 -0.892526 0.0122971 -153.435 0.892432 0.45042 -0.0262025 -32.2935 0.0178475 0.0227871 0.999581 -0.0493154
0.450316 -0.892596 -0.0220808 -153.32 0.890047 0.45072 -0.0683165 -32.0911 0.0709313 0.0111111 0.997419 0.0840793
0.440377 -0.895601 0.0629841 -153.095 0.891169 0.44456 0.0904644 -31.5561 -0.10902 0.0162911 0.993906 0.0209057
0.445041 -0.895393 0.0144691 -152.924 0.89545 0.44514 0.00437052 -31.2089 -0.0103541 0.0110113 0.999886 0.0367285
0.448104 -0.893754 0.0201497 -152.686 0.893889 0.448268 0.00430057 -30.7657 -0.0128761 0.0160845 0.999788 0.0336953
0.449393 -0.893047 0.022637 -152.374 0.893065 0.449736 0.0131645 -30.1777 -0.0219372 0.0143003 0.999657 0.0482361
0.449255 -0.893244 0.0168708 -152.087 0.893233 0.449458 0.0110252 -29.5802 -0.0174309 0.0101164 0.999797 0.03022
0.448368 -0.893509 0.024663 -150.872 0.893619 0.448708 0.0103397 -27.1997 -0.0203051 0.0174034 0.999642 0.0164118
0.450549 -0.892457 0.0229335 -149.521 0.892549 0.450846 0.00974184 -24.5379 -0.0190337 0.0160801 0.999689 0.0255693
0.45191 -0.891777 0.022591 -148.919 0.891866 0.452198 0.00959486 -23.2538 -0.0187721 0.0158121 0.999699 0.00846809
0.451382 -0.892111 0.0198124 -148.434 0.892138 0.451635 0.0107825 -22.3221 -0.0185671 0.0128084 0.999745 0.0540079
0.451475 -0.892001 0.0224609 -148.184 0.892039 0.451797 0.0120355 -21.8134 -0.0208835 0.0146022 0.999675 -0.00789225
0.451484 -0.891813 0.0288181 -148.051 0.892026 0.45189 0.009238 -21.4891 -0.0212612 0.0215357 0.999542 0.0296626
0.451957 -0.891655 0.0261917 -147.867 0.8918 0.452321 0.00988262 -21.151 -0.020659 0.0188913 0.999608 0.0514683
0.458616 -0.888466 0.0173073 -147.576 0.888528 0.458776 0.00655373 -20.6501 -0.0137629 0.0123724 0.999829 0.0246806
0.49182 -0.870386 0.0232567 -146.904 0.870515 0.492088 0.00727728 -19.4187 -0.0177784 0.0166662 0.999703 0.0329681
0.493945 -0.869142 0.0247112 -146.669 0.869303 0.494231 0.00687447 -18.9536 -0.0181879 0.0180859 0.999671 0.000857883
0.494113 -0.86896 0.0275867 -146.311 0.869184 0.494447 0.00648 -18.3304 -0.019271 0.020776 0.999598 0.0387603
0.495759 -0.868198 0.0213456 -146.076 0.868367 0.495916 0.0024758 -17.9114 -0.0127351 0.0173084 0.999769 0.0572005
0.517154 -0.855575 0.0233242 -144.919 0.855638 0.517473 0.010299 -15.9915 -0.0208812 0.0146309 0.999675 0.0378595
0.518903 -0.854422 0.026508 -144.757 0.854605 0.519232 0.00701738 -15.725 -0.0197596 0.0190125 0.999624 0.0192145
0.522706 -0.852212 0.0226525 -144.516 0.852324 0.522966 0.00716869 -15.3073 -0.0179557 0.0155602 0.999718 0.011207
0.523848 -0.851439 0.0251814 -144.286 0.85155 0.524191 0.00928157 -14.9261 -0.0211026 0.0165811 0.99964 -0.00775663
0.52401 -0.851375 0.0239503 -143.982 0.851492 0.524307 0.00796954 -14.4695 -0.0193424 0.0162174 0.999681 0.0441501
0.52324 -0.85176 0.0269105 -143.613 0.851887 0.523632 0.00993225 -13.8223 -0.0225511 0.0177278 0.999588 -0.00722056
0.526116 -0.849737 0.0338951 -142.501 0.849168 0.527084 0.0331069 -12.0018 -0.0459977 0.0113646 0.998877 -0.0196392
0.527005 -0.849478 0.0255446 -142.332 0.84938 0.52748 0.01783 -11.7408 -0.0286204 0.0123006 0.999515 -0.00770618
0.529134 -0.848069 0.0282009 -142.234 0.848285 0.529496 0.00685214 -11.5548 -0.0207433 0.0202966 0.999579 -0.0306867
0.530978 -0.846967 0.0266324 -142.088 0.847096 0.531356 0.00945567 -11.3386 -0.0221599 0.0175394 0.999601 -0.0207938
0.526774 -0.849802 -0.0185834 -141.743 0.847971 0.5269 -0.057636 -10.7994 0.0587708 0.0146029 0.998165 0.00476023
0.525906 -0.848174 0.0634265 -141.405 0.843086 0.529697 0.0928786 -10.278 -0.112374 0.00462859 0.993655 0.108069
0.530988 -0.847118 0.0210576 -141.301 0.847151 0.531257 0.0100133 -10.0495 -0.0196694 0.0125221 0.999728 -0.0172943
0.533401 -0.845604 0.0209246 -140.989 0.845635 0.533668 0.00996847 -9.54841 -0.0195962 0.0123774 0.999731 -0.0260162
0.5332 -0.845733 0.0208181 -140.747 0.845773 0.533459 0.0094851 -9.1601 -0.0191274 0.0125499 0.999738 -0.0122142
0.53552 -0.844311 0.0188992 -140.071 0.844406 0.535684 0.0046282 -8.11653 -0.0140316 0.0134801 0.999811 -0.0335511
0.536201 -0.843886 0.0185736 -139.272 0.843953 0.536381 0.00619006 -6.83671 -0.0151862 0.0123561 0.999808 -0.0587309
0.535861 -0.843918 0.025609 -138.883 0.844096 0.536158 0.00606397 -6.26786 -0.018848 0.018367 0.999654 -0.0378116
0.553068 -0.832865 0.0212602 -138.45 0.832988 0.553271 0.00476171 -5.58697 -0.0157285 0.015076 0.999763 -0.071161
0.63318 -0.773676 0.0225574 -136.475 0.773716 0.633471 0.00886099 -2.94494 -0.021145 0.0118424 0.999706 -0.0294372
0.649586 -0.76 0.020938 -136.044 0.760103 0.64979 0.00419825 -2.42088 -0.0167959 0.0131879 0.999772 -0.0465598
0.658417 -0.752384 0.0201102 -135.778 0.752521 0.658567 0.00113732 -2.11382 -0.0140996 0.0143845 0.999797 -0.0384663
0.664283 -0.747128 0.0229605 -135.353 0.747291 0.664494 0.00214178 -1.64083 -0.0168573 0.0157354 0.999734 -0.083652
0.668591 -0.743393 0.01881 -134.685 0.7435 0.668733 0.00180371 -0.879345 -0.0139197 0.0127793 0.999821 -0.0484974
0.670173 -0.741937 0.0199759 -134.323 0.742055 0.670335 0.00206778 -0.471039 -0.0149247 0.0134375 0.999798 -0.046521
0.674178 -0.738406 0.015511 -133.813 0.738559 0.674128 -0.00900138 0.0860036 -0.00380973 0.0175243 0.999839 -0.037587
0.675849 -0.736545 0.0269936 -133.446 0.736887 0.676002 -0.00438835 0.456984 -0.0150155 0.0228571 0.999626 -0.0424555
0.70032 -0.71318 0.0304359 -132.631 0.713564 0.700585 -0.00263815 1.28878 -0.0194414 0.0235655 0.999533 -0.0443734
0.765424 -0.643041 0.0249868 -131.657 0.643282 0.765626 -0.00219517 2.15424 -0.017719 0.0177538 0.999685 -0.0705144
0.786999 -0.616573 0.0217067 -131.189 0.616775 0.787131 -0.00356476 2.54775 -0.0148881 0.0161936 0.999758 -0.0516996
0.892 -0.451557 0.0207762 -128.243 0.451757 0.892121 -0.00595712 4.36667 -0.0158449 0.0146996 0.999766 -0.0666796
0.939861 -0.340998 0.0195507 -125.141 0.341195 0.939961 -0.0076841 5.57233 -0.0157566 0.0138926 0.999779 -0.0913185
0.94328 -0.331723 0.013521 -124.65 0.331823 0.943323 -0.00587584 5.74717 -0.0108055 0.0100291 0.999891 -0.0375559
0.957176 -0.289318 0.0104837 -123.879 0.289394 0.957187 -0.00659482 6.02039 -0.00812683 0.00934631 0.999923 -0.0612611
0.975298 -0.220808 0.00608456 -122.895 0.220753 0.975291 0.00866759 6.30965 -0.00784809 -0.0071103 0.999944 -0.0455254
0.983992 -0.177608 0.0146466 -121.678 0.17733 0.983978 0.0184972 6.51552 -0.0176972 -0.0156038 0.999722 -0.0486241
0.987187 -0.159332 0.00869707 -120.672 0.159135 0.987055 0.0199856 6.71822 -0.0117688 -0.0183456 0.999762 -0.0388822
0.990783 -0.135204 0.0083409 -118.662 0.135246 0.990801 -0.00470546 6.99936 -0.00762798 0.00579017 0.999954 -0.0577743
0.992249 -0.123409 0.0145396 -117.628 0.12344 0.992351 -0.00128932 7.12332 -0.0142693 0.0030741 0.999893 -0.0976805
0.993193 -0.115691 0.0135385 -117.088 0.115742 0.993275 -0.00303851 7.18266 -0.0130959 0.0045848 0.999904 -0.0756529
0.99562 -0.0914461 0.0194491 -116.345 0.0916262 0.995757 -0.00858052 7.26996 -0.0185819 0.010325 0.999774 -0.0780091
0.997557 -0.0675877 0.0176399 -115.809 0.0677607 0.997657 -0.00939799 7.28657 -0.0169634 0.0105703 0.9998 -0.0650459
0.999765 -0.00600027 0.0208433 -114.488 0.00622519 0.999923 -0.010743 7.36068 -0.0207772 0.0108702 0.999725 -0.0785852
0.999785 0.00753642 0.0193253 -113.96 -0.00734609 0.999924 -0.00990067 7.3356 -0.0193985 0.00975657 0.999764 -0.0905144
0.999588 0.0140303 0.0250414 -113.189 -0.0138722 0.999883 -0.00647283 7.32183 -0.0251293 0.00612279 0.999665 -0.0911719
0.998652 0.0415177 0.0311571 -111.533 -0.041189 0.99909 -0.0111198 7.33123 -0.0315904 0.00982145 0.999453 -0.0664079
0.998452 0.0524731 0.0184713 -109.929 -0.0523413 0.998601 -0.00754931 7.22709 -0.0188416 0.00657081 0.999801 -0.0914389
0.997653 0.0669638 0.0142995 -109.41 -0.0668164 0.99771 -0.0105496 7.19229 -0.0149732 0.00956938 0.999842 -0.115664
0.99663 0.0785887 0.0234914 -108.893 -0.078398 0.996882 -0.00893322 7.1677 -0.0241202 0.00706144 0.999684 -0.148901
0.996284 0.0830449 0.0228305 -108.353 -0.0826811 0.99644 -0.0164444 7.1227 -0.0241149 0.0144956 0.999604 -0.0906595
0.986367 0.164059 0.0128204 -106.224 -0.163861 0.986366 -0.0151939 6.89965 -0.0151383 0.012886 0.999802 -0.116603
0.985832 0.167173 0.0137472 -105.48 -0.167018 0.985884 -0.0117419 6.7161 -0.015516 0.00927948 0.999837 -0.0535337
0.984589 0.174772 0.00622189 -103.693 -0.174752 0.984606 -0.003546 6.42863 -0.00674585 0.00240406 0.999974 0.0119739
0.947237 0.320435 0.00797541 -100.916 -0.320445 0.947267 -8.1624e-05 5.81801 -0.007581 -0.00247836 0.999968 -0.00229653
0.925801 0.377918 0.00835639 -99.988 -0.377917 0.925838 -0.00175383 5.45778 -0.00839946 -0.00153432 0.999964 -0.0521866
0.91477 0.403821 0.011132 -98.6156 -0.403773 0.914837 -0.00639399 4.8312 -0.012766 0.00135423 0.999918 -0.0990854
0.91408 0.405439 0.00874315 -98.1448 -0.405383 0.914116 -0.00752578 4.62779 -0.0110435 0.00333485 0.999933 -0.0735339
0.911806 0.410509 0.00960228 -96.5395 -0.410413 0.911839 -0.0105353 3.90159 -0.0130806 0.00566528 0.999898 -0.0482048
0.909659 0.415197 0.0114738 -93.2999 -0.414994 0.909673 -0.0165809 2.39951 -0.0173217 0.0103214 0.999797 -0.0323961
0.909762 0.415119 0.00312056 -92.8495 -0.415053 0.909711 -0.0125506 2.20512 -0.0080488 0.0101229 0.999916 -0.0642989
0.908606 0.417642 0.00306074 -91.96 -0.417574 0.908552 -0.0128462 1.78778 -0.00814596 0.0103941 0.999913 -0.0379139
0.90709 0.420785 0.0112849 -91.045 -0.420683 0.907148 -0.010369 1.34575 -0.0146002 0.00465822 0.999883 -0.0501069
0.908151 0.418322 0.0163849 -88.9138 -0.418186 0.908293 -0.0111395 0.39586 -0.0195422 0.00326441 0.999804 -0.11365
0.908027 0.418593 0.0163493 -88.4474 -0.418531 0.908174 -0.00717207 0.20368 -0.0178502 -0.000330264 0.999841 -0.100345
0.914294 0.404636 0.0183324 -85.2411 -0.404631 0.914471 -0.00411104 -1.28492 -0.0184279 -0.00365917 0.999823 -0.10783
0.922558 0.385645 0.0128338 -84.7506 -0.385676 0.922634 -0.000101273 -1.47321 -0.0118799 -0.00485625 0.999918 -0.0730877
0.923822 0.38252 0.0152171 -84.2683 -0.382539 0.923937 -0.0017656 -1.6811 -0.014735 -0.00419002 0.999883 -0.062725
0.92979 0.36778 0.0151051 -83.5741 -0.367844 0.929886 0.00156805 -1.96477 -0.0134693 -0.00701426 0.999885 -0.0673612
0.939002 0.343556 0.0156615 -83.1411 -0.343626 0.939104 0.00200405 -2.14905 -0.0140192 -0.0072635 0.999875 -0.0704825
0.94519 0.326249 0.0133054 -82.6383 -0.326336 0.945241 0.00492352 -2.31581 -0.0109705 -0.0089957 0.999899 -0.0301469
0.948968 0.31508 0.0135824 -82.1522 -0.315188 0.949005 0.0067329 -2.43733 -0.0107684 -0.0106703 0.999885 -0.0545824
0.951198 0.308352 0.0119251 -81.2062 -0.308455 0.951205 0.00806853 -2.75101 -0.00885525 -0.0113531 0.999896 -0.0882906
0.951957 0.30607 0.00994156 -79.3072 -0.306187 0.951868 0.0139877 -3.37818 -0.00518184 -0.0163597 0.999853 -0.0750752
0.951639 0.307039 0.0105352 -78.8299 -0.307169 0.951544 0.0145033 -3.5375 -0.00557164 -0.017038 0.999839 -0.0348847
0.951519 0.307325 0.0127891 -78.0919 -0.307478 0.951473 0.0125351 -3.76639 -0.00831609 -0.0158597 0.99984 -0.020789
0.951909 0.306047 0.0143267 -77.6248 -0.306201 0.951913 0.0101184 -3.93528 -0.0105411 -0.0140186 0.999846 -0.03062
0.955566 0.294547 0.0116056 -76.9387 -0.294659 0.955556 0.00946387 -4.17677 -0.00830227 -0.0124631 0.999888 0.00868507
0.965228 0.261004 0.0145503 -76.4764 -0.261124 0.965279 0.0070594 -4.3282 -0.0122026 -0.0106134 0.999869 -0.0170711
0.979463 0.201409 0.00927045 -75.4582 -0.201488 0.979453 0.00865164 -4.49342 -0.00733745 -0.0103419 0.99992 0.109532
0.980697 0.195115 0.0127626 -74.7142 -0.195221 0.980729 0.00771157 -4.66349 -0.011012 -0.0100543 0.999889 0.00444469
0.981903 0.188948 0.0128789 -73.7292 -0.189058 0.981934 0.00794638 -4.84842 -0.0111448 -0.0102374 0.999885 0.0304385
0.981968 0.188493 0.0145024 -72.7148 -0.188586 0.982042 0.00531964 -5.0192 -0.0132393 -0.00795866 0.999881 0.0534698
0.981981 0.188768 0.00890973 -72.0055 -0.188829 0.981988 0.00656947 -5.16181 -0.00750914 -0.00813351 0.999939 0.0643866
0.986389 0.164106 0.010297 -71.0296 -0.164168 0.986417 0.0055216 -5.34149 -0.00925103 -0.00713689 0.999932 0.0528787
0.987264 0.158302 0.0157962 -69.8116 -0.158415 0.987353 0.0062192 -5.50118 -0.0146119 -0.00864235 0.999856 0.0544892
0.987724 0.155374 0.0161185 -68.6112 -0.155543 0.98778 0.00981465 -5.66491 -0.0143966 -0.0122013 0.999822 0.0764381
0.966851 0.255163 -0.00951386 -66.9364 -0.254885 0.966682 0.0236637 -5.9178 0.015235 -0.0204544 0.999675 0.102381
0.908485 0.41786 -0.0069016 -66.0956 -0.417664 0.908386 0.0197964 -6.24875 0.0145415 -0.0151022 0.99978 0.0903263
0.842519 0.538645 0.00479142 -65.5528 -0.538665 0.842502 0.00541852 -6.56261 -0.00111812 -0.00714618 0.999974 0.0799506
0.714255 0.699882 0.00214377 -64.7635 -0.699871 0.714217 0.00865772 -7.19891 0.00452826 -0.00768418 0.99996 0.122894
0.611188 0.791484 0.0012478 -64.3335 -0.791472 0.611168 0.00680051 -7.77708 0.00461988 -0.00514398 0.999976 0.106833
0.513072 0.858341 0.00266823 -63.9827 -0.858345 0.513067 0.00233879 -8.34122 0.000638499 -0.00349023 0.999994 0.136008
0.46019 0.887819 0.00166753 -63.8106 -0.887819 0.460192 -0.00107975 -8.61644 -0.001726 -0.000983572 0.999998 0.133968
0.283195 0.959041 0.00633618 -63.4277 -0.959052 0.283217 -0.00287695 -9.61945 -0.00455362 -0.00526198 0.999976 0.142272
0.225235 0.974286 0.00593463 -63.38 -0.974303 0.225243 -0.000599114 -9.97474 -0.00192044 -0.00564718 0.999982 0.153719
0.134996 0.990844 0.00182256 -63.3136 -0.990846 0.134994 0.000999124 -10.4499 0.000743941 -0.00194076 0.999998 0.15327
0.0198635 0.999795 0.0040235 -63.2547 -0.9998 0.0198726 -0.00222581 -11.1521 -0.00230531 -0.00397848 0.999989 0.164973
-0.0395244 0.999207 0.00471415 -63.2535 -0.999213 -0.0395077 -0.00358204 -11.5114 -0.00339296 -0.00485201 0.999982 0.171405
-0.097215 0.995261 -0.00219503 -63.3237 -0.995258 -0.0972069 0.00352754 -12.0007 0.00329745 0.00252755 0.999991 0.17833
-0.107319 0.994225 0.000437568 -63.4174 -0.994223 -0.107319 0.00159643 -12.4967 0.00163417 -0.000263713 0.999999 0.161436
-0.120396 0.992678 -0.00973174 -63.5012 -0.992432 -0.120593 -0.0231675 -13.4551 -0.0241714 0.00686882 0.999684 0.229002
-0.123575 0.992329 -0.00365808 -63.565 -0.992334 -0.123579 -0.00100004 -14.1029 -0.00144443 0.00350646 0.999993 0.193574
-0.121748 0.992557 0.00282365 -63.6569 -0.9925 -0.121708 -0.011445 -14.4498 -0.0110162 -0.00419587 0.99993 0.210286
-0.126125 0.991983 -0.00795099 -63.8415 -0.991743 -0.126274 -0.022367 -16.0969 -0.0231917 0.0050643 0.999718 0.189743
-0.126612 0.991952 0.000480161 -63.9494 -0.991785 -0.126581 -0.0184138 -16.9607 -0.0182049 -0.00280762 0.99983 0.202595
-0.127232 0.991872 -0.00138343 -63.9831 -0.991711 -0.127237 -0.0179019 -17.345 -0.0179324 -0.000905732 0.999839 0.173654
-0.0655896 0.997842 -0.00314881 -64.2026 -0.997624 -0.0656413 -0.0209347 -19.1721 -0.0210962 0.00176823 0.999776 0.152874
-0.0346507 0.999399 1.24621e-05 -64.2085 -0.999339 -0.0346485 -0.0110286 -19.7285 -0.0110216 -0.000394603 0.999939 0.178524
-0.0314291 0.999505 -0.00147572 -64.262 -0.999449 -0.0314431 -0.0106409 -20.3923 -0.010682 0.00114047 0.999942 0.160814
-0.0262333 0.999624 -0.00798759 -64.2734 -0.999452 -0.0263885 -0.0199793 -21.2246 -0.0201826 0.00745909 0.999768 0.155918
-0.0219808 0.999754 -0.00300713 -64.3005 -0.999708 -0.0220097 -0.00993106 -22.1108 -0.0099948 0.00278796 0.999946 0.156333
-0.0221996 0.999748 -0.00347844 -64.2858 -0.999675 -0.0222413 -0.0124505 -22.546 -0.0125248 0.00320091 0.999916 0.154994
-0.020686 0.999771 -0.00547378 -64.2867 -0.999674 -0.0207653 -0.0148652 -23.4008 -0.0149755 0.00516449 0.999875 0.171428
-0.0191409 0.999808 -0.00427899 -64.2786 -0.999663 -0.0192128 -0.0174526 -24.0965 -0.0175315 0.00394349 0.999839 0.168236
-0.000440522 0.999999 0.00133844 -64.3049 -0.99988 -0.000419738 -0.0154894 -25.1175 -0.0154889 -0.0013451 0.999879 0.154654
0.000650838 0.999999 0.00159247 -64.2797 -0.999887 0.000674723 -0.0150441 -26.4652 -0.0150452 -0.0015825 0.999886 0.170369
-0.00032024 1 0.000650883 -64.2701 -0.999891 -0.00031059 -0.0147715 -27.412 -0.0147713 -0.000655543 0.999891 0.139677
0.000150278 0.99999 0.00443193 -64.2909 -0.999882 0.000218279 -0.015347 -27.9398 -0.0153478 -0.0044291 0.999872 0.148621
0.000861718 0.999998 0.00193902 -64.2656 -0.999708 0.000908326 -0.0241655 -28.3621 -0.0241672 -0.00191763 0.999706 0.190486
-0.00183634 0.999997 -0.00165659 -64.3201 -0.999826 -0.00186673 -0.0185336 -29.1576 -0.0185367 0.00162227 0.999827 0.128262
-0.0021607 0.999993 0.00300647 -64.3049 -0.99989 -0.00211625 -0.0147092 -29.6696 -0.0147028 -0.00303792 0.999887 0.139576
-0.0010759 0.999991 0.00402062 -64.3205 -0.999899 -0.00101873 -0.0141932 -30.1592 -0.014189 -0.00403548 0.999891 0.146632
-0.00224702 0.999997 0.000811522 -64.3349 -0.999852 -0.00223285 -0.0170517 -31.4396 -0.0170499 -0.000849718 0.999854 0.16904
-0.00176875 0.999997 -0.00165716 -64.3362 -0.999869 -0.00179515 -0.0160658 -32.2094 -0.0160687 0.00162853 0.99987 0.15907
0.00474609 0.999979 -0.00450294 -64.3214 -0.999811 0.00466034 -0.0188669 -32.684 -0.0188455 0.00459163 0.999812 0.15618
0.00540017 0.999974 -0.00476517 -64.301 -0.999926 0.00534778 -0.0109387 -33.7292 -0.0109129 0.00482389 0.999929 0.145524
0.00592611 0.999971 -0.00474163 -64.3034 -0.99987 0.00585443 -0.0149911 -34.18 -0.0149629 0.00482985 0.999876 0.164778
0.00674536 0.999976 -0.00141383 -64.2962 -0.999928 0.00673106 -0.00988626 -35.4168 -0.0098765 0.00148042 0.99995 0.144807
0.00477557 0.999985 -0.00253899 -64.2786 -0.99986 0.00473425 -0.0160357 -36.1776 -0.0160235 0.00261521 0.999868 0.17449
0.00413434 0.999985 -0.00346785 -64.27 -0.999895 0.00408572 -0.0139112 -36.8922 -0.0138968 0.003525 0.999897 0.163345
0.00472098 0.999987 -0.00173474 -64.2909 -0.999804 0.00468676 -0.0192243 -38.4207 -0.019216 0.00182516 0.999814 0.129795
0.00360841 0.999992 -0.00143683 -64.2708 -0.999833 0.00358205 -0.0179432 -38.9191 -0.0179379 0.00150134 0.999838 0.16453
0.00379926 0.999992 -0.00155735 -64.2722 -0.999834 0.00377091 -0.0178206 -39.6354 -0.0178146 0.0016248 0.99984 0.149487
0.00233919 0.999993 -0.00275162 -64.2622 -0.999865 0.00229409 -0.0162815 -40.6448 -0.0162751 0.00278933 0.999864 0.149731
0.00260725 0.999979 -0.00585095 -64.2518 -0.999842 0.00250387 -0.0176086 -41.3518 -0.0175936 0.00589593 0.999828 0.163602
0.00145059 0.999983 -0.00562062 -64.2575 -0.999806 0.00133996 -0.0196378 -43.0812 -0.0196299 0.00564802 0.999791 0.156107
-0.00069181 0.999993 -0.00372567 -64.2526 -0.999811 -0.000764145 -0.019449 -43.9879 -0.0194517 0.00371151 0.999804 0.155944
0.00169725 0.999996 -0.00203367 -64.2593 -0.999696 0.00164668 -0.0246159 -44.4513 -0.0246125 0.00207483 0.999695 0.145266
4.3825e-05 0.999993 -0.0037254 -64.2474 -0.999806 -2.95844e-05 -0.0197028 -44.8913 -0.0197027 0.00372554 0.999799 0.142023
-0.00282804 0.999995 -0.00108779 -64.2731 -0.999909 -0.00284212 -0.0131687 -45.618 -0.0131717 0.00105045 0.999913 0.164841
-0.00155488 0.999994 -0.00306402 -64.2697 -0.999867 -0.00160438 -0.0162192 -46.7701 -0.0162241 0.00303839 0.999864 0.123745
-0.00262491 0.999995 -0.00184117 -64.2699 -0.999898 -0.00265048 -0.0140264 -47.227 -0.0140313 0.00180417 0.9999 0.157326
-0.00577568 0.999979 -0.00282681 -64.3235 -0.999707 -0.00584048 -0.023478 -48.8315 -0.023494 0.00269038 0.99972 0.138043
-0.00535546 0.999979 -0.00365386 -64.3433 -0.999743 -0.00543454 -0.0219866 -49.298 -0.022006 0.00353518 0.999752 0.133599
-0.00618964 0.99995 -0.00782148 -64.3332 -0.999827 -0.0063256 -0.0174794 -49.9838 -0.017528 0.00771194 0.999817 0.151136
-0.00953501 0.999671 -0.0238048 -64.3215 -0.999807 -0.00994028 -0.0169645 -51.3225 -0.0171956 0.0236385 0.999573 0.099104
-0.0108742 0.99942 -0.032265 -64.3058 -0.999669 -0.011618 -0.022958 -51.9541 -0.0233196 0.0320046 0.999216 0.0861727
-0.0138046 0.999252 -0.0361216 -64.3435 -0.999784 -0.0143552 -0.0150303 -52.8484 -0.0155376 0.0359063 0.999234 0.101142
0.0448324 0.998926 -0.0117143 -64.3074 -0.998986 0.0447798 -0.00472019 -53.4894 -0.00419055 0.011914 0.99992 0.0646115
0.0869491 0.996173 -0.00885904 -64.2573 -0.996196 0.086893 -0.00653059 -53.8795 -0.00573581 0.00939317 0.999939 0.0909821
0.254209 0.967127 -0.00661 -63.9496 -0.967109 0.254131 -0.0108277 -55.6595 -0.00879192 0.00914509 0.999919 0.116297
0.259465 0.965683 -0.0115468 -63.7433 -0.965628 0.259222 -0.019127 -56.2431 -0.0154774 0.0161127 0.99975 0.111651
0.261431 0.965145 -0.0121833 -63.5355 -0.965119 0.261198 -0.0179156 -56.9624 -0.0141089 0.016442 0.999765 0.0993211
0.266434 0.963825 -0.00732197 -63.3444 -0.963716 0.266259 -0.0189323 -57.8379 -0.0162979 0.0121005 0.999794 0.101314
0.26916 0.963078 -0.00579202 -63.2059 -0.962928 0.268996 -0.0202688 -58.2847 -0.0179624 0.0110328 0.999778 0.0900841
0.259162 0.965831 0.00222356 -63.0342 -0.96572 0.259167 -0.0147622 -59.0914 -0.0148341 0.00167847 0.999889 0.0924493
0.259625 0.965708 0.00190991 -62.9045 -0.965564 0.25962 -0.0168652 -59.566 -0.0167827 0.00253449 0.999856 0.0990554
0.26089 0.965368 -0.000273376 -62.7933 -0.965243 0.260852 -0.0162133 -59.9638 -0.0155805 0.00449377 0.999869 0.0985895
0.260546 0.965439 -0.00653337 -62.4929 -0.965209 0.260317 -0.0246251 -61.035 -0.0220733 0.012722 0.999675 0.0819235
0.254386 0.967073 -0.0076284 -62.4101 -0.966976 0.254216 -0.0182185 -61.4835 -0.0156794 0.012011 0.999805 0.096512
0.200172 0.979752 -0.00420879 -62.0627 -0.979633 0.200075 -0.0169977 -62.7633 -0.0158114 0.00752553 0.999847 0.0901833
0.0621949 0.998062 -0.00216278 -61.9266 -0.997892 0.0621439 -0.0186745 -63.8908 -0.0185039 0.00331968 0.999823 0.102322
0.0434272 0.999046 -0.00465163 -61.8954 -0.998789 0.0433075 -0.0233258 -64.2374 -0.0231021 0.00565897 0.999717 0.0845373
0.0225697 0.999744 0.00140916 -61.8269 -0.999561 0.0225926 -0.0191856 -66.0621 -0.0192126 -0.000975525 0.999815 0.08634
