0.352505 -0.935791 0.00599954 0 0.935657 0.352556 0.0158176 0 -0.0169171 3.77197e-05 0.999857 0
0.35252 -0.935785 0.00598971 0.00174888 0.935651 0.352571 0.0158262 -0.000332213 -0.0169217 2.52332e-05 0.999857 -0.0049
0.352487 -0.935797 0.00597302 0.001646 0.935664 0.352538 0.0157994 -0.0017718 -0.0168907 1.96659e-05 0.999857 -0.0094
0.352548 -0.935775 0.00597597 0.00349775 0.935641 0.352599 0.0158008 -0.00199328 -0.0168931 2.08298e-05 0.999857 -0.0089
0.352488 -0.935798 0.00589109 0.004115 0.935665 0.352537 0.0157866 -0.000553688 -0.0168499 -5.25164e-05 0.999858 -0.0098
0.352491 -0.935797 0.00586474 0.00349775 0.935664 0.35254 0.0157651 -0.000332212 -0.0168205 -6.96341e-05 0.999858 -0.0104
0.352499 -0.935794 0.00583176 0.00298338 0.935661 0.352548 0.0157816 -0.00254696 -0.0168243 -0.000106437 0.999858 -0.0003
0.352457 -0.93581 0.0058084 0.001646 0.935677 0.352505 0.0157856 -0.00298991 -0.0168198 -0.000128954 0.999859 -0.000199999
0.352406 -0.935829 0.00580472 0.0061725 0.935696 0.352453 0.0157997 -0.00298991 -0.0168317 -0.00013643 0.999858 0.0011
0.352397 -0.935833 0.00578621 0.00812712 0.9357 0.352445 0.0157727 0.00188254 -0.0167999 -0.000144104 0.999859 -0.0063
0.352453 -0.935812 0.00576947 0.00843575 0.935678 0.3525 0.0158077 0.00132885 -0.0168267 -0.000173097 0.999858 -0.0088
0.352467 -0.935807 0.0057685 0.00668687 0.935673 0.352514 0.015829 -0.00243623 -0.0168463 -0.000181762 0.999858 -0.0112
0.352374 -0.935842 0.00574205 0.0108019 0.935708 0.352421 0.0158228 -0.00188254 -0.0168312 -0.000202655 0.999858 -0.0079
0.352366 -0.935845 0.00573614 0.00895012 0.93571 0.352413 0.0158642 0.000110737 -0.016868 -0.000222654 0.999858 -0.0134
0.352335 -0.935856 0.00572325 0.00565812 0.935722 0.352382 0.0158737 -0.00155033 -0.0168722 -0.000237478 0.999858 -0.0041
0.352231 -0.935895 0.00572923 0.00473225 0.93576 0.352278 0.0158967 -0.000664425 -0.0168959 -0.000238125 0.999857 -0.0036
0.35234 -0.935854 0.00571202 0.005761 0.93572 0.352387 0.0158914 -0.00210401 -0.0168849 -0.000254329 0.999857 -0.0033
0.352324 -0.935861 0.00572088 0.00545238 0.935726 0.352371 0.0158953 -0.00476171 -0.0168917 -0.00024713 0.999857 -0.0041
0.352388 -0.935836 0.00575725 0.005761 0.935701 0.352435 0.0159232 -0.00365434 -0.0169306 -0.00022409 0.999857 -0.0068
0.352359 -0.935847 0.00576227 0.0101846 0.935712 0.352406 0.0159282 0.0008859 -0.016937 -0.00022061 0.999857 -0.0084
0.352362 -0.935846 0.00577109 0.00606963 0.935711 0.352409 0.0158923 -0.000775162 -0.0169065 -0.000199758 0.999857 -0.0105
0.352336 -0.935855 0.00586034 0.00678975 0.93572 0.352384 0.0159136 -0.0017718 -0.016958 -0.000123313 0.999856 -0.0083
0.352447 -0.935813 0.0058883 0.00596675 0.935678 0.352497 0.0158965 -0.00254696 -0.0169517 -9.31218e-05 0.999856 -0.0128
0.352408 -0.935828 0.00591722 0.00360062 0.935693 0.352457 0.0158683 -0.00232549 -0.0169356 -5.54165e-05 0.999857 -0.0086
0.352377 -0.935839 0.00594464 0.00565812 0.935705 0.352427 0.0158679 -0.000664425 -0.0169448 -2.90483e-05 0.999856 -0.0062
0.352394 -0.935832 0.00598864 0.00432075 0.935698 0.352445 0.0158608 -0.00454024 -0.0169537 1.42915e-05 0.999856 -0.0052
0.352363 -0.935844 0.00598059 0.00267475 0.93571 0.352413 0.0158587 -0.00254696 -0.0169489 8.08593e-06 0.999856 -0.0056
0.352385 -0.935836 0.0059939 0.00853863 0.935702 0.352436 0.0158589 -0.00287918 -0.0169538 2.00617e-05 0.999856 -0.0078
0.352403 -0.935829 0.00602266 0.00596675 0.935695 0.352454 0.0158564 -0.0026577 -0.0169616 4.75248e-05 0.999856 -0.0144
0.352363 -0.935843 0.00609466 0.00596675 0.935709 0.352416 0.0158643 -0.00343286 -0.0169944 0.000112815 0.999856 -0.0115
0.352353 -0.935847 0.00612136 0.0053495 0.935713 0.352406 0.015854 -0.00431876 -0.0169941 0.000141631 0.999856 -0.0065
0.352351 -0.935848 0.0061193 0.006584 0.935714 0.352404 0.0158705 -0.00387581 -0.0170088 0.000133936 0.999855 -0.007
0.35232 -0.935859 0.00612815 0.00678975 0.935725 0.352374 0.015851 -0.00609056 -0.0169937 0.000149628 0.999856 -0.0075
0.352253 -0.935885 0.00613153 0.00884725 0.935751 0.352307 0.0158147 -0.00465098 -0.0169609 0.000166802 0.999856 -0.011
0.352262 -0.935881 0.00614847 0.013168 0.935748 0.352316 0.0158129 -0.00476171 -0.0169652 0.000183136 0.999856 -0.0111
0.352252 -0.935885 0.00616631 0.0128594 0.935751 0.352306 0.0158162 -0.0026577 -0.0169746 0.000198852 0.999856 -0.0097
0.352278 -0.935875 0.00614939 0.013991 0.935742 0.352332 0.0158088 -0.00841605 -0.0169617 0.000185145 0.999856 -0.009
0.35225 -0.935886 0.00615434 0.0133738 0.935753 0.352304 0.0157725 -0.00221475 -0.0169294 0.000203079 0.999857 -0.0058
0.351313 -0.936241 0.00562681 0.0121393 0.936105 0.351357 0.0159924 -0.00232549 -0.0169497 -0.000351036 0.999856 -0.0032
0.349737 -0.936832 0.00538579 0.0259245 0.936701 0.349778 0.0157102 0.0269092 -0.0166016 -0.000449559 0.999862 0.0067
0.350726 -0.936456 0.00644285 0.0348746 0.936323 0.350785 0.0157668 0.0709828 -0.017025 0.000502772 0.999855 0.015
0.350688 -0.936473 0.0059887 0.047734 0.936328 0.350739 0.0165126 0.112177 -0.0175641 -0.000183383 0.999846 0.0122
0.349632 -0.936869 0.00577244 0.066663 0.936696 0.349678 0.0180656 0.167546 -0.0189436 -0.000909284 0.99982 0.016
0.349961 -0.93674 0.0067472 0.0933076 0.936576 0.350026 0.0175405 0.233103 -0.0187926 0.000180777 0.999823 0.0125
0.349124 -0.937049 0.00716367 0.124787 0.936907 0.349196 0.0163803 0.305968 -0.0178507 0.000992952 0.99984 0.012
0.348239 -0.937381 0.00680793 0.160485 0.937249 0.348305 0.0157306 0.386695 -0.0171168 0.000902706 0.999853 0.0122
0.34788 -0.937514 0.00684749 0.194742 0.937392 0.347945 0.0151929 0.4775 -0.0166261 0.00113349 0.999861 0.00859998
0.346833 -0.937906 0.00624587 0.230543 0.937794 0.346889 0.0144919 0.569855 -0.0157586 0.000831072 0.999875 0.00639997
0.34593 -0.938236 0.00670604 0.263257 0.938145 0.345991 0.0132333 0.669962 -0.0147362 0.00171343 0.99989 0.0167
0.344822 -0.938646 0.00646376 0.300704 0.938549 0.344879 0.0135556 0.763646 -0.0149531 0.00139229 0.999887 0.0306999
0.344894 -0.938621 0.00628435 0.334447 0.938494 0.34495 0.0154496 0.869843 -0.0166691 0.000569366 0.999861 0.0295999
0.34478 -0.938649 0.00804515 0.377037 0.93851 0.344868 0.0162563 0.968511 -0.0180335 0.00194562 0.999835 0.0215999
0.3449 -0.938604 0.00810194 0.417158 0.938437 0.344992 0.0178066 1.06751 -0.0195085 0.00146166 0.999809 0.0014999
0.343699 -0.939018 0.010774 0.45409 0.938865 0.343843 0.0174634 1.16496 -0.020103 0.00411317 0.999789 0.00639988
0.343472 -0.93911 0.0100107 0.492154 0.938941 0.343603 0.0180721 1.25798 -0.0204114 0.00319225 0.999787 0.0222999
0.34237 -0.939515 0.00969082 0.515712 0.939354 0.342493 0.0176713 1.35044 -0.0199215 0.00305299 0.999797 0.0114998
0.342577 -0.939447 0.00899189 0.560772 0.939268 0.342688 0.0184401 1.45432 -0.0204049 0.00212865 0.99979 0.0146998
0.341749 -0.93975 0.0087703 0.594 0.939584 0.341855 0.0178037 1.55797 -0.0197292 0.00215603 0.999803 0.0311998
0.341443 -0.939859 0.00902766 0.638236 0.939686 0.341555 0.0181663 1.66372 -0.0201572 0.00228043 0.999794 0.0259997
0.341049 -0.940002 0.00898928 0.670745 0.93981 0.341162 0.0191101 1.7594 -0.0210304 0.00193072 0.999777 0.0176997
0.34128 -0.939919 0.00901617 0.715804 0.939722 0.341393 0.0193053 1.86382 -0.0212235 0.00188419 0.999773 0.0205997
0.341532 -0.939819 0.00980039 0.757263 0.939616 0.341663 0.0197064 1.96681 -0.0218689 0.00247824 0.999758 0.0355996
0.340882 -0.940066 0.00872134 0.804791 0.939863 0.34099 0.0195918 2.06991 -0.0213915 0.00151837 0.99977 0.0284996
0.33988 -0.940432 0.00827835 0.835962 0.940228 0.339979 0.0196581 2.17035 -0.0213016 0.00110212 0.999772 0.0403996
0.339397 -0.940608 0.00809884 0.880095 0.940414 0.339492 0.019126 2.27865 -0.0207396 0.00112495 0.999784 0.0407995
0.338853 -0.940813 0.00710295 0.930196 0.940628 0.338927 0.0186296 2.39038 -0.0199343 0.000368551 0.999801 0.0485995
0.338209 -0.94103 0.00882022 0.97937 0.940865 0.338316 0.0177359 2.50112 -0.0196741 0.00230018 0.999804 0.0303994
0.338138 -0.941053 0.0090594 1.02463 0.940908 0.338247 0.0167833 2.62083 -0.0188583 0.002849 0.999818 0.0420994
0.338068 -0.941064 0.0103778 1.0627 0.940919 0.338203 0.0170136 2.72425 -0.0195207 0.00401288 0.999801 0.0334993
0.338197 -0.941027 0.00957548 1.10776 0.940865 0.338319 0.0177067 2.83765 -0.019902 0.00302091 0.999797 0.0579993
0.338082 -0.941056 0.0106509 1.14911 0.940892 0.338227 0.0180262 2.94584 -0.0205661 0.00392701 0.999781 0.0711992
0.337468 -0.941271 0.0111561 1.19572 0.941087 0.337628 0.0190273 3.06079 -0.0216765 0.0040778 0.999757 0.0636991
0.337112 -0.941401 0.0109494 1.23481 0.941259 0.337258 0.0169674 3.17617 -0.0196659 0.00458633 0.999796 0.0454991
0.336427 -0.941655 0.0101887 1.28059 0.941518 0.336557 0.0165397 3.29655 -0.0190037 0.00402849 0.999811 0.058899
0.336309 -0.941695 0.0103833 1.32308 0.941585 0.336436 0.0150997 3.40274 -0.0177126 0.0046986 0.999832 0.0742989
0.335565 -0.941943 0.0117863 1.36083 0.941846 0.335717 0.0148707 3.51647 -0.0179642 0.00611082 0.99982 0.0718989
0.335954 -0.941836 0.00895435 1.39848 0.941718 0.336057 0.0152498 3.63717 -0.017372 0.00330924 0.999844 0.0564988
0.337082 -0.941421 0.0101007 1.45445 0.941286 0.33721 0.0164142 3.74426 -0.0188587 0.00397471 0.999814 0.0448987
0.337078 -0.941418 0.0105497 1.49272 0.941267 0.337218 0.0173346 3.86795 -0.0198766 0.00408704 0.999794 0.0709986
0.336454 -0.941622 0.0120624 1.53716 0.94146 0.33663 0.0182729 3.98522 -0.0212667 0.00520828 0.99976 0.0829986
0.336229 -0.941704 0.0119918 1.58623 0.941568 0.336397 0.0169495 4.1046 -0.0199954 0.0055922 0.999784 0.0683985
0.335373 -0.942024 0.010755 1.63695 0.9419 0.335512 0.0160058 4.22309 -0.0186863 0.00476227 0.999814 0.0798984
0.334619 -0.942284 0.0114189 1.68653 0.942162 0.334771 0.0160969 4.349 -0.0189906 0.0053721 0.999805 0.0933983
0.334788 -0.942236 0.0104074 1.73159 0.942127 0.334916 0.015116 4.46449 -0.0177285 0.00474447 0.999832 0.0927982
0.335003 -0.942132 0.0126675 1.78221 0.942042 0.33517 0.0147808 4.58564 -0.0181712 0.00698169 0.999811 0.0971981
0.335577 -0.941916 0.01351 1.82665 0.941824 0.335763 0.0152088 4.70712 -0.0188615 0.00762038 0.999793 0.072498
0.335959 -0.941772 0.0140064 1.87479 0.941701 0.336146 0.014298 4.8296 -0.0181736 0.00838634 0.9998 0.0648979
0.335906 -0.941749 0.0166433 1.91625 0.941745 0.336116 0.0119681 4.96957 -0.0168651 0.0116536 0.99979 0.0601978
0.336252 -0.941625 0.0166523 2.02242 0.941634 0.336452 0.0111641 5.21087 -0.0161151 0.0119264 0.999799 0.0396975
0.336172 -0.941664 0.0160745 2.07046 0.941723 0.336315 0.00714741 5.33655 -0.0121365 0.012735 0.999845 0.0644974
0.336321 -0.941656 0.0131126 2.1183 0.941685 0.336426 0.00679159 5.44917 -0.0108068 0.0100638 0.999891 0.0710973
0.336785 -0.941491 0.0130652 2.16531 0.941529 0.33688 0.00588162 5.5773 -0.00993891 0.0103204 0.999897 0.0677972
0.33638 -0.941659 0.0112804 2.26634 0.941696 0.336442 0.00405217 5.83686 -0.00761096 0.00925963 0.999928 0.0497969
0.336913 -0.941486 0.00967603 2.30728 0.941525 0.33694 0.00135283 5.96565 -0.00453392 0.00865444 0.999952 0.0592968
0.337532 -0.941272 0.00892532 2.41067 0.941312 0.337536 -0.00108678 6.22057 -0.00198966 0.00876833 0.99996 0.0639965
0.336869 -0.941518 0.00789301 2.46704 0.941551 0.336847 -0.00403363 6.35888 0.00113901 0.00879048 0.999961 0.0482963
0.337017 -0.941471 0.0071944 2.5622 0.941489 0.336969 -0.00707055 6.6014 0.00423242 0.00915634 0.999949 0.064096
0.337316 -0.941364 0.00716879 2.60953 0.941376 0.337256 -0.00834042 6.73517 0.00543365 0.00956188 0.99994 0.0796959
0.336421 -0.941656 0.0102545 2.70942 0.941672 0.336287 -0.0128579 6.99429 0.00865929 0.0139821 0.999865 0.0732956
0.338799 -0.940803 0.0102612 2.7733 0.940756 0.33858 -0.0184866 7.13382 0.013918 0.0159166 0.999776 0.0740954
0.335249 -0.942118 0.00475883 2.86188 0.942001 0.335115 -0.0182547 7.38143 0.0156034 0.0106027 0.999822 0.0515951
0.338884 -0.940819 0.00404932 2.95457 0.94072 0.338777 -0.0165798 7.62262 0.0142268 0.00942791 0.999854 0.0765947
0.33909 -0.940714 0.00863978 3.06434 0.940693 0.338949 -0.014482 7.89171 0.0106949 0.0130381 0.999858 0.0690944
0.339049 -0.940744 0.00685906 3.19416 0.940708 0.338935 -0.0138447 8.27542 0.0106995 0.0111464 0.999881 0.0890938
0.339791 -0.940479 0.00650718 3.30126 0.940436 0.339678 -0.0140705 8.52923 0.0110227 0.0109006 0.99988 0.0815934
0.338255 -0.941021 0.00792774 3.40763 0.941018 0.338156 -0.0116739 8.80452 0.00830461 0.0114089 0.9999 0.089293
0.338671 -0.940881 0.00674093 3.52048 0.940824 0.33854 -0.015499 9.10152 0.0123007 0.0115911 0.999857 0.0672925
0.338893 -0.940809 0.00547052 3.59445 0.940778 0.338812 -0.0119895 9.25223 0.0094264 0.00920971 0.999913 0.0597922
0.339442 -0.940617 0.00442489 3.69805 0.940592 0.339384 -0.0102452 9.55521 0.00813503 0.00763965 0.999938 0.0674917
0.339034 -0.940773 0.00124187 3.81234 0.940717 0.338999 -0.0114698 9.85919 0.0103694 0.00505689 0.999933 0.0810912
0.338989 -0.940787 0.0023645 3.94114 0.940733 0.33894 -0.011858 10.1711 0.0103545 0.00624411 0.999927 0.0756906
0.339141 -0.940729 0.00336253 4.06798 0.940681 0.339081 -0.0119835 10.4908 0.0101331 0.00722718 0.999923 0.09179
0.339598 -0.940557 0.00512002 4.17724 0.940511 0.33951 -0.0131364 10.8012 0.0106173 0.00927653 0.999901 0.0916894
0.339873 -0.940447 0.00673702 4.30202 0.940419 0.33977 -0.0130082 11.1155 0.00994448 0.0107568 0.999893 0.108489
0.340816 -0.940093 0.00835894 4.4192 0.940101 0.340723 -0.0108334 11.4339 0.00733632 0.0115505 0.999906 0.0964882
0.341041 -0.940025 0.00656836 4.60931 0.939977 0.340921 -0.0146677 11.8968 0.0115487 0.0111764 0.999871 0.0979872
0.340481 -0.940223 0.00731163 4.72062 0.940178 0.340346 -0.0151798 12.199 0.0117839 0.0120427 0.999858 0.0994865
0.340692 -0.940125 0.00971655 4.83749 0.940083 0.340495 -0.0175375 12.5215 0.013179 0.0151092 0.999799 0.0933858
0.340298 -0.940291 0.00710783 5.03449 0.940211 0.340136 -0.0176393 12.9613 0.0141684 0.0126855 0.999819 0.0811848
0.342049 -0.939658 0.00671949 5.14107 0.939613 0.341928 -0.0145659 13.272 0.0113894 0.011296 0.999871 0.091884
0.34132 -0.939916 0.00761055 5.32655 0.939853 0.341159 -0.0169638 13.7318 0.0133481 0.0129429 0.999827 0.102783
0.342818 -0.939387 0.00523416 5.44363 0.939309 0.3427 -0.0159855 14.03 0.0132229 0.0103966 0.999858 0.108082
0.343721 -0.939056 0.00547516 5.63343 0.938922 0.343556 -0.0198571 14.4844 0.0167659 0.011966 0.999788 0.111081
0.342141 -0.939642 0.00347549 5.78939 0.939487 0.342011 -0.0198181 14.9315 0.0174333 0.0100458 0.999798 0.11018
0.343997 -0.938959 0.00475415 5.85389 0.938837 0.343859 -0.0185873 15.0941 0.0158179 0.0108573 0.999816 0.102979
0.34531 -0.938451 0.00834403 5.9116 0.938385 0.345127 -0.0178891 15.258 0.0139083 0.0140072 0.999805 0.0948789
0.344354 -0.93881 0.00741068 5.9686 0.938717 0.344171 -0.0188785 15.4017 0.0151728 0.0134574 0.999794 0.0900785
0.344518 -0.938749 0.00759124 6.02898 0.93866 0.344334 -0.0187226 15.554 0.0149619 0.0135759 0.999796 0.102778
0.343826 -0.939018 0.00538907 6.09235 0.938906 0.343679 -0.0184541 15.7069 0.0154766 0.0114048 0.999815 0.0845776
0.343583 -0.939105 0.00560572 6.15552 0.938952 0.343402 -0.0210716 15.8565 0.0178634 0.0125033 0.999762 0.0813772
0.345572 -0.938385 0.0036802 6.20593 0.938232 0.345438 -0.0198595 16.0067 0.0173646 0.0103158 0.999796 0.0787768
0.345934 -0.938246 0.00491876 6.27403 0.93814 0.345802 -0.0177296 16.1699 0.0149338 0.0107478 0.999831 0.0814763
0.344423 -0.938785 0.00741573 6.32794 0.938708 0.344254 -0.0178092 16.3166 0.0141662 0.0130951 0.999814 0.0848759
0.34456 -0.938762 0.00227305 6.39758 0.938593 0.34445 -0.0199344 16.4694 0.0179307 0.00900206 0.999799 0.0877754
0.344467 -0.938775 0.0067167 6.44717 0.938656 0.34428 -0.0199144 16.6282 0.0163827 0.0131645 0.999779 0.093875
0.344563 -0.938744 0.00597528 6.50015 0.938606 0.344381 -0.0204913 16.7753 0.0171783 0.012669 0.999772 0.0983745
0.344777 -0.938666 0.0059611 6.56167 0.938544 0.344608 -0.0195355 16.9215 0.016283 0.0123301 0.999791 0.0860741
0.345698 -0.938322 0.00666744 6.61887 0.938219 0.345526 -0.0188815 17.0803 0.0154132 0.0127828 0.999799 0.0889736
0.345278 -0.938484 0.00558892 6.68769 0.938368 0.345124 -0.0188262 17.2293 0.0157392 0.0117448 0.999807 0.0870731
0.345248 -0.938484 0.00717165 6.73903 0.938375 0.345057 -0.0196985 17.3789 0.0160121 0.0135306 0.99978 0.0876726
0.34676 -0.937928 0.00702592 6.79931 0.937823 0.346577 -0.0192765 17.5383 0.0156449 0.0132734 0.999789 0.0864721
0.345139 -0.938537 0.00532764 6.87009 0.938374 0.344957 -0.0214311 17.68 0.018276 0.012396 0.999756 0.0850717
0.346839 -0.93792 0.00307644 6.92183 0.937772 0.346721 -0.0191947 17.8348 0.0169364 0.00954246 0.999811 0.0745712
0.347048 -0.937834 0.00505829 6.96967 0.937709 0.346898 -0.0190812 17.9941 0.0161403 0.0113653 0.999805 0.0859707
0.347314 -0.937738 0.00454582 7.03222 0.937588 0.347161 -0.0201838 18.1352 0.017349 0.0112722 0.999786 0.0946702
0.3474 -0.937697 0.00608254 7.09672 0.937532 0.347195 -0.0221071 18.2925 0.0186179 0.0133826 0.999737 0.0843697
0.347329 -0.937725 0.00593965 7.1675 0.937555 0.347125 -0.0222604 18.4418 0.0188123 0.0133004 0.999735 0.0890692
0.346618 -0.938001 0.00301718 7.21688 0.937801 0.346473 -0.0220264 18.5952 0.0196154 0.0104643 0.999753 0.0858687
0.346667 -0.937983 0.00310954 7.28406 0.937782 0.346519 -0.0221498 18.742 0.0196986 0.0105947 0.99975 0.107368
0.347516 -0.937671 0.00235765 7.34681 0.937507 0.347406 -0.0197362 18.8996 0.017687 0.00906898 0.999802 0.103968
0.346536 -0.938023 0.00510139 7.40545 0.93791 0.346394 -0.0183079 19.0482 0.0154061 0.011129 0.999819 0.0968671
0.347362 -0.937728 0.00237865 7.46861 0.937568 0.347254 -0.0195201 19.1905 0.0174786 0.00901071 0.999807 0.118467
0.347471 -0.937684 0.0036234 7.52293 0.937533 0.347339 -0.0197072 19.3574 0.0172206 0.0102447 0.999799 0.115366
0.345925 -0.938232 0.0074998 7.56748 0.93813 0.345732 -0.0195262 19.5043 0.0157272 0.0137904 0.999781 0.125866
0.346648 -0.937971 0.00669287 7.63784 0.937846 0.346457 -0.0202877 19.6498 0.0167105 0.0133096 0.999772 0.130265
0.347429 -0.93769 0.0055329 7.69823 0.937561 0.347266 -0.0196342 19.8165 0.0164894 0.0120089 0.999792 0.117564
0.347978 -0.937475 0.00722413 7.7615 0.937397 0.347813 -0.017716 19.9784 0.0140957 0.0129367 0.999817 0.117464
0.346852 -0.937831 0.0129087 7.8117 0.937834 0.346601 -0.0183232 20.1272 0.0127099 0.0184617 0.999749 0.112263
0.348469 -0.9373 0.00618258 7.87682 0.937189 0.348303 -0.019028 20.2681 0.0156816 0.0124249 0.9998 0.0948628
0.348757 -0.937196 0.00560992 7.94451 0.937044 0.348574 -0.0211082 20.4288 0.017827 0.0126184 0.999761 0.111162
0.34934 -0.936996 0.000538263 7.98875 0.936903 0.349296 -0.0143349 20.5842 0.0132438 0.00551206 0.999897 0.106062
0.349272 -0.93702 0.00176382 8.05274 0.936874 0.349183 -0.0184045 20.7415 0.0166295 0.00808066 0.999829 0.102061
0.348603 -0.937267 0.00272824 8.11076 0.937134 0.348501 -0.0180661 20.8942 0.0159819 0.00885461 0.999833 0.0971604
0.34828 -0.937385 0.00317843 8.16343 0.93725 0.348167 -0.0185055 21.0392 0.0162401 0.00942406 0.999824 0.0968599
0.348233 -0.937396 0.00477654 8.22402 0.937249 0.348076 -0.0201881 21.1938 0.0172617 0.011507 0.999785 0.0996593
0.348733 -0.937213 0.00413181 8.28935 0.937056 0.348584 -0.0203784 21.3468 0.0176586 0.0109783 0.999784 0.108659
0.348776 -0.937195 0.00452156 8.34243 0.937073 0.348641 -0.0185558 21.4957 0.015814 0.0107089 0.999818 0.109758
0.349631 -0.936887 6.28927e-06 8.40374 0.936737 0.349575 -0.017907 21.6442 0.0167747 0.00626674 0.99984 0.0954575
0.349542 -0.936916 0.00307366 8.46958 0.9368 0.349442 -0.0171851 21.8097 0.0150269 0.00888631 0.999848 0.0985569
0.350126 -0.936698 0.00294015 8.52863 0.936575 0.350025 -0.0176032 21.959 0.0154598 0.00891701 0.999841 0.117156
0.350426 -0.936586 0.00297375 8.58635 0.93644 0.350311 -0.0190377 22.1174 0.0167887 0.00945606 0.999814 0.110956
0.350449 -0.936577 0.00309262 8.64715 0.936442 0.350337 -0.0184723 22.2604 0.0162172 0.00936963 0.999825 0.103255
0.350546 -0.936524 0.00640678 8.70825 0.936402 0.350364 -0.0199091 22.4142 0.0164007 0.0129784 0.999781 0.113854
0.35171 -0.9361 0.00420253 8.76401 0.935958 0.351569 -0.0195629 22.5613 0.0168354 0.0108139 0.9998 0.110054
0.35222 -0.935907 0.00446739 8.81411 0.935771 0.352076 -0.0193818 22.7256 0.0165667 0.0110071 0.999802 0.100953
0.351359 -0.936235 0.00321494 8.87254 0.936123 0.351258 -0.017077 22.8766 0.0148588 0.00900973 0.999849 0.111853
0.350957 -0.93639 0.00174707 8.93386 0.936198 0.350846 -0.0209714 23.0312 0.0190244 0.00899566 0.999779 0.109752
0.350525 -0.936531 0.00642344 8.99538 0.936366 0.350309 -0.022406 23.1727 0.0187337 0.0138685 0.999728 0.0979513
0.352242 -0.935909 0.000638991 9.06502 0.935717 0.352155 -0.0205225 23.3261 0.0189822 0.0078268 0.999789 0.0869507
0.352572 -0.935772 0.00486535 9.11234 0.935653 0.35243 -0.0186296 23.4902 0.0157183 0.0111205 0.999815 0.11515
0.353645 -0.935376 0.00258089 9.1787 0.935238 0.353543 -0.0183735 23.6262 0.0162737 0.00891145 0.999828 0.105049
0.352978 -0.935608 0.00657131 9.23919 0.935517 0.352817 -0.0180999 23.7849 0.0146159 0.0125364 0.999815 0.0944487
0.352612 -0.935746 0.00671577 9.30421 0.935646 0.35244 -0.0187837 23.9313 0.0152099 0.012907 0.999801 0.0974481
0.352277 -0.935866 0.00752718 9.36068 0.935748 0.352067 -0.0206262 24.0825 0.0166533 0.0143097 0.999759 0.103547
0.351993 -0.93598 0.00656717 9.42344 0.935865 0.351812 -0.0196388 24.228 0.0160711 0.0130587 0.999786 0.100747
0.353206 -0.935525 0.00615482 9.47477 0.935413 0.353038 -0.0191537 24.3804 0.0157459 0.0125225 0.999798 0.117146
0.353931 -0.935265 0.00346649 9.53187 0.935144 0.353819 -0.017825 24.5378 0.0154446 0.00955049 0.999835 0.120145
0.353649 -0.935358 0.00619528 9.59287 0.935277 0.353506 -0.0170306 24.6935 0.0137396 0.0118172 0.999836 0.122845
0.353685 -0.935353 0.00462161 9.65038 0.935242 0.353555 -0.0179286 24.8403 0.0151355 0.0106634 0.999829 0.114944
0.353515 -0.935405 0.00659713 9.71066 0.9353 0.35334 -0.0191111 24.9978 0.0155456 0.0129263 0.999796 0.117743
0.353481 -0.935434 0.00370236 9.77177 0.935314 0.353365 -0.0178852 25.1348 0.0154221 0.00978495 0.999833 0.117843
0.354781 -0.93494 0.00407613 9.84049 0.934823 0.354658 -0.0179585 25.2864 0.0153445 0.0101818 0.99983 0.116542
0.355773 -0.934545 0.00720346 9.89491 0.934468 0.355607 -0.0177018 25.438 0.0139815 0.0130292 0.999817 0.116441
0.355818 -0.934532 0.00653011 9.95767 0.934459 0.355673 -0.0168049 25.5958 0.0133821 0.0120816 0.999837 0.101541
0.35444 -0.935027 0.00989234 10.0152 0.934968 0.354215 -0.0191319 25.7437 0.0143849 0.0160301 0.999768 0.0926399
0.354611 -0.935001 0.00493868 10.0725 0.934896 0.354477 -0.0177808 25.8913 0.0148744 0.0109224 0.99983 0.0857392
0.353945 -0.935257 0.00409891 10.1405 0.935136 0.353819 -0.0182197 26.034 0.0155898 0.0102818 0.999826 0.0898385
0.35468 -0.934977 0.00457658 10.1915 0.934836 0.35453 -0.0197343 26.1819 0.0168286 0.0112777 0.999795 0.0959378
0.35547 -0.934676 0.0046984 10.2527 0.934551 0.355327 -0.018909 26.3257 0.0160043 0.0111125 0.99981 0.0996372
0.356429 -0.934303 0.00604607 10.3071 0.934206 0.356275 -0.0180655 26.4742 0.0147246 0.0120874 0.999819 0.0975364
0.355778 -0.934549 0.00636035 10.375 0.934451 0.355616 -0.0184226 26.6256 0.0149549 0.0124978 0.99981 0.107836
0.355546 -0.934641 0.00570616 10.4298 0.934528 0.355387 -0.018911 26.7739 0.0156471 0.0120563 0.999805 0.107835
0.354711 -0.934935 0.00877239 10.4808 0.934829 0.354473 -0.0210681 26.9176 0.0165877 0.0156738 0.99974 0.112434
0.354929 -0.934871 0.00645383 10.5304 0.934751 0.354747 -0.0198698 27.0634 0.0162862 0.0130851 0.999782 0.107634
0.355907 -0.934493 0.00729329 10.5881 0.934381 0.355707 -0.020138 27.2113 0.0162246 0.013982 0.999771 0.110533
0.356541 -0.934273 0.00345866 10.6452 0.934176 0.356444 -0.0162205 27.3595 0.0139216 0.00901427 0.999862 0.125932
0.356546 -0.934274 0.00253242 10.7007 0.934179 0.356468 -0.0154812 27.5141 0.0135609 0.0078855 0.999877 0.118731
0.354565 -0.935031 5.85625e-05 10.7617 0.934891 0.354511 -0.01734 27.6594 0.0161927 0.00620291 0.99985 0.116231
0.354393 -0.935097 0.000628635 10.826 0.934983 0.354339 -0.0158117 27.8107 0.0145627 0.00619132 0.999875 0.11483
0.354361 -0.935108 0.00122248 10.8775 0.934979 0.35429 -0.0170761 27.9586 0.0155349 0.0071941 0.999853 0.118829
0.355353 -0.934731 0.00153852 10.9294 0.934633 0.355291 -0.01517 28.1111 0.0136332 0.00682864 0.999884 0.125628
0.355602 -0.934628 0.00425929 10.9891 0.934552 0.355504 -0.0151529 28.2598 0.0126482 0.00936895 0.999876 0.111928
0.361165 -0.9325 0.00212474 11.0542 0.932433 0.361109 -0.0129746 28.4107 0.0113316 0.00666715 0.999914 0.115927
0.365981 -0.930617 0.00305036 11.1172 0.930561 0.365917 -0.0126927 28.5536 0.0106959 0.00748385 0.999915 0.110426
0.374146 -0.927369 0.00100904 11.1784 0.927293 0.374101 -0.0133013 28.71 0.0119577 0.00591229 0.999911 0.103025
0.379986 -0.92499 0.00198795 11.2437 0.924891 0.379912 -0.0155923 28.8487 0.0136675 0.00776349 0.999876 0.121825
0.387626 -0.921816 0.00136663 11.3009 0.921748 0.387578 -0.0128044 28.9899 0.0112736 0.00622301 0.999917 0.115624
0.393826 -0.919183 0.0019921 11.377 0.91912 0.393771 -0.0127717 29.1329 0.0109551 0.00686083 0.999916 0.115223
0.397497 -0.917598 0.00310289 11.4415 0.917533 0.397423 -0.013719 29.2797 0.0113554 0.00830026 0.999901 0.122322
0.403518 -0.914955 0.00545512 11.5046 0.914908 0.403413 -0.0141542 29.4273 0.0107498 0.0107024 0.999885 0.122521
0.410611 -0.911801 0.00413153 11.5751 0.911753 0.410529 -0.0131472 29.5712 0.0102915 0.00916531 0.999905 0.126121
0.411908 -0.911182 0.00886525 11.6454 0.911163 0.411747 -0.0156946 29.7205 0.0106504 0.0145424 0.999838 0.12322
0.414215 -0.910134 0.00900392 11.7154 0.910113 0.414045 -0.0161599 29.8531 0.0109797 0.0148883 0.999829 0.125819
0.417398 -0.908654 0.0112839 11.7869 0.908672 0.417209 -0.0158628 29.9984 0.00970608 0.0168744 0.999811 0.113618
0.419709 -0.907612 0.00920245 11.8419 0.907619 0.419574 -0.0136094 30.1382 0.00849094 0.0140643 0.999865 0.111817
0.420306 -0.907353 0.00736 11.9084 0.907343 0.420198 -0.0127433 30.2904 0.00847 0.0120341 0.999892 0.109917
0.419385 -0.907741 0.0110965 11.9809 0.907761 0.419206 -0.0153987 30.4255 0.0093263 0.016531 0.99982 0.121416
0.421062 -0.906984 0.00935896 12.0521 0.906978 0.420901 -0.015268 30.5668 0.00990863 0.0149171 0.99984 0.126815
0.419897 -0.907494 0.0118483 12.1201 0.907491 0.41965 -0.0188151 30.7165 0.0121025 0.0186527 0.999753 0.119514
0.421577 -0.9067 0.0129349 12.1872 0.906718 0.421317 -0.0188384 30.8597 0.0116311 0.0196701 0.999739 0.118713
0.422834 -0.906129 0.0119017 12.2558 0.906126 0.422585 -0.0188959 30.9941 0.0120926 0.0187743 0.999751 0.108113
0.424471 -0.905401 0.00855426 12.3249 0.905373 0.424303 -0.0163378 31.1303 0.0111627 0.0146797 0.99983 0.109712
0.423037 -0.906108 0.00266581 12.3961 0.906011 0.422944 -0.0161854 31.2684 0.0135382 0.00926226 0.999865 0.126411
0.423236 -0.906019 0.000345091 12.4679 0.905882 0.423165 -0.0175879 31.4043 0.015789 0.00775647 0.999845 0.13381
0.423175 -0.906048 -0.00025808 12.5316 0.90592 0.42312 -0.0166695 31.5348 0.0152126 0.00682032 0.999861 0.127909
0.423945 -0.905687 -0.00124597 12.5907 0.90554 0.4239 -0.0175015 31.6802 0.016379 0.00629139 0.999846 0.130108
0.425163 -0.905117 0.000829212 12.6599 0.904952 0.425067 -0.0195043 31.8188 0.0173012 0.00904288 0.999809 0.130908
0.427766 -0.90389 0.000197265 12.7285 0.903773 0.427707 -0.0161347 31.9638 0.0144996 0.00708015 0.99987 0.112607
0.426412 -0.904524 0.00313306 12.7899 0.904439 0.426318 -0.0155753 32.1055 0.0127526 0.00947516 0.999874 0.107206
0.426366 -0.904536 0.00506568 12.8673 0.904426 0.426207 -0.019014 32.2444 0.0150398 0.0126884 0.999806 0.120505
0.426345 -0.904556 0.00274661 12.9338 0.904406 0.426214 -0.0197955 32.3845 0.0167355 0.0109238 0.9998 0.113604
0.426434 -0.904498 0.006128 12.9979 0.904385 0.426244 -0.02009 32.53 0.0155594 0.0141091 0.999779 0.119003
0.42577 -0.904823 0.00384363 13.0719 0.904703 0.425634 -0.0186539 32.6708 0.0152425 0.0114196 0.999819 0.128503
0.428716 -0.903439 1.2835e-05 13.1361 0.903312 0.428656 -0.0168063 32.8105 0.015178 0.00721674 0.999859 0.137002
0.428674 -0.903456 0.00249827 13.1995 0.903356 0.428581 -0.0162864 32.9557 0.0136434 0.00923839 0.999864 0.130901
0.427449 -0.904028 0.00458697 13.273 0.903908 0.427296 -0.0191808 33.0965 0.01538 0.012345 0.999806 0.1458
0.425346 -0.905016 0.00521452 13.3303 0.90491 0.425187 -0.018801 33.2296 0.0147981 0.0127156 0.99981 0.130999
0.420358 -0.907334 0.0067081 13.3886 0.907223 0.420155 -0.0204044 33.3617 0.0156951 0.0146629 0.999769 0.120298
0.411631 -0.911344 0.00332872 13.4622 0.911192 0.411489 -0.0201175 33.4967 0.0169643 0.0113141 0.999792 0.115797
0.411172 -0.911556 0.00151547 13.5115 0.911444 0.411095 -0.0164437 33.6187 0.0143664 0.00814248 0.999864 0.118697
0.411135 -0.911555 0.00597824 13.5771 0.911499 0.411008 -0.0155642 33.7758 0.0117305 0.0118482 0.999861 0.117896
0.410562 -0.911829 0.00273917 13.6384 0.911761 0.41049 -0.013767 33.9144 0.0114288 0.00814968 0.999901 0.111695
0.41041 -0.91189 0.00455134 13.7049 0.911809 0.410292 -0.0162894 34.0496 0.0129867 0.0108353 0.999857 0.127694
0.409537 -0.912292 0.00166555 13.7583 0.912172 0.409452 -0.0170591 34.1797 0.014881 0.00850561 0.999853 0.119493
0.410038 -0.912067 0.00138089 13.8267 0.911951 0.409961 -0.0166265 34.3272 0.0145984 0.0080768 0.999861 0.123492
0.409291 -0.912387 0.0054571 13.885 0.912288 0.409137 -0.0183436 34.4618 0.0145038 0.0124863 0.999817 0.127591
0.410134 -0.912025 -0.000728556 13.9445 0.911941 0.410107 -0.0132607 34.5856 0.0123929 0.00477428 0.999912 0.12879
0.412585 -0.910917 0.00185298 14.0135 0.910835 0.412518 -0.0144348 34.7332 0.0123845 0.00764333 0.999894 0.12649
0.411541 -0.911372 0.00588129 14.0794 0.911323 0.411423 -0.0148413 34.8806 0.0111063 0.0114676 0.999873 0.126789
0.411076 -0.911576 0.00677652 14.1386 0.911524 0.410934 -0.0160209 35.014 0.0118195 0.0127628 0.999849 0.125688
0.41174 -0.91129 0.00467737 14.2028 0.911207 0.411617 -0.0165415 35.1461 0.0131488 0.0110729 0.999852 0.127987
0.411887 -0.911167 0.0111623 14.276 0.911131 0.411624 -0.0201541 35.2879 0.0137691 0.0184715 0.999735 0.117786
0.412622 -0.910855 0.00929688 14.3372 0.910815 0.41242 -0.0180418 35.4235 0.0125993 0.0159122 0.999794 0.114385
0.414428 -0.909971 0.014198 14.4015 0.909993 0.414119 -0.0204402 35.5753 0.0127203 0.0213911 0.99969 0.113684
0.41487 -0.909805 0.0117118 14.4659 0.909808 0.414639 -0.0180138 35.7221 0.0115329 0.0181289 0.999769 0.111483
0.413716 -0.91033 0.0117802 14.5315 0.910301 0.413436 -0.0205813 35.8552 0.0138654 0.0192383 0.999719 0.127182
0.413238 -0.910617 0.00340851 14.5878 0.910501 0.413119 -0.0178787 35.9701 0.0148725 0.0104916 0.999834 0.122781
0.413576 -0.910468 0.00201474 14.6599 0.910319 0.413466 -0.0191032 36.1286 0.0165598 0.00973469 0.999815 0.11118
0.411322 -0.911485 0.00320169 14.7122 0.911339 0.411187 -0.0196725 36.2613 0.0166146 0.0110095 0.999801 0.131379
0.413433 -0.910534 -0.00118048 14.7775 0.910418 0.413401 -0.0154307 36.4117 0.0145382 0.00530485 0.99988 0.121078
0.414962 -0.909836 0.00227343 14.8371 0.909704 0.414857 -0.0182202 36.5738 0.0156342 0.00962884 0.999831 0.130677
0.414731 -0.909931 0.00488651 14.9145 0.909833 0.41459 -0.0178792 36.6916 0.014243 0.011861 0.999828 0.126976
0.415166 -0.909739 0.00347569 14.9865 0.909617 0.415041 -0.018388 36.8165 0.0152858 0.0107956 0.999825 0.114876
0.415917 -0.909395 0.00357666 15.0507 0.90927 0.415786 -0.0187098 36.9663 0.0155275 0.0110339 0.999819 0.108075
0.415352 -0.909648 0.00474929 15.1148 0.909482 0.415162 -0.0219647 37.102 0.0180084 0.0134425 0.999747 0.103574
0.415915 -0.909396 0.00381875 15.1769 0.909264 0.415773 -0.0192861 37.2466 0.0159509 0.0114936 0.999807 0.122473
0.417816 -0.908515 0.00553259 15.2443 0.908422 0.417664 -0.0180446 37.3949 0.0140831 0.0125653 0.999822 0.126772
0.418049 -0.908411 0.00487381 15.3098 0.908324 0.417917 -0.017107 37.5401 0.0135033 0.0115786 0.999842 0.129871
0.41733 -0.908729 0.00692535 15.3794 0.908631 0.417134 -0.0197209 37.6686 0.0150322 0.0145227 0.999782 0.12607
0.417682 -0.908587 0.00351546 15.4455 0.908453 0.417546 -0.0192033 37.816 0.01598 0.0112145 0.999809 0.136969
0.418322 -0.908272 0.00697181 15.5094 0.908157 0.418108 -0.0209112 37.9519 0.0160781 0.0150791 0.999757 0.138768
0.418145 -0.908378 0.0020931 15.576 0.908214 0.418023 -0.0201031 38.0842 0.0173862 0.010307 0.999796 0.135967
0.418633 -0.908151 0.00270729 15.6356 0.908 0.418505 -0.0197296 38.2292 0.0167844 0.0107177 0.999802 0.139366
0.420454 -0.907312 0.00197795 15.7088 0.907181 0.420354 -0.0180085 38.364 0.0155079 0.00936612 0.999836 0.142165
0.419288 -0.907838 0.00529106 15.757 0.907729 0.419127 -0.0189958 38.5187 0.0150274 0.0127676 0.999806 0.129164
0.420142 -0.907445 0.00500818 15.8161 0.907336 0.419988 -0.0187581 38.644 0.0149186 0.0124252 0.999812 0.128863
0.421258 -0.906929 0.00460092 15.9021 0.906813 0.421108 -0.0189185 38.7918 0.0152202 0.0121417 0.99981 0.141362
0.420283 -0.907384 0.00391074 15.9537 0.907248 0.420135 -0.0196699 38.9136 0.0162051 0.0118149 0.999799 0.151561
0.420767 -0.907162 0.0035601 16.0249 0.90703 0.420631 -0.0191093 39.0737 0.0158377 0.0112697 0.999811 0.13976
0.422473 -0.906374 0.00172287 16.0758 0.906261 0.422389 -0.0166629 39.2343 0.0143751 0.008601 0.99986 0.128358
0.422627 -0.906294 0.00434303 16.1463 0.906165 0.422473 -0.0195189 39.3769 0.015855 0.0121847 0.9998 0.144057
0.421857 -0.906645 0.00564747 16.2169 0.906556 0.421704 -0.0179525 39.5072 0.013895 0.0126932 0.999823 0.146856
0.422584 -0.906324 0.00038036 16.2804 0.906177 0.422509 -0.0181365 39.6541 0.0162768 0.00800887 0.999835 0.143155
0.422122 -0.906529 0.00416044 16.3424 0.906362 0.421944 -0.0217138 39.7921 0.0179287 0.0129367 0.999756 0.155154
0.423399 -0.905941 0.00201728 16.4116 0.905789 0.423284 -0.0194126 39.9481 0.0167328 0.0100465 0.99981 0.165153
0.423621 -0.905826 0.00499464 16.4748 0.905703 0.423455 -0.0196796 40.1033 0.0157113 0.0128603 0.999794 0.170252
0.42445 -0.905449 0.00230068 16.545 0.905311 0.424337 -0.0187135 40.2405 0.0159678 0.0100258 0.999822 0.166951
0.424 -0.905655 0.00359291 16.6033 0.905533 0.423869 -0.0185679 40.3912 0.0152932 0.0111263 0.999821 0.16815
0.424831 -0.905271 0.00181752 16.6704 0.905102 0.424712 -0.0202507 40.524 0.0175604 0.0102482 0.999793 0.168949
0.426033 -0.904697 0.00432537 16.7383 0.904503 0.42583 -0.0232893 40.6727 0.0192279 0.0138343 0.999719 0.174548
0.425938 -0.904745 0.00374512 16.8037 0.904543 0.425746 -0.0233032 40.821 0.019489 0.0133133 0.999721 0.180847
0.424961 -0.905208 0.00245659 16.8737 0.905008 0.424806 -0.0223543 40.965 0.0191917 0.0117229 0.999747 0.182045
0.42752 -0.904005 -0.000898954 16.9623 0.903819 0.427452 -0.019892 41.0916 0.0183667 0.00769173 0.999802 0.150344
0.426281 -0.904589 0.00175128 17.0266 0.90441 0.426156 -0.0208092 41.2317 0.0180775 0.0104544 0.999782 0.139243
0.426749 -0.90437 -0.000411877 17.0963 0.904161 0.42666 -0.0212899 41.3679 0.0194297 0.00871305 0.999773 0.147742
0.427209 -0.904152 -0.00144796 17.1759 0.903923 0.427136 -0.0218679 41.5379 0.0203904 0.00803331 0.99976 0.144141
0.42619 -0.904629 -0.00290913 17.2447 0.904393 0.426148 -0.021708 41.6932 0.0208774 0.00662075 0.99976 0.15374
0.427181 -0.904166 -4.42817e-05 17.3332 0.903948 0.427078 -0.0219647 41.8599 0.0198786 0.00934286 0.999759 0.155938
0.428356 -0.903607 0.00254102 17.4195 0.903396 0.428191 -0.0229557 42.0342 0.0196549 0.0121288 0.999733 0.157237
0.428194 -0.903681 0.00330549 17.4913 0.903486 0.428019 -0.0226659 42.2145 0.0190679 0.0126919 0.999738 0.165436
0.428696 -0.903448 0.00114365 17.5737 0.903208 0.428553 -0.0236036 42.3805 0.0208345 0.0111517 0.999721 0.158134
0.428489 -0.903544 -0.00243022 17.6636 0.903336 0.428446 -0.0204418 42.551 0.0195113 0.00656377 0.999788 0.159933
0.427858 -0.903805 -0.00863751 17.7453 0.903656 0.427945 -0.0164229 42.7167 0.0185394 -0.000778683 0.999828 0.150232
0.430031 -0.902709 -0.0137836 17.8275 0.902618 0.430206 -0.0143105 42.8914 0.0188481 -0.00628738 0.999803 0.17233
0.429659 -0.902967 -0.00658429 17.9075 0.902825 0.429709 -0.016051 43.0934 0.0173228 0.00095199 0.999849 0.174229
0.430264 -0.902701 0.00200674 17.9895 0.902522 0.430133 -0.0209646 43.2909 0.0180616 0.0108314 0.999778 0.172427
0.428528 -0.903467 0.0105371 18.0951 0.903339 0.42817 -0.0254739 43.4786 0.0185032 0.0204349 0.99962 0.166825
0.429088 -0.903157 0.0138305 18.1821 0.903071 0.428632 -0.0271466 43.6625 0.0185894 0.0241382 0.999536 0.164424
0.430096 -0.902765 0.00573263 18.3498 0.902597 0.42987 -0.0230561 44.0272 0.01835 0.0150906 0.999718 0.167521
0.430792 -0.90245 0.00138761 18.4527 0.902255 0.430666 -0.021487 44.2032 0.0187933 0.0105084 0.999768 0.157119
0.430651 -0.902515 0.0026532 18.5382 0.902316 0.43049 -0.022463 44.3998 0.019131 0.0120677 0.999744 0.160418
0.430631 -0.902518 0.00434743 18.6312 0.902296 0.430406 -0.0247394 44.579 0.0204566 0.0145762 0.999684 0.166216
0.432983 -0.901386 0.00538357 18.707 0.901227 0.432774 -0.0223074 44.7609 0.0177777 0.0145105 0.999737 0.156315
0.432642 -0.901559 0.00357827 18.7916 0.90137 0.432461 -0.0225813 44.9504 0.0188109 0.012995 0.999739 0.157613
0.433481 -0.901158 0.00281606 18.9663 0.900908 0.433282 -0.0251218 45.3 0.0214186 0.0134269 0.99968 0.14721
0.433312 -0.901234 0.00427765 19.044 0.901026 0.433097 -0.0240585 45.4818 0.0198297 0.0142791 0.999701 0.150009
0.435328 -0.90027 -0.00166369 19.213 0.900104 0.435282 -0.0185323 45.8384 0.0174083 0.00657015 0.999827 0.159605
0.434533 -0.900655 0.00152195 19.2951 0.900452 0.434398 -0.022035 46.0386 0.0191848 0.0109454 0.999756 0.163604
0.436045 -0.899925 0.000345046 19.4824 0.899754 0.435955 -0.0196236 46.3953 0.0175093 0.00886722 0.999807 0.160001
0.435538 -0.900166 0.0029013 19.6242 0.900034 0.435414 -0.0187863 46.7843 0.0156475 0.0107934 0.999819 0.163397
0.436155 -0.899868 0.00240621 19.7194 0.899712 0.436025 -0.0200207 46.9468 0.0169668 0.010897 0.999797 0.164996
0.436664 -0.899618 0.00353096 19.806 0.899469 0.436512 -0.0202932 47.1206 0.0167149 0.0120373 0.999788 0.158894
0.435466 -0.900192 0.00497459 19.8785 0.900051 0.435282 -0.0209139 47.2951 0.0166612 0.0135847 0.999769 0.165393
0.438196 -0.898872 0.00353693 19.9621 0.898729 0.438047 -0.0200397 47.4685 0.0164638 0.0119601 0.999793 0.171591
0.437893 -0.899011 0.00534002 20.0333 0.898893 0.437718 -0.0198441 47.6489 0.0155026 0.0134897 0.999789 0.17579
0.438377 -0.898779 0.00468168 20.1234 0.898642 0.438204 -0.0205085 47.8059 0.0163811 0.0131976 0.999779 0.173388
0.438693 -0.898627 0.00421411 20.1998 0.89848 0.438524 -0.0207548 47.9734 0.0168028 0.0128913 0.999776 0.162587
0.438684 -0.898634 0.00376243 20.2771 0.898482 0.438523 -0.0207027 48.1467 0.0169542 0.0124624 0.999779 0.164585
0.440036 -0.897976 0.0027246 20.3588 0.897832 0.439907 -0.0194739 48.3121 0.0162885 0.0110154 0.999807 0.176284
0.440915 -0.897546 0.00243902 20.4402 0.897431 0.440811 -0.0174237 48.4737 0.0145635 0.00987124 0.999845 0.183982
0.440055 -0.897968 0.00212338 20.5383 0.897848 0.439955 -0.0175625 48.6242 0.0148364 0.00963495 0.999844 0.173581
0.440659 -0.897674 0.0011661 20.6249 0.897521 0.44056 -0.0190512 48.7929 0.016588 0.00944169 0.999818 0.169679
0.440338 -0.897827 0.00309798 20.7015 0.897673 0.440193 -0.0203042 48.9755 0.0168659 0.0117217 0.999789 0.183477
0.441178 -0.897416 0.00253017 20.7709 0.897264 0.441047 -0.0198426 49.1479 0.0166911 0.0110243 0.9998 0.183676
0.442496 -0.896767 0.00247147 20.8419 0.896605 0.44236 -0.0204262 49.3252 0.0172242 0.0112544 0.999788 0.186174
0.442182 -0.896919 0.00339779 20.9215 0.896797 0.442052 -0.0185574 49.4822 0.0151424 0.0112529 0.999822 0.187373
0.443289 -0.896375 0.00265306 20.9949 0.896242 0.443167 -0.0187831 49.6386 0.0156609 0.0107041 0.99982 0.197371
0.443119 -0.896461 0.00197707 21.0716 0.896288 0.442988 -0.0207324 49.8026 0.01771 0.0109589 0.999783 0.18737
0.442515 -0.896757 0.00271556 21.1523 0.896604 0.442379 -0.0200309 49.9543 0.0167615 0.0112987 0.999796 0.191068
0.443622 -0.896203 0.00439249 21.2186 0.896067 0.443455 -0.0202852 50.1007 0.0162318 0.0129349 0.999785 0.195367
0.444929 -0.895563 0.00231651 21.2807 0.895443 0.444823 -0.0177532 50.2514 0.0148687 0.00997321 0.99984 0.202966
0.444887 -0.895577 0.00403525 21.3609 0.895485 0.444765 -0.0170346 50.4089 0.0134611 0.011192 0.999847 0.182764
