0.472781 -0.881032 0.0161444 2.16599 0.88116 0.472815 -0.00188666 3.22594 -0.00597111 0.0151178 0.999868 0.810926
0.472155 -0.881329 0.0181157 2.41401 0.881446 0.472276 0.00286508 3.68653 -0.0110807 0.0146153 0.999832 0.81673
0.470446 -0.882201 0.0200442 2.86114 0.88222 0.470708 0.0110504 4.52276 -0.0191836 0.0124847 0.999738 0.825199
0.467616 -0.883651 0.0222885 3.3196 0.88347 0.468038 0.0205297 5.40321 -0.028573 0.0100912 0.999541 0.836546
0.461719 -0.886785 0.0206534 3.79022 0.886325 0.462155 0.0289872 6.34698 -0.0352505 0.00492166 0.999366 0.858593
0.45111 -0.892424 0.00893379 4.33034 0.891989 0.451173 0.0282494 7.4841 -0.0292412 -0.00477475 0.999561 0.905506
0.440032 -0.897954 -0.00708278 4.84006 0.897914 0.439888 0.0157951 8.59999 -0.0110676 -0.0133101 0.99985 0.970758
0.433033 -0.901235 -0.0160375 5.26388 0.901362 0.433063 0.00173355 9.524 0.00538293 -0.0152063 0.99987 1.02457
0.430089 -0.902576 -0.0194872 5.7537 0.902539 0.430376 -0.0141354 10.5576 0.0211451 -0.0115085 0.99971 1.07163
0.429728 -0.902814 -0.0161401 6.07675 0.902622 0.429987 -0.0195916 11.2129 0.0246276 -0.00614931 0.999678 1.0779
0.431957 -0.901823 -0.0113139 6.50411 0.901399 0.432101 -0.0277119 12.0631 0.02988 0.00177203 0.999552 1.09362
0.436623 -0.899635 -0.00419846 7.03122 0.89881 0.436414 -0.0410356 13.0925 0.0387493 0.0141435 0.999149 1.11961
0.442768 -0.896614 0.00632399 7.51004 0.895644 0.441935 -0.0501474 14.0005 0.0421681 0.0278677 0.998722 1.14639
0.449516 -0.893031 0.0207518 7.9601 0.892527 0.448071 -0.0512675 14.8284 0.0364852 0.0415671 0.998469 1.1613
0.454659 -0.89007 0.0325536 8.36679 0.890351 0.453224 -0.0431669 15.5807 0.0236675 0.0486104 0.998537 1.14758
0.459587 -0.887155 0.0416637 8.88713 0.88799 0.458165 -0.0394705 16.545 0.0159276 0.055137 0.998352 1.13673
0.462969 -0.885037 0.0486773 9.37994 0.886276 0.461401 -0.0402947 17.4466 0.0132025 0.0617967 0.998001 1.11565
0.46593 -0.883124 0.0547736 9.79245 0.884783 0.464438 -0.0381746 18.1934 0.00827402 0.0662494 0.997769 1.09312
0.461677 -0.886157 0.0397517 10.8622 0.886867 0.460214 -0.0408618 20.1974 0.0179157 0.0541194 0.998374 1.10182
0.459046 -0.887539 0.0393946 11.1909 0.888398 0.458327 -0.0261963 20.8343 0.00519464 0.0470234 0.99888 1.0925
0.456013 -0.889283 0.0350372 11.6233 0.889967 0.455801 -0.0142873 21.6777 -0.00326451 0.0376972 0.999284 1.08311
0.45165 -0.891864 0.0243122 12.2062 0.892188 0.451585 -0.00841786 22.8236 -0.00347146 0.025493 0.999669 1.07772
0.449227 -0.893138 0.0223476 12.5712 0.893385 0.449285 -0.00263485 23.5454 -0.00768713 0.0211486 0.999747 1.07528
0.444118 -0.89585 0.0145465 13.0793 0.895927 0.444194 0.00236943 24.5641 -0.00858413 0.0119803 0.999891 1.06976
0.442382 -0.896713 0.0143006 13.4389 0.896746 0.4425 0.0063819 25.2797 -0.0120507 0.0100008 0.999877 1.05665
0.443077 -0.896307 0.0177953 13.982 0.896446 0.443154 0.000431072 26.338 -0.00827241 0.0157615 0.999842 1.04331
0.442272 -0.896698 0.0181133 14.4484 0.896869 0.44228 -0.00378191 27.2548 -0.00461991 0.0179179 0.999829 1.02713
0.442621 -0.896525 0.018168 14.8491 0.896697 0.442628 -0.00382969 28.0427 -0.00460824 0.0179863 0.999828 1.02181
0.440039 -0.897772 0.0192732 15.8159 0.897978 0.439957 -0.00851968 29.945 -0.000830668 0.0210559 0.999778 1.01993
0.440388 -0.897446 0.025481 16.1521 0.897792 0.440369 -0.00667946 30.5921 -0.00522659 0.0258182 0.999653 1.01039
0.439356 -0.898067 0.0210384 16.6756 0.89831 0.439168 -0.0130882 31.6262 0.00251473 0.0246494 0.999693 1.01558
0.43913 -0.89826 0.0171508 17.1375 0.898375 0.438827 -0.0188032 32.5389 0.00936394 0.0236649 0.999676 1.03339
0.440462 -0.897573 0.0188662 17.5077 0.89774 0.440173 -0.017658 33.2607 0.00754492 0.0247146 0.999666 1.04876
0.442053 -0.896723 0.0218289 18.0321 0.89697 0.441752 -0.0173519 34.281 0.00591688 0.0272503 0.999611 1.06716
0.442756 -0.896284 0.0253369 18.4263 0.896641 0.44253 -0.0142246 35.0484 0.00153696 0.0290161 0.999578 1.06243
0.444216 -0.895445 0.0291578 18.9146 0.895919 0.443959 -0.015117 35.995 0.000591584 0.0328382 0.999461 1.05192
0.444878 -0.895101 0.0296268 19.3733 0.895585 0.444512 -0.0183413 36.8865 0.00324789 0.034693 0.999393 1.05031
0.444661 -0.895215 0.0294556 19.7952 0.895693 0.444299 -0.0182257 37.7101 0.00322883 0.0344875 0.9994 1.05153
0.443073 -0.896106 0.0260597 20.2717 0.896476 0.442746 -0.0175163 38.6568 0.00415862 0.0311229 0.999507 1.06206
0.441605 -0.896753 0.0286184 20.6503 0.89721 0.441378 -0.0141415 39.407 4.98483e-05 0.0319217 0.99949 1.06911
0.438599 -0.898184 0.0299331 21.0381 0.898673 0.438509 -0.0098763 40.1844 -0.00425519 0.0312318 0.999503 1.06432
0.434936 -0.900085 0.0260353 21.5232 0.900453 0.434874 -0.00831474 41.1703 -0.00383809 0.0270599 0.999626 1.04612
0.43384 -0.900612 0.0260985 21.9533 0.90099 0.433673 -0.0120553 42.0272 -0.000461085 0.0287445 0.999587 1.01515
0.428407 -0.903315 0.0221153 22.6993 0.903583 0.428211 -0.0131632 43.5526 0.00242055 0.0256222 0.999669 1.00963
0.426073 -0.904435 0.0214012 23.1591 0.904681 0.425851 -0.0142895 44.4929 0.00381019 0.0254496 0.999669 1.02891
0.425913 -0.904505 0.0216443 23.5201 0.90476 0.425711 -0.0134217 45.2244 0.00292581 0.0252993 0.999676 1.03982
0.425485 -0.904768 0.0189251 24.0017 0.904921 0.425163 -0.0188363 46.2006 0.00899623 0.0251403 0.999643 1.05063
0.425746 -0.904647 0.0188333 24.3182 0.904814 0.425475 -0.0168086 46.842 0.00719278 0.0241969 0.999681 1.05255
0.426119 -0.904436 0.0204596 24.6786 0.904658 0.425905 -0.01408 47.5684 0.0040206 0.0245087 0.999692 1.05742
0.425406 -0.9048 0.0191488 25.0333 0.905001 0.425273 -0.0107753 48.2951 0.001606 0.0219136 0.999759 1.06391
0.424949 -0.905002 0.019751 25.3601 0.905215 0.424896 -0.00701758 48.9639 -0.00204122 0.0208611 0.99978 1.0628
0.421993 -0.906446 0.0166255 25.7166 0.906591 0.421995 -0.00355424 49.7098 -0.00379415 0.0165724 0.999856 1.06361
0.419687 -0.907563 0.0138384 26.1018 0.907656 0.419714 -0.0010111 50.517 -0.00489056 0.0129849 0.999904 1.06512
0.417534 -0.90859 0.0113748 26.4235 0.908642 0.417574 0.00131839 51.1961 -0.00594768 0.00978513 0.999934 1.06629
0.415705 -0.909445 0.00990579 26.7244 0.909473 0.415751 0.00302438 51.8291 -0.00686885 0.0077518 0.999946 1.05579
0.411359 -0.911473 0.00028124 27.0598 0.911471 0.411359 0.00231578 52.5637 -0.00222646 -0.000696277 0.999997 1.04046
0.40927 -0.912402 -0.00451958 27.367 0.912405 0.409283 -0.00233007 53.229 0.00397575 -0.00317006 0.999987 1.03537
0.406976 -0.91342 -0.00592175 27.6166 0.913418 0.407002 -0.00417776 53.7709 0.00622622 -0.00370879 0.999974 1.04947
0.408072 -0.912948 -0.00166293 27.9804 0.912898 0.408067 -0.00989152 54.5393 0.00970904 0.00251836 0.99995 1.07192
0.407111 -0.913378 -0.00107858 28.2188 0.913372 0.407112 -0.00335617 55.0583 0.00350456 0.000381184 0.999994 1.08575
0.409151 -0.912456 0.00435732 28.46 0.912464 0.409157 0.000571056 55.5671 -0.00230389 0.00374224 0.99999 1.08618
0.414409 -0.910017 0.0115858 28.7615 0.910091 0.414376 -0.00524524 56.1893 -2.76215e-05 0.0127178 0.999919 1.08926
0.418783 -0.907906 0.0180921 29.0101 0.908085 0.418673 -0.00969001 56.6966 0.00122297 0.0204871 0.999789 1.09131
0.420815 -0.906903 0.0210331 29.3002 0.907121 0.420516 -0.0172322 57.2939 0.00678315 0.0263312 0.99963 1.1056
0.419884 -0.907334 0.0210417 29.5229 0.907571 0.419676 -0.0137151 57.7656 0.00361345 0.0248556 0.999685 1.11434
0.426608 -0.904289 0.0163375 29.8302 0.904432 0.42648 -0.0108291 58.4054 0.00282507 0.0193959 0.999808 1.12327
0.437066 -0.899151 0.0223743 30.0453 0.899426 0.436996 -0.00819061 58.8145 -0.00241285 0.0237038 0.999716 1.12965
0.444799 -0.895218 0.0271733 30.2953 0.895571 0.444914 -0.00202339 59.3047 -0.0102784 0.0252356 0.999629 1.13424
0.4471 -0.894061 0.0275044 30.5042 0.894315 0.447402 0.00568506 59.7295 -0.0173883 0.0220558 0.999605 1.13004
0.457534 -0.888496 0.0351884 30.7496 0.888996 0.457906 0.00289338 60.1781 -0.0186838 0.0299586 0.999377 1.12702
0.473304 -0.880021 0.0393132 30.9887 0.880677 0.473715 0.0012937 60.5917 -0.0197617 0.03401 0.999226 1.12308
0.501687 -0.864114 0.0402218 31.2851 0.864906 0.501908 -0.00512039 61.0575 -0.015763 0.0373569 0.999178 1.1228
0.528958 -0.847896 0.0357117 31.5473 0.848578 0.528985 -0.00945307 61.4502 -0.0108757 0.0353045 0.999317 1.12346
0.550188 -0.834353 0.0338819 31.7545 0.834962 0.550241 -0.00858512 61.7488 -0.0114802 0.0330136 0.999389 1.12276
0.577881 -0.815706 0.0260135 32.0292 0.816073 0.577899 -0.00759371 62.1301 -0.00883896 0.0256172 0.999633 1.12761
0.602045 -0.798074 0.0248892 32.2669 0.798388 0.602121 -0.00515033 62.439 -0.010876 0.022972 0.999677 1.12884
0.642856 -0.765307 0.0322862 32.5871 0.765893 0.642867 -0.0114061 62.7897 -0.0120266 0.0320602 0.999414 1.12172
0.73296 -0.679393 0.0345654 33.2632 0.680209 0.732637 -0.0236217 63.3974 -0.00927544 0.0408255 0.999123 1.10478
0.761431 -0.646588 0.0463335 33.4731 0.647984 0.761208 -0.0260475 63.5413 -0.0184274 0.0498568 0.998586 1.10032
0.812608 -0.581482 0.0393258 33.8772 0.582565 0.812374 -0.0258167 63.8047 -0.0169353 0.0438887 0.998893 1.09394
0.853272 -0.519838 0.0411661 34.204 0.521074 0.853029 -0.0286957 63.9699 -0.0201987 0.0459358 0.99874 1.08285
0.920635 -0.388431 0.039411 34.9144 0.389608 0.920543 -0.0283926 64.2559 -0.025251 0.0414941 0.99882 1.0488
0.942092 -0.332202 0.0458788 35.2115 0.333562 0.942373 -0.0258819 64.3489 -0.0346369 0.0396865 0.998612 1.0344
0.964758 -0.260224 0.0390694 35.6371 0.260845 0.96531 -0.0116549 64.4651 -0.0346813 0.0214352 0.999169 1.02435
0.974709 -0.2201 0.0387045 35.9646 0.220078 0.97547 0.00489761 64.5583 -0.038833 0.00374425 0.999239 1.01461
0.985638 -0.166298 0.029374 36.4125 0.16534 0.9857 0.0325152 64.6677 -0.0343612 -0.0271916 0.99904 1.00354
0.990576 -0.134361 0.0265659 36.7421 0.133009 0.989981 0.0473968 64.7427 -0.032668 -0.0434166 0.998523 0.994492
0.995688 -0.0913141 0.0163499 37.188 0.0900351 0.993697 0.0667764 64.8281 -0.0223445 -0.0650164 0.997634 0.990892
0.997933 -0.0638338 0.00735167 37.5769 0.0630341 0.994736 0.0807873 64.8969 -0.0124699 -0.0801569 0.996704 0.992154
0.999575 -0.0287626 -0.00471738 38.021 0.0290735 0.995391 0.0913821 64.9576 0.00206725 -0.0914805 0.995805 0.995234
0.998282 0.0580641 -0.007806 38.3275 -0.0576495 0.997292 0.0456551 64.867 0.0104358 -0.0451267 0.998927 0.993155
0.988208 0.153027 -0.00533874 38.6386 -0.153017 0.988221 0.00211619 64.7388 0.00559969 -0.00127432 0.999983 0.978003
0.970065 0.242804 -0.00443726 38.9954 -0.242821 0.969559 -0.0314979 64.5903 -0.00334562 0.0316325 0.999494 0.964588
0.953232 0.302216 -0.00370716 39.3562 -0.302081 0.952268 -0.0439618 64.4524 -0.00975576 0.0430257 0.999026 0.95831
0.946318 0.323211 -0.00409828 39.7687 -0.323223 0.94608 -0.0214167 64.3444 -0.00304482 0.0215917 0.999762 0.960136
0.948277 0.317442 -0.000989307 40.1264 -0.317417 0.948235 0.00979438 64.2853 0.00404724 -0.00897376 0.999952 0.963164
0.950058 0.311889 0.0107592 40.4781 -0.312073 0.949392 0.0355662 64.226 0.000878019 -0.0371476 0.999309 0.957964
0.947978 0.317409 0.0242583 40.9263 -0.318322 0.94586 0.0634017 64.13 -0.00282072 -0.0678254 0.997693 0.939594
0.945583 0.321424 0.0505792 41.2806 -0.324515 0.94293 0.0746484 64.0435 -0.0236989 -0.087 0.995926 0.886084
0.940385 0.333101 0.068702 41.7314 -0.337943 0.937903 0.0783092 63.9145 -0.038351 -0.0968581 0.994559 0.804321
0.932079 0.359122 0.0475492 42.1038 -0.3613 0.931104 0.0500763 63.7568 -0.0262897 -0.0638546 0.997613 0.785711
0.916603 0.399797 0.000533244 42.5118 -0.399794 0.916591 0.00506105 63.5468 0.00153463 -0.00485216 0.999987 0.821722
0.88731 0.459204 -0.0425691 43.4133 -0.460792 0.886541 -0.0414146 63.0764 0.0187215 0.0563631 0.998235 0.885488
0.875762 0.480726 -0.0440871 43.7425 -0.48258 0.87418 -0.0540873 62.8764 0.0125389 0.0686431 0.997563 0.896564
0.86327 0.503111 -0.040561 44.2392 -0.504689 0.861562 -0.0547783 62.5826 0.00738622 0.0677592 0.997674 0.894202
0.855789 0.516457 -0.0299496 44.6781 -0.517325 0.854281 -0.0507788 62.3246 -0.000639734 0.0589496 0.998261 0.880126
0.855587 0.517497 -0.012988 45.1426 -0.517607 0.854874 -0.0356896 62.075 -0.0073662 0.0372582 0.999279 0.861391
0.858432 0.51291 0.00413292 45.5972 -0.512732 0.8583 -0.0206626 61.84 -0.0141454 0.0156184 0.999778 0.840777
0.862212 0.506346 0.0142668 46.1289 -0.506298 0.862329 -0.00709398 61.5647 -0.0158947 -0.00110676 0.999873 0.817668
0.862533 0.50578 0.0149153 46.6349 -0.505764 0.862657 -0.00510973 61.288 -0.0154512 -0.0031363 0.999876 0.799983
0.861134 0.508228 0.0122972 47.1752 -0.508193 0.861222 -0.00609955 60.9854 -0.0136905 -0.000996789 0.999906 0.788111
0.859119 0.511768 0.00278029 47.7766 -0.511716 0.859089 -0.0105746 60.6394 -0.00780026 0.00766211 0.99994 0.780337
0.855181 0.518304 -0.00504919 48.8958 -0.51828 0.854927 -0.0220194 59.9832 -0.00709608 0.0214475 0.999745 0.750596
0.855086 0.518483 0.00166725 49.4052 -0.518292 0.854851 -0.0245625 59.6901 -0.0141605 0.0201389 0.999697 0.725818
0.856854 0.515555 0.00213646 50.0816 -0.515351 0.856619 -0.0248485 59.3056 -0.0146409 0.0201905 0.999689 0.695834
0.860495 0.509422 0.00610248 50.6735 -0.509143 0.860322 -0.024897 58.9785 -0.0179332 0.0183167 0.999671 0.670258
0.864892 0.501832 0.011208 51.2466 -0.501493 0.864837 -0.0236788 58.6704 -0.0215759 0.0148589 0.999657 0.649208
0.869824 0.493328 0.00579705 51.9977 -0.493083 0.869666 -0.0234398 58.268 -0.016605 0.0175301 0.999708 0.63253
0.873893 0.486108 0.00318898 52.638 -0.48588 0.87365 -0.0256105 57.9308 -0.0152355 0.0208313 0.999667 0.619638
0.87694 0.4806 -0.000530883 53.2947 -0.480382 0.876507 -0.031106 57.5839 -0.0144842 0.0275331 0.999516 0.608156
0.88009 0.474802 -0.00224938 54.0224 -0.474575 0.879501 -0.0354457 57.2038 -0.0148514 0.0322629 0.999369 0.590915
0.881968 0.471309 -0.000701302 54.6414 -0.470951 0.881237 -0.0403233 56.8794 -0.0183867 0.0358941 0.999186 0.572277
0.882773 0.469728 -0.00817587 55.4679 -0.469565 0.881648 -0.0469567 56.4411 -0.0148487 0.0452912 0.998863 0.552081
0.881558 0.471731 -0.0180298 56.1446 -0.471951 0.879805 -0.0566178 56.0683 -0.0108456 0.058421 0.998233 0.540955
0.881186 0.471669 -0.0322417 56.8799 -0.47277 0.87916 -0.0597262 55.671 0.000174584 0.0678728 0.997694 0.54499
0.880826 0.471865 -0.0385816 57.5697 -0.47339 0.878983 -0.05737 55.3065 0.00684169 0.0687971 0.997607 0.556094
0.882126 0.469883 -0.0326313 58.2096 -0.470979 0.880785 -0.0489457 54.9809 0.00574246 0.0585449 0.998268 0.564564
0.883694 0.467479 -0.0234309 59.0335 -0.468057 0.882877 -0.0380951 54.5615 0.00287795 0.0446314 0.998999 0.571825
0.884176 0.466785 -0.0185662 59.7943 -0.467151 0.883615 -0.0315252 54.1722 0.00168992 0.036547 0.999331 0.573468
0.883835 0.467557 -0.0150295 60.4936 -0.467798 0.883337 -0.0296657 53.8084 -0.000594257 0.0332504 0.999447 0.573096
0.883949 0.46746 -0.0107212 61.9541 -0.467577 0.883581 -0.02564 53.0487 -0.00251267 0.0276774 0.999614 0.568484
0.884503 0.46651 -0.00480402 62.5997 -0.466499 0.884262 -0.0214294 52.7198 -0.00574903 0.0211955 0.999759 0.562785
0.885248 0.465106 -0.00346275 63.4343 -0.465106 0.885146 -0.0138437 52.2982 -0.00337376 0.0138657 0.999898 0.560579
0.88617 0.463354 0.00233982 64.0555 -0.463328 0.886158 -0.00716618 51.9914 -0.00539393 0.00526636 0.999972 0.561302
0.886674 0.462352 0.0062445 64.8614 -0.462378 0.886676 0.00350925 51.5941 -0.00391434 -0.00599888 0.999974 0.571251
0.884547 0.466406 0.00652862 65.6217 -0.466434 0.884548 0.00372193 51.203 -0.00403895 -0.00633739 0.999972 0.578611
0.880565 0.473901 0.004889 66.3212 -0.473901 0.880577 -0.00113284 50.8285 -0.004842 -0.00131937 0.999987 0.582147
0.875051 0.484028 0.0016464 66.9693 -0.483996 0.875024 -0.00899606 50.4649 -0.00579499 0.00707516 0.999958 0.582195
0.866926 0.498409 -0.00517384 67.7703 -0.498426 0.866796 -0.0153515 50.0016 -0.00316668 0.0158874 0.999869 0.578486
0.861392 0.507913 -0.00524901 68.3725 -0.507919 0.861214 -0.0181569 49.6494 -0.00470163 0.0183063 0.999821 0.57447
0.85283 0.522119 -0.00859643 69.2399 -0.522188 0.852744 -0.0120938 49.1277 0.00101614 0.0148029 0.99989 0.579136
0.845662 0.533627 -0.0098923 69.7543 -0.533719 0.845504 -0.0163577 48.7967 -0.000364926 0.0191128 0.999817 0.586784
0.83674 0.547472 -0.0118054 70.4476 -0.547599 0.836505 -0.0198924 48.3422 -0.00101528 0.0231094 0.999732 0.591113
0.829241 0.558783 -0.0110044 71.0878 -0.558873 0.828896 -0.0243287 47.9156 -0.00447295 0.0263244 0.999644 0.585169
0.822497 0.568687 -0.00966553 71.7248 -0.568738 0.822158 -0.0243451 47.4834 -0.00589812 0.0255209 0.999657 0.581242
0.816855 0.576806 -0.00658176 72.3618 -0.576818 0.816659 -0.0186997 47.0496 -0.00541103 0.0190714 0.999803 0.580135
0.812624 0.582786 -0.00142332 73.0276 -0.582778 0.812594 -0.00777151 46.598 -0.00337254 0.0071448 0.999969 0.577049
0.809134 0.587615 0.00323855 73.7023 -0.587624 0.809119 0.00496855 46.139 0.000299224 -0.00592327 0.999982 0.574237
0.806475 0.591232 0.00659099 74.1427 -0.591264 0.806463 0.00501761 45.8306 -0.00234882 -0.00794359 0.999966 0.577559
0.798752 0.601651 0.00316359 74.8266 -0.601656 0.798755 0.000543288 45.3254 -0.00220007 -0.00233735 0.999995 0.581377
0.791688 0.610926 -0.000204083 75.3509 -0.610902 0.791654 -0.00904599 44.9203 -0.00536487 0.00728628 0.999959 0.585018
0.785875 0.618385 -3.62406e-05 76.0308 -0.618352 0.785832 -0.0104526 44.402 -0.00643523 0.00823682 0.999945 0.584317
0.780887 0.624672 -0.000912441 76.6462 -0.62463 0.780816 -0.0127912 43.9213 -0.00727785 0.0105584 0.999918 0.576673
0.777975 0.628291 0.00231564 77.0421 -0.628114 0.777834 -0.0211526 43.6069 -0.0150912 0.0150017 0.999774 0.560336
0.77637 0.630274 0.0021505 77.7836 -0.630147 0.776274 -0.0177084 43.0275 -0.0128305 0.0123931 0.999841 0.543888
0.775918 0.630797 0.00677095 78.2327 -0.630601 0.77588 -0.01878 42.6769 -0.0170998 0.010302 0.999801 0.526854
0.776649 0.629803 0.0127772 78.6301 -0.629527 0.776717 -0.0201634 42.3728 -0.0226232 0.00761629 0.999715 0.513759
0.774887 0.632097 -0.00209178 79.2158 -0.63192 0.774583 -0.0264405 41.899 -0.0150927 0.0218102 0.999648 0.519226
0.774662 0.632165 -0.016322 79.6864 -0.632332 0.774051 -0.0316505 41.5175 -0.00737427 0.0348394 0.999366 0.534687
0.776601 0.629507 -0.0247351 80.1214 -0.629989 0.775866 -0.0338501 41.1733 -0.00211771 0.0418709 0.999121 0.551943
0.785025 0.618684 -0.0310833 80.6567 -0.619413 0.784615 -0.0265684 40.7759 0.007951 0.0401102 0.999164 0.57959
0.796099 0.604284 -0.0326609 81.1313 -0.604976 0.796043 -0.0178982 40.4442 0.0151839 0.0340078 0.999306 0.608357
0.805608 0.591728 -0.0292321 81.5024 -0.592217 0.805693 -0.011763 40.1947 0.0165916 0.0267882 0.999503 0.627163
0.819788 0.572157 -0.0241719 81.9918 -0.572351 0.820008 -0.00135643 39.8747 0.019045 0.0149468 0.999707 0.635982
0.833687 0.552076 -0.0133089 82.3704 -0.551996 0.833793 0.0094426 39.6477 0.0163099 -0.000525739 0.999867 0.635378
0.854759 0.518934 -0.00969097 82.8983 -0.518689 0.854729 0.0199847 39.3519 0.0186539 -0.0120555 0.999753 0.640666
0.872682 0.488289 3.27174e-06 83.2975 -0.488088 0.872323 0.0286719 39.1584 0.0139973 -0.025023 0.999589 0.650604
0.893589 0.448739 0.0115098 83.7673 -0.448843 0.892854 0.036761 38.9543 0.00621954 -0.0380153 0.999258 0.6617
0.917716 0.396695 0.0207483 84.2832 -0.397236 0.916592 0.0454079 38.769 -0.00100463 -0.0499136 0.998753 0.670778
0.935762 0.35107 0.03315 84.7049 -0.352417 0.934333 0.0531471 38.64 -0.0123148 -0.0614157 0.998036 0.663937
0.958054 0.284353 0.0357265 85.2641 -0.285991 0.956646 0.0551154 38.5042 -0.0185054 -0.063021 0.997841 0.65584
0.972749 0.228797 0.0375605 85.6731 -0.230688 0.971313 0.0577315 38.4421 -0.0232742 -0.0648231 0.997625 0.653061
0.98676 0.159993 0.0265778 86.2156 -0.161031 0.98601 0.0430569 38.3776 -0.0193172 -0.0467667 0.998719 0.658278
0.99491 0.0995278 0.0157735 86.6779 -0.0999269 0.99463 0.0269436 38.3497 -0.0130072 -0.0283826 0.999512 0.665614
0.999718 0.0236398 -0.00205649 87.2009 -0.0236351 0.999718 0.00227505 38.3508 0.00210969 -0.00222581 0.999995 0.683608
0.999462 -0.030823 -0.0112432 87.5663 0.0306858 0.999455 -0.0121728 38.3799 0.0116123 0.0118212 0.999863 0.705346
0.992343 -0.12075 -0.0259715 88.1349 0.119769 0.992131 -0.0364819 38.4569 0.0301723 0.033092 0.998997 0.734957
0.983131 -0.180722 -0.02816 88.538 0.179412 0.982806 -0.0436274 38.5367 0.0355602 0.0378392 0.998651 0.753422
0.971391 -0.236212 -0.0245739 88.9531 0.235196 0.971194 -0.0382856 38.6399 0.0329096 0.0314106 0.998965 0.76055
0.951647 -0.306441 -0.0214647 89.4811 0.305492 0.951409 -0.0386807 38.796 0.0322751 0.0302531 0.999021 0.766703
0.935004 -0.354359 -0.0140507 89.861 0.353804 0.934789 -0.0314856 38.9336 0.0242917 0.0244679 0.999405 0.767334
0.902909 -0.429763 -0.00768754 90.3641 0.429441 0.902707 -0.0264599 39.1677 0.0183111 0.0205896 0.99962 0.776427
0.871121 -0.491062 -0.00231994 90.7673 0.490989 0.871057 -0.0137371 39.4031 0.00876656 0.0108276 0.999903 0.779258
0.840249 -0.542179 0.00485631 91.1683 0.542199 0.840185 -0.0104467 39.6535 0.00158381 0.0114109 0.999934 0.781913
0.809277 -0.587328 0.010735 91.5565 0.587423 0.809198 -0.011486 39.9236 -0.00194068 0.0156014 0.999876 0.789826
0.775158 -0.631609 0.0141099 91.9443 0.631766 0.774935 -0.0186325 40.2253 0.000834215 0.0233573 0.999727 0.795074
0.750875 -0.660222 0.0171509 92.2543 0.660439 0.750507 -0.0236701 40.479 0.00275561 0.0291004 0.999573 0.79747
0.733582 -0.679167 0.0242645 92.6661 0.679467 0.732265 -0.0459554 40.7961 0.0134434 0.0501991 0.998649 0.799107
0.71985 -0.693807 0.0211563 92.9985 0.693912 0.718527 -0.0469693 41.0829 0.0173863 0.0484915 0.998672 0.795651
0.7095 -0.704418 0.0201424 93.311 0.704538 0.708416 -0.0421029 41.3704 0.0153888 0.044063 0.99891 0.795213
0.701422 -0.712401 0.0221667 93.7114 0.712463 0.699929 -0.0499623 41.7385 0.0200781 0.0508376 0.998505 0.809427
0.701251 -0.712609 0.0208438 94.0566 0.712433 0.699405 -0.057195 42.0453 0.0261795 0.0549579 0.998145 0.833354
0.69157 -0.722281 0.0064696 94.4467 0.721575 0.690434 -0.0512798 42.4392 0.0325716 0.0401318 0.998663 0.857077
0.679368 -0.733758 -0.00768121 94.7088 0.733122 0.679154 -0.0358098 42.7412 0.0314924 0.0186968 0.999329 0.874309
0.665209 -0.745753 -0.0367302 95.0996 0.745508 0.66611 -0.022713 43.1971 0.0414046 -0.0122737 0.999067 0.907168
0.661576 -0.748168 -0.0506106 95.3963 0.748529 0.662927 -0.0152466 43.5355 0.0449582 -0.0277967 0.998602 0.942888
0.663706 -0.74568 -0.0587742 95.7969 0.74619 0.665512 -0.0171507 43.9726 0.0519039 -0.0324737 0.998124 0.989354
0.667378 -0.742929 -0.0516087 96.1414 0.743028 0.668929 -0.0210557 44.3475 0.0501655 -0.0242946 0.998445 1.01089
0.673413 -0.738209 -0.0395246 96.5773 0.737547 0.67453 -0.0321569 44.8095 0.0503991 -0.00749642 0.998701 1.02772
0.677021 -0.735641 -0.0218003 96.9648 0.734781 0.677315 -0.0366298 45.2165 0.0417121 0.00878069 0.999091 1.03704
0.683238 -0.730195 0.00080914 97.4048 0.729707 0.68274 -0.0373276 45.6681 0.026704 0.0260941 0.999303 1.03982
0.693466 -0.720345 0.0144365 97.7947 0.720311 0.69271 -0.0361076 46.0504 0.0160096 0.0354382 0.999244 1.05332
0.701645 -0.712384 0.0142537 98.3116 0.71246 0.701163 -0.0277616 46.5633 0.0097827 0.029634 0.999513 1.07192
0.704545 -0.709283 0.023113 98.6987 0.709654 0.704293 -0.0190361 46.9529 -0.00277635 0.029814 0.999552 1.06346
0.71269 -0.701104 0.0229189 99.2339 0.701467 0.712486 -0.0175185 47.4632 -0.00404709 0.0285621 0.999584 1.05671
0.717231 -0.696072 0.0326047 99.6316 0.696707 0.717211 -0.0144007 47.8437 -0.0133605 0.0330445 0.999365 1.03031
0.719594 -0.693881 0.0267125 100.177 0.694342 0.719482 -0.0153399 48.3613 -0.00857515 0.0295861 0.999525 1.01584
0.717972 -0.695898 0.015538 100.651 0.696072 0.717805 -0.0154897 48.8233 -0.000373972 0.0219367 0.999759 1.01251
0.714647 -0.699485 -9.81381e-05 101.167 0.699442 0.714605 -0.01093 49.337 0.00771549 0.00774244 0.99994 1.01483
0.711015 -0.703158 -0.00504696 101.605 0.703155 0.711031 -0.00267307 49.7801 0.00546814 -0.00164821 0.999984 1.0198
0.708606 -0.70558 -0.00590516 102.124 0.705605 0.708583 0.00560514 50.3017 0.000229425 -0.00813855 0.999967 1.02798
0.706743 -0.707441 -0.00650321 102.711 0.70747 0.706699 0.00797928 50.8873 -0.00104905 -0.0102401 0.999947 1.05196
0.703301 -0.710843 -0.0082947 103.165 0.710891 0.70324 0.00933911 51.3478 -0.000805481 -0.0124648 0.999922 1.06201
0.696823 -0.716904 -0.022034 103.786 0.717162 0.696877 0.0064136 51.9976 0.010757 -0.0202711 0.999737 1.07346
0.692142 -0.72119 -0.028699 104.179 0.721656 0.692174 0.0104262 52.4209 0.0123454 -0.0279272 0.999534 1.07805
0.687591 -0.725312 -0.0337648 104.766 0.725949 0.687648 0.0117388 53.0431 0.014704 -0.032583 0.999361 1.07895
0.686156 -0.726794 -0.0310004 105.335 0.727325 0.686215 0.0103573 53.6414 0.0137453 -0.0296541 0.999466 1.0866
0.687438 -0.725899 -0.0223466 105.826 0.726205 0.68739 0.0109872 54.148 0.00738526 -0.0237813 0.99969 1.09109
0.688694 -0.725016 -0.00726674 107.07 0.725032 0.688715 -0.000632891 55.4426 0.00546358 -0.00483275 0.999973 1.11304
0.691772 -0.722113 0.00202444 107.545 0.722116 0.691766 -0.00291195 55.9256 0.000702319 0.00347629 0.999994 1.11674
0.691754 -0.722109 0.00597807 108.218 0.722132 0.691745 -0.00370026 56.6267 -0.00146331 0.00687663 0.999975 1.10996
0.687602 -0.726082 0.00301044 108.766 0.726086 0.687603 -0.000606792 57.2164 -0.00162941 0.00260307 0.999995 1.10352
0.684542 -0.72896 -0.00431731 109.316 0.728972 0.684539 0.00233416 57.815 0.00125386 -0.00474503 0.999988 1.10091
0.68167 -0.731582 -0.0107051 109.847 0.731657 0.681636 0.00708702 58.3946 0.00211223 -0.0126634 0.999918 1.10086
0.67985 -0.733157 -0.0168669 110.493 0.733339 0.679793 0.00975572 59.0919 0.00431352 -0.0190016 0.99981 1.1005
0.681715 -0.731501 -0.0131235 111.019 0.731617 0.681567 0.0142417 59.6497 -0.00147325 -0.0193101 0.999812 1.09309
0.68444 -0.728879 -0.016662 111.682 0.729069 0.684232 0.0168734 60.3521 -0.000898016 -0.0236966 0.999719 1.09198
0.686653 -0.72662 -0.0230368 112.247 0.726978 0.686441 0.0173507 60.9488 0.003206 -0.0286612 0.999584 1.10162
0.692005 -0.721468 -0.0247765 112.878 0.721862 0.691888 0.014396 61.5998 0.00675629 -0.0278473 0.999589 1.12109
0.69644 -0.717346 -0.0196273 113.401 0.717601 0.696334 0.0129347 62.1316 0.00438844 -0.0230928 0.999724 1.13155
0.698684 -0.715277 -0.0147974 114.123 0.715405 0.698683 0.00607925 62.8666 0.00599032 -0.0148336 0.999872 1.14561
0.699121 -0.714916 -0.0111351 114.625 0.715 0.699078 0.00802552 63.3809 0.00204676 -0.0135724 0.999906 1.14789
0.698757 -0.715277 -0.0108495 115.312 0.715358 0.698651 0.0122198 64.0855 -0.00116049 -0.0163 0.999866 1.14854
0.697346 -0.716678 -0.0090486 115.847 0.716687 0.697098 0.0203662 64.6423 -0.00828826 -0.0206873 0.999752 1.13963
0.69724 -0.716712 -0.0134211 116.53 0.716812 0.696933 0.021575 65.3467 -0.00610943 -0.0246634 0.999677 1.13187
0.701646 -0.712451 -0.0103097 117.046 0.712522 0.70152 0.013518 65.8595 -0.00239845 -0.0168307 0.999855 1.11528
0.703651 -0.710298 -0.0187599 118.351 0.710275 0.703867 -0.00898182 67.1611 0.0195843 -0.00700465 0.999784 1.14245
0.703989 -0.710192 -0.00517489 118.824 0.71021 0.703981 0.00357139 67.6406 0.00110665 -0.00618948 0.99998 1.15249
0.703024 -0.711073 0.0115168 119.53 0.7108 0.703089 0.0207313 68.357 -0.0228388 -0.0063885 0.999719 1.15751
0.701281 -0.712766 0.0130448 120.128 0.712499 0.701386 0.0200862 68.9633 -0.0234662 -0.00479171 0.999713 1.14243
0.697374 -0.716694 0.00431864 120.573 0.716511 0.697312 0.0192019 69.4354 -0.0167733 -0.0102965 0.999806 1.11849
0.695657 -0.718332 -0.00779627 121.228 0.718371 0.695645 0.00457209 70.1169 0.00213916 -0.00878122 0.999959 1.10729
0.695863 -0.718089 -0.0110696 121.775 0.718129 0.69591 -0.000521073 70.6874 0.00807759 -0.00758678 0.999939 1.1194
0.694524 -0.719414 -0.00898297 122.301 0.719468 0.694498 0.0061961 71.2379 0.0017811 -0.0107663 0.99994 1.12512
0.689983 -0.723691 -0.0139884 122.946 0.723819 0.689932 0.00895419 71.9294 0.00317099 -0.0163033 0.999862 1.13787
0.687099 -0.726387 -0.0160492 123.489 0.726537 0.687097 0.00647148 72.5077 0.00632658 -0.0161069 0.99985 1.15347
0.680886 -0.732178 -0.0175978 124.06 0.732357 0.680886 0.006918 73.1283 0.00691692 -0.0175983 0.999821 1.16337
0.674323 -0.738116 -0.021759 124.523 0.738423 0.674194 0.0139155 73.6528 0.00439854 -0.0254509 0.999666 1.17124
0.67167 -0.740462 -0.0239783 125.167 0.740836 0.671507 0.0155107 74.3695 0.00461648 -0.0281821 0.999592 1.1799
0.672553 -0.739865 -0.0164881 125.625 0.740036 0.672244 0.0208427 74.8673 -0.00433679 -0.0262196 0.999647 1.1743
0.676283 -0.736629 -0.00437378 126.257 0.736591 0.676154 0.015786 75.5384 -0.00867108 -0.0138975 0.999866 1.16913
0.67769 -0.735334 -0.00437287 126.789 0.735331 0.677623 0.0107691 76.1134 -0.00495571 -0.0105136 0.999933 1.17643
0.677767 -0.735217 -0.00935903 127.357 0.735272 0.677753 0.0051428 76.7332 0.00256204 -0.0103671 0.999943 1.19274
0.674907 -0.737818 -0.0111805 127.82 0.737901 0.674864 0.00779848 77.2506 0.00179148 -0.0135134 0.999907 1.19512
0.666285 -0.745578 -0.0133302 128.401 0.745695 0.666129 0.014555 77.9239 -0.00197224 -0.0196381 0.999805 1.19184
0.66013 -0.751136 -0.00490441 128.949 0.751025 0.659885 0.0226441 78.5592 -0.0137724 -0.0186314 0.999732 1.17218
0.659688 -0.751493 0.00836148 129.423 0.751258 0.659705 0.0200259 79.0892 -0.0205654 -0.0069292 0.999765 1.17055
0.655888 -0.75473 0.0139155 130.038 0.754561 0.656035 0.0159591 79.7909 -0.0211739 3.27611e-05 0.999776 1.16485
0.651237 -0.758828 0.00840447 130.525 0.758705 0.651286 0.0139153 80.3706 -0.0160331 -0.00268568 0.999868 1.15206
0.645566 -0.763677 -0.00646436 131.075 0.763694 0.64549 0.0106514 81.0389 -0.00396151 -0.011813 0.999922 1.13201
0.638496 -0.769515 -0.0130275 131.508 0.769617 0.638475 0.00624675 81.5798 0.00351074 -0.0140147 0.999896 1.1327
0.630978 -0.775675 -0.0140042 132.005 0.775793 0.630951 0.00681382 82.2085 0.00355067 -0.0151637 0.999879 1.13242
0.619715 -0.784684 -0.0149846 132.501 0.784802 0.619432 0.019725 82.8564 -0.00619598 -0.0239838 0.999693 1.11719
0.610119 -0.792113 -0.0176314 132.971 0.792212 0.609543 0.0292926 83.4786 -0.012456 -0.0318398 0.999415 1.09819
0.603368 -0.797112 -0.0236666 133.529 0.797442 0.60287 0.0251767 84.2177 -0.00580078 -0.0340635 0.999403 1.09052
0.591125 -0.806317 -0.0206105 134.555 0.806533 0.591174 0.00424823 85.5928 0.00875897 -0.0191343 0.999779 1.11282
0.58401 -0.811533 -0.0186172 134.943 0.811746 0.583854 0.0135008 86.1396 -8.66193e-05 -0.022997 0.999736 1.11246
0.575229 -0.817791 -0.0181422 135.526 0.817987 0.574997 0.0166237 86.969 -0.00316301 -0.0244025 0.999697 1.12183
0.571579 -0.820427 -0.0140367 135.974 0.820516 0.571323 0.018544 87.6009 -0.00719453 -0.0221167 0.99973 1.11345
0.570293 -0.821388 -0.00933601 136.363 0.821341 0.570009 0.0220941 88.1485 -0.0128262 -0.0202681 0.999712 1.09876
0.56751 -0.823351 -0.00509756 136.944 0.823284 0.567355 0.0176668 88.9784 -0.0116538 -0.0142228 0.999831 1.07621
0.566201 -0.824249 -0.00538654 137.317 0.824213 0.566077 0.015156 89.5133 -0.00944316 -0.013021 0.999871 1.07204
0.561177 -0.827599 -0.0126534 137.832 0.827696 0.561098 0.00944478 90.2684 -0.000716697 -0.0157734 0.999875 1.06793
0.558899 -0.828992 -0.0201011 138.343 0.829179 0.558981 0.00179215 91.0227 0.00975046 -0.017669 0.999796 1.07125
0.556706 -0.830414 -0.0221831 138.775 0.83068 0.556714 0.00636727 91.6655 0.00706219 -0.0219718 0.999734 1.07811
0.552849 -0.833004 -0.0215077 139.156 0.833272 0.552535 0.0190519 92.244 -0.00398657 -0.0284546 0.999587 1.07448
0.54958 -0.835141 -0.0223717 139.68 0.83533 0.548874 0.0309928 93.0462 -0.0136041 -0.0357207 0.999269 1.07127
0.547383 -0.83653 -0.0242784 140.082 0.836736 0.546514 0.0345832 93.6624 -0.0156614 -0.0392448 0.999107 1.05764
0.546355 -0.83715 -0.0259984 140.623 0.837542 0.545921 0.0222151 94.4864 -0.00440426 -0.0339121 0.999415 1.03357
0.540574 -0.840497 -0.0366548 141.03 0.841274 0.540365 0.0162509 95.1254 0.00614808 -0.0396216 0.999196 1.03227
0.532838 -0.84545 -0.0360439 141.386 0.846212 0.532504 0.0190894 95.6949 0.00305445 -0.0406724 0.999168 1.02913
0.52366 -0.851204 -0.0350955 141.883 0.851921 0.523055 0.02538 96.5184 -0.00324667 -0.043189 0.999062 1.0198
0.518688 -0.854424 -0.0303697 142.266 0.854922 0.517988 0.0282098 97.1548 -0.00837194 -0.0405958 0.999141 1.01795
0.5106 -0.859795 -0.00633002 143.217 0.859784 0.510499 0.0127729 98.7297 -0.00775065 -0.0119643 0.999898 0.994773
0.507013 -0.861936 0.00197734 143.557 0.861902 0.507011 0.0079775 99.2963 -0.00787863 -0.00234042 0.999966 0.983545
0.506109 -0.86244 0.00714192 144.044 0.862456 0.506039 -0.00970188 100.113 0.0047532 0.0110698 0.999927 0.977216
0.510631 -0.859614 0.0178732 144.415 0.859739 0.510236 -0.0225478 100.714 0.0102629 0.0268799 0.999586 0.977247
0.506055 -0.862057 0.0276719 144.889 0.862452 0.505423 -0.0269149 101.503 0.00921619 0.0374861 0.999255 0.979608
0.495702 -0.868117 0.0255276 145.277 0.86849 0.495556 -0.0121998 102.192 -0.00205949 0.028218 0.9996 0.975387
0.486267 -0.873689 0.0145794 145.737 0.87373 0.48638 0.00545869 103.033 -0.0118603 0.0100841 0.999879 0.971228
0.476619 -0.87911 0.000329978 146.148 0.879034 0.476583 0.0129543 103.814 -0.0115455 -0.00588418 0.999916 0.958179
0.469154 -0.883081 -0.00796104 146.52 0.883087 0.469045 0.0124328 104.53 -0.00724506 -0.0128632 0.999891 0.9246
0.460411 -0.887521 -0.0181066 146.888 0.887706 0.460327 0.00878874 105.251 0.000534798 -0.0201198 0.999797 0.898963
0.454757 -0.89019 -0.0275393 147.278 0.890531 0.454922 0.000294669 106.032 0.0122659 -0.0246586 0.999621 0.910094
0.456278 -0.889424 -0.0271058 147.609 0.889733 0.45648 -0.00143431 106.671 0.013649 -0.0234625 0.999632 0.93231
0.457112 -0.889311 -0.0131798 148.052 0.889365 0.457187 -0.0031817 107.503 0.00885517 -0.0102673 0.999908 0.952207
0.456416 -0.889766 0.000110586 148.422 0.889765 0.456416 0.00150217 108.206 -0.00138705 -0.000587216 0.999999 0.945541
0.455811 -0.890061 0.00515974 148.864 0.890053 0.455834 0.00455734 109.062 -0.00640829 0.00251516 0.999976 0.927357
0.457199 -0.889281 0.0121317 149.217 0.889325 0.457265 0.00313745 109.734 -0.00833749 0.00935463 0.999922 0.894878
0.463314 -0.886154 0.00848239 149.667 0.886159 0.463189 -0.0133392 110.567 0.0078916 0.013697 0.999875 0.892519
0.469537 -0.882892 0.00615916 150.02 0.882762 0.469316 -0.0217546 111.203 0.0163163 0.0156516 0.999744 0.91618
0.470363 -0.882442 0.00736912 150.484 0.882176 0.469972 -0.0298781 112.048 0.0229025 0.0205544 0.999526 0.953544
0.469317 -0.882841 0.0182524 150.868 0.88297 0.468946 -0.0212798 112.76 0.0102273 0.0261033 0.999607 0.959187
0.465527 -0.88492 0.0141969 151.251 0.885033 0.465459 -0.00796616 113.503 0.000441315 0.0162732 0.999867 0.970363
0.458393 -0.888749 -1.98791e-05 151.649 0.888749 0.458393 0.00131877 114.316 -0.00116294 -0.000622183 0.999999 0.972255
0.452356 -0.891825 -0.0046848 152.016 0.891836 0.452339 0.00426277 115.06 -0.00168253 -0.00610637 0.99998 0.949867
0.446478 -0.89472 -0.0116035 152.377 0.894792 0.446473 0.00315709 115.804 0.00235596 -0.0117923 0.999928 0.949589
0.444003 -0.895942 -0.0122433 152.727 0.896025 0.443958 0.00628257 116.51 -0.000193312 -0.0137598 0.999905 0.951627
0.444731 -0.895592 -0.011403 153.172 0.895664 0.44471 0.00447569 117.391 0.00106265 -0.0122038 0.999925 0.962387
0.443585 -0.896103 -0.0152352 153.918 0.896221 0.443601 0.00244393 118.882 0.00456836 -0.0147382 0.999881 0.972644
0.442383 -0.896698 -0.015183 154.23 0.896825 0.442344 0.00595884 119.519 0.00137286 -0.0162526 0.999867 0.97079
0.440038 -0.897844 -0.0155693 154.536 0.897979 0.439981 0.00710145 120.144 0.000474194 -0.0171058 0.999854 0.971442
0.439933 -0.897858 -0.0176267 154.976 0.897998 0.44 8.95709e-05 121.025 0.00767531 -0.0158681 0.999845 0.980869
0.442487 -0.896752 -0.00648567 155.295 0.896774 0.442464 0.00461417 121.643 -0.00126809 -0.0078579 0.999968 0.956962
0.445979 -0.895035 -0.00388053 155.678 0.89504 0.445985 -0.000878897 122.382 0.0025173 -0.00308126 0.999992 0.957114
0.448378 -0.893791 -0.00967432 156.046 0.89376 0.448458 -0.00887565 123.096 0.0122715 -0.00466687 0.999914 0.974469
0.447721 -0.893896 -0.0222651 156.4 0.893911 0.448054 -0.0130577 123.799 0.0216482 -0.0140568 0.999667 0.995559
0.446672 -0.894273 -0.027582 156.743 0.894365 0.447134 -0.013476 124.489 0.0243841 -0.018649 0.999529 0.99679
0.444965 -0.894874 -0.0347463 157.076 0.895075 0.445655 -0.0152031 125.164 0.0290898 -0.0243357 0.999281 1.0062
0.444448 -0.895191 -0.033155 157.393 0.895308 0.44513 -0.0168472 125.805 0.0298397 -0.0221962 0.999308 0.999576
0.444825 -0.895053 -0.0318007 157.699 0.895021 0.445544 -0.0206692 126.419 0.0326686 -0.0192681 0.999281 1.00037
0.446487 -0.894257 -0.0308726 157.999 0.894013 0.447271 -0.0262572 127.013 0.0372891 -0.015877 0.999178 1.01155
0.447874 -0.893641 -0.0285525 158.296 0.893323 0.448586 -0.0272747 127.602 0.0371821 -0.013291 0.99922 1.01276
0.451514 -0.891984 -0.0223666 158.597 0.891584 0.452007 -0.0277197 128.184 0.0348354 -0.0074259 0.999365 1.0083
0.45798 -0.888833 -0.0151741 158.911 0.888337 0.458231 -0.029706 128.767 0.0333569 0.000124995 0.999444 1.00792
0.463483 -0.886017 -0.0125788 159.222 0.88551 0.463645 -0.030077 129.344 0.0324809 0.00280153 0.999468 1.00664
0.467491 -0.883864 -0.0153848 159.527 0.88333 0.467744 -0.0307195 129.912 0.034348 0.000771193 0.99941 1.01121
0.470806 -0.882026 -0.019262 159.829 0.881499 0.471193 -0.0306013 130.475 0.0360673 -0.00257217 0.999346 1.01479
0.477198 -0.878509 -0.0224536 160.177 0.877864 0.477713 -0.0338348 131.103 0.0404506 -0.00356526 0.999175 1.01993
0.486772 -0.873438 -0.012618 160.417 0.872852 0.486912 -0.0323427 131.502 0.0343932 0.00472984 0.999397 1.02763
0.50222 -0.864711 -0.00708714 160.833 0.864191 0.502176 -0.0315167 132.185 0.0308118 0.00970368 0.999478 1.06126
0.513974 -0.857781 0.0065702 161.109 0.857587 0.513655 -0.0265104 132.615 0.0193653 0.0192602 0.999627 1.07251
0.527866 -0.848987 0.0240442 161.531 0.849257 0.527247 -0.0277926 133.255 0.0109183 0.0350905 0.999325 1.08343
0.534781 -0.84435 0.0329143 161.831 0.844987 0.534247 -0.0240287 133.711 0.00270423 0.0406622 0.999169 1.07527
0.537249 -0.843039 0.0254553 162.268 0.843414 0.536851 -0.0210621 134.385 0.00409046 0.032785 0.999454 1.06743
0.534248 -0.845075 0.0206385 162.515 0.845326 0.534131 -0.0112844 134.796 -0.00148745 0.0234749 0.999723 1.06135
0.528173 -0.849108 0.00694915 162.954 0.849136 0.528142 -0.00583672 135.518 0.00128586 0.00898357 0.999959 1.06385
0.522774 -0.852458 0.00476847 163.199 0.85246 0.522788 0.00219523 135.934 -0.00436423 0.00291732 0.999986 1.06185
0.514957 -0.857212 -0.0025792 163.649 0.857215 0.514958 0.000221288 136.684 0.00113849 -0.00232488 0.999997 1.04886
0.50999 -0.860128 -0.00954457 163.941 0.860176 0.509991 0.00252553 137.179 0.00269536 -0.00949801 0.999951 1.02661
0.508212 -0.861076 -0.0163751 164.216 0.861226 0.508188 0.00588678 137.641 0.00325265 -0.0170944 0.999849 1.01376
0.499177 -0.866201 -0.0227697 164.943 0.866213 0.499516 -0.0125876 138.864 0.0222772 -0.01344 0.999661 1.04823
0.486233 -0.873292 -0.0306368 165.234 0.873702 0.486461 2.20072e-05 139.407 0.0148844 -0.0267781 0.999531 1.07248
0.482987 -0.875135 -0.0293664 165.618 0.875611 0.482915 0.0099719 140.099 0.00545468 -0.0305298 0.999519 1.10045
0.484239 -0.87478 -0.016515 166.021 0.874926 0.484058 0.0138422 140.798 -0.00411471 -0.0211523 0.999768 1.11363
0.486154 -0.873846 -0.00697662 166.256 0.873765 0.485952 0.0196137 141.191 -0.0137491 -0.0156312 0.999783 1.08637
0.482793 -0.875733 -0.00181756 166.703 0.87571 0.482763 0.00841905 141.97 -0.00649539 -0.00565631 0.999963 1.05596
0.483875 -0.875132 -0.00282118 166.956 0.875105 0.483828 0.0100483 142.408 -0.0074286 -0.00733094 0.999946 1.03331
0.485545 -0.874199 -0.00475742 167.367 0.874199 0.48556 -0.00280702 143.127 0.00476391 -0.002796 0.999985 1.01387
0.488754 -0.872421 0.000845553 167.71 0.872385 0.488724 -0.009673 143.719 0.00802569 0.00546536 0.999953 1.01559
0.491576 -0.870772 0.0104273 168.102 0.870769 0.491357 -0.0181716 144.396 0.0106998 0.0180125 0.999781 1.03171
0.493545 -0.869479 0.0204691 168.416 0.869686 0.493181 -0.020459 144.929 0.00769375 0.0278991 0.999581 1.03954
0.493447 -0.869423 0.0247513 168.727 0.869772 0.493164 -0.0169135 145.471 0.00249858 0.029874 0.999551 1.02877
0.496241 -0.867746 0.0275989 169.139 0.868149 0.495682 -0.0248302 146.178 0.00786602 0.0362817 0.999311 1.01003
