0.352505 -0.935791 0.00599954 0 0.935657 0.352556 0.0158176 0 -0.0169171 3.77197e-05 0.999857 0
0.352576 -0.935764 0.00600793 -0.00755612 0.93563 0.352628 0.0158152 0.00200717 -0.0169179 4.51151e-05 0.999857 0.000393652
0.352476 -0.935802 0.00603021 -0.00282093 0.935668 0.352528 0.0158325 -0.00404508 -0.0169419 6.17038e-05 0.999856 0.000708166
0.352725 -0.935708 0.00600412 -0.00788755 0.935574 0.352776 0.0158374 -0.000997951 -0.0169372 3.10754e-05 0.999857 0.000500215
0.352994 -0.935606 0.00602971 -0.0017635 0.935472 0.353045 0.0158304 0.00815559 -0.0169397 5.26048e-05 0.999857 0.00040883
0.353161 -0.935543 0.00602431 -0.00477679 0.935409 0.353212 0.0158463 0.00266326 -0.0169528 3.88902e-05 0.999856 0.000885793
0.352699 -0.935717 0.0060372 0.00144242 0.935584 0.352751 0.0158224 0.00179329 -0.0169349 6.77528e-05 0.999857 0.000534716
0.352392 -0.935833 0.00603681 0.00125393 0.935699 0.352444 0.0158292 0.000577574 -0.0169411 7.05644e-05 0.999856 0.000271187
0.352983 -0.93561 0.00603758 -0.0106138 0.935476 0.353035 0.0158338 0.00173976 -0.0169457 5.89546e-05 0.999856 0.000934127
0.352665 -0.93573 0.00602366 0.00335099 0.935596 0.352716 0.0158368 0.00196981 -0.0169436 5.06416e-05 0.999856 0.000632978
0.352833 -0.935667 0.00601606 -0.00478597 0.935533 0.352884 0.0158311 0.00464293 -0.0169356 4.24776e-05 0.999857 0.000478994
0.352346 -0.935851 0.00602375 0.0041946 0.935717 0.352398 0.0158189 0.00632804 -0.0169269 6.28e-05 0.999857 0.000158773
0.352633 -0.935743 0.00600079 -0.00225698 0.935609 0.352684 0.0158093 0.00489105 -0.0169098 3.95114e-05 0.999857 -2.55039e-05
0.352855 -0.935659 0.00602722 -0.00283563 0.935524 0.352907 0.0158413 0.00266581 -0.0169491 4.89308e-05 0.999856 0.000591449
0.35267 -0.935728 0.00604304 -0.00285961 0.935594 0.352722 0.0158268 -0.00158468 -0.0169411 7.21831e-05 0.999856 0.000294084
0.352544 -0.935776 0.0060204 -0.00606887 0.935642 0.352595 0.0158208 0.00458003 -0.0169275 5.53951e-05 0.999857 0.000293904
0.352596 -0.935756 0.00601629 0.00271787 0.935622 0.352647 0.0158342 -0.000338811 -0.0169386 4.58881e-05 0.999857 -0.000641343
0.352917 -0.935635 0.00603554 -0.00640142 0.935501 0.352969 0.0158365 0.000763854 -0.0169476 5.72726e-05 0.999856 0.000232917
0.35246 -0.935807 0.0060331 0.00632883 0.935674 0.352512 0.0158303 0.00117706 -0.0169408 6.54841e-05 0.999856 0.000653318
0.352406 -0.935828 0.00602632 -0.00137988 0.935694 0.352457 0.0158341 3.49588e-05 -0.016942 5.87562e-05 0.999856 0.000670374
0.352792 -0.935682 0.00598332 -0.00306746 0.935548 0.352843 0.0158327 -0.00187328 -0.0169255 1.20373e-05 0.999857 -0.000192991
0.352103 -0.935942 0.00601152 0.000924695 0.935808 0.352154 0.0158314 0.00400504 -0.0169343 5.1341e-05 0.999857 -0.000435952
0.352737 -0.935703 0.00598791 0.00272919 0.935569 0.352788 0.0158192 -0.000604996 -0.0169146 2.20733e-05 0.999857 -0.000104966
0.352679 -0.935725 0.00599172 0.000293342 0.935591 0.35273 0.0158227 0.00897085 -0.0169192 2.54642e-05 0.999857 -9.76671e-05
0.352446 -0.935813 0.00600066 -0.00278881 0.935679 0.352497 0.015834 0.0110796 -0.0169329 3.40547e-05 0.999857 0.000319402
0.352958 -0.93562 0.00600913 -0.00584478 0.935486 0.353009 0.0158303 -0.0013445 -0.0169324 3.40259e-05 0.999857 0.000416987
0.352501 -0.935792 0.00601887 0.00228791 0.935658 0.352552 0.0158195 0.00810905 -0.0169258 5.52079e-05 0.999857 -0.000138079
0.352478 -0.935801 0.00604365 -0.00100803 0.935666 0.35253 0.0158606 -0.000816148 -0.016973 6.43162e-05 0.999856 0.00035394
0.352341 -0.935853 0.00598972 0.00566058 0.935719 0.352392 0.0158307 0.00949985 -0.0169259 2.69003e-05 0.999857 -0.000290584
0.352141 -0.935927 0.00603899 0.00218085 0.935793 0.352193 0.0158383 -0.00134902 -0.0169504 7.39442e-05 0.999856 -0.000136796
0.352532 -0.93578 0.00600229 0.00283199 0.935646 0.352584 0.0158333 0.000317931 -0.0169328 3.42662e-05 0.999857 0.000139377
0.352549 -0.935774 0.00600297 0.00425812 0.93564 0.3526 0.0158211 0.00465515 -0.0169216 3.89209e-05 0.999857 -5.96358e-05
0.352208 -0.935902 0.00601708 0.0028533 0.935768 0.35226 0.0158215 0.00520224 -0.0169269 5.81453e-05 0.999857 0.000150543
0.352653 -0.935735 0.00603941 -0.0036143 0.935601 0.352705 0.0158334 0.00445396 -0.016946 6.67963e-05 0.999856 0.000722182
0.352194 -0.935907 0.00606464 -0.00110277 0.935773 0.352246 0.0158296 0.00711169 -0.0169513 0.000100031 0.999856 0.00070313
0.352731 -0.935706 0.00602202 -0.0110247 0.935571 0.352782 0.0158521 0.00274186 -0.0169573 4.25158e-05 0.999856 0.000339044
0.352628 -0.935744 0.00601406 0.00249648 0.93561 0.352679 0.0158306 0.0128314 -0.0169344 4.45191e-05 0.999857 -7.40861e-05
0.352759 -0.935695 0.00602703 -0.00630945 0.935561 0.352811 0.0158366 0.00865667 -0.0169446 5.21587e-05 0.999856 0.000933618
0.35126 -0.936258 0.00603757 0.00591177 0.936125 0.351312 0.0158375 -0.00394668 -0.016949 8.88463e-05 0.999856 0.000311486
0.350682 -0.936476 0.00595428 0.0140644 0.936343 0.350733 0.0157834 0.0199367 -0.0168692 4.02723e-05 0.999858 0.000371292
0.350792 -0.936435 0.00588297 0.0379308 0.936303 0.350841 0.0157404 0.0588659 -0.0168038 -1.33542e-05 0.999859 -0.00113905
0.351078 -0.936328 0.00592824 0.0400619 0.936196 0.351128 0.0156907 0.100928 -0.0167732 4.13228e-05 0.999859 -9.51288e-05
0.350143 -0.936678 0.00585259 0.0474338 0.936549 0.350192 0.0155527 0.164574 -0.0166174 3.55639e-05 0.999862 0.00129595
0.350521 -0.936537 0.00578408 0.0693722 0.936408 0.350569 0.0155201 0.216488 -0.0165628 -2.3861e-05 0.999863 -0.00253248
0.349483 -0.936926 0.00563834 0.104044 0.936799 0.349528 0.0154025 0.294505 -0.0164018 -0.000100908 0.999865 -0.00451052
0.348439 -0.937315 0.00554965 0.143275 0.93719 0.348483 0.0153376 0.364966 -0.0163101 -0.000143141 0.999867 -0.00646438
0.348321 -0.937359 0.00557041 0.163405 0.937235 0.348365 0.0152389 0.435672 -0.0162249 -8.72472e-05 0.999868 -0.00731545
0.347122 -0.937804 0.00550083 0.211269 0.93768 0.347166 0.0152134 0.527926 -0.0161769 -0.000122912 0.999869 -0.00964941
0.346199 -0.938147 0.00528321 0.257889 0.938027 0.346239 0.0149848 0.628758 -0.0158872 -0.000231918 0.999874 -0.0131326
0.345567 -0.93838 0.00514677 0.296751 0.938262 0.345605 0.0149153 0.730235 -0.015775 -0.000325232 0.999875 -0.0163484
0.345853 -0.938276 0.00498238 0.306314 0.938159 0.345888 0.0147828 0.841867 -0.0155937 -0.000438421 0.999878 -0.0161013
0.345882 -0.938265 0.00495822 0.321014 0.938148 0.345917 0.0148396 0.943988 -0.0156386 -0.000481209 0.999878 -0.0183534
0.345262 -0.938494 0.00478423 0.349774 0.93838 0.345295 0.0146835 1.04531 -0.0154324 -0.000580237 0.999881 -0.0199105
0.344379 -0.93882 0.00441993 0.391335 0.938702 0.344406 0.0149572 1.15612 -0.0155644 -0.00100196 0.999878 -0.0226831
0.34395 -0.938978 0.00427491 0.43729 0.938863 0.343975 0.0147856 1.25329 -0.0153538 -0.00107194 0.999882 -0.0236973
0.342813 -0.939393 0.00448343 0.493022 0.939278 0.342841 0.0147153 1.36238 -0.0153606 -0.000833402 0.999882 -0.0282493
0.342796 -0.939401 0.00408254 0.52141 0.939289 0.342818 0.0145672 1.45127 -0.015084 -0.00115888 0.999886 -0.0299993
0.342431 -0.939534 0.00396759 0.56169 0.939424 0.342452 0.0144625 1.54703 -0.0149467 -0.00122515 0.999888 -0.032201
0.342136 -0.939643 0.00380484 0.605349 0.939534 0.342155 0.0143328 1.65714 -0.0147696 -0.001329 0.99989 -0.0326726
0.341755 -0.939781 0.0037768 0.636544 0.939675 0.341774 0.014227 1.75795 -0.0146611 -0.0013132 0.999892 -0.0339409
0.342179 -0.939628 0.0036126 0.65889 0.939523 0.342195 0.0141507 1.86179 -0.0145326 -0.00144797 0.999893 -0.0366546
0.341992 -0.939697 0.0032482 0.700225 0.939594 0.342003 0.014026 1.96203 -0.0142911 -0.00174481 0.999896 -0.0398307
0.341926 -0.939721 0.00324189 0.732189 0.939619 0.341937 0.0139711 2.06682 -0.0142375 -0.00173094 0.999897 -0.039416
0.341376 -0.939922 0.00305442 0.784995 0.939821 0.341384 0.0138831 2.16328 -0.0140918 -0.00186875 0.999899 -0.043673
0.340818 -0.940125 0.0029415 0.814743 0.940025 0.340825 0.0138643 2.2719 -0.0140367 -0.00196012 0.9999 -0.0444979
0.339445 -0.940621 0.00294353 0.849611 0.940525 0.339452 0.0136154 2.37882 -0.0138061 -0.00185319 0.999903 -0.0438089
0.339578 -0.940573 0.00304061 0.904495 0.940474 0.339586 0.0137464 2.50259 -0.013962 -0.00180834 0.999901 -0.0476255
0.339589 -0.940569 0.00291082 0.934389 0.940473 0.339596 0.013591 2.59819 -0.0137718 -0.00187781 0.999903 -0.0504248
0.338633 -0.940914 0.00277369 1.00427 0.940817 0.338638 0.0136579 2.73873 -0.0137902 -0.00201549 0.999903 -0.0582794
0.339221 -0.940703 0.00262962 1.02537 0.940609 0.339224 0.0134881 2.8408 -0.0135803 -0.002102 0.999906 -0.0525568
0.339704 -0.940529 0.00241777 1.06243 0.940437 0.339705 0.0133731 2.94239 -0.0133991 -0.00226914 0.999908 -0.059182
0.338632 -0.940916 0.0022703 1.11073 0.940825 0.338631 0.0132982 3.06903 -0.0132813 -0.00236724 0.999909 -0.0626549
0.337717 -0.941245 0.00218899 1.15711 0.941156 0.337716 0.0131476 3.18195 -0.0131144 -0.00238 0.999911 -0.0617146
0.338113 -0.941103 0.00194217 1.19327 0.941017 0.338109 0.0130375 3.27383 -0.0129263 -0.00258053 0.999913 -0.0628211
0.337931 -0.941169 0.00187321 1.27415 0.941084 0.337927 0.0128686 3.46136 -0.0127446 -0.00258586 0.999915 -0.067695
0.33681 -0.941571 0.00174074 1.30326 0.941487 0.336804 0.0128507 3.52558 -0.0126861 -0.00268936 0.999916 -0.0671137
0.337265 -0.941408 0.00165434 1.32531 0.941325 0.337258 0.0127992 3.61908 -0.0126072 -0.00275946 0.999917 -0.0719329
0.337505 -0.941322 0.0016387 1.36558 0.941241 0.337498 0.0126499 3.75512 -0.0124607 -0.002727 0.999919 -0.0693021
0.338298 -0.941038 0.00154071 1.41234 0.940958 0.33829 0.0125659 3.8646 -0.0123462 -0.00280127 0.99992 -0.073484
0.337471 -0.941335 0.00136801 1.43953 0.941255 0.33746 0.0126641 3.99288 -0.0123828 -0.00298612 0.999919 -0.0767884
0.337097 -0.941469 0.00139549 1.48854 0.941391 0.337088 0.012432 4.10213 -0.0121747 -0.00287707 0.999922 -0.0776604
0.335766 -0.941944 0.00168238 1.53751 0.941866 0.33576 0.0124065 4.23906 -0.0122511 -0.0025811 0.999922 -0.0786816
0.335319 -0.942104 0.00144901 1.56342 0.942028 0.335311 0.0122285 4.35229 -0.0120064 -0.00273545 0.999924 -0.0745079
0.335793 -0.941935 0.00111332 1.60331 0.94186 0.335781 0.0122771 4.47274 -0.0119381 -0.00307397 0.999924 -0.0829194
0.335434 -0.942063 0.00107731 1.6453 0.941989 0.335421 0.0122 4.59962 -0.0118545 -0.00307747 0.999925 -0.0841016
0.336683 -0.941618 0.000881453 1.68252 0.941546 0.336669 0.0120952 4.72175 -0.0116858 -0.0032423 0.999926 -0.0847584
0.336618 -0.941641 0.00066187 1.76493 0.941571 0.336601 0.0119622 4.94681 -0.0114869 -0.00340349 0.999928 -0.0890902
0.337083 -0.941474 0.000899921 1.84102 0.941403 0.337069 0.011989 5.10326 -0.0115906 -0.00319409 0.999928 -0.0883259
0.336664 -0.941625 0.000758131 1.88685 0.941556 0.336649 0.0118491 5.2433 -0.0114126 -0.00327534 0.999929 -0.08815
0.336201 -0.94179 0.000990798 1.94524 0.941723 0.336189 0.0116036 5.34747 -0.0112613 -0.00296808 0.999932 -0.0856276
0.33683 -0.941565 0.00119032 2.02344 0.941498 0.336821 0.0115373 5.5444 -0.011264 -0.00276543 0.999933 -0.0846298
0.336396 -0.941719 0.00159404 2.08996 0.941652 0.336391 0.0115442 5.6571 -0.0114077 -0.00238241 0.999932 -0.0872255
0.33559 -0.942003 0.00295112 2.14859 0.941936 0.335601 0.0113493 5.83008 -0.0116815 -0.00102896 0.999931 -0.0818576
0.337283 -0.941396 0.00382413 2.2544 0.941331 0.337305 0.0110029 6.08741 -0.011648 -0.000111334 0.999932 -0.0716471
0.337696 -0.941247 0.00378831 2.30254 0.941186 0.337718 0.0107795 6.22276 -0.0114255 -7.46804e-05 0.999935 -0.0745342
0.337286 -0.941394 0.00393182 2.39972 0.941335 0.337309 0.0105675 6.4236 -0.0112744 0.000136897 0.999936 -0.0767374
0.337442 -0.941337 0.00413683 2.48003 0.941281 0.337467 0.0102889 6.60962 -0.0110813 0.000422026 0.999938 -0.0824531
0.336973 -0.941502 0.0046871 2.52677 0.941449 0.337004 0.0100716 6.8096 -0.011062 0.0010188 0.999938 -0.0812918
0.337078 -0.941455 0.00644093 2.62925 0.941405 0.337129 0.0100722 7.00802 -0.0116539 0.00266841 0.999929 -0.0820361
0.338499 -0.940636 0.0249231 2.66542 0.94076 0.338862 0.012002 7.23431 -0.019735 0.019384 0.999617 0.016525
0.335315 -0.941631 0.0299165 2.63513 0.941942 0.33568 0.00800031 7.39372 -0.0175757 0.025497 0.99952 0.040736
0.340203 -0.940251 0.0138134 2.82069 0.940265 0.340335 0.00860101 7.72279 -0.0127883 0.0100622 0.999868 -0.0577261
0.338614 -0.940825 0.0137391 2.90972 0.94084 0.338744 0.00853217 7.93821 -0.0126813 0.0100372 0.999869 -0.0732315
0.339556 -0.940489 0.0135173 3.07881 0.940508 0.339678 0.0080246 8.36991 -0.0121386 0.00998833 0.999876 -0.0616059
0.339401 -0.940538 0.013991 3.17274 0.940565 0.339526 0.00775398 8.63653 -0.0120432 0.0105278 0.999872 -0.0590824
0.338391 -0.940909 0.0134933 3.23878 0.940929 0.338512 0.00792385 8.85216 -0.0120233 0.0100149 0.999878 -0.068818
0.337647 -0.941166 0.0141822 3.3572 0.941197 0.337773 0.00758667 9.13706 -0.0119307 0.0107867 0.999871 -0.0702741
0.337962 -0.941057 0.0138696 3.43184 0.941087 0.338083 0.00743931 9.35251 -0.0116899 0.0105383 0.999876 -0.0791916
0.338336 -0.940929 0.0134858 3.52941 0.940959 0.338448 0.00706378 9.65627 -0.0112108 0.0102997 0.999884 -0.0800134
0.338006 -0.941046 0.0135512 3.61714 0.941086 0.338111 0.00626592 9.95315 -0.0104783 0.0106349 0.999889 -0.0721826
0.337973 -0.941063 0.0131823 3.76025 0.941103 0.33807 0.00586757 10.2562 -0.0099783 0.0104228 0.999896 -0.0839418
0.33859 -0.94083 0.0139596 3.8869 0.940875 0.338698 0.00617868 10.5896 -0.0105412 0.0110422 0.999883 -0.087888
0.337333 -0.941278 0.0142004 3.95512 0.941325 0.337444 0.00621224 10.9122 -0.0106393 0.0112716 0.99988 -0.0752988
0.337889 -0.941082 0.013968 4.10811 0.941127 0.337997 0.00613362 11.2356 -0.0104934 0.0110732 0.999884 -0.0786296
0.340073 -0.940298 0.0137744 4.20496 0.940341 0.340178 0.00611113 11.5382 -0.010432 0.0108744 0.999886 -0.0765905
0.339319 -0.940556 0.0147197 4.30515 0.940616 0.339428 0.00556131 11.937 -0.010227 0.0119585 0.999876 -0.0622624
0.338633 -0.940799 0.0150173 4.50011 0.940861 0.338746 0.00568057 12.3332 -0.0104313 0.0122056 0.999871 -0.080761
0.337725 -0.941116 0.0155963 4.60877 0.941185 0.337844 0.00565805 12.6399 -0.010594 0.0127682 0.999862 -0.0774127
0.337676 -0.94113 0.0158053 4.75424 0.941206 0.337792 0.00523429 13.0172 -0.010265 0.0131085 0.999861 -0.0712018
0.339669 -0.940426 0.0149813 4.90526 0.940493 0.339774 0.00507 13.3954 -0.00985821 0.0123677 0.999875 -0.0813596
0.337701 -0.941126 0.015517 4.96956 0.941203 0.337807 0.00475739 13.8016 -0.00971904 0.012998 0.999868 -0.0764101
0.339613 -0.940447 0.0149188 5.18345 0.940519 0.33971 0.00452077 14.1705 -0.00931962 0.0124961 0.999878 -0.0734395
0.339668 -0.940417 0.0155443 5.34196 0.940501 0.339766 0.00414623 14.6369 -0.00918061 0.0132111 0.999871 -0.0630738
0.33797 -0.941029 0.0155185 5.45344 0.941118 0.33806 0.00353999 15.0125 -0.00857741 0.0134083 0.999873 -0.0525917
0.340517 -0.940116 0.0151461 5.61357 0.940197 0.340609 0.00393942 15.1614 -0.00886242 0.0128989 0.999878 -0.0889376
0.340863 -0.939983 0.0156368 5.5627 0.940069 0.34096 0.00394204 15.3567 -0.00903697 0.013356 0.99987 -0.0618431
0.339983 -0.940306 0.0153739 5.62415 0.94039 0.340076 0.00383831 15.4679 -0.00883749 0.0131525 0.999874 -0.061301
0.340008 -0.940291 0.0157276 5.73016 0.940382 0.340101 0.00360931 15.6295 -0.00874278 0.0135628 0.99987 -0.0631198
0.339348 -0.940532 0.0155976 5.75913 0.94062 0.33944 0.00363336 15.7833 -0.00871173 0.0134384 0.999872 -0.0622124
0.340086 -0.940259 0.0159403 5.85977 0.940355 0.340179 0.00341463 15.9326 -0.00863319 0.0138283 0.999867 -0.057503
0.340332 -0.940172 0.0158415 5.87403 0.940269 0.340419 0.00306133 16.0871 -0.00827092 0.0138534 0.99987 -0.062325
0.341513 -0.939753 0.0152852 5.96148 0.939841 0.341597 0.00320762 16.2299 -0.00823576 0.0132702 0.999878 -0.0640446
0.33918 -0.940598 0.0152179 5.93875 0.940686 0.339264 0.0032159 16.4001 -0.00818774 0.0132245 0.999879 -0.0527061
0.340023 -0.940287 0.0156623 6.12085 0.940386 0.3401 0.00249085 16.5159 -0.00766887 0.0138817 0.999874 -0.0496528
0.338712 -0.940761 0.0155645 6.06048 0.940856 0.338795 0.00291291 16.6999 -0.00801352 0.0136573 0.999875 -0.0721822
0.339547 -0.940458 0.0157182 6.20444 0.940555 0.339629 0.00277253 16.8333 -0.0079458 0.0138424 0.999873 -0.0438283
0.338612 -0.940789 0.016047 6.17643 0.940894 0.338693 0.00252165 17.0009 -0.00780733 0.0142446 0.999868 -0.0568833
0.341146 -0.939877 0.0158229 6.31199 0.939976 0.341229 0.00282842 17.1428 -0.00805762 0.0139083 0.999871 -0.0653075
0.339759 -0.940385 0.0154872 6.27519 0.94048 0.339838 0.0027158 17.3171 -0.00781704 0.0136427 0.999876 -0.0475576
0.340888 -0.93998 0.0152259 6.45875 0.940072 0.340966 0.00273485 17.4542 -0.00776222 0.0133812 0.99988 -0.0652564
0.339954 -0.940316 0.0154163 6.40019 0.94041 0.340031 0.00262803 17.6187 -0.00771322 0.0136043 0.999878 -0.0548253
0.339411 -0.940507 0.0157077 6.54475 0.940608 0.339486 0.00233858 17.7639 -0.00753198 0.013981 0.999874 -0.0508455
0.34073 -0.940032 0.0155941 6.61811 0.940133 0.340801 0.00209568 17.9188 -0.00728448 0.0139464 0.999876 -0.0587257
0.34068 -0.940058 0.0151079 6.59489 0.940153 0.340747 0.00205428 18.081 -0.00707911 0.0135039 0.999884 -0.0562704
0.341256 -0.939843 0.0154925 6.68787 0.939942 0.341328 0.00219812 18.2254 -0.00735391 0.0138119 0.999878 -0.0638826
0.340482 -0.940111 0.0162545 6.70728 0.940221 0.340559 0.00215641 18.388 -0.0075629 0.0145486 0.999866 -0.0452771
0.340615 -0.94006 0.0163727 6.82071 0.940172 0.340693 0.00216781 18.5275 -0.00761596 0.0146548 0.999864 -0.0515432
0.339808 -0.940344 0.016868 6.82086 0.940469 0.339876 0.00126923 18.6887 -0.00692655 0.0154326 0.999857 -0.0443809
0.340441 -0.940121 0.0165375 6.91797 0.940242 0.340506 0.001192 18.8364 -0.00675174 0.0151434 0.999863 -0.0512258
0.340748 -0.940017 0.0160776 6.92365 0.940134 0.340805 0.00084576 19.0105 -0.00627437 0.0148269 0.99987 -0.0225075
0.339775 -0.940379 0.0155084 6.96369 0.940484 0.339835 0.00131688 19.1619 -0.00650866 0.014138 0.999879 -0.038357
0.33968 -0.940408 0.0158564 7.07038 0.940521 0.339735 0.000865986 19.3107 -0.00620136 0.0146191 0.999874 -0.0187443
0.340187 -0.94022 0.0160927 7.1146 0.940337 0.340245 0.00090615 19.4598 -0.00632744 0.0148243 0.99987 -0.0411179
0.337946 -0.941042 0.01526 7.13171 0.941144 0.338003 0.00120486 19.6397 -0.00629173 0.0139546 0.999883 -0.0320136
0.338658 -0.940783 0.0154318 7.29003 0.940887 0.338718 0.00138744 19.7479 -0.00653234 0.0140497 0.99988 -0.0293096
0.340096 -0.940261 0.0156121 7.29481 0.940369 0.340154 0.00112914 19.9267 -0.00637221 0.0142971 0.999878 -0.0229646
0.339683 -0.940419 0.0150869 7.28894 0.940518 0.339741 0.00142997 20.1058 -0.00647041 0.0137037 0.999885 -0.0414399
0.338576 -0.940805 0.0158891 7.38085 0.940905 0.338659 0.00272899 20.2569 -0.00794843 0.0140262 0.99987 -0.0359679
0.339646 -0.940417 0.0160263 7.48329 0.94053 0.339709 0.00123755 20.3646 -0.00660809 0.0146529 0.999871 0.0284997
0.339652 -0.940409 0.0163687 7.46167 0.940526 0.339719 0.00138293 20.5641 -0.00686127 0.0149255 0.999865 -0.0616852
0.34068 -0.940058 0.0151225 7.55981 0.940161 0.34073 0.000787294 20.6845 -0.0058928 0.0139494 0.999885 -0.0165055
0.33982 -0.940362 0.0155114 7.55434 0.940474 0.339867 0.000365617 20.866 -0.00561562 0.0144638 0.99988 -0.0323862
0.340438 -0.940142 0.0153584 7.68343 0.940249 0.340486 0.000566488 21.0025 -0.0057619 0.0142479 0.999882 -0.0436599
0.338913 -0.940699 0.0149547 7.66074 0.940799 0.338963 0.00088568 21.1884 -0.00590225 0.0137692 0.999888 -0.0237336
0.338981 -0.940658 0.0159215 7.82048 0.940773 0.339037 0.000842084 21.3019 -0.00619009 0.0146931 0.999873 -0.0145025
0.338311 -0.9409 0.0159371 7.81891 0.941018 0.338358 0.000288417 21.483 -0.00566381 0.0148995 0.999873 0.0086527
0.339322 -0.940549 0.0150625 7.93303 0.940653 0.339369 0.000547445 21.6143 -0.00562665 0.0139829 0.999886 -0.0279467
0.3394 -0.940528 0.014637 7.91624 0.940632 0.339427 -0.000644729 21.7664 -0.0043618 0.0139868 0.999893 0.00933511
0.339771 -0.940397 0.01447 7.98798 0.940497 0.339801 -0.000424525 21.9438 -0.00451769 0.0137532 0.999895 -0.028009
0.340339 -0.940196 0.014208 8.05296 0.940292 0.340368 -0.000410048 22.0864 -0.00445041 0.0134992 0.999899 0.0145129
0.339425 -0.940521 0.0145423 8.06865 0.940622 0.339456 -0.000323649 22.2601 -0.00463209 0.0137887 0.999894 0.00282921
0.340794 -0.940023 0.0147038 8.21194 0.940127 0.340825 -0.000446868 22.3735 -0.00459135 0.0139757 0.999892 0.0151653
0.340219 -0.940226 0.0150614 8.15856 0.940332 0.340258 1.60239e-05 22.5751 -0.00513983 0.0141573 0.999887 0.00256957
0.342253 -0.939493 0.0146697 8.34412 0.939596 0.342285 -0.000353036 22.7059 -0.00468953 0.0139044 0.999892 0.0434008
0.340802 -0.940012 0.0151983 8.23992 0.940124 0.340831 -0.00071096 22.8857 -0.00451173 0.0145306 0.999884 0.00572915
0.340575 -0.940107 0.0143908 8.42234 0.940208 0.3406 -0.000713111 23.0127 -0.0042311 0.0137732 0.999896 0.0114361
0.339748 -0.940386 0.015677 8.44366 0.940506 0.339776 -0.000921403 23.1831 -0.00446022 0.0150574 0.999877 0.0196968
0.339741 -0.940375 0.016493 8.54229 0.940507 0.339775 -0.000764317 23.3272 -0.00488518 0.0157715 0.999864 0.00563195
0.341502 -0.93974 0.0162941 8.63549 0.93987 0.341532 -0.00102394 23.5245 -0.00460271 0.015664 0.999867 0.0234284
0.341867 -0.939619 0.0155722 8.57027 0.939738 0.341893 -0.00104586 23.6254 -0.00434132 0.0149913 0.999878 0.00223536
0.342014 -0.939568 0.0154414 8.64225 0.939686 0.342037 -0.00121776 23.779 -0.00413735 0.0149265 0.99988 0.00463802
0.341859 -0.939634 0.014819 8.7177 0.93974 0.34189 -0.000464617 23.9452 -0.00462991 0.0140849 0.99989 0.00333616
0.340974 -0.939953 0.0150011 8.7656 0.940062 0.341003 -0.000690961 24.097 -0.00446596 0.0143376 0.999887 0.0410082
0.341069 -0.939913 0.0153616 8.85808 0.940028 0.341097 -0.000853657 24.2402 -0.00443745 0.0147315 0.999882 0.0267985
0.34032 -0.940185 0.0153348 8.86043 0.9403 0.340345 -0.00103099 24.3851 -0.00424979 0.0147701 0.999882 0.026569
0.341759 -0.939673 0.0146925 9.00352 0.939779 0.341781 -0.00112114 24.5299 -0.0039681 0.0141908 0.999891 0.0126672
0.34134 -0.939831 0.0142949 8.95786 0.939933 0.341357 -0.0012893 24.6967 -0.00366794 0.0138763 0.999897 0.0236365
0.341067 -0.939942 0.0134719 9.06024 0.940032 0.341085 -0.00104807 24.8471 -0.00360992 0.0130214 0.999909 0.0250136
0.341686 -0.939716 0.0135606 9.15259 0.939807 0.341703 -0.00112166 24.9764 -0.00357968 0.0131277 0.999907 0.0324748
0.340306 -0.940217 0.0135587 9.1182 0.940307 0.340325 -0.000988801 25.169 -0.00368466 0.0130858 0.999908 0.034219
0.341485 -0.939793 0.0132987 9.30513 0.939882 0.341497 -0.00140275 25.2696 -0.00322318 0.0129782 0.999911 0.046468
0.341955 -0.939624 0.0131458 9.26352 0.939712 0.341964 -0.00161958 25.4606 -0.00297359 0.0129071 0.999912 0.0341359
0.343468 -0.939074 0.0130338 9.36037 0.939158 0.343482 -0.00120744 25.6074 -0.003343 0.0126555 0.999914 0.0311199
0.3423 -0.939508 0.0124411 9.31481 0.939586 0.34231 -0.00137392 25.7768 -0.00296791 0.0121598 0.999922 0.0615098
0.341743 -0.939695 0.0136205 9.47329 0.939786 0.341764 -0.000880765 25.91 -0.00382735 0.0131014 0.999907 0.0190044
0.341419 -0.93982 0.0130721 9.48604 0.939907 0.341426 -0.00178807 26.0518 -0.00278269 0.012897 0.999913 0.0914235
0.34001 -0.940322 0.0136961 9.5204 0.940418 0.340015 -0.00208764 26.2172 -0.00269383 0.0135899 0.999904 0.0247992
0.34123 -0.939893 0.0127577 9.68148 0.939976 0.341236 -0.00177508 26.3342 -0.00268498 0.0125976 0.999917 0.0441874
0.341764 -0.939699 0.0127515 9.67813 0.939782 0.341769 -0.00183512 26.5085 -0.0026336 0.0126108 0.999917 0.0518669
0.342558 -0.939412 0.0126395 9.7537 0.939493 0.342561 -0.00195304 26.6584 -0.00249508 0.0125437 0.999918 0.0553009
0.342 -0.939623 0.0120529 9.7516 0.939696 0.342006 -0.00166337 26.8032 -0.00255921 0.0118949 0.999926 0.0436846
0.341364 -0.939854 0.0120409 9.84137 0.939928 0.341366 -0.00198525 26.9423 -0.00224452 0.0119953 0.999926 0.0622988
0.341146 -0.939917 0.0132508 9.92452 0.940004 0.341161 -0.00123658 27.1079 -0.00335835 0.0128776 0.999911 0.0295823
0.340537 -0.940151 0.0122662 9.93267 0.940228 0.340541 -0.00184337 27.2393 -0.00244409 0.0121607 0.999923 0.120731
0.340609 -0.940119 0.0127505 10.0139 0.940201 0.340614 -0.00179769 27.3771 -0.00265297 0.0126004 0.999917 0.0527653
0.342747 -0.939363 0.0110122 10.1054 0.939426 0.342745 -0.00209306 27.5135 -0.00180825 0.0110626 0.999937 0.0929761
0.341447 -0.939842 0.0105133 10.0019 0.9399 0.341442 -0.00233921 27.7316 -0.0013912 0.0106802 0.999942 0.0486015
0.340738 -0.940097 0.0107924 10.2108 0.940158 0.340729 -0.00267668 27.9246 -0.00116094 0.0110586 0.999938 0.0706506
0.339593 -0.940509 0.0109096 10.2202 0.940572 0.339583 -0.00273828 27.9975 -0.00112935 0.0111912 0.999937 0.0626939
0.340823 -0.940066 0.0107872 10.358 0.940127 0.340813 -0.00281483 28.1239 -0.0010303 0.0111007 0.999938 0.0755375
0.340748 -0.940097 0.0104663 10.2866 0.940154 0.340737 -0.00282413 28.3156 -0.00091129 0.0108022 0.999941 0.0744327
0.341826 -0.939705 0.0104339 10.4238 0.939763 0.341818 -0.00255743 28.4271 -0.00116329 0.0106796 0.999942 0.0609136
0.345879 -0.938229 0.00972352 10.5325 0.938279 0.345869 -0.00280455 28.5854 -0.000731748 0.0100934 0.999949 0.0933566
0.351645 -0.936082 0.00982531 10.546 0.936133 0.351635 -0.00269516 28.7518 -0.000932032 0.0101455 0.999948 0.0620523
0.359169 -0.933222 0.00965586 10.6281 0.933272 0.359158 -0.00295916 28.8988 -0.000706423 0.0100744 0.999949 0.0924411
0.365682 -0.930684 0.0102524 10.5793 0.93074 0.365669 -0.00319011 29.0477 -0.000779983 0.0107088 0.999942 0.0703816
0.371592 -0.92835 0.00931381 10.6428 0.928396 0.37158 -0.00304741 29.185 -0.00063176 0.0097793 0.999952 0.0901159
0.379945 -0.924968 0.00873341 10.8164 0.925009 0.379938 -0.00252177 29.3097 -0.000985595 0.00903661 0.999959 0.0714033
0.381969 -0.924131 0.009051 10.5957 0.924175 0.381961 -0.00262832 29.5559 -0.00102822 0.00936864 0.999956 0.0910505
0.387357 -0.921885 0.00904128 10.8659 0.921929 0.387352 -0.00240198 29.6542 -0.00128781 0.00926584 0.999956 0.0975617
0.395085 -0.918605 0.00851987 10.9151 0.918644 0.395078 -0.00249917 29.8671 -0.00107027 0.00881412 0.999961 0.115128
0.396349 -0.91806 0.00860851 10.7401 0.918097 0.396352 -0.00135122 30.1013 -0.0021715 0.008439 0.999962 0.0799071
0.398219 -0.917249 0.00870971 10.9946 0.917289 0.398219 -0.00183801 30.0983 -0.00178246 0.00872125 0.99996 0.158367
0.401793 -0.915692 0.00843758 11.1004 0.915723 0.40181 0.000456127 30.2069 -0.00380798 0.00754322 0.999964 0.0452998
0.404201 -0.914633 0.00819938 11.0662 0.914667 0.404205 -0.00123541 30.3974 -0.00218429 0.00799906 0.999966 0.226355
0.404148 -0.91466 0.00780994 11.0801 0.914693 0.404145 -0.00199399 30.5577 -0.00133253 0.00794956 0.999968 0.0814224
0.403837 -0.914793 0.00836856 11.2485 0.914825 0.403851 -8.51376e-05 30.6874 -0.00330177 0.00769015 0.999965 0.0412041
0.404684 -0.914418 0.00845212 11.3448 0.914448 0.404704 0.000722134 30.7909 -0.00408093 0.00743678 0.999964 0.165893
0.40324 -0.915051 0.00893009 11.3122 0.915084 0.403263 0.00085401 30.9558 -0.00438264 0.00782741 0.99996 0.18664
0.405126 -0.914218 0.00880729 11.5753 0.914249 0.40515 0.00106208 31.0511 -0.00453925 0.00762179 0.999961 0.169036
0.406228 -0.91373 0.0087332 11.5147 0.913763 0.406248 0.000576558 31.237 -0.00407467 0.00774586 0.999962 0.178281
0.407463 -0.913181 0.00866787 11.5903 0.913217 0.407474 -0.000420795 31.3658 -0.00314768 0.0080871 0.999962 0.16765
0.406895 -0.913438 0.00818538 11.6158 0.913475 0.406884 -0.0030655 31.6127 -0.000530353 0.00872448 0.999962 0.192449
0.406339 -0.91368 0.00879572 11.7188 0.913722 0.406326 -0.00330434 31.6665 -0.000554813 0.00937953 0.999956 0.0626766
0.406267 -0.913713 0.0086961 11.7842 0.913754 0.406249 -0.0038596 31.7815 -6.22077e-06 0.00951413 0.999955 0.159482
0.407973 -0.912945 0.00944947 11.9313 0.912994 0.407961 -0.0032065 31.9757 -0.00092766 0.00993547 0.99995 0.105266
0.40784 -0.913006 0.00930115 11.8514 0.913053 0.407829 -0.00318549 32.0932 -0.000884907 0.00979161 0.999952 0.187147
0.410368 -0.911884 0.00806458 12.0443 0.91192 0.410349 -0.00394992 32.1776 0.000292577 0.00897517 0.99996 0.174363
0.410187 -0.911968 0.00779116 11.97 0.912001 0.410172 -0.00347568 32.3801 -2.60072e-05 0.00853123 0.999964 0.12534
0.409463 -0.912288 0.00842341 12.1133 0.912327 0.40945 -0.00336376 32.4998 -0.000380248 0.00906224 0.999959 0.177887
0.409821 -0.91213 0.00803636 12.2177 0.912166 0.40981 -0.00311774 32.6257 -0.000449598 0.00860821 0.999963 0.167211
0.410261 -0.911925 0.0088224 12.263 0.911967 0.410259 -0.00217397 32.7764 -0.00163697 0.00893763 0.999959 0.138185
0.409712 -0.912176 0.00847467 12.2616 0.912215 0.409698 -0.00331679 32.9203 -0.000446564 0.00908965 0.999959 0.23094
0.411777 -0.91125 0.00798641 12.4563 0.911285 0.411755 -0.00426687 33.0257 0.00059974 0.00903489 0.999959 0.151484
0.411684 -0.911289 0.00827974 12.3591 0.911327 0.411669 -0.00346047 33.2284 -0.000255031 0.00897017 0.99996 0.109635
0.410296 -0.911913 0.00844968 12.4389 0.911952 0.410278 -0.00383533 33.3553 3.07648e-05 0.00927933 0.999957 0.207056
0.407742 -0.913056 0.00870763 12.5232 0.913097 0.407731 -0.00304503 33.4936 -0.000770089 0.0091925 0.999957 0.138145
0.400677 -0.916171 0.00947204 12.4279 0.916219 0.400671 -0.00258967 33.6728 -0.00142259 0.00971608 0.999952 0.190203
0.394299 -0.918934 0.00936128 12.7313 0.918981 0.394292 -0.00264313 33.8179 -0.00126222 0.00964502 0.999953 0.211224
0.39319 -0.91942 0.00831169 12.9695 0.919457 0.39317 -0.00393985 33.8615 0.000354469 0.00919135 0.999958 0.233814
0.393442 -0.91931 0.00856174 12.889 0.919349 0.39343 -0.00310997 34.0776 -0.000509421 0.00909482 0.999959 0.108242
0.39241 -0.919755 0.00813133 12.8481 0.91979 0.392391 -0.00384277 34.2543 0.00034374 0.00898706 0.99996 0.248766
0.391829 -0.920001 0.00829017 12.957 0.920038 0.391812 -0.00370482 34.3172 0.000160249 0.00907892 0.999959 0.153506
0.391388 -0.920188 0.00834371 12.9922 0.920225 0.391365 -0.00431871 34.4368 0.00070859 0.00936839 0.999956 0.205633
0.391251 -0.920247 0.008241 13.0507 0.920284 0.391227 -0.00442835 34.5662 0.000851075 0.00931665 0.999956 0.17197
0.390552 -0.920536 0.00908424 13.0756 0.920581 0.390537 -0.0034238 34.736 -0.000396001 0.00969995 0.999953 0.160327
0.3916 -0.920105 0.00752249 13.2003 0.920133 0.391567 -0.00544828 34.809 0.00206743 0.00905524 0.999957 0.317152
0.393107 -0.919461 0.00760369 13.2473 0.919493 0.393086 -0.00412564 35.0053 0.000804467 0.00861335 0.999963 0.0526554
0.392557 -0.919695 0.00781683 13.2063 0.919728 0.392539 -0.00376164 35.1758 0.000391153 0.00866601 0.999962 0.217406
0.392285 -0.919808 0.00804769 13.3411 0.919843 0.392274 -0.00299924 35.2826 -0.00039818 0.00857917 0.999963 0.180507
0.392392 -0.919762 0.00819326 13.4176 0.919798 0.392378 -0.00331827 35.4254 -0.000162838 0.00883821 0.999961 0.229836
0.392315 -0.919781 0.0095799 13.4567 0.919828 0.39232 -0.00143388 35.5918 -0.00243953 0.00937439 0.999953 0.139811
0.393362 -0.919343 0.00867364 13.5635 0.919383 0.393358 -0.00225948 35.6965 -0.00133461 0.00886319 0.99996 0.332835
0.393986 -0.919061 0.0100421 13.5674 0.919111 0.393996 -0.0010909 35.8832 -0.00295393 0.0096596 0.999949 0.135743
0.394607 -0.91881 0.0086341 13.6338 0.918849 0.394602 -0.00234182 36.0136 -0.00125535 0.00885753 0.99996 0.332007
0.392963 -0.919506 0.0094208 13.6359 0.919553 0.392961 -0.00212539 36.1944 -0.0017477 0.00949812 0.999953 0.145252
0.392948 -0.919524 0.00825341 13.8162 0.919561 0.392928 -0.00402348 36.2443 0.000456692 0.00917053 0.999958 0.29469
0.392061 -0.9199 0.00845651 13.7864 0.919939 0.392038 -0.00433362 36.4135 0.000671227 0.00947852 0.999955 0.136471
0.390433 -0.920588 0.00895023 13.8646 0.920631 0.390408 -0.00441197 36.5559 0.000567364 0.00996244 0.99995 0.210701
0.39249 -0.919726 0.00752045 14.0783 0.919753 0.392453 -0.00590455 36.6298 0.00247914 0.00923443 0.999954 0.274516
0.393669 -0.919213 0.00846204 14.038 0.919251 0.393636 -0.00531896 36.8395 0.00155829 0.00987265 0.99995 0.14663
0.393775 -0.919167 0.00861682 14.1006 0.919207 0.393752 -0.00428772 37.0511 0.000548234 0.00960904 0.999954 0.241448
0.393932 -0.919102 0.00831158 14.1966 0.919138 0.393897 -0.00557035 37.1736 0.00184581 0.00983383 0.99995 0.345863
0.394013 -0.919068 0.00823634 14.2405 0.919104 0.393984 -0.00498909 37.254 0.00134033 0.00953581 0.999954 0.188209
0.393397 -0.91932 0.00944873 14.2781 0.919369 0.393371 -0.00451939 37.4035 0.000437911 0.0104648 0.999945 0.247421
0.394181 -0.918988 0.00907884 14.4072 0.919033 0.394152 -0.00478652 37.5111 0.000820312 0.0102305 0.999947 0.30299
0.394836 -0.918707 0.00905079 14.4132 0.918752 0.394813 -0.00429001 37.6876 0.000367893 0.0100093 0.99995 0.226659
0.395264 -0.918528 0.00848275 14.4494 0.918567 0.395237 -0.00478792 37.8412 0.00104514 0.00968447 0.999953 0.299153
0.394076 -0.919031 0.00926845 14.4767 0.919078 0.394059 -0.00365663 38.0272 -0.000291758 0.00995942 0.99995 0.181421
0.395421 -0.918452 0.0094258 14.704 0.9185 0.395395 -0.00457585 38.0877 0.000475788 0.010467 0.999945 0.341362
0.395371 -0.918469 0.00979764 14.6452 0.918522 0.39535 -0.00404733 38.2773 -0.000156152 0.0105995 0.999944 0.263621
0.395077 -0.918604 0.00904485 14.7536 0.918647 0.395043 -0.00537512 38.3634 0.0013645 0.0104326 0.999945 0.386885
0.395309 -0.918501 0.00933799 14.8616 0.918548 0.395276 -0.00523665 38.5189 0.00111879 0.0106475 0.999943 0.245212
0.396873 -0.917829 0.00899818 14.9234 0.917872 0.396836 -0.00568686 38.6417 0.00164876 0.0105161 0.999943 0.330762
0.395659 -0.918349 0.0093796 14.8398 0.918397 0.395626 -0.00528477 38.8621 0.00114245 0.0107052 0.999942 0.272439
0.395694 -0.918336 0.00925034 15.0304 0.918382 0.395662 -0.0051428 38.9021 0.00106281 0.0105303 0.999944 0.32829
0.39667 -0.917914 0.00936094 15.0876 0.917961 0.396639 -0.00501425 39.051 0.000889732 0.010582 0.999944 0.300117
0.395764 -0.918304 0.00938602 15.026 0.918351 0.395726 -0.00575695 39.2379 0.00157234 0.0108981 0.999939 0.351751
0.395708 -0.918327 0.0095648 15.2108 0.918376 0.395673 -0.00544651 39.3505 0.00121714 0.0109393 0.999939 0.278988
0.397806 -0.91743 0.0084849 15.3263 0.917466 0.397761 -0.00654425 39.4818 0.00262894 0.0103879 0.999943 0.365828
0.397749 -0.91745 0.00903914 15.2463 0.917492 0.397707 -0.00605304 39.6962 0.00195843 0.0107009 0.999941 0.263052
0.397639 -0.917499 0.00891452 15.3833 0.917539 0.397597 -0.00618839 39.8127 0.00213345 0.0106402 0.999941 0.376419
0.398008 -0.917342 0.00855211 15.4792 0.917377 0.397957 -0.00705373 39.9145 0.00306731 0.0106529 0.999939 0.362674
0.397245 -0.917664 0.00948106 15.4755 0.917709 0.397195 -0.00674796 40.0763 0.00242653 0.0113814 0.999932 0.283297
0.397913 -0.917378 0.0090949 15.6376 0.917419 0.397862 -0.00696321 40.1805 0.00276938 0.0111146 0.999934 0.373152
0.398505 -0.917118 0.00941364 15.6494 0.917164 0.39846 -0.00625559 40.3899 0.00198615 0.0111267 0.999936 0.313375
0.39856 -0.917095 0.00929892 15.6966 0.917139 0.398509 -0.00688146 40.5298 0.00260525 0.0112711 0.999933 0.40949
0.397715 -0.917467 0.00873422 15.7345 0.917505 0.397669 -0.00655886 40.6889 0.00254421 0.0106222 0.99994 0.310758
0.398709 -0.917029 0.00949042 15.9145 0.917074 0.398655 -0.00709475 40.7719 0.00272268 0.0115322 0.99993 0.364986
0.399174 -0.916807 0.0111415 15.8703 0.916875 0.399138 -0.00539685 40.9731 0.000500858 0.0123697 0.999923 0.255969
0.399288 -0.916755 0.0113949 15.9153 0.916825 0.399248 -0.00569184 41.1097 0.000668646 0.0127198 0.999919 0.385554
0.398732 -0.917 0.0111017 15.9718 0.917066 0.398686 -0.0062552 41.2765 0.00130993 0.0126752 0.999919 0.312152
0.399829 -0.916532 0.0102402 16.1185 0.916587 0.399775 -0.00696146 41.373 0.00228661 0.0121695 0.999923 0.290331
0.398735 -0.917002 0.0108401 16.045 0.917063 0.398676 -0.00723794 41.578 0.00231552 0.0128271 0.999915 0.266273
0.399335 -0.916737 0.0111947 16.2591 0.9168 0.399261 -0.00826134 41.6874 0.00310384 0.0135624 0.999903 0.341092
0.399431 -0.916695 0.0111742 16.2217 0.916759 0.399362 -0.00797086 41.8664 0.0028443 0.0134278 0.999906 0.251717
0.398526 -0.91709 0.0111214 16.2846 0.91715 0.398445 -0.00880858 42.0251 0.003647 0.0137104 0.999899 0.364984
0.399378 -0.916723 0.0108259 16.4715 0.916782 0.39931 -0.00792685 42.1696 0.00294384 0.0130908 0.99991 0.243311
0.40048 -0.916233 0.0114966 16.4954 0.916303 0.400416 -0.0075114 42.3449 0.00227877 0.0135425 0.999906 0.320344
0.399604 -0.916609 0.0120116 16.4835 0.916686 0.399544 -0.00711056 42.5681 0.00171843 0.0138523 0.999903 0.333286
0.400009 -0.91643 0.0122056 16.6962 0.916508 0.399937 -0.00793853 42.6797 0.00239364 0.014362 0.999894 0.386639
0.399052 -0.916859 0.0112492 16.6338 0.916919 0.398962 -0.00941888 42.8985 0.00414778 0.0140733 0.999892 0.379843
0.39912 -0.916851 0.0093735 16.8175 0.916864 0.398995 -0.0127756 43.039 0.00797335 0.0136932 0.999874 0.399845
0.401193 -0.915968 0.00686708 16.9409 0.915916 0.401051 -0.0160267 43.2092 0.0119259 0.0127195 0.999848 0.292704
0.40067 -0.916179 0.00894098 16.8377 0.916194 0.400562 -0.011791 43.4733 0.00722128 0.012916 0.999891 -0.0704696
0.399932 -0.916462 0.012342 17 0.916544 0.399873 -0.00703841 43.6197 0.0015152 0.0141269 0.999899 0.304526
0.39892 -0.916745 0.0209914 17.1052 0.916921 0.399059 0.00271654 43.8354 -0.0108672 0.0181638 0.999776 0.094629
0.399547 -0.916443 0.022237 17.279 0.916647 0.399692 0.00229239 44.0624 -0.0109888 0.0194675 0.99975 0.671848
0.400089 -0.916367 0.0141589 17.3186 0.916475 0.40002 -0.00755171 44.3611 0.00125631 0.0159976 0.999871 0.843684
0.400136 -0.916364 0.0130051 17.439 0.916453 0.400061 -0.00801654 44.5946 0.00214323 0.0151263 0.999883 -0.159354
0.399697 -0.916434 0.0197674 17.48 0.916626 0.399741 -0.00183428 44.7904 -0.00622084 0.0188525 0.999803 -0.226789
0.399306 -0.916585 0.0206622 17.5796 0.916774 0.399405 0.000732054 44.9284 -0.00892356 0.0186502 0.999786 0.42798
0.400582 -0.916149 0.0143278 17.7889 0.91626 0.400511 -0.00764857 45.1607 0.00126881 0.0161918 0.999868 0.88123
0.400038 -0.916408 0.0128682 17.798 0.916496 0.39996 -0.00823467 45.4203 0.00239956 0.0150878 0.999883 0.412068
0.401865 -0.915485 0.0198168 18.0733 0.915684 0.401637 -0.014546 45.6217 0.00535745 0.0239914 0.999698 0.780466
0.40112 -0.915935 0.0128745 17.8825 0.916018 0.401018 -0.00982884 45.9177 0.00383966 0.0157358 0.999869 0.477464
0.401625 -0.9158 0.00283903 18.31 0.915786 0.401596 -0.0075372 46.2746 0.00576242 0.00562707 0.999968 0.640203
0.401922 -0.915646 0.00712546 18.3333 0.915663 0.401867 -0.00802754 46.5042 0.00448689 0.00975097 0.999942 0.381161
0.402494 -0.915388 0.00797094 18.4735 0.915409 0.402424 -0.00898853 46.8712 0.00502029 0.0109145 0.999928 0.47496
0.402282 -0.915486 0.00738295 18.5778 0.915508 0.402231 -0.00741485 47.2571 0.00381854 0.009742 0.999945 0.33771
0.402423 -0.915435 0.0058954 18.7028 0.915439 0.402372 -0.00821678 47.2993 0.00514978 0.00870351 0.999949 0.536943
0.401988 -0.915618 0.00698463 18.7312 0.915638 0.401943 -0.00702795 47.5205 0.0036275 0.00922054 0.999951 0.306455
0.401524 -0.915804 0.00906155 18.8212 0.915846 0.401483 -0.00604311 47.6561 0.00189624 0.0107254 0.999941 0.437445
0.403392 -0.914988 0.00843865 18.996 0.915021 0.403339 -0.00737301 47.781 0.00334258 0.0106958 0.999937 0.570881
0.40299 -0.91517 0.00792635 18.919 0.9152 0.402944 -0.00678038 48.0495 0.00301133 0.00998662 0.999946 0.452967
0.403476 -0.914957 0.00777508 19.1299 0.914983 0.403424 -0.00747329 48.1458 0.00370109 0.0101294 0.999942 0.594604
0.403776 -0.914822 0.00810845 19.166 0.91485 0.403719 -0.00781083 48.3162 0.00387198 0.0105718 0.999937 0.517242
0.403026 -0.915155 0.00783998 19.1638 0.915178 0.402966 -0.0082629 48.5112 0.00440259 0.0105051 0.999935 0.545082
0.404025 -0.914716 0.00768982 19.3933 0.914735 0.40396 -0.00873041 48.6749 0.00487946 0.0105614 0.999932 0.524334
0.404392 -0.914562 0.00657983 19.3377 0.914567 0.404326 -0.00938856 48.8695 0.00592602 0.00981435 0.999934 0.526928
0.403584 -0.914917 0.00688874 19.3829 0.914924 0.403517 -0.00937262 49.041 0.00579545 0.0100853 0.999932 0.46531
0.403597 -0.914913 0.00660052 19.5578 0.914916 0.403528 -0.0096619 49.2042 0.0061763 0.00993843 0.999932 0.543698
0.403276 -0.915055 0.00656332 19.6086 0.915063 0.403216 -0.00877522 49.3924 0.00538337 0.00954468 0.99994 0.489201
0.403644 -0.914895 0.00627006 19.7283 0.914896 0.40358 -0.00941111 49.5185 0.0060797 0.00953519 0.999936 0.621887
