-0.973104 0.230088 0.0113601 0 -0.229956 -0.973129 0.0118329 0 0.0137775 0.00890236 0.999865 0
-0.972304 0.232869 0.019933 -1.86151 -0.232933 -0.972492 -0.000938452 -0.0465097 0.0191662 -0.00555552 0.999801 0.0332997
-0.972757 0.231518 0.0119733 -3.63444 -0.231323 -0.97275 0.015683 -0.130116 0.0152779 0.012486 0.999805 0.044499
-0.97366 0.227693 0.011918 -5.38362 -0.227576 -0.973705 0.0104233 -0.166659 0.013978 0.00743652 0.999875 0.0457977
-0.964477 0.263881 0.0122591 -7.12147 -0.263781 -0.964539 0.00921776 -0.253698 0.0142568 0.00565661 0.999882 0.062196
-0.963502 0.267551 0.00898752 -8.85819 -0.267516 -0.963541 0.00490437 -0.38027 0.00997201 0.00232107 0.999948 0.0665938
-0.963855 0.266397 0.00409725 -10.5972 -0.266384 -0.963861 0.0035832 -0.504738 0.00490373 0.00236225 0.999985 0.0865912
-0.973036 0.230651 0.00105228 -12.3529 -0.230644 -0.973027 0.00455949 -0.608166 0.00207555 0.00419384 0.999989 0.091188
-0.974878 0.222695 0.00436607 -14.1 -0.222659 -0.974868 0.00741457 -0.657885 0.00590753 0.00625616 0.999963 0.101284
-0.981966 0.188975 0.00553029 -15.8598 -0.188928 -0.981958 0.00803015 -0.652679 0.00694801 0.00684051 0.999952 0.0845803
-0.983964 0.17832 0.00417349 -17.6077 -0.178269 -0.983926 0.0104639 -0.62156 0.00597233 0.00955206 0.999937 0.0966757
-0.98458 0.174765 0.00767202 -19.3659 -0.17467 -0.984558 0.0116737 -0.592102 0.0095937 0.0101536 0.999902 0.0875706
-0.980853 0.194553 0.00874484 -21.1072 -0.194389 -0.980781 0.0167778 -0.568512 0.011841 0.0147567 0.999821 0.0820651
-0.981342 0.191553 0.0165948 -22.8347 -0.19153 -0.981482 0.00297606 -0.570946 0.0168576 -0.00025788 0.999858 0.107659
-0.981723 0.190072 0.00962233 -24.5927 -0.190008 -0.981756 0.00718672 -0.590212 0.0108128 0.00522705 0.999928 0.108553
-0.981652 0.190531 0.00755452 -26.3458 -0.190428 -0.981621 0.0125353 -0.609366 0.00980405 0.0108668 0.999893 0.103746
-0.981621 0.190779 0.00492895 -28.0954 -0.190704 -0.981565 0.0127063 -0.619108 0.00726219 0.0115328 0.999907 0.106438
-0.981929 0.18925 -0.000472229 -29.856 -0.18923 -0.981783 0.0171742 -0.643245 0.0027866 0.0169532 0.999852 0.0865301
-0.982021 0.188767 0.00125299 -31.602 -0.188726 -0.981908 0.0155 -0.664171 0.00415621 0.0149848 0.999879 0.0867217
-0.98243 0.186625 0.00156342 -33.3542 -0.186569 -0.982285 0.0175315 -0.685983 0.00480754 0.0169318 0.999845 0.0699128
-0.982727 0.185052 0.00167529 -35.1102 -0.18497 -0.982492 0.0222407 -0.691294 0.00576166 0.0215467 0.999751 0.0546034
-0.983306 0.181919 0.00376535 -36.8577 -0.181798 -0.983099 0.0215842 -0.699485 0.00762829 0.0205393 0.99976 0.0509935
-0.983957 0.177654 0.0163176 -38.6205 -0.177049 -0.983644 0.0331228 -0.702028 0.0219352 0.0297024 0.999318 0.00448309
-0.984072 0.176974 0.0167763 -40.3465 -0.176718 -0.984136 0.0157046 -0.708557 0.0192895 0.0124898 0.999736 0.0308724
-0.984518 0.174816 0.0127634 -42.1002 -0.174708 -0.984578 0.00914554 -0.710434 0.0141654 0.00677407 0.999877 0.0295611
-0.984852 0.173204 0.00822199 -43.8437 -0.173089 -0.984819 0.0131208 -0.714305 0.0103698 0.011499 0.99988 0.0363493
-0.985175 0.171186 0.0112273 -45.6058 -0.171001 -0.985144 0.0157906 -0.732572 0.0137636 0.0136366 0.999812 0.030337
-0.985438 0.1693 0.0157554 -47.3502 -0.168948 -0.985391 0.0214838 -0.718614 0.0191624 0.0185092 0.999645 -0.00237571
-0.985356 0.169618 0.017418 -49.0971 -0.169426 -0.98547 0.0119607 -0.735108 0.0191937 0.00883446 0.999777 0.0164111
-0.985711 0.167965 0.0126849 -50.8462 -0.167792 -0.985728 0.0136526 -0.737871 0.014797 0.0113291 0.999826 0.0192974
-0.986371 0.164337 0.00802822 -52.598 -0.164233 -0.986345 0.0122622 -0.74606 0.00993374 0.0107766 0.999893 0.0164832
-0.98632 0.164767 0.00492019 -54.3454 -0.164683 -0.986243 0.0142926 -0.740517 0.00720744 0.0132868 0.999886 0.00286855
-0.986072 0.166225 0.00560015 -56.1042 -0.166101 -0.985943 0.0180675 -0.75092 0.00852469 0.0168856 0.999821 0.0360533
-0.973891 0.226986 0.00376792 -57.834 -0.226922 -0.97383 0.0127204 -0.817688 0.00655666 0.0115332 0.999912 0.0492379
-0.970527 0.240705 0.011782 -59.6381 -0.239796 -0.969417 0.052242 -0.927976 0.0239966 0.047877 0.998565 -0.0298787
-0.970307 0.240366 0.0269887 -61.3123 -0.240471 -0.970656 -0.000638189 -1.06805 0.0260434 -0.00710923 0.999636 0.0161054
-0.969336 0.242559 0.0394029 -63.0256 -0.242454 -0.970134 0.00749553 -1.18487 0.0400442 -0.00228771 0.999195 0.0248886
-0.971928 0.234392 0.0204244 -64.8096 -0.234193 -0.97212 0.0116896 -1.33204 0.0225949 0.00657822 0.999723 0.0136707
-0.971981 0.234827 0.0104544 -66.5498 -0.234914 -0.971983 -0.00798146 -1.46403 0.00828729 -0.0102137 0.999914 0.00895281
-0.971028 0.23875 0.0101487 -68.297 -0.238622 -0.971034 0.0123784 -1.5876 0.0128101 0.00959809 0.999872 0.0176343
-0.992938 0.118033 0.0119399 -70.0689 -0.117883 -0.992948 0.0125393 -1.54441 0.0133358 0.0110432 0.99985 0.0214151
-0.995277 0.0963207 0.0120776 -71.8088 -0.0961151 -0.995232 0.0165838 -1.42702 0.0136174 0.0153447 0.99979 0.0182958
-0.995485 0.0935951 0.0158183 -73.5614 -0.0933243 -0.99549 0.017065 -1.30165 0.0173441 0.0155117 0.999729 -0.00492413
-0.99245 0.120994 0.0200862 -75.3043 -0.120653 -0.992542 0.0174374 -1.20918 0.0220462 0.0148823 0.999646 -0.00114444
-0.99069 0.134659 0.0200154 -77.0528 -0.134268 -0.990748 0.0197759 -1.14362 0.0224933 0.0169043 0.999604 -0.0356653
-0.990862 0.133667 0.0180586 -78.8019 -0.133231 -0.990806 0.0235095 -1.10219 0.021035 0.0208886 0.99956 -0.0411867
-0.992769 0.11931 0.0132577 -80.8436 -0.119167 -0.992812 0.011089 -1.03529 0.0144854 0.00942895 0.999851 -0.0421122
-0.997916 0.0636282 0.0107361 -82.8844 -0.0635361 -0.997941 0.00871782 -0.846365 0.0112687 0.00801752 0.999904 -0.0404383
-0.99784 -0.0650313 0.00932452 -84.609 0.0651521 -0.997787 0.0132899 -0.503291 0.00843962 0.0138688 0.999868 -0.0382609
-0.995915 -0.0900181 0.00708689 -86.5834 0.0900845 -0.995887 0.00968345 -0.0175851 0.00618605 0.0102823 0.999928 -0.0277874
-0.995671 -0.0929434 0.000172782 -88.2789 0.0929404 -0.99562 0.0101421 0.416737 -0.000770613 0.0101142 0.999949 -0.0468106
-0.9943 -0.106536 -0.00408429 -90.2672 0.106467 -0.994212 0.0144159 0.927913 -0.00559646 0.0138989 0.999888 -0.0392385
-0.990324 -0.138762 0.00186615 -92.2339 0.138768 -0.990053 0.023191 1.52148 -0.00137044 0.0232256 0.999729 -0.0561667
-0.965291 -0.261143 -0.00416034 -94.1384 0.261086 -0.965255 0.0107874 2.28691 -0.00683286 0.00932682 0.999933 -0.0798948
-0.95453 -0.297758 0.014605 -95.691 0.2979 -0.954557 0.00875291 3.07083 0.0113351 0.0127058 0.999855 -0.0834182
-0.953563 -0.301189 0.00180641 -97.2594 0.301189 -0.95349 0.0119032 3.85187 -0.00186273 0.0118946 0.999928 -0.0783423
-0.955633 -0.294553 0.00181048 -98.8306 0.294555 -0.955575 0.0106265 4.61442 -0.00140003 0.0106884 0.999942 -0.080967
-0.956464 -0.291817 0.00437921 -100.401 0.291849 -0.956377 0.0129344 5.39745 0.0004137 0.0136494 0.999907 -0.0772921
-0.969088 -0.24667 0.00465521 -101.98 0.246713 -0.968858 0.0211264 6.11239 -0.000701004 0.0216218 0.999766 -0.0863178
-0.972222 -0.234058 -0.00119214 -103.596 0.233986 -0.972029 0.0202347 6.76818 -0.00589488 0.0193937 0.999795 -0.110045
-0.980213 -0.19708 -0.0184836 -105.502 0.197106 -0.980382 0.000458756 7.4788 -0.0182114 -0.00319354 0.999829 -0.100977
-0.997733 -0.0653399 -0.0161264 -107.194 0.0651565 -0.997807 0.0116536 7.86961 -0.0168525 0.0105764 0.999802 -0.115905
-0.999593 -0.0268572 -0.00958432 -109.193 0.026788 -0.999615 0.00728239 8.25709 -0.00977621 0.00702268 0.999928 -0.10284
-0.994672 0.10247 -0.0112387 -111.223 -0.102561 -0.994696 0.00781878 8.40184 -0.0103779 0.00892978 0.999906 -0.0912748
-0.972694 0.232064 -0.00352168 -112.94 -0.232073 -0.972696 0.0022079 8.32345 -0.00291315 0.0029649 0.999991 -0.127705
-0.945417 0.325603 -0.012992 -114.374 -0.325688 -0.945464 0.00499232 8.07065 -0.0106579 0.00895115 0.999903 -0.11653
-0.940274 0.340124 -0.0141862 -116.086 -0.340258 -0.940295 0.00839735 7.72826 -0.0104831 0.0127228 0.999864 -0.125161
-0.935366 0.353662 -0.00381414 -117.803 -0.353681 -0.935274 0.0131227 7.38908 0.00107372 0.0136235 0.999907 -0.123292
-0.931321 0.364102 -0.00837695 -119.232 -0.364199 -0.931094 0.0205603 7.06629 -0.000313675 0.0221991 0.999754 -0.119718
-0.929631 0.368358 0.00986959 -120.93 -0.36809 -0.929536 0.0217295 6.67629 0.0171784 0.0165675 0.999715 -0.134949
-0.929285 0.369346 0.00354345 -122.635 -0.369233 -0.929171 0.0175627 6.28451 0.00977917 0.0150124 0.999839 -0.110282
-0.928742 0.370469 -0.0138324 -124.05 -0.370612 -0.928737 0.00973335 5.91942 -0.00924072 0.0141662 0.999857 -0.130109
-0.929673 0.368021 -0.0163857 -125.746 -0.368173 -0.929728 0.00736353 5.51458 -0.0125243 0.0128784 0.999839 -0.156741
-0.929382 0.368667 -0.0182834 -127.159 -0.368781 -0.929511 0.00316102 5.18016 -0.0158293 0.00968037 0.999828 -0.156769
-0.930356 0.366447 -0.012448 -128.573 -0.366446 -0.930436 -0.0024595 4.86147 -0.0124834 0.00227331 0.999919 -0.127297
-0.930329 0.366546 -0.011508 -129.996 -0.366554 -0.930396 -0.0015289 4.51997 -0.0112674 0.00279591 0.999933 -0.121026
-0.930822 0.365449 -0.00412562 -131.419 -0.365458 -0.930826 0.0016285 4.18611 -0.00324511 0.00302358 0.99999 -0.120155
-0.93107 0.364798 -0.00562694 -132.83 -0.364793 -0.931087 -0.00196288 3.85524 -0.00595522 0.000225094 0.999982 -0.0970836
-0.884992 0.465554 -0.00695939 -134.483 -0.465588 -0.884991 0.00437827 3.33191 -0.00412067 0.00711494 0.999966 -0.108018
-0.809313 0.587376 0.00147385 -135.786 -0.58729 -0.809231 0.0153474 2.67978 0.0102074 0.0115552 0.999881 -0.103345
-0.801884 0.597429 -0.00783692 -137.073 -0.597436 -0.801595 0.0227359 1.95236 0.00730103 0.0229136 0.999711 -0.128472
-0.722483 0.691253 0.0137072 -138.289 -0.689803 -0.722026 0.0533904 1.16835 0.0468032 0.0291184 0.99848 -0.165899
-0.590801 0.806785 -0.00730768 -139.267 -0.806777 -0.590656 0.0153973 0.125542 0.00810599 0.0149924 0.999855 -0.18122
-0.529408 0.847961 -0.0262469 -140.382 -0.848219 -0.529641 -0.0022941 -1.20374 -0.0158467 0.0210486 0.999653 -0.161644
-0.380101 0.924602 -0.0251879 -141.116 -0.9245 -0.380622 -0.0206624 -2.4214 -0.0286915 0.0154324 0.999469 -0.148061
-0.326745 0.945099 -0.00505002 -141.903 -0.945111 -0.326733 0.00317494 -3.97748 0.00135062 0.00581023 0.999982 -0.149579
-0.317314 0.948262 0.0104776 -142.702 -0.946977 -0.317433 0.0497025 -5.51772 0.050457 0.00584922 0.998709 -0.127398
-0.308739 0.951107 0.00869642 -143.501 -0.949478 -0.308726 0.0563941 -7.24079 0.0563216 0.00915402 0.998371 -0.0953176
-0.314373 0.946287 0.0755692 -144.17 -0.948598 -0.316203 0.0132916 -8.67827 0.0364728 -0.0675063 0.997052 -0.0222345
-0.32593 0.945247 0.0166539 -144.935 -0.945064 -0.326231 0.0206702 -10.3384 0.0249715 -0.00900196 0.999648 -0.0526543
-0.329265 0.94418 0.0104629 -145.689 -0.943904 -0.329423 0.022932 -11.9209 0.0250986 -0.00232527 0.999682 -0.0583743
-0.331513 0.943438 0.00486411 -146.436 -0.943174 -0.331536 0.0225122 -13.4925 0.0228515 0.00287539 0.999735 -0.0316945
-0.333859 0.942619 0.00284473 -147.194 -0.942381 -0.33384 0.0216728 -15.0821 0.0213789 0.00455483 0.999761 -0.0309156
-0.336604 0.941635 -0.00468504 -147.943 -0.941267 -0.336323 0.0300482 -16.6696 0.0267188 0.0145242 0.999537 -0.0286369
-0.339285 0.940684 0.000158843 -148.716 -0.94035 -0.339169 0.0265783 -18.2393 0.0250556 0.00886824 0.999647 -0.0497591
-0.363631 0.931533 0.00444509 -149.511 -0.931216 -0.363625 0.0247643 -19.8017 0.0246851 0.00486574 0.999683 -0.00188239
-0.451618 0.892201 0.00430665 -150.413 -0.891892 -0.45158 0.0245735 -21.3071 0.0238693 0.00725678 0.999689 0.000691529
-0.651721 0.758418 0.0078072 -151.419 -0.75804 -0.651669 0.0264941 -22.3913 0.0251813 0.0113486 0.999618 0.000864007
-0.689287 0.72444 0.00842373 -152.807 -0.723684 -0.689023 0.0390962 -23.4741 0.034127 0.0208524 0.9992 -0.041073
-0.401439 0.915879 0.00355995 -153.829 -0.913587 -0.400704 0.069241 -24.8644 0.0648428 0.0245437 0.997594 -0.0791028
-0.333046 0.942477 0.0286022 -154.596 -0.939298 -0.33427 0.0773456 -26.3816 0.0824572 -0.00110637 0.996594 -0.00502751
-0.335956 0.941625 0.0218234 -155.359 -0.939168 -0.336655 0.0680256 -28.0303 0.0714016 0.00235777 0.997445 -0.0502531
-0.338494 0.940748 0.0203828 -156.18 -0.937054 -0.33898 0.0837935 -29.6776 0.085738 0.0092638 0.996275 -0.0419806
-0.338836 0.94074 -0.0140999 -156.864 -0.937499 -0.33633 0.0893176 -31.1403 0.0792824 0.0434826 0.995903 -0.0292044
-0.353424 0.934759 0.0362986 -157.667 -0.931376 -0.355238 0.0796513 -32.686 0.0873494 -0.00565693 0.996162 -0.016532
-0.356965 0.933899 0.0202217 -158.5 -0.930438 -0.357395 0.0809524 -34.3501 0.0828285 0.0100822 0.996513 -0.0152614
-0.355855 0.9343 0.0212501 -159.293 -0.931949 -0.356469 0.066342 -35.9059 0.0695583 0.0038041 0.997571 -0.00378978
-0.315757 0.948184 0.0352811 -160.079 -0.943054 -0.317715 0.0985168 -37.4657 0.104621 -0.00216457 0.99451 -0.00491847
-0.225341 0.974272 -0.00400777 -160.698 -0.971749 -0.224458 0.0729577 -39.157 0.070181 0.0203349 0.997327 -0.0270442
-0.141488 0.989895 0.00943467 -161.23 -0.989561 -0.141691 0.0263365 -41.3342 0.0274072 -0.00560988 0.999609 0.0336285
-0.27766 0.960679 0.00101729 -161.825 -0.96048 -0.277624 0.0200734 -43.3092 0.0195665 0.00459648 0.999798 0.0274003
-0.394953 0.918701 -0.000780993 -162.682 -0.918463 -0.394832 0.0230828 -44.8492 0.0208978 0.00983393 0.999733 0.0336678
-0.38004 0.924967 -0.00240603 -163.484 -0.924816 -0.379928 0.0192384 -46.3998 0.0168808 0.0095365 0.999812 0.0391362
-0.362333 0.932046 -0.00197029 -164.262 -0.931849 -0.362211 0.0214441 -47.9586 0.0192732 0.00960592 0.999768 0.0423046
-0.335365 0.942088 -0.00108851 -164.986 -0.941889 -0.33527 0.0209487 -49.538 0.0193706 0.00805071 0.99978 0.0616738
-0.336821 0.941569 0.000362103 -165.706 -0.941347 -0.33675 0.0215686 -51.1283 0.0204303 0.0069239 0.999767 0.0764425
-0.33943 0.940631 -0.00113527 -166.444 -0.940313 -0.339284 0.0264346 -52.7201 0.02448 0.0100402 0.99965 0.0782103
-0.341301 0.939954 0.000424863 -167.147 -0.939721 -0.341227 0.0220944 -54.3242 0.0209127 0.0071416 0.999756 0.0559784
-0.342651 0.939463 -0.000119342 -167.853 -0.93922 -0.342559 0.0228018 -55.9202 0.0213805 0.00792514 0.99974 0.045446
-0.343557 0.939128 -0.00270013 -168.578 -0.938895 -0.343404 0.0234551 -57.5117 0.0211001 0.0105933 0.999721 0.0760126
-0.344807 0.938672 -0.00156939 -169.298 -0.938402 -0.344667 0.0246107 -59.111 0.0225605 0.00995867 0.999696 0.0817789
-0.347575 0.937649 0.00240997 -170.033 -0.93741 -0.347543 0.021824 -60.6835 0.0213008 0.00532635 0.999759 0.106744
-0.348286 0.937382 -0.00335593 -170.761 -0.937158 -0.348119 0.0234256 -62.2972 0.0207904 0.0113038 0.99972 0.0939094
-0.351428 0.936212 -0.00206762 -171.477 -0.935943 -0.351272 0.0248506 -63.8962 0.0225391 0.0106684 0.999689 0.130974
-0.351662 0.936125 -0.00209589 -172.196 -0.935876 -0.351515 0.0239639 -65.4919 0.0216965 0.0103887 0.999711 0.0975387
-0.354918 0.934892 -0.00330455 -172.91 -0.934695 -0.354765 0.0220561 -67.0967 0.0194477 0.0109168 0.999751 0.0879026
-0.35605 0.934458 -0.00402009 -173.659 -0.934245 -0.355869 0.0233261 -68.6718 0.0203666 0.012061 0.99972 0.0567654
-0.358446 0.93355 0.000676632 -174.399 -0.933383 -0.358395 0.0186418 -70.2535 0.0176456 0.00605054 0.999826 0.0673279
-0.362754 0.931882 -0.00219842 -175.14 -0.931659 -0.362613 0.0228777 -71.8347 0.0205222 0.0103472 0.999736 0.0312899
-0.364983 0.930998 -0.00554905 -175.872 -0.930878 -0.364822 0.0192709 -73.4307 0.0159167 0.012199 0.999799 0.0434515
-0.365464 0.930784 -0.00879029 -176.627 -0.930633 -0.36518 0.0237779 -75.013 0.0189221 0.0168705 0.999679 0.0566121
-0.367815 0.929871 -0.00725893 -177.381 -0.929649 -0.367524 0.0260564 -76.5956 0.0215612 0.0163322 0.999634 0.0353723
-0.370911 0.928667 -0.00171978 -178.125 -0.928421 -0.370768 0.0237864 -78.1643 0.021452 0.0104193 0.999716 0.0169325
-0.301364 0.953504 -0.00320958 -178.846 -0.953206 -0.301181 0.0262573 -79.7759 0.0240698 0.0109724 0.99965 0.0149923
-0.254104 0.967154 -0.00671119 -179.492 -0.966851 -0.253832 0.0277325 -81.704 0.025118 0.0135356 0.999593 0.0307496
-0.303324 0.952888 3.854e-05 -180.112 -0.952543 -0.303215 0.0268753 -83.3418 0.0256209 0.00811521 0.999639 0.0465108
-0.322768 0.946467 -0.00459683 -180.803 -0.946109 -0.322503 0.029467 -84.9529 0.026407 0.0138601 0.999555 0.0592699
-0.322504 0.946546 -0.00655762 -181.484 -0.94623 -0.322196 0.028953 -86.5639 0.0252925 0.0155425 0.999559 0.0626288
-0.32348 0.946204 -0.00768902 -182.247 -0.945883 -0.323127 0.0299024 -88.3354 0.0258092 0.0169457 0.999523 0.0676826
-0.327775 0.944734 -0.00635352 -182.936 -0.944478 -0.327509 0.0264362 -89.9725 0.0228944 0.0146659 0.99963 0.0270399
-0.324831 0.945745 -0.00714488 -183.614 -0.945487 -0.324538 0.0270103 -91.4831 0.0232261 0.0155292 0.99961 0.0626988
-0.32533 0.945589 -0.00464797 -184.396 -0.945272 -0.325083 0.0279878 -93.2959 0.024954 0.0134989 0.999597 0.0491499
-0.327328 0.944903 -0.00378376 -185.087 -0.944556 -0.327093 0.0287164 -94.8885 0.0258965 0.0129736 0.99958 0.0230063
-0.327965 0.944679 -0.00440032 -185.789 -0.94432 -0.327703 0.0294845 -96.4998 0.0264114 0.0138252 0.999556 0.0471616
-0.310612 0.950483 -0.010112 -186.465 -0.950163 -0.310174 0.0313461 -98.1324 0.0266575 0.0193446 0.999457 0.0423168
-0.223069 0.974776 -0.00718397 -187.126 -0.974363 -0.222741 0.0316738 -100.053 0.0292747 0.0140653 0.999472 -0.0470325
-0.211528 0.977359 -0.00508349 -187.723 -0.976875 -0.211251 0.0329982 -102.003 0.0311772 0.011946 0.999442 -0.0759811
-0.180989 0.983425 -0.0108534 -188.3 -0.982993 -0.180538 0.0336119 -103.964 0.0310953 0.0167522 0.999376 -0.0646299
-0.0355912 0.999264 -0.0143105 -188.607 -0.998968 -0.035169 0.0287476 -105.963 0.0282232 0.0153189 0.999484 -0.0051721
-0.0256397 0.999574 -0.0138963 -188.818 -0.999326 -0.0252632 0.0266171 -107.702 0.0262547 0.0145694 0.999549 -0.0333076
-0.0213213 0.999694 -0.0125259 -189.035 -0.999394 -0.0209665 0.0277983 -109.741 0.0275272 0.013111 0.999535 -0.00144898
-0.022209 0.999637 -0.015254 -189.214 -0.999423 -0.021807 0.0260412 -111.486 0.0256991 0.0158235 0.999545 -0.0598847
-0.0218575 0.999592 -0.0184057 -189.473 -0.99942 -0.021365 0.0265408 -113.511 0.0261367 0.0189751 0.999478 -0.0331283
0.107108 0.994124 -0.0156502 -189.579 -0.993944 0.107451 0.0230183 -115.228 0.0245647 0.0130899 0.999613 -0.00826237
0.142296 0.989685 -0.0165626 -189.517 -0.989384 0.142712 0.0274243 -116.978 0.0295051 0.0124844 0.999487 -0.0534926
0.151273 0.988337 -0.0174873 -189.424 -0.988102 0.151686 0.0253982 -118.725 0.0277546 0.0134372 0.999524 -0.0663223
0.149871 0.988564 -0.0167146 -189.351 -0.988331 0.150258 0.0249787 -120.477 0.0272045 0.012776 0.999548 -0.0607531
0.297539 0.954472 -0.0212943 -189.111 -0.954283 0.297999 0.023247 -122.189 0.0285343 0.0134039 0.999503 -0.0623787
0.471453 0.88162 -0.0218588 -188.566 -0.881499 0.471838 0.0181583 -123.544 0.0263225 0.0107077 0.999596 -0.104589
0.487623 0.872777 -0.0220176 -188.011 -0.872583 0.488033 0.0205547 -124.889 0.028685 0.00918923 0.999546 -0.113099
0.488795 0.872129 -0.0216599 -187.434 -0.872013 0.489167 0.0175832 -126.226 0.0259301 0.0102932 0.999611 -0.105608
0.486813 0.872487 -0.0421936 -186.87 -0.872752 0.487831 0.0179876 -127.602 0.0362773 0.0280679 0.998948 -0.136419
0.485224 0.874083 -0.0231639 -186.288 -0.874 0.485628 0.0170133 -128.919 0.0261201 0.01199 0.999587 -0.123629
0.485393 0.873845 -0.0280834 -185.694 -0.87386 0.485915 0.0159614 -130.245 0.0275939 0.0167934 0.999478 -0.103039
0.453515 0.890771 -0.0291738 -185.164 -0.890826 0.454065 0.0159409 -131.611 0.0274465 0.0187594 0.999447 -0.111251
0.448977 0.893193 -0.0250217 -184.671 -0.893167 0.449424 0.016462 -132.965 0.0259491 0.0149575 0.999551 -0.105965
0.451789 0.891644 -0.0292965 -184.141 -0.891668 0.452365 0.0171648 -134.339 0.0285576 0.0183679 0.999423 -0.106479
0.489447 0.871612 -0.0270808 -183.553 -0.871554 0.489971 0.0179251 -135.685 0.0288925 0.014829 0.999472 -0.169291
0.49616 0.867736 -0.029306 -182.962 -0.867668 0.496771 0.0192605 -137.022 0.0312714 0.0158716 0.999385 -0.165202
0.526385 0.849686 -0.0308474 -182.251 -0.849597 0.527054 0.0199473 -138.613 0.0332073 0.0157079 0.999325 -0.149817
0.647679 0.761196 -0.0330487 -181.47 -0.761256 0.648313 0.0134047 -139.838 0.0316295 0.0164766 0.999364 -0.192921
0.654237 0.755551 -0.0334015 -180.636 -0.755711 0.654826 0.0101878 -141.038 0.0295696 0.0185767 0.99939 -0.208224
0.660154 0.750341 -0.0344279 -179.795 -0.750525 0.660768 0.00985425 -142.211 0.0301429 0.0193337 0.999359 -0.170427
0.66121 0.74953 -0.0317145 -178.97 -0.749635 0.661763 0.0108663 -143.425 0.0291321 0.0165894 0.999438 -0.228931
0.661094 0.749511 -0.0344672 -178.12 -0.749689 0.661714 0.0100797 -144.608 0.0303623 0.019176 0.999355 -0.253334
0.795793 0.604993 -0.0263868 -177.133 -0.60486 0.796214 0.0136653 -145.662 0.029277 0.00508551 0.999558 -0.26083
0.840193 0.541515 -0.0289409 -175.999 -0.541469 0.84066 0.0100677 -146.581 0.0297813 0.00721181 0.99953 -0.19002
0.844984 0.533808 -0.032428 -174.635 -0.533969 0.845493 0.00419794 -147.673 0.0296585 0.0137684 0.999465 -0.186908
0.861586 0.506518 -0.0332953 -173.245 -0.506584 0.862162 0.00704364 -148.717 0.0322737 0.0107982 0.999421 -0.221995
0.877134 0.479071 -0.0335646 -171.829 -0.479344 0.877627 -0.000106748 -149.746 0.0294061 0.0161827 0.999437 -0.220881
0.891601 0.451704 -0.0318074 -170.372 -0.45195 0.892043 -0.000629095 -150.677 0.0280894 0.0149363 0.999494 -0.169663
0.897717 0.44033 -0.0146399 -168.916 -0.440006 0.897751 0.0209046 -151.608 0.0223479 -0.0123247 0.999674 -0.187847
0.896407 0.442147 -0.0309995 -167.432 -0.442339 0.896848 0.000757366 -152.543 0.0281367 0.0130334 0.999519 -0.20693
0.912857 0.406979 -0.0325549 -165.891 -0.407279 0.913299 -0.00289056 -153.488 0.028556 0.0158976 0.999466 -0.205013
0.97562 0.217482 -0.0294398 -164.3 -0.217594 0.976039 -0.000621277 -154.072 0.0285993 0.00701206 0.999566 -0.218286
0.978756 0.203009 -0.02872 -162.416 -0.203131 0.979151 -0.00136307 -154.685 0.0278445 0.00716803 0.999587 -0.227053
0.971016 0.236964 -0.0312524 -160.486 -0.237307 0.971404 -0.00771474 -155.345 0.0285306 0.0149076 0.999482 -0.20942
0.969954 0.240876 -0.0341768 -158.569 -0.241218 0.970451 -0.00619444 -156.029 0.0316749 0.0142524 0.999397 -0.224089
0.969434 0.242875 -0.0347749 -156.918 -0.243448 0.969823 -0.013258 -156.618 0.0305055 0.0213186 0.999307 -0.199162
0.968976 0.24463 -0.0352453 -155.022 -0.245151 0.96942 -0.0112293 -157.299 0.0314205 0.0195213 0.999316 -0.220333
0.981353 0.189465 -0.0323866 -153.076 -0.189914 0.981735 -0.0113872 -157.881 0.0296376 0.0173256 0.999411 -0.2219
0.999364 -0.0133429 -0.0330776 -151.074 0.0130579 0.999876 -0.00881944 -158.152 0.0331912 0.00838191 0.999414 -0.247359
0.999211 -0.0248844 -0.0309455 -149.334 0.0245791 0.999646 -0.0102083 -158.296 0.0311886 0.0094396 0.999469 -0.224622
0.999164 -0.0255139 -0.0319317 -147.582 0.0252576 0.999646 -0.00840415 -158.394 0.0321348 0.00759061 0.999455 -0.238084
0.999086 -0.0270452 -0.0331003 -145.829 0.0265389 0.999525 -0.015641 -158.518 0.0335076 0.0147483 0.99933 -0.178647
0.998521 -0.0407999 -0.0359203 -144.073 0.0401637 0.999026 -0.0182575 -158.598 0.0366302 0.0167878 0.999188 -0.185509
0.998744 -0.0394297 -0.0309288 -142.337 0.0389495 0.999113 -0.0159798 -158.716 0.0315314 0.0147551 0.999394 -0.240673
0.998993 -0.0352673 -0.0277515 -140.596 0.0349198 0.999307 -0.0129095 -158.814 0.0281875 0.0119274 0.999532 -0.259436
0.998805 -0.0358961 -0.0331545 -138.862 0.0357595 0.999349 -0.00470457 -158.926 0.0333018 0.00351336 0.999439 -0.262501
0.998923 -0.0329963 -0.0326245 -137.11 0.0327352 0.999428 -0.00850589 -159.034 0.0328865 0.00742876 0.999431 -0.277766
0.998951 -0.0324546 -0.032296 -135.362 0.0322453 0.999456 -0.00698147 -159.143 0.032505 0.00593276 0.999454 -0.240332
0.999165 -0.0296773 -0.0280873 -133.602 0.0293597 0.999501 -0.011653 -159.243 0.0284191 0.0108187 0.999538 -0.249897
0.997331 -0.0675044 -0.02781 -131.861 0.0671493 0.997651 -0.0135113 -159.315 0.0286568 0.0116079 0.999522 -0.274963
0.995906 -0.0853828 -0.0296825 -130.119 0.0849979 0.996283 -0.0139968 -159.308 0.0307673 0.0114166 0.999461 -0.255227
0.995529 -0.0909379 -0.0255275 -128.376 0.0906749 0.995817 -0.0112816 -159.351 0.0264466 0.00891643 0.99961 -0.273892
0.995552 -0.0913141 -0.0231989 -126.619 0.091122 0.995797 -0.00920959 -159.303 0.0239424 0.00705469 0.999688 -0.236656
0.995304 -0.0935824 -0.0247601 -124.864 0.0932693 0.995549 -0.0135137 -159.287 0.0259146 0.0111409 0.999602 -0.242621
0.995421 -0.0923065 -0.0248263 -123.126 0.09202 0.995679 -0.0124455 -159.296 0.0258678 0.010104 0.999614 -0.214988
0.995596 -0.0909275 -0.0228261 -121.371 0.0906815 0.995812 -0.0115914 -159.337 0.0237845 0.00947042 0.999672 -0.255055
0.995633 -0.0907288 -0.0219623 -119.631 0.0905211 0.995842 -0.0102751 -159.35 0.0228032 0.0082422 0.999706 -0.231122
0.995759 -0.0889133 -0.0236502 -117.877 0.0886155 0.995976 -0.0133548 -159.35 0.0247425 0.0112024 0.999631 -0.23989
0.995843 -0.0881048 -0.0231264 -116.128 0.0878662 0.99607 -0.0111379 -159.366 0.0240168 0.00905956 0.999671 -0.236258
0.996081 -0.0859785 -0.0207667 -114.38 0.0858579 0.996285 -0.00663204 -159.331 0.0212598 0.00482306 0.999762 -0.198426
0.996047 -0.0859684 -0.022372 -112.636 0.0857358 0.996255 -0.0111558 -159.393 0.0232473 0.00919363 0.999687 -0.266196
0.99596 -0.0865455 -0.0239524 -110.883 0.0863269 0.996216 -0.0100175 -159.404 0.0247288 0.00790932 0.999663 -0.210266
0.996072 -0.0857969 -0.0218959 -109.127 0.0855829 0.996275 -0.0105283 -159.428 0.0227176 0.00861305 0.999705 -0.200636
0.996096 -0.0853983 -0.0223574 -107.382 0.085205 0.996319 -0.00946247 -159.44 0.0230831 0.00752057 0.999705 -0.213207
0.995959 -0.0872904 -0.0211356 -105.636 0.0870772 0.996143 -0.0108089 -159.437 0.0219976 0.0089248 0.999718 -0.224978
0.996075 -0.0850799 -0.0243947 -103.882 0.0845528 0.996179 -0.0218827 -159.478 0.0261633 0.0197341 0.999463 -0.20175
0.99638 -0.0818506 -0.0229759 -102.262 0.0815623 0.996581 -0.0132194 -159.489 0.0239793 0.0112976 0.999649 -0.207924
0.99662 -0.0792971 -0.0214756 -100.431 0.0790399 0.996792 -0.0125749 -159.516 0.0224038 0.010835 0.99969 -0.222696
0.996428 -0.0825348 -0.0178634 -98.7841 0.0822201 0.996457 -0.0176862 -159.509 0.0192598 0.0161543 0.999684 -0.18657
0.996571 -0.0812929 -0.015427 -96.9934 0.0810823 0.996612 -0.0138206 -159.555 0.0164982 0.0125224 0.999785 -0.227143
0.994385 -0.104273 -0.0180393 -95.1899 0.103991 0.994451 -0.015896 -159.54 0.0195967 0.0139308 0.999711 -0.230916
0.995493 -0.0933289 -0.0168606 -93.5679 0.0931085 0.995566 -0.013419 -159.531 0.0180382 0.0117886 0.999768 -0.251492
0.995208 -0.0953875 -0.0214863 -91.8258 0.0951018 0.99537 -0.0139491 -159.523 0.0227174 0.0118388 0.999672 -0.238766
0.995371 -0.0936197 -0.0217308 -90.1821 0.0932975 0.995519 -0.0153972 -159.509 0.0230749 0.0132985 0.999645 -0.223342
0.995748 -0.0889615 -0.0239118 -88.4194 0.0886451 0.995965 -0.0139837 -159.503 0.0250593 0.0118046 0.999616 -0.234817
0.996157 -0.0846486 -0.0225063 -86.6374 0.084398 0.996362 -0.0118604 -159.492 0.0234284 0.00991528 0.999676 -0.221093
0.996329 -0.0820388 -0.0244671 -84.8952 0.0817432 0.996571 -0.0128512 -159.497 0.0254375 0.010804 0.999618 -0.256669
0.996601 -0.0781471 -0.0260515 -83.1477 0.0778552 0.996892 -0.0120365 -159.487 0.0269112 0.00996735 0.999588 -0.270446
0.996862 -0.0755511 -0.0236139 -81.3912 0.0750988 0.996986 -0.0194872 -159.489 0.025015 0.0176527 0.999531 -0.263824
0.997278 -0.0692165 -0.0254129 -79.6376 0.0689192 0.997545 -0.0123974 -159.501 0.0262087 0.0106122 0.9996 -0.272102
0.996957 -0.0680594 -0.0380023 -77.8894 0.0667111 0.997134 -0.0356871 -159.513 0.0403222 0.0330433 0.99864 -0.268081
0.997707 -0.0609284 -0.0294631 -76.1452 0.0606378 0.998103 -0.0106581 -159.524 0.0300566 0.00884711 0.999509 -0.28186
0.997848 -0.0583357 -0.0299376 -74.386 0.0578096 0.998163 -0.01815 -159.554 0.0309414 0.0163803 0.999387 -0.28194
0.998049 -0.0544305 -0.0305947 -72.6465 0.0540267 0.998443 -0.013872 -159.555 0.0313021 0.012192 0.999436 -0.29292
0.9982 -0.0523896 -0.0291867 -70.8984 0.0519253 0.998516 -0.0164465 -159.574 0.030005 0.0149013 0.999439 -0.281401
0.998581 -0.0475998 -0.0238728 -69.1816 0.0478218 0.998817 0.00881648 -159.594 0.0234249 -0.00994561 0.999676 -0.268982
0.99866 -0.0440111 -0.0272304 -67.3917 0.0435971 0.998927 -0.0156148 -159.624 0.0278884 0.0144067 0.999507 -0.296464
0.998739 -0.0410554 -0.0288856 -65.6383 0.0406383 0.999063 -0.0148807 -159.648 0.0294695 0.013688 0.999472 -0.300146
0.998842 -0.0393423 -0.0276759 -63.8888 0.0388732 0.999095 -0.0172917 -159.685 0.0283311 0.0161959 0.999467 -0.332829
0.999006 -0.0349466 -0.0276552 -62.1423 0.0344863 0.999261 -0.0169492 -159.709 0.0282271 0.0159786 0.999474 -0.354113
0.998949 -0.0340895 -0.0306556 -60.3955 0.033613 0.999308 -0.0159281 -159.776 0.0311774 0.0148809 0.999403 -0.331098
0.998976 -0.0310897 -0.0328708 -58.6534 0.0307193 0.999459 -0.0117145 -159.812 0.0332172 0.0106928 0.999391 -0.337582
0.999124 -0.0295029 -0.029682 -56.8929 0.0291535 0.999501 -0.0121375 -159.863 0.0300253 0.0112616 0.999486 -0.334968
0.999226 -0.025941 -0.0295689 -55.1547 0.0256681 0.999625 -0.0095719 -159.921 0.0298061 0.00880552 0.999517 -0.317254
0.999148 -0.0267969 -0.0314006 -53.4148 0.0265422 0.999612 -0.00850031 -160.008 0.0316162 0.00765962 0.999471 -0.365441
0.999103 -0.0243516 -0.0346345 -51.6721 0.024199 0.999696 -0.0048179 -160.016 0.0347413 0.00397546 0.999388 -0.309627
0.999214 -0.0235861 -0.0318586 -49.9318 0.0241624 0.999549 0.0178251 -160.077 0.0314239 -0.0185809 0.999333 -0.309515
0.999394 -0.0215578 -0.0273443 -48.1538 0.0213775 0.999748 -0.00686878 -160.132 0.0274855 0.00628006 0.999602 -0.288502
0.99935 -0.0202338 -0.0298308 -46.4119 0.0199957 0.999766 -0.00825944 -160.2 0.0299909 0.00765759 0.999521 -0.305991
0.999372 -0.0193088 -0.0297207 -44.6667 0.0189876 0.999759 -0.0110526 -160.283 0.029927 0.0104813 0.999497 -0.289681
0.999423 -0.0187156 -0.0283438 -42.9102 0.0184329 0.999778 -0.0102025 -160.333 0.0285285 0.00967412 0.999546 -0.29997
0.999474 -0.0186464 -0.0265329 -41.4579 0.0183185 0.999753 -0.0125447 -160.371 0.0267603 0.012052 0.999569 -0.292861
0.999466 -0.0170916 -0.0278647 -39.4095 0.0166813 0.99975 -0.0148915 -160.467 0.0281122 0.0144187 0.999501 -0.301751
0.999547 -0.0160532 -0.0254678 -37.6678 0.015866 0.999846 -0.00753679 -160.526 0.0255849 0.0071293 0.999647 -0.298242
0.999552 -0.0146323 -0.0261129 -35.9213 0.0145133 0.999883 -0.00473812 -160.574 0.0261792 0.00435701 0.999648 -0.259133
0.999543 -0.0151422 -0.026168 -34.1809 0.0148469 0.999824 -0.0114405 -160.696 0.0263367 0.0110467 0.999592 -0.329827
0.99955 -0.0141835 -0.0264261 -32.411 0.0137077 0.999742 -0.0180971 -160.745 0.0266759 0.0177267 0.999487 -0.247719
0.999634 -0.0135003 -0.0234341 -30.6769 0.0133123 0.999878 -0.00816234 -160.815 0.0235414 0.00784739 0.999692 -0.252712
0.999702 -0.0127551 -0.0208304 -28.9237 0.0125553 0.999874 -0.00969465 -160.919 0.0209515 0.00943022 0.999736 -0.283906
0.999782 -0.0137671 -0.0157074 -27.1854 0.0136935 0.999895 -0.00478547 -160.975 0.0157716 0.00456934 0.999865 -0.2782
0.999802 -0.0117778 -0.0160386 -25.4284 0.0116112 0.999878 -0.0104423 -161.08 0.0161596 0.010254 0.999817 -0.274795
0.999797 -0.0116146 -0.0164885 -23.6861 0.0114316 0.999873 -0.0111511 -161.099 0.0166159 0.0109604 0.999802 -0.274589
0.999783 -0.0125812 -0.0165934 -21.9335 0.0123938 0.999859 -0.0113483 -161.204 0.0167338 0.0111402 0.999798 -0.274086
0.999636 -0.0222003 -0.0153335 -19.9023 0.0220948 0.999731 -0.00701106 -161.329 0.0154851 0.00666971 0.999858 -0.302282
0.999344 -0.0303878 -0.0196925 -18.442 0.0301556 0.999473 -0.0119868 -161.378 0.0200464 0.0113851 0.999734 -0.297379
0.996866 -0.0769755 -0.0182638 -16.6994 0.0769419 0.997032 -0.00253992 -161.284 0.0184051 0.00112671 0.99983 -0.207872
0.996513 -0.0815131 -0.0177937 -14.9442 0.0814106 0.99666 -0.00641455 -161.243 0.0182571 0.00494359 0.999821 -0.215966
0.99649 -0.0818719 -0.0174575 -13.485 0.0817146 0.99661 -0.00953967 -161.215 0.0181793 0.00807966 0.999802 -0.212262
0.996258 -0.0818677 -0.0277024 -11.7691 0.0828927 0.995829 0.0381317 -161.199 0.0244651 -0.0402853 0.998889 -0.237759
0.996788 -0.0767388 -0.0229172 -10.292 0.0766202 0.997042 -0.00601223 -161.147 0.0233108 0.004237 0.999719 -0.199955
0.996731 -0.07895 -0.0171615 -8.54678 0.0789677 0.996877 0.000354178 -161.1 0.0170799 -0.00170822 0.999853 -0.207251
0.996876 -0.0759139 -0.0218064 -6.7909 0.0757913 0.997103 -0.00639789 -161.068 0.022229 0.00472516 0.999742 -0.152348
0.99681 -0.0763992 -0.0230869 -5.3383 0.0764569 0.997072 0.00162555 -161.035 0.0228951 -0.00338552 0.999732 -0.182546
0.997003 -0.0749108 -0.0193063 -3.57204 0.0748776 0.99719 -0.00243643 -161.016 0.0194345 0.00098352 0.999811 -0.151044
0.99908 -0.0382804 -0.0193588 -1.84764 0.038215 0.999263 -0.003735 -161.025 0.0194875 0.00299176 0.999806 -0.157444
0.999737 -0.0148204 -0.017527 -0.0827118 0.0148286 0.99989 0.000337445 -161.066 0.0175201 -0.000597257 0.999846 -0.115344
0.999787 -0.00962377 -0.0182704 1.64384 0.00954543 0.999945 -0.00436986 -161.167 0.0183115 0.00419453 0.999824 -0.0993472
0.999797 -0.00938949 -0.0178435 3.39355 0.00950255 0.999935 0.00626177 -161.245 0.0177836 -0.00643005 0.999821 -0.12265
0.999863 -0.00579251 -0.0154865 5.17267 0.00564196 0.999937 -0.0097469 -161.326 0.015542 0.0096582 0.999833 -0.151153
0.999879 -0.00551377 -0.0145575 6.85962 0.0054977 0.999984 -0.00114328 -161.402 0.0145636 0.00106311 0.999893 -0.125757
0.999864 -0.00407483 -0.016013 8.60696 0.00377746 0.999821 -0.018557 -161.505 0.0160858 0.018494 0.9997 -0.131061
0.999858 -0.000375469 -0.0168308 10.3473 0.000273322 0.999982 -0.00607094 -161.586 0.0168327 0.00606548 0.99984 -0.158466
0.999262 0.0353861 -0.014926 12.1051 -0.0355555 0.999304 -0.0112441 -161.696 0.0145177 0.0117665 0.999825 -0.159072
0.984333 0.175777 -0.0137977 14.1461 -0.175954 0.984315 -0.0128573 -162.058 0.0113213 0.0150836 0.999822 -0.168285
0.992395 0.122248 -0.0143977 16.1318 -0.122486 0.992325 -0.0169787 -162.477 0.0122116 0.0186131 0.999752 -0.150001
0.999185 -0.0379889 -0.0136332 17.8659 0.0377563 0.999144 -0.0169277 -162.511 0.0142646 0.0163992 0.999764 -0.154306
0.998142 -0.057675 -0.0196275 19.6152 0.0573444 0.99821 -0.017006 -162.515 0.0205731 0.0158489 0.999663 -0.169011
0.997921 -0.0605543 -0.0220736 21.355 0.0601968 0.99805 -0.0165136 -162.482 0.0230305 0.0151505 0.99962 -0.164916
0.997859 -0.0618518 -0.0212347 23.0828 0.0617205 0.99807 -0.00678129 -162.445 0.0216131 0.00545616 0.999752 -0.145221
0.997987 -0.0587176 -0.0239705 24.8755 0.0579582 0.99783 -0.031234 -162.421 0.0257525 0.0297818 0.999225 -0.135327
0.997843 -0.0629843 -0.0185157 26.6095 0.0627008 0.997912 -0.0155107 -162.387 0.019454 0.0143162 0.999708 -0.170934
0.998311 -0.0551422 -0.0182986 28.3413 0.0551591 0.998477 0.000422751 -162.357 0.0182474 -0.00143137 0.999832 -0.12364
0.998302 -0.0565213 -0.0141106 30.0772 0.0565885 0.998388 0.00440712 -162.328 0.0138388 -0.00519813 0.999891 -0.0962474
0.998342 -0.0559202 -0.0136581 31.8472 0.0558213 0.998412 -0.0075197 -162.288 0.014057 0.00674482 0.999878 0.00354502
0.998336 -0.0558135 -0.0144744 33.5851 0.0555983 0.998343 -0.0148682 -162.274 0.0152803 0.0140387 0.999785 -0.0346635
0.998323 -0.0541869 -0.0203567 35.298 0.0539119 0.99845 -0.0138217 -162.222 0.0210741 0.012701 0.999697 0.0564285
0.998284 -0.055172 -0.0196294 37.0423 0.0549111 0.998399 -0.0135927 -162.214 0.0203479 0.0124915 0.999715 -0.0630811
0.998302 -0.0539929 -0.0218578 38.8386 0.0537685 0.998496 -0.0107281 -162.213 0.0224041 0.00953462 0.999704 -0.112092
0.998398 -0.052722 -0.0205553 40.5622 0.0527944 0.998601 0.0029957 -162.212 0.0203686 -0.00407611 0.999784 -0.0619025
0.998399 -0.0529928 -0.0197993 42.3884 0.052921 0.99859 -0.00413294 -162.381 0.0199904 0.00307852 0.999795 0.0729813
0.998333 -0.055259 -0.0166766 44.1832 0.0552696 0.998471 0.000173486 -162.378 0.0166416 -0.00109491 0.999861 0.258469
0.998363 -0.0549283 -0.0159118 45.9466 0.055187 0.998343 0.0163022 -161.983 0.01499 -0.0171536 0.99974 -0.474533
0.998508 -0.0522106 -0.0159875 47.6774 0.0520361 0.998583 -0.0111453 -161.788 0.0165467 0.0102967 0.99981 -0.485041
0.998498 -0.0519725 -0.0173152 49.4411 0.0521119 0.998612 0.00769936 -161.874 0.016891 -0.00859013 0.99982 -0.429256
0.998633 -0.0492057 -0.0176142 51.1795 0.0491378 0.998783 -0.00426529 -161.898 0.0178026 0.00339394 0.999836 -0.595871
0.998845 -0.0455038 -0.0154436 52.8336 0.0453817 0.998936 -0.00816802 -161.934 0.0157988 0.00745773 0.999847 -0.604685
0.999001 -0.0424347 -0.0139952 54.604 0.0424096 0.999098 -0.00208009 -162.002 0.0140709 0.00148448 0.9999 -0.545802
0.999764 -0.0147664 -0.0159309 56.2742 0.01459 0.999832 -0.0111314 -162.053 0.0160926 0.0108963 0.999811 -0.0424176
0.989363 0.144527 -0.0165301 58.2988 -0.144593 0.989487 -0.00291301 -162.284 0.0159354 0.00527218 0.999859 0.0596583
0.989826 0.141386 -0.0159412 60.3221 -0.141508 0.989914 -0.00675216 -162.662 0.0148258 0.00893927 0.99985 -0.0335702
0.996635 0.0806532 -0.0146148 62.3372 -0.0806999 0.996735 -0.00262831 -162.912 0.0143551 0.00379888 0.99989 0.040204
0.990937 -0.133932 -0.0103472 64.0519 0.133887 0.990984 -0.00494117 -162.826 0.0109157 0.00351103 0.999934 -0.0323108
0.986634 -0.162563 -0.0112367 65.7696 0.162508 0.986691 -0.00568055 -162.619 0.0120106 0.00377856 0.999921 0.109477
0.985559 -0.168832 -0.0129843 67.4877 0.168755 0.985634 -0.00683767 -162.416 0.0139522 0.00454776 0.999892 0.135264
0.985085 -0.171696 -0.0112752 68.9511 0.171552 0.985093 -0.0126947 -162.214 0.0132867 0.0105711 0.999856 0.0714539
0.985314 -0.170301 -0.0124086 70.6821 0.170183 0.985362 -0.0100186 -161.962 0.0139331 0.00775974 0.999873 0.105041
0.984932 -0.172311 -0.0147296 72.1191 0.172151 0.985003 -0.0115026 -161.752 0.0164907 0.00879352 0.999825 -0.129669
0.984966 -0.172139 -0.0145294 73.8522 0.171993 0.985039 -0.0107944 -161.504 0.0161701 0.00813313 0.999836 0.136617
0.984935 -0.172521 -0.0118068 75.5072 0.172383 0.984959 -0.0117966 -161.195 0.0136644 0.00958359 0.999861 -0.0361944
0.968441 -0.24911 -0.00818779 77.0514 0.248913 0.968324 -0.0197631 -160.976 0.0128516 0.0171014 0.999771 0.0297927
0.907525 -0.419843 -0.0114438 78.4774 0.419727 0.907581 -0.0112627 -160.406 0.0151147 0.00541786 0.999871 0.12199
0.888307 -0.459157 -0.00923358 79.8175 0.45901 0.888313 -0.0144653 -159.811 0.0148442 0.00861135 0.999853 -0.0121118
0.881398 -0.472305 -0.00805026 81.201 0.472194 0.881405 -0.0125451 -159.134 0.0130207 0.00725597 0.999889 0.155488
0.864204 -0.503057 -0.00924181 82.4127 0.502952 0.864236 -0.0116289 -158.533 0.0138371 0.00540155 0.99989 0.170287
0.845507 -0.533901 -0.00827775 83.6818 0.533795 0.845527 -0.0121546 -157.795 0.0134884 0.00585818 0.999892 0.126289
0.807761 -0.589495 -0.00406387 85.0963 0.58947 0.807768 -0.00593579 -156.926 0.00678179 0.00239917 0.999974 0.198892
0.750561 -0.660792 -0.00340094 86.3104 0.660775 0.750568 -0.00493053 -155.961 0.00581069 0.00145341 0.999982 0.184199
0.718818 -0.695196 -0.00167532 87.527 0.695161 0.718802 -0.00865067 -154.915 0.00721814 0.00505364 0.999961 0.178809
0.690587 -0.723247 0.00218889 88.6145 0.723192 0.69049 -0.014727 -153.864 0.00913985 0.0117533 0.999889 0.265219
0.578329 -0.815801 0.00201187 89.6224 0.815718 0.57823 -0.0159475 -152.614 0.0118467 0.010864 0.999871 0.182835
0.548989 -0.835825 0.00275288 90.654 0.835761 0.548898 -0.0146478 -151.21 0.0107319 0.0103422 0.999889 0.285654
0.470464 -0.882417 -0.00177247 91.6522 0.882347 0.470451 -0.0118261 -149.67 0.0112694 0.00399982 0.999928 0.252777
0.419912 -0.907562 -0.00225376 92.5068 0.907507 0.419912 -0.010272 -148.066 0.0102688 0.00226802 0.999945 0.248102
0.396093 -0.918207 0.0024994 93.3007 0.918125 0.396018 -0.0147304 -146.499 0.0125357 0.00812937 0.999888 0.239127
0.393953 -0.919124 0.00347497 94.069 0.919025 0.393848 -0.0166305 -144.919 0.0139169 0.00974524 0.999856 0.262052
0.395299 -0.918545 -0.0037996 94.8407 0.918439 0.395311 -0.0140763 -143.356 0.0144317 0.00207463 0.999894 0.295776
0.385888 -0.922432 0.0144817 95.6171 0.92242 0.385528 -0.022579 -141.777 0.0152445 0.0220711 0.99964 0.3155
0.357437 -0.933815 0.0151325 96.3277 0.933877 0.357182 -0.01719 -140.169 0.0106473 0.0202762 0.999738 0.251925
