-0.973104 0.230088 0.0113601 0 -0.229956 -0.973129 0.0118329 0 0.0137775 0.00890236 0.999865 0
-0.971474 0.236087 0.0223957 -1.67898 -0.235815 -0.971696 0.0141113 -0.394605 0.0250933 0.00842755 0.99965 0.0522547
-0.971721 0.235624 0.0154957 -3.43835 -0.235458 -0.971813 0.0117907 -0.856888 0.0178371 0.00780865 0.99981 0.0957858
-0.972538 0.231972 0.0189594 -5.08122 -0.231762 -0.972691 0.012633 -1.26166 0.0213722 0.00789201 0.99974 0.12722
-0.962728 0.269699 0.0204262 -6.80281 -0.269484 -0.962921 0.0126978 -1.70905 0.0230934 0.00672002 0.999711 0.173022
-0.961554 0.27368 0.022659 -8.44268 -0.273454 -0.961803 0.0126175 -2.1921 0.0252467 0.00593625 0.999664 0.216757
-0.960681 0.276539 0.0248771 -10.1409 -0.276312 -0.96099 0.0122207 -2.69563 0.0272862 0.00486636 0.999616 0.268787
-0.970725 0.238874 0.0251382 -11.845 -0.238658 -0.971038 0.0112874 -3.17916 0.0271064 0.00495751 0.99962 0.329323
-0.972457 0.231648 0.0258191 -13.542 -0.231416 -0.972785 0.0116837 -3.59686 0.0278229 0.00538688 0.999598 0.38354
-0.97952 0.199549 0.0268362 -15.247 -0.199294 -0.979868 0.0119041 -3.97972 0.0286714 0.00631199 0.999569 0.439823
-0.981229 0.190909 0.027258 -16.9705 -0.190668 -0.981591 0.0111941 -4.33931 0.0288932 0.0057868 0.999566 0.506786
-0.981701 0.188541 0.0267644 -18.6164 -0.1883 -0.982047 0.0112671 -4.60788 0.0284082 0.00602122 0.999578 0.636624
-0.977141 0.210856 0.0271186 -20.3873 -0.210592 -0.977497 0.012286 -5.00544 0.029099 0.00629421 0.999557 0.694209
-0.977174 0.210311 0.0300075 -22.06 -0.209919 -0.977593 0.0156828 -5.33183 0.0326333 0.00902568 0.999427 0.601974
-0.976981 0.211174 0.0302459 -23.7833 -0.210848 -0.977424 0.0136398 -5.73294 0.0324435 0.00694849 0.999449 0.778823
-0.976661 0.212595 0.0306164 -25.4491 -0.212293 -0.977122 0.012835 -6.12344 0.0326446 0.00603576 0.999449 0.905655
-0.976493 0.21309 0.0324587 -27.1236 -0.212855 -0.977027 0.0105529 -6.48434 0.0339617 0.00339583 0.999417 1.0424
-0.976175 0.214793 0.03077 -28.8636 -0.214545 -0.97665 0.0111917 -6.89646 0.0324554 0.00432356 0.999464 1.06769
-0.97611 0.215039 0.0310976 -30.5876 -0.214834 -0.976601 0.00982449 -7.27644 0.0324826 0.00290897 0.999468 1.15916
-0.976137 0.215047 0.0302083 -32.3072 -0.214805 -0.976594 0.0110745 -7.66946 0.0318828 0.00432131 0.999482 1.1462
-0.976247 0.214379 0.031375 -33.9983 -0.214174 -0.976747 0.00977369 -8.0125 0.0327407 0.00282182 0.99946 1.29307
-0.976774 0.21181 0.0323911 -35.7659 -0.211621 -0.977309 0.00918661 -8.41605 0.0336019 0.0021186 0.999433 1.38911
-0.977895 0.209048 0.00450833 -37.3984 -0.208901 -0.977685 0.022196 -8.7937 0.00904777 0.0207636 0.999743 1.2423
-0.977548 0.208727 0.0288611 -39.1622 -0.208403 -0.977945 0.0138474 -9.13259 0.0311149 0.00752171 0.999487 1.29113
-0.97713 0.210293 0.0315467 -40.8434 -0.209936 -0.977611 0.0142668 -9.53022 0.0338406 0.00731777 0.9994 1.42205
-0.977383 0.208695 0.0342065 -42.5526 -0.208409 -0.977971 0.0117621 -9.88646 0.0359076 0.00436709 0.999346 1.55432
-0.977329 0.208838 0.0348565 -44.22 -0.208538 -0.97794 0.0120802 -10.2735 0.0366103 0.00453741 0.999319 1.6427
-0.977666 0.208068 0.0296048 -45.9769 -0.20773 -0.978085 0.014097 -10.659 0.0318891 0.00763234 0.999462 1.53913
-0.977241 0.209226 0.0350035 -47.6231 -0.208789 -0.977834 0.0157395 -11.0084 0.0375208 0.00807296 0.999263 1.65254
-0.97751 0.207876 0.0355196 -49.3667 -0.20754 -0.978141 0.0129395 -11.3741 0.0374329 0.00527672 0.999285 1.69257
-0.977788 0.206322 0.036905 -51.0422 -0.206086 -0.978482 0.0101383 -11.793 0.0382026 0.00230751 0.999267 1.86251
-0.977763 0.206328 0.037526 -52.724 -0.206056 -0.978478 0.011017 -12.1376 0.0389915 0.00303958 0.999235 1.91852
-0.977277 0.208855 0.0361906 -54.4758 -0.208653 -0.977946 0.00933566 -12.5011 0.0373423 0.00157225 0.999301 2.04511
-0.96199 0.270144 0.0399793 -56.1503 -0.269917 -0.96282 0.011079 -12.9505 0.0414858 -0.00013327 0.999139 2.07459
-0.958346 0.283389 0.0355447 -57.9503 -0.283027 -0.958996 0.0149519 -13.4053 0.0383244 0.00426899 0.999256 2.25607
-0.957397 0.283712 0.0538404 -59.4743 -0.282037 -0.958703 0.0366662 -13.9184 0.0620196 0.0199191 0.997876 2.15325
-0.957019 0.287264 0.0399236 -61.134 -0.285266 -0.957189 0.049119 -14.4151 0.0523245 0.035619 0.997995 2.36549
-0.959714 0.27893 0.0338687 -62.8145 -0.277498 -0.959828 0.0415267 -14.9455 0.0440912 0.0304553 0.998563 2.31587
-0.959412 0.276495 0.0554829 -64.5108 -0.276116 -0.961015 0.0145531 -15.3926 0.0573437 -0.00135723 0.998354 2.46581
-0.95887 0.280698 0.0421663 -66.2072 -0.280175 -0.959781 0.0179647 -15.9117 0.045513 0.00541182 0.998949 2.47763
-0.986058 0.160771 0.0429297 -67.9007 -0.160025 -0.986904 0.0203168 -16.2857 0.0456339 0.0131637 0.998872 2.55937
-0.989189 0.140298 0.0426787 -69.5872 -0.139581 -0.990022 0.0193432 -16.5734 0.0449667 0.0131769 0.998902 2.65534
-0.989485 0.138536 0.0415724 -71.3052 -0.137816 -0.990262 0.0197265 -16.8224 0.0439004 0.0137897 0.998941 2.71503
-0.984973 0.167026 0.0439342 -73.0762 -0.166198 -0.98585 0.0218845 -17.0554 0.0469678 0.0142539 0.998795 2.79536
-0.982594 0.181311 0.0404404 -74.759 -0.180455 -0.983292 0.0239353 -17.4333 0.0441045 0.016221 0.998895 2.91716
-0.983114 0.180468 0.0302909 -76.6256 -0.179969 -0.983499 0.0184828 -17.7996 0.0331266 0.0127193 0.99937 3.0633
-0.984581 0.169895 0.0416738 -78.4723 -0.16903 -0.985331 0.0235063 -18.1677 0.0450561 0.0160997 0.998855 3.09136
-0.992926 0.110209 0.044179 -80.4762 -0.109282 -0.993748 0.0228823 -18.4551 0.0464246 0.0178924 0.998762 3.16987
-0.998933 -0.0174004 0.0427925 -82.2881 0.0181534 -0.999686 0.0172721 -18.5127 0.0424785 0.0180305 0.998935 3.33797
-0.998142 -0.0420523 0.0441006 -84.2282 0.0428118 -0.998949 0.016419 -18.4618 0.0433638 0.0182765 0.998892 3.41947
-0.998011 -0.0448981 0.0442664 -86.3211 0.0455276 -0.998875 0.0133156 -18.417 0.0436188 0.0153045 0.998931 3.49945
-0.997342 -0.0592788 0.0423809 -88.2075 0.0597016 -0.998178 0.00877885 -18.3155 0.0417833 0.0112857 0.999063 3.64634
-0.995155 -0.0891463 0.0414682 -90.1604 0.08955 -0.995951 0.00797613 -18.1598 0.0405892 0.011651 0.999108 3.8059
-0.976311 -0.211175 0.0471474 -92.074 0.211816 -0.977268 0.00899853 -17.9464 0.0441754 0.018772 0.998847 3.84861
-0.967512 -0.248207 0.0481091 -93.809 0.249099 -0.968385 0.0134249 -17.4374 0.043256 0.0249727 0.998752 3.91982
-0.966906 -0.250663 0.0475553 -95.4919 0.251305 -0.967876 0.00793021 -17.1021 0.0440397 0.0196186 0.998837 4.03013
-0.968794 -0.242765 0.0500456 -97.1856 0.243461 -0.969876 0.00821299 -16.6835 0.0465442 0.0201408 0.998713 4.10178
-0.969712 -0.239147 0.0496822 -98.899 0.239697 -0.970833 0.00533205 -16.2457 0.046958 0.0170792 0.998751 4.19933
-0.980736 -0.189924 0.0456789 -100.637 0.190306 -0.981716 0.00412068 -15.8812 0.0440611 0.0127343 0.998948 4.33149
-0.983468 -0.174891 0.0469523 -102.358 0.175192 -0.984532 0.00233957 -15.5855 0.0458168 0.0105265 0.998894 4.38296
-0.988671 -0.138965 0.0567306 -104.205 0.13916 -0.99027 -0.000505402 -15.3467 0.0562488 0.00739498 0.998389 4.35663
-0.998573 -0.00365269 0.0532868 -106.172 0.00353172 -0.999991 -0.0023641 -15.2539 0.0532949 -0.00217253 0.998576 4.52589
-0.997764 0.0365333 0.0559647 -108.117 -0.0366255 -0.999329 -0.000623206 -15.281 0.0559043 -0.00267155 0.998433 4.66773
-0.984485 0.165896 0.0571729 -110.085 -0.166212 -0.98609 -0.000786396 -15.5312 0.0562472 -0.010277 0.998364 4.73643
-0.955231 0.28971 0.0600205 -111.812 -0.289978 -0.957024 0.00438387 -15.8957 0.058711 -0.013217 0.998188 4.85099
-0.919611 0.387994 0.0614557 -113.236 -0.388653 -0.921384 0.00134005 -16.4819 0.0571442 -0.0226526 0.998109 4.95506
-0.914549 0.399826 0.0611501 -114.873 -0.400532 -0.916283 0.000779622 -17.2552 0.0563425 -0.0237795 0.998128 5.10641
-0.909449 0.411573 0.0592413 -116.387 -0.412053 -0.911149 0.00444315 -17.8736 0.0558063 -0.0203697 0.998234 5.25643
-0.904674 0.421957 0.0593114 -117.737 -0.422463 -0.90637 0.00434203 -18.5109 0.0555902 -0.0211287 0.99823 5.34884
-0.903235 0.427036 0.0425174 -119.297 -0.427063 -0.904178 0.00888679 -19.1948 0.0422383 -0.0101308 0.999056 5.5371
-0.902324 0.428651 0.0455017 -120.837 -0.428898 -0.903341 0.00467942 -19.9601 0.0431094 -0.0152932 0.998953 5.51477
-0.901308 0.430179 0.0509037 -122.161 -0.430674 -0.902507 0.00136095 -20.6612 0.0465264 -0.0206963 0.998703 5.54687
-0.901662 0.428471 0.0584691 -123.736 -0.429152 -0.903232 0.00100598 -21.4219 0.0532422 -0.0241851 0.998289 5.6086
-0.90091 0.429464 0.0626293 -125.045 -0.430259 -0.902705 0.00086657 -22.0475 0.0569079 -0.0261661 0.998036 5.72831
-0.90014 0.430586 0.0659176 -126.337 -0.431319 -0.902193 0.00340866 -22.7489 0.0609381 -0.0253632 0.997819 5.75068
-0.899737 0.43114 0.0677678 -127.654 -0.431931 -0.901901 0.00326457 -23.3772 0.0625273 -0.0263338 0.997696 5.83208
-0.898938 0.432583 0.0691606 -128.996 -0.433202 -0.901273 0.00655871 -23.991 0.0651697 -0.0240646 0.997584 5.98315
-0.897751 0.434718 0.071159 -130.296 -0.435365 -0.900227 0.0069658 -24.6374 0.0670874 -0.0247266 0.997441 6.06831
-0.843533 0.534562 0.0519184 -131.77 -0.534946 -0.844854 0.00736026 -25.441 0.0477979 -0.0215649 0.998624 6.16994
-0.754325 0.654956 0.0450275 -132.959 -0.655171 -0.755388 0.0118473 -26.4013 0.0417727 -0.020564 0.998915 6.28007
-0.744803 0.665698 0.0459946 -134.061 -0.666026 -0.745862 0.0100022 -27.3782 0.040964 -0.0231839 0.998892 6.35079
-0.663317 0.748237 0.0123671 -135.065 -0.748021 -0.663426 0.0181898 -28.2938 0.0218149 0.00281475 0.999758 6.48908
-0.511716 0.857701 0.0499622 -135.933 -0.858335 -0.512902 0.0138642 -29.5915 0.037517 -0.0357898 0.998655 6.44495
-0.446247 0.89229 0.0684227 -136.747 -0.894622 -0.446737 -0.00883003 -31.0638 0.022688 -0.0651528 0.997617 6.52581
-0.254736 0.963268 0.0850037 -137.33 -0.966896 -0.255074 -0.0070453 -32.7306 0.0148957 -0.0839845 0.996356 6.51831
-0.231605 0.971282 0.0545053 -137.794 -0.972403 -0.232765 0.0159139 -34.444 0.0281438 -0.0493154 0.998387 6.64416
-0.218281 0.975814 0.0118789 -138.216 -0.975375 -0.218544 0.0296933 -36.0927 0.0315712 -0.00510497 0.999488 6.71442
-0.211378 0.977353 0.0100501 -138.605 -0.977213 -0.211529 0.0176528 -37.9024 0.0193789 -0.00608971 0.999794 6.73332
-0.20805 0.977352 0.0387102 -138.934 -0.969416 -0.211305 0.124836 -39.4922 0.130189 -0.0115541 0.991422 6.8474
-0.223341 0.973791 0.0430178 -139.317 -0.973684 -0.224936 0.0366626 -41.2877 0.045378 -0.0336974 0.998401 6.83679
-0.221904 0.974262 0.0396584 -139.702 -0.974337 -0.22313 0.0296845 -43.0392 0.0377694 -0.0320535 0.998772 6.93433
-0.222152 0.974522 0.0309272 -140.031 -0.974657 -0.222815 0.0199224 -44.7019 0.0263058 -0.0257176 0.999323 6.96933
-0.223319 0.97412 0.0349279 -140.434 -0.974488 -0.22394 0.0149485 -46.4302 0.0223834 -0.0306985 0.999278 7.04312
-0.228098 0.973176 0.0300067 -140.829 -0.973481 -0.228508 0.0109735 -48.1179 0.0175359 -0.0267079 0.999489 7.06879
-0.230593 0.972406 0.0354103 -141.21 -0.972781 -0.231232 0.0151178 -49.7786 0.0228886 -0.0309604 0.999259 7.14104
-0.261122 0.964615 0.0365283 -141.654 -0.9649 -0.261923 0.0191234 -51.5004 0.0280143 -0.0302527 0.99915 7.14507
-0.368899 0.928773 0.0359906 -142.212 -0.928918 -0.369737 0.0201466 -53.2264 0.0320187 -0.0260002 0.999149 7.21561
-0.598169 0.800754 0.0314121 -142.954 -0.800599 -0.598853 0.0203865 -54.4526 0.0351358 -0.0129539 0.999299 7.28331
-0.565868 0.824206 0.0218883 -143.993 -0.82396 -0.566258 0.0210205 -55.7764 0.0297196 -0.00614029 0.999539 7.27698
-0.235081 0.971867 -0.0145589 -144.651 -0.971775 -0.234702 0.0238606 -57.3922 0.0197723 0.0197571 0.999609 7.39003
-0.22332 0.974566 -0.0187125 -145.067 -0.974426 -0.222714 0.0298938 -59.1044 0.024966 0.0249098 0.999378 7.4516
-0.226394 0.974 -0.00834695 -145.491 -0.973722 -0.226095 0.0273303 -60.8537 0.0247325 0.014315 0.999592 7.45789
-0.223631 0.974306 -0.0267687 -145.912 -0.974538 -0.223057 0.0228447 -62.5775 0.0162868 0.0311958 0.999381 7.39545
-0.22636 0.973689 -0.0263063 -146.271 -0.973867 -0.225721 0.0251944 -64.1343 0.0185936 0.0313218 0.999336 7.5131
-0.241285 0.970225 -0.0210769 -146.664 -0.969961 -0.240414 0.0371006 -65.9422 0.0309287 0.0293956 0.999089 7.53996
-0.242778 0.96969 -0.0275633 -147.126 -0.96985 -0.242 0.0287679 -67.7327 0.0212256 0.0337164 0.999206 7.57797
-0.241892 0.97011 -0.0193653 -147.555 -0.970131 -0.241425 0.0236622 -69.4357 0.0182797 0.0245106 0.999532 7.68432
-0.188128 0.981322 -0.0401833 -147.938 -0.981624 -0.186538 0.0402329 -71.1094 0.0319857 0.0470138 0.998382 7.65296
-0.0925282 0.994145 -0.0558092 -148.215 -0.994607 -0.0949182 -0.0418073 -72.9227 -0.0468598 0.0516398 0.997566 7.81658
-0.00726118 0.999626 0.0263528 -148.179 -0.999734 -0.00783383 0.021692 -75.1159 0.0218903 -0.0261883 0.999417 7.82002
-0.210469 0.976909 0.0367715 -148.357 -0.977281 -0.211213 0.0176385 -77.167 0.0249979 -0.0322237 0.999168 7.84238
-0.257177 0.965491 0.0410852 -148.753 -0.965962 -0.258065 0.0179024 -78.817 0.0278873 -0.0350827 0.998995 7.92913
-0.245149 0.968657 0.0400605 -149.188 -0.969088 -0.246022 0.0184708 -80.5113 0.0277476 -0.0342941 0.999027 8.00289
-0.214701 0.976141 0.0324459 -149.562 -0.976378 -0.215343 0.017741 -82.1666 0.0243047 -0.0278704 0.999316 8.08934
-0.194115 0.980161 0.0400537 -149.959 -0.980538 -0.195091 0.0220479 -83.8673 0.0294246 -0.0349943 0.998954 8.11313
-0.193345 0.980557 0.0335656 -150.326 -0.980668 -0.194192 0.0241025 -85.6829 0.030152 -0.0282566 0.999146 8.13818
-0.192989 0.980708 0.0310874 -150.631 -0.980763 -0.193753 0.0237479 -87.3534 0.029313 -0.0259063 0.999235 8.2505
-0.192631 0.980592 0.036503 -150.949 -0.98084 -0.193517 0.0224765 -89.1231 0.0291042 -0.0314739 0.999081 8.30868
-0.190177 0.981139 0.0346249 -151.253 -0.981334 -0.191004 0.0223756 -90.8171 0.0285671 -0.0297232 0.99915 8.38275
-0.189577 0.981064 0.0396755 -151.544 -0.981428 -0.190545 0.0221889 -92.5184 0.0293287 -0.0347321 0.998966 8.43804
-0.191695 0.980693 0.0386589 -151.916 -0.980948 -0.192713 0.0245622 -94.2037 0.0315381 -0.0332139 0.998951 8.50191
-0.190248 0.981014 0.0376439 -152.218 -0.981138 -0.191331 0.027579 -95.9665 0.0342579 -0.031687 0.998911 8.56295
-0.192418 0.980547 0.0387615 -152.565 -0.980762 -0.193483 0.025889 -97.7176 0.0328851 -0.0330343 0.998913 8.64235
-0.193936 0.980259 0.0384791 -152.889 -0.980479 -0.194977 0.0254048 -99.445 0.0324058 -0.0328011 0.998936 8.7052
-0.193768 0.980392 0.0358703 -153.209 -0.980529 -0.194725 0.0254159 -101.152 0.0319024 -0.030247 0.999033 8.77894
-0.195164 0.980178 0.0340913 -153.538 -0.98029 -0.196039 0.0244967 -102.858 0.0306944 -0.0286385 0.999119 8.86102
-0.199896 0.979312 0.0314611 -153.848 -0.979266 -0.200758 0.0271156 -104.548 0.0328707 -0.0253885 0.999137 8.95348
-0.199922 0.978914 0.0419469 -154.195 -0.97925 -0.201073 0.0252635 -106.233 0.0331652 -0.0360258 0.9988 8.95385
-0.203105 0.978545 0.0346033 -154.542 -0.978596 -0.204058 0.0266549 -107.933 0.0331441 -0.0284489 0.999046 9.04069
-0.204619 0.978001 0.0405679 -154.919 -0.978395 -0.205602 0.0217206 -109.647 0.0295836 -0.035247 0.998941 9.13794
-0.206777 0.977698 0.0367405 -155.235 -0.978003 -0.207603 0.0202772 -111.397 0.0274524 -0.0317395 0.999119 9.21424
-0.209081 0.977335 0.0331829 -155.6 -0.977506 -0.209838 0.0212319 -113.121 0.0277137 -0.0279973 0.999224 9.25157
-0.211999 0.97672 0.0327792 -155.958 -0.976854 -0.212768 0.0220497 -114.787 0.0285108 -0.027346 0.999219 9.31314
-0.116661 0.992712 0.0302198 -156.282 -0.9928 -0.117396 0.0237935 -116.532 0.0271678 -0.0272264 0.99926 9.40102
-0.0910597 0.995359 0.0311378 -156.445 -0.995486 -0.0918222 0.0240002 -118.569 0.0267479 -0.0288118 0.999227 9.44918
-0.154101 0.987705 0.0263196 -156.643 -0.987607 -0.154779 0.026006 -120.315 0.02976 -0.0219859 0.999315 9.5185
-0.166072 0.985627 0.0309908 -156.942 -0.985671 -0.166858 0.0247438 -122.09 0.0295592 -0.0264375 0.999213 9.58433
-0.165873 0.985754 0.0278455 -157.18 -0.985701 -0.166581 0.0253884 -123.822 0.0296652 -0.0232361 0.99929 9.67341
-0.166934 0.985551 0.0286962 -157.504 -0.985508 -0.167675 0.0256881 -125.685 0.0301285 -0.0239921 0.999258 9.73773
-0.170074 0.984986 0.0296136 -157.774 -0.985018 -0.170797 0.0238386 -127.402 0.0285386 -0.0251156 0.999277 9.79396
-0.167965 0.985388 0.028263 -158.04 -0.985181 -0.168802 0.0304091 -129.043 0.0347356 -0.0227365 0.999138 9.89925
-0.169857 0.985138 0.0255407 -158.349 -0.984944 -0.170556 0.0282305 -131.015 0.0321671 -0.020361 0.999275 9.97117
-0.172151 0.984768 0.0244239 -158.649 -0.984503 -0.172841 0.0296789 -132.778 0.0334483 -0.0189362 0.999261 10.0835
-0.173841 0.98431 0.030217 -158.948 -0.984214 -0.174695 0.0283661 -134.493 0.0331998 -0.0248088 0.999141 10.1222
-0.143212 0.989304 0.0277222 -159.199 -0.989146 -0.144007 0.0291936 -136.242 0.0328735 -0.0232405 0.999189 10.1793
-0.0670728 0.997511 0.0217496 -159.356 -0.997277 -0.0676951 0.029262 -138.283 0.0306615 -0.0197277 0.999335 10.2127
-0.0587182 0.998028 0.0221725 -159.523 -0.997775 -0.0593768 0.0303161 -140.321 0.0315728 -0.0203431 0.999294 10.2907
0.00819411 0.999779 0.0193937 -159.549 -0.999666 0.00771458 0.0246721 -142.308 0.024517 -0.0195894 0.999507 10.4076
0.115532 0.992967 0.0258807 -159.449 -0.993044 0.114866 0.0258899 -144.424 0.0227349 -0.0286918 0.99933 10.4667
0.124584 0.991912 0.0243054 -159.162 -0.991977 0.123987 0.024701 -146.103 0.0214876 -0.0271877 0.999399 10.5296
0.125604 0.991746 0.0257526 -158.909 -0.991872 0.125002 0.0237835 -148.116 0.020368 -0.0285305 0.999385 10.6033
0.124767 0.9919 0.0238509 -158.668 -0.991971 0.124203 0.0238293 -149.896 0.0206739 -0.0266325 0.999431 10.6247
0.120343 0.992444 0.0239532 -158.41 -0.992564 0.119842 0.0213425 -151.92 0.0183106 -0.0263435 0.999485 10.6329
0.264953 0.964013 0.0218874 -158.06 -0.964116 0.264451 0.0233514 -153.573 0.0167229 -0.027289 0.999488 10.7201
0.281102 0.95951 0.0179802 -157.522 -0.959539 0.280693 0.0222692 -155.262 0.0163206 -0.0235126 0.99959 10.7298
0.287624 0.957551 0.0192153 -157.053 -0.957559 0.287118 0.0253716 -156.957 0.0187775 -0.0256972 0.999493 10.7993
0.287039 0.957695 0.0206985 -156.53 -0.957806 0.286607 0.0215382 -158.684 0.0146946 -0.0260075 0.999554 10.8234
0.469883 0.88238 0.0248117 -155.885 -0.882726 0.469628 0.0156429 -160.203 0.00215071 -0.0292522 0.99957 10.8216
0.595171 0.803058 0.0294753 -155.089 -0.80358 0.595012 0.014857 -161.532 -0.00560709 -0.0325282 0.999455 10.8353
0.606805 0.794402 0.0267292 -154.204 -0.794837 0.606655 0.0143207 -162.65 -0.00483904 -0.0299352 0.99954 10.8192
0.60303 0.796949 0.035027 -153.358 -0.797687 0.602812 0.0176687 -163.823 -0.00703365 -0.0385954 0.99923 10.8063
0.603111 0.797266 0.0249934 -152.481 -0.797356 0.603449 -0.00856855 -164.945 -0.0219136 -0.0147609 0.999651 10.7936
0.602924 0.797018 0.0352921 -151.574 -0.797735 0.602847 0.0139907 -166.126 -0.0101248 -0.0365891 0.999279 10.8989
0.603048 0.796876 0.0363553 -150.68 -0.797531 0.603242 0.00661359 -167.26 -0.0166608 -0.0329827 0.999317 10.8958
0.573098 0.818796 0.0336366 -149.827 -0.819418 0.573097 0.0106328 -168.445 -0.0105709 -0.0336561 0.999378 10.8152
0.568866 0.822015 0.0261189 -148.989 -0.822411 0.568352 0.0248038 -169.638 0.00554436 -0.0355905 0.999351 10.7031
0.585811 0.80983 0.031633 -148.11 -0.810417 0.585681 0.014212 -170.788 -0.00701752 -0.0339615 0.999398 10.8708
0.608905 0.792599 0.0319673 -147.25 -0.79317 0.608901 0.0109857 -171.94 -0.0107577 -0.0320448 0.999429 10.8213
0.614063 0.788816 0.0263794 -146.321 -0.789186 0.614113 0.00709471 -173.169 -0.0106035 -0.0251749 0.999627 10.8356
0.656753 0.7536 0.0276164 -145.251 -0.753987 0.656859 0.00632341 -174.474 -0.0133748 -0.0249754 0.999599 10.8486
0.747864 0.663183 0.029794 -144.15 -0.663624 0.74803 0.00739013 -175.537 -0.0173858 -0.0252989 0.999529 10.8428
0.752779 0.657625 0.0292079 -143.055 -0.658032 0.752964 0.00631638 -176.491 -0.0178387 -0.0239745 0.999553 10.7968
0.757526 0.652117 0.0299684 -141.942 -0.652548 0.757717 0.00672489 -177.44 -0.0183222 -0.0246501 0.999528 10.7797
0.757041 0.652739 0.0286576 -140.811 -0.653138 0.75721 0.00669168 -178.391 -0.0173319 -0.0237832 0.999567 10.7771
0.76645 0.641599 0.0300772 -139.733 -0.64204 0.766637 0.00726525 -179.308 -0.0183969 -0.0248793 0.999521 10.7445
0.888664 0.457797 0.0264571 -138.447 -0.458129 0.888851 0.00791508 -180.119 -0.0198929 -0.0191546 0.999619 10.707
0.906555 0.420776 0.0332554 -137.12 -0.421117 0.906999 0.00368944 -180.73 -0.0286102 -0.0173491 0.99944 10.6421
0.910086 0.412808 0.0365105 -135.529 -0.413162 0.910655 0.00239178 -181.43 -0.0322611 -0.0172615 0.99933 10.6243
0.925264 0.377844 0.0334794 -133.958 -0.378196 0.925714 0.00464917 -182.112 -0.0292357 -0.0169635 0.999429 10.5384
0.937552 0.346324 0.0325017 -132.298 -0.346616 0.938 0.0036401 -182.77 -0.0292259 -0.0146784 0.999465 10.5168
0.945917 0.322132 0.0383685 -130.678 -0.322436 0.94659 0.00182207 -183.362 -0.0357323 -0.0140949 0.999262 10.5579
0.949588 0.312617 0.0235352 -128.981 -0.312941 0.949703 0.0115473 -183.872 -0.0187416 -0.0183304 0.999656 10.3967
0.949704 0.310942 0.0371089 -127.366 -0.311375 0.950266 0.00637805 -184.419 -0.0332801 -0.017612 0.999291 10.4463
0.970055 0.239485 0.0405004 -125.65 -0.239771 0.970827 0.00227311 -184.901 -0.0387745 -0.0119158 0.999177 10.44
0.996932 0.066294 0.0416198 -123.898 -0.0665803 0.997766 0.00552854 -185.171 -0.0411603 -0.00828264 0.999118 10.3355
0.997738 0.0560957 0.037043 -121.939 -0.0561215 0.998424 -0.000346719 -185.293 -0.0370041 -0.00173298 0.999314 10.2269
0.995452 0.0864852 0.0399597 -119.851 -0.086768 0.996214 0.00539393 -185.433 -0.039342 -0.00883662 0.999187 10.1901
0.99477 0.0924648 0.0433988 -117.857 -0.0924721 0.995714 -0.00184463 -185.596 -0.0433833 -0.0021782 0.999056 10.113
0.99425 0.0931982 0.0527469 -116.113 -0.093517 0.995611 0.00360402 -185.726 -0.0521795 -0.00851603 0.998601 9.96568
0.994449 0.0951959 0.0448138 -114.167 -0.0954836 0.995422 0.00431863 -185.928 -0.0441975 -0.00857364 0.998986 9.87624
0.998987 0.00914503 0.044075 -112.105 -0.00925182 0.999955 0.00222011 -186.033 -0.0440527 -0.00262563 0.999026 9.86705
0.984785 -0.166883 0.0484604 -110.035 0.167018 0.985953 0.00127136 -185.817 -0.0479918 0.00684175 0.998824 9.76107
0.982767 -0.178459 0.0481948 -108.362 0.178549 0.983928 0.00246338 -185.529 -0.0478598 0.00618418 0.998835 9.65067
0.982241 -0.181066 0.0491636 -106.662 0.181359 0.983416 -0.00151485 -185.199 -0.048074 0.0104042 0.99879 9.58342
0.981602 -0.18447 0.0492695 -104.901 0.184844 0.982763 -0.00309721 -184.853 -0.0478489 0.0121474 0.998781 9.51955
0.979558 -0.193884 0.0536325 -103.198 0.194499 0.980882 -0.00644432 -184.502 -0.0513577 0.016744 0.99854 9.46202
0.97994 -0.192805 0.0504507 -101.509 0.193253 0.98114 -0.00413057 -184.145 -0.0487028 0.0137975 0.998718 9.40005
0.980547 -0.190493 0.0473229 -99.8252 0.190795 0.981628 -0.00191368 -183.808 -0.0460889 0.0109054 0.998878 9.2937
0.980969 -0.189556 0.0420528 -98.1344 0.189778 0.981826 -0.00131923 -183.5 -0.0410385 0.00927482 0.999115 9.1811
0.980852 -0.1893 0.0457742 -96.4142 0.189566 0.981867 -0.00150087 -183.161 -0.04466 0.0101493 0.998951 9.15813
0.981136 -0.18772 0.0461883 -94.6768 0.188181 0.982117 -0.00580294 -182.809 -0.044273 0.0143853 0.998916 9.14097
0.981565 -0.185897 0.0444058 -92.9441 0.18638 0.982453 -0.00695678 -182.456 -0.0423334 0.0151049 0.998989 9.09459
0.973113 -0.226321 0.0427787 -91.2215 0.226841 0.973902 -0.00765383 -182.045 -0.03993 0.017152 0.999055 9.04484
0.968923 -0.243717 0.0423217 -89.5171 0.244367 0.969623 -0.0108511 -181.615 -0.0383914 0.0208559 0.999045 9.03884
0.968595 -0.245681 0.0382816 -87.8233 0.246074 0.969234 -0.00582506 -181.205 -0.0356727 0.0150622 0.99925 9.00142
0.968464 -0.24619 0.0383041 -86.114 0.246536 0.969123 -0.00449986 -180.755 -0.0360136 0.0138013 0.999256 8.9293
0.968192 -0.246371 0.0436605 -84.5242 0.246637 0.969108 -0.000727704 -180.368 -0.0421325 0.0114729 0.999046 8.8076
0.967841 -0.248907 0.0364581 -82.8304 0.249129 0.968469 -0.00161344 -179.884 -0.034907 0.0106443 0.999334 8.73349
0.968476 -0.245946 0.0395637 -81.1001 0.246136 0.969235 7.3418e-05 -179.468 -0.0383646 0.00966693 0.999217 8.70694
0.96836 -0.24607 0.0415879 -79.4593 0.246118 0.969232 0.00404722 -179.027 -0.0413042 0.00631636 0.999127 8.58262
0.96896 -0.244183 0.0386149 -77.7165 0.244343 0.969689 0.00058839 -178.608 -0.0375881 0.00886517 0.999254 8.50257
0.969496 -0.24248 0.0357896 -76.0589 0.2427 0.9701 -0.00188131 -178.167 -0.0342633 0.01051 0.999358 8.47668
0.969741 -0.241689 0.034487 -74.3606 0.241914 0.970295 -0.00245344 -177.709 -0.0328696 0.0107221 0.999402 8.42103
0.970438 -0.238886 0.0344015 -72.6838 0.23884 0.971044 0.00552061 -177.327 -0.0347241 0.00285902 0.999393 8.33443
0.969734 -0.242102 0.0316786 -70.963 0.242122 0.97024 0.00324983 -176.884 -0.0315226 0.00451862 0.999493 8.33033
0.970099 -0.240253 0.0344401 -69.2432 0.240182 0.970708 0.00626502 -176.411 -0.0349364 0.00219418 0.999387 8.29162
0.969724 -0.241957 0.0330341 -67.6092 0.242042 0.970265 0.00147966 -176.02 -0.0324098 0.00656075 0.999453 8.27577
0.969447 -0.243386 0.0306061 -65.9152 0.243357 0.969925 0.00470606 -175.591 -0.030831 0.00288593 0.99952 8.17268
0.969745 -0.240681 0.0408421 -64.2061 0.240926 0.970543 -0.00112619 -175.119 -0.0393679 0.010932 0.999165 8.14952
0.970569 -0.237958 0.0370325 -62.651 0.238054 0.97125 0.0018495 -174.764 -0.0364079 0.00702066 0.999312 8.03923
0.970815 -0.236605 0.0392153 -60.8786 0.236637 0.971591 0.00388757 -174.324 -0.039021 0.00550565 0.999223 7.99033
0.970293 -0.238119 0.0427968 -59.2747 0.237904 0.971236 0.0101084 -173.907 -0.0439728 0.000373444 0.999033 7.93803
0.970345 -0.238588 0.0388209 -57.593 0.23845 0.97112 0.00821103 -173.47 -0.0396588 0.00128934 0.999213 7.9038
0.964831 -0.258307 0.0487757 -55.8814 0.258476 0.966013 0.00290886 -172.968 -0.0478693 0.00980081 0.998806 7.88543
0.96649 -0.254455 0.0339053 -54.2681 0.254446 0.967076 0.00465504 -172.579 -0.0339735 0.00412801 0.999414 7.81584
0.964791 -0.260877 0.0334835 -52.6037 0.26091 0.965357 0.00347834 -172.136 -0.033231 0.00538029 0.999433 7.73424
0.96599 -0.256671 0.0313521 -51.0372 0.256833 0.966455 -0.00120488 -171.705 -0.0299911 0.00921615 0.999508 7.66983
0.966113 -0.255623 0.0358268 -49.3117 0.255667 0.966759 0.00341094 -171.233 -0.0355078 0.00586439 0.999352 7.58457
0.965478 -0.257308 0.040547 -47.5805 0.257512 0.966275 0.000209515 -170.752 -0.0392334 0.010239 0.999178 7.51737
0.966178 -0.254946 0.038769 -45.8785 0.255109 0.966912 0.000784775 -170.361 -0.0376863 0.00913207 0.999248 7.48797
0.966295 -0.253829 0.0429484 -44.2393 0.254176 0.967155 -0.00271823 -169.888 -0.0408477 0.013543 0.999074 7.42702
0.967102 -0.250327 0.0452799 -42.5915 0.250575 0.968097 0.000212852 -169.446 -0.0438886 0.0111402 0.998974 7.28393
0.967744 -0.249161 0.0373069 -40.904 0.249306 0.968425 0.000795808 -169.06 -0.0363271 0.00853067 0.999304 7.18542
0.965937 -0.253133 0.0537553 -39.1298 0.253857 0.967217 -0.00697925 -168.52 -0.0502263 0.0203877 0.99853 7.22814
0.967678 -0.248404 0.0435341 -37.4251 0.248608 0.968604 0.000759212 -168.106 -0.0423558 0.0100882 0.999052 7.10324
0.969046 -0.24314 0.0428219 -35.7715 0.243311 0.969948 0.00124189 -167.733 -0.0418369 0.00921558 0.999082 7.15562
0.968436 -0.245776 0.0415604 -34.1214 0.245868 0.969299 0.00295777 -167.267 -0.0410114 0.00735396 0.999132 7.05832
0.969314 -0.242393 0.0409516 -32.3646 0.242633 0.970118 -0.000903852 -166.823 -0.0395088 0.0108123 0.999161 7.04721
0.969877 -0.243489 0.00726457 -30.6781 0.243485 0.969904 0.00140866 -166.365 -0.00738892 0.000402586 0.999973 6.94719
0.970178 -0.23893 0.0408455 -29.0038 0.23906 0.971004 0.00174052 -165.974 -0.040077 0.0080759 0.999164 6.92854
0.97067 -0.236965 0.0405822 -27.33 0.23723 0.971452 -0.00177764 -165.576 -0.0390025 0.0113528 0.999175 6.86703
0.971668 -0.232757 0.0410638 -25.6063 0.232889 0.972502 0.00159475 -165.182 -0.0403058 0.00801375 0.999155 6.85714
0.97227 -0.230989 0.0365351 -23.8858 0.231096 0.97293 0.00131966 -164.736 -0.0358509 0.00716003 0.999332 6.76867
0.972717 -0.229416 0.0345047 -22.2002 0.229507 0.973306 0.00135096 -164.307 -0.0338935 0.00660495 0.999404 6.73361
0.972728 -0.229924 0.0305736 -20.4781 0.230005 0.973189 0.000880054 -163.887 -0.0299562 0.00617603 0.999532 6.68262
0.973436 -0.226603 0.0327586 -18.7969 0.226626 0.973977 0.00304465 -163.538 -0.0325961 0.00446019 0.999459 6.6632
0.973717 -0.22632 0.0255687 -17.0434 0.226327 0.974048 0.00264781 -163.104 -0.0255044 0.00320868 0.99967 6.63197
0.974078 -0.2245 0.0278023 -15.4528 0.224504 0.974469 0.0030121 -162.8 -0.0277687 0.0033077 0.999609 6.52511
0.973979 -0.226193 0.0142226 -13.7239 0.226237 0.974071 -0.00152289 -162.328 -0.0135094 0.00470094 0.999898 6.5012
0.973929 -0.226808 0.00453427 -12.0808 0.226835 0.973911 -0.0066233 -161.932 -0.00291375 0.00747915 0.999968 6.42064
0.975403 -0.218951 0.0254824 -10.2959 0.218732 0.975722 0.0111448 -161.615 -0.0273039 -0.00529688 0.999613 6.47198
0.975306 -0.219231 0.0267702 -8.58829 0.219102 0.975672 0.00770797 -161.122 -0.0278087 -0.00165223 0.999612 6.41173
0.975281 -0.219402 0.0262547 -6.93605 0.219394 0.975631 0.00322909 -160.758 -0.0263234 0.00261086 0.99965 6.40741
0.975154 -0.219849 0.0272155 -5.17965 0.219772 0.975534 0.00583255 -160.351 -0.0278319 0.000293556 0.999613 6.38146
0.974213 -0.223347 0.0320325 -3.72974 0.223386 0.974727 0.00240661 -159.955 -0.0317605 0.00481105 0.999484 6.13901
0.975423 -0.217763 0.0336095 -1.77815 0.21778 0.975993 0.00319386 -159.587 -0.0334981 0.00420409 0.99943 6.13026
0.975842 -0.216677 0.0280033 -0.102911 0.216618 0.976243 0.00518366 -159.228 -0.0284612 0.00100757 0.999594 6.12005
0.976237 -0.215017 0.0270241 1.64847 0.215092 0.976594 0.000111256 -158.791 -0.0264155 0.00570407 0.999635 6.06611
0.976027 -0.215364 0.0314782 3.37186 0.215756 0.9764 -0.0096049 -158.35 -0.0286668 0.0161662 0.999458 6.01549
0.975535 -0.217298 0.033352 5.03901 0.217832 0.975896 -0.013293 -157.937 -0.0296595 0.020233 0.999355 6.01103
0.976227 -0.214839 0.0287322 6.74226 0.215134 0.976555 -0.00755901 -157.584 -0.0264347 0.0135606 0.999559 5.96042
0.976371 -0.214615 0.0253068 8.46124 0.214899 0.976594 -0.00907843 -157.226 -0.0227661 0.0143023 0.999639 5.94675
0.976325 -0.214881 0.0248015 10.1749 0.21496 0.976623 -0.000560884 -156.806 -0.0241012 0.00587894 0.999692 5.81537
0.976479 -0.214264 0.0240916 11.852 0.214094 0.976768 0.00944054 -156.469 -0.0255546 -0.00406062 0.999665 5.93735
0.976667 -0.213759 0.0206815 13.6052 0.213707 0.976887 0.0047162 -156.08 -0.0212116 -0.000186374 0.999775 5.86076
0.976958 -0.212114 0.0236918 15.3577 0.212332 0.977172 -0.00707729 -155.653 -0.0216497 0.0119447 0.999694 5.79919
0.97398 -0.226172 0.0144704 17.2885 0.22594 0.974009 0.0160561 -155.329 -0.0177257 -0.0123689 0.999766 5.88812
0.968592 -0.245556 0.0391379 18.6462 0.246283 0.969084 -0.0149045 -154.836 -0.034268 0.0240754 0.999123 5.57073
0.960093 -0.278511 0.0255543 20.2488 0.279036 0.960075 -0.0199029 -154.377 -0.0189908 0.0262392 0.999475 5.62791
0.959726 -0.27893 0.0335305 22.0902 0.279785 0.959758 -0.0242031 -153.867 -0.0254302 0.0326096 0.999145 5.5189
0.959256 -0.281256 0.0269156 23.6241 0.281662 0.959431 -0.0126515 -153.398 -0.0222654 0.0197171 0.999558 5.5302
0.95972 -0.279244 -0.0309819 25.297 0.279162 0.960219 -0.00703295 -152.94 0.0317133 -0.0018993 0.999495 6.15793
0.960425 -0.277512 0.0239087 26.4767 0.277947 0.960442 -0.0172523 -152.554 -0.0181752 0.0232149 0.999565 5.67762
0.960061 -0.279121 0.019354 28.088 0.279484 0.959951 -0.0195818 -152.057 -0.0131132 0.0242088 0.999621 5.60611
0.961789 -0.273287 0.0166346 29.83 0.273451 0.961849 -0.00846829 -151.63 -0.0136857 0.0126934 0.999826 5.77874
0.959961 -0.277547 0.03797 31.2804 0.278298 0.96036 -0.0160718 -151.116 -0.0320042 0.0259953 0.99915 5.48217
0.959817 -0.278693 0.032889 33.0096 0.279306 0.960074 -0.0156955 -150.632 -0.0272016 0.0242509 0.999336 5.50703
0.971775 -0.235128 0.0191925 34.5779 0.235413 0.971791 -0.0142366 -150.193 -0.0153037 0.0183529 0.999714 5.58486
0.976201 -0.216077 0.018494 36.3358 0.216306 0.976259 -0.0114199 -149.814 -0.0155874 0.0151485 0.999764 5.5467
0.976469 -0.214635 0.0209976 37.9796 0.214952 0.976522 -0.0141989 -149.404 -0.017457 0.0183783 0.999679 5.36751
0.976965 -0.212464 0.0199583 39.7115 0.212893 0.976815 -0.0225604 -149.047 -0.0147023 0.0262896 0.999546 5.45585
0.976515 -0.214218 0.0230172 41.4078 0.214548 0.976628 -0.0129489 -148.692 -0.0197054 0.0175831 0.999651 5.51228
0.976871 -0.213102 0.0176456 43.0806 0.213443 0.976743 -0.0203815 -148.321 -0.0128919 0.0236764 0.999637 5.41147
0.975936 -0.215699 0.0319902 44.7298 0.216004 0.976372 -0.00637914 -147.919 -0.0298583 0.0131356 0.999468 5.36122
0.977301 -0.210642 0.0226481 46.4879 0.211171 0.977148 -0.0242584 -147.509 -0.0170207 0.0284904 0.999449 5.29602
0.986539 -0.161562 0.0252797 48.2568 0.162039 0.986619 -0.0180717 -147.175 -0.0220217 0.0219247 0.999517 5.25685
0.999075 -0.0338026 0.0265879 50.2409 0.0341777 0.999321 -0.0137854 -146.975 -0.0261038 0.0146814 0.999551 5.27358
0.9893 -0.143429 0.0267188 52.183 0.143995 0.989364 -0.0206128 -146.866 -0.0234781 0.0242396 0.99943 5.22386
0.966073 -0.256697 0.0284449 54.0205 0.257189 0.966242 -0.0152045 -146.457 -0.0235817 0.0220044 0.99948 5.27967
0.960922 -0.275207 0.029851 55.6674 0.275814 0.961033 -0.0185314 -146.023 -0.0235878 0.0260406 0.999383 5.18762
0.960382 -0.277148 0.0292412 57.3309 0.277834 0.96036 -0.0227562 -145.499 -0.0217752 0.0299789 0.999313 5.12517
0.960132 -0.278552 0.023587 59.0257 0.279061 0.960021 -0.0220308 -145.017 -0.0165073 0.0277346 0.999479 5.07639
0.959846 -0.278768 0.0313635 60.7423 0.279649 0.959682 -0.0284256 -144.544 -0.0221748 0.036055 0.999104 5.15735
0.960184 -0.278046 0.0271544 62.4308 0.278633 0.96017 -0.0209021 -144.044 -0.0202611 0.0276359 0.999413 5.08164
0.961936 -0.27268 0.0180029 64.0286 0.273015 0.961805 -0.0198673 -143.537 -0.0118978 0.0240261 0.999641 5.0355
0.962098 -0.272452 0.0116805 65.7276 0.272642 0.961905 -0.0201492 -143.016 -0.00574584 0.02257 0.999729 4.9802
0.961244 -0.274358 0.0271716 67.4198 0.274914 0.961274 -0.0193617 -142.535 -0.0208073 0.0260812 0.999443 4.99408
0.961954 -0.271751 0.0282208 69.0899 0.272314 0.962032 -0.0184248 -142.073 -0.0221424 0.0254087 0.999432 4.9817
0.961234 -0.274333 0.0277501 70.8284 0.274981 0.961174 -0.0230194 -141.558 -0.0203577 0.0297577 0.99935 4.9947
0.961961 -0.271909 0.0263794 72.441 0.272532 0.961852 -0.0238302 -141.128 -0.0188934 0.0301129 0.999368 4.90507
0.962089 -0.27172 0.0234993 74.0582 0.272268 0.96191 -0.0244745 -140.644 -0.015954 0.0299447 0.999424 4.8909
0.962 -0.272375 0.0191883 75.7423 0.272789 0.961776 -0.0239614 -140.144 -0.0119284 0.0282852 0.999529 4.8028
0.962247 -0.271448 0.019934 77.445 0.271854 0.962093 -0.0217204 -139.646 -0.0132824 0.0263196 0.999565 4.83327
0.961016 -0.276352 0.00884146 79.0759 0.27649 0.960675 -0.0256488 -139.154 -0.00140568 0.0270935 0.999632 4.69339
0.961099 -0.275722 0.0163163 80.7467 0.276067 0.960807 -0.0252355 -138.686 -0.00871888 0.0287582 0.999548 4.76647
0.961537 -0.273542 0.024921 82.4194 0.274086 0.961456 -0.0218861 -138.221 -0.0179737 0.0278747 0.99945 4.89301
0.961767 -0.272992 0.0219221 84.1217 0.273463 0.96162 -0.0224978 -137.746 -0.014939 0.0276325 0.999506 4.84551
0.962326 -0.270895 0.0233256 85.8303 0.271396 0.962218 -0.0219182 -137.202 -0.0165068 0.0274229 0.999488 4.82078
0.962115 -0.271935 0.0196792 87.4691 0.272297 0.962028 -0.018909 -136.757 -0.0137899 0.0235513 0.999628 4.87855
0.963627 -0.267006 0.0115002 89.1081 0.267145 0.963569 -0.0129996 -136.369 -0.00761025 0.015599 0.999849 4.91874
0.97511 -0.221361 0.012655 90.8812 0.221562 0.974986 -0.0176677 -135.863 -0.00842753 0.0200318 0.999764 4.85169
0.996826 -0.0790926 0.00903323 92.7968 0.0792231 0.996742 -0.0151387 -135.532 -0.00780645 0.0158062 0.999845 4.83443
0.993754 -0.110904 0.0123698 94.8248 0.111104 0.993666 -0.016834 -135.381 -0.0104245 0.0181032 0.999782 4.87398
0.98705 -0.160079 0.0103374 96.8455 0.160231 0.986948 -0.016108 -135.079 -0.00762398 0.0175557 0.999817 4.86624
0.927821 -0.372872 0.0106981 98.5597 0.372988 0.927752 -0.0124846 -134.539 -0.00527001 0.0155737 0.999865 4.83695
0.922556 -0.385558 0.0153414 100.186 0.385776 0.922464 -0.0154009 -133.91 -0.00821398 0.0201265 0.999764 4.86246
0.920862 -0.389719 0.0114953 101.788 0.38985 0.920787 -0.0129746 -133.263 -0.00552825 0.0164292 0.99985 4.81863
0.919856 -0.391613 0.0224671 103.15 0.391877 0.919976 -0.00872832 -132.647 -0.017251 0.0168331 0.99971 4.78199
0.919874 -0.39178 0.0184259 104.73 0.391968 0.919945 -0.00788082 -131.983 -0.0138632 0.0144717 0.999799 4.80141
0.919699 -0.392415 0.0128089 106.098 0.392556 0.919657 -0.0114209 -131.368 -0.00729813 0.015532 0.999853 4.78071
0.918546 -0.394634 0.0231766 107.663 0.395 0.918574 -0.0140142 -130.641 -0.0157589 0.0220275 0.999633 4.7363
0.918811 -0.394202 0.0197994 109.152 0.394455 0.91885 -0.0109666 -129.989 -0.0138696 0.0178862 0.999744 4.7529
0.865639 -0.500139 0.0230414 110.554 0.500498 0.865629 -0.0137383 -129.305 -0.0130743 0.0234246 0.99964 4.72129
0.78298 -0.621726 0.0199807 111.819 0.622011 0.782877 -0.0143653 -128.39 -0.00671118 0.023676 0.999697 4.735
0.757849 -0.652076 0.0214779 112.96 0.652399 0.757722 -0.0152694 -127.41 -0.00631745 0.0255841 0.999653 4.719
0.751193 -0.659682 0.0230091 114.078 0.659965 0.751262 -0.00726979 -126.485 -0.0124901 0.0206462 0.999709 4.70206
0.724251 -0.68927 0.0191484 115.139 0.6895 0.724219 -0.0098486 -125.536 -0.00707932 0.0203357 0.999768 4.72351
0.699656 -0.714211 0.0196203 116.171 0.714452 0.699608 -0.0103669 -124.446 -0.00632241 0.021271 0.999754 4.71848
0.640682 -0.767589 0.0182738 117.275 0.76778 0.640676 -0.00693957 -123.173 -0.00638087 0.0184763 0.999809 4.74958
0.580672 -0.813976 0.0162401 118.215 0.81413 0.580641 -0.0070623 -121.893 -0.00368114 0.0173224 0.999843 4.74108
0.536965 -0.843415 0.0179022 119.106 0.843604 0.536813 -0.0128472 -120.62 0.00122539 0.0220009 0.999757 4.74029
0.487542 -0.872867 0.0201738 119.911 0.873095 0.487485 -0.00795984 -119.287 -0.00288656 0.0214944 0.999765 4.74085
0.379248 -0.925005 0.0231775 120.587 0.925295 0.379144 -0.00888863 -117.789 -0.000565584 0.024817 0.999692 4.74343
0.34313 -0.93888 0.0276984 121.19 0.939258 0.343207 -0.00205896 -116.127 -0.00757317 0.0267224 0.999614 4.74934
0.259748 -0.965444 0.0212017 121.76 0.965676 0.259669 -0.0064151 -114.436 0.000687973 0.0221403 0.999755 4.78695
0.206939 -0.97806 0.0239776 122.188 0.978352 0.206826 -0.00715915 -112.57 0.0020429 0.02494 0.999687 4.75271
0.185258 -0.982351 0.0258243 122.5 0.98269 0.18518 -0.00539139 -110.863 0.000514073 0.0263761 0.999652 4.7982
0.184814 -0.982401 0.0270614 122.826 0.982774 0.184737 -0.00533161 -109.159 0.000238517 0.0275806 0.99962 4.78486
0.185422 -0.982354 0.0245065 123.12 0.982652 0.18527 -0.00833312 -107.47 0.00364573 0.0256265 0.999665 4.8137
0.175226 -0.983952 0.0336786 123.411 0.984503 0.175365 0.00120046 -105.679 -0.00708725 0.0329463 0.999432 4.81992
0.136361 -0.990313 0.0262141 123.682 0.99063 0.136514 0.00413689 -103.97 -0.00767541 0.0254044 0.999648 4.78723
0.0864149 -0.99593 0.0256132 123.883 0.996259 0.0863613 -0.003193 -101.969 0.000968009 0.0257933 0.999667 4.82201
-0.0733011 -0.996951 0.0267631 123.865 0.997308 -0.0733356 -0.000308831 -99.9039 0.00227058 0.0266684 0.999642 4.84736
-0.0848916 -0.996079 0.0248962 123.701 0.996385 -0.0849473 -0.00118179 -97.9065 0.00329201 0.0247059 0.999689 4.89705
-0.0865734 -0.995856 0.0278696 123.513 0.996238 -0.086646 -0.00140999 -95.8182 0.00381893 0.0276427 0.999611 4.89893
-0.0865944 -0.995735 0.0318231 123.291 0.996239 -0.0866468 -0.00026752 -93.753 0.00302375 0.0316803 0.999494 4.95879
-0.0866903 -0.995549 0.0369834 123.079 0.996236 -0.0866336 0.00313404 -91.7915 8.3914e-05 0.0371159 0.999311 4.98497
-0.0848492 -0.995727 0.0364406 122.917 0.996372 -0.0850351 -0.00357751 -89.7287 0.00666095 0.0360048 0.999329 4.99522
-0.0878486 -0.995465 0.0365025 122.722 0.996118 -0.0879987 -0.00252411 -87.6868 0.00572484 0.0361391 0.99933 5.0102
-0.0873471 -0.995559 0.0351068 122.534 0.996178 -0.0872567 0.00410312 -85.9097 -0.0010216 0.035331 0.999375 5.07051
-0.0810094 -0.995838 0.0417714 122.353 0.996702 -0.0811402 -0.00144166 -83.9387 0.004825 0.0415168 0.999126 5.09547
0.0303899 -0.998792 0.0386247 122.333 0.99946 0.0298822 -0.0136554 -81.9166 0.0124847 0.0390189 0.99916 5.00326
