-0.999714 0.0189931 -0.0145669 -0.0749698 -0.0192059 -0.999709 0.0146083 -0.00928403 -0.0142852 0.0148839 0.999787 0.0338344
-0.999678 0.0251414 -0.00341322 -1.81896 -0.0251883 -0.999578 0.0145019 -0.042478 -0.00304717 0.0145832 0.999889 0.0461181
-0.999637 0.0246363 -0.0109352 -3.64489 -0.0247851 -0.999599 0.0136826 -0.123838 -0.0105937 0.0139486 0.999847 0.0503267
-0.999752 0.0208408 -0.00783584 -5.34712 -0.0209473 -0.999686 0.0137595 -0.172016 -0.00754662 0.0139202 0.999875 0.0468084
-0.998189 0.0597411 -0.00704307 -7.12655 -0.059832 -0.998118 0.0134906 -0.246421 -0.00622386 0.0138876 0.999884 0.0547565
-0.997944 0.0638442 -0.00568947 -8.8349 -0.0639132 -0.997872 0.0129063 -0.371052 -0.00485337 0.0132433 0.999901 0.0600404
-0.997754 0.0668346 -0.00455723 -10.599 -0.066885 -0.997689 0.0120048 -0.500978 -0.00374435 0.0122827 0.999918 0.068758
-0.999594 0.0279594 -0.00552929 -12.3653 -0.0280189 -0.999547 0.0109876 -0.609102 -0.00521957 0.0111381 0.999924 0.0796674
-0.999771 0.0206173 -0.00584532 -14.1137 -0.0206817 -0.999724 0.0111799 -0.654769 -0.0056132 0.0112982 0.99992 0.0799051
-0.99991 -0.0121026 -0.0058314 -15.866 0.0120372 -0.999866 0.0111294 -0.664106 -0.00596531 0.0110582 0.999921 0.074797
-0.999765 -0.0207004 -0.00652209 -17.6334 0.0206327 -0.999734 0.0102946 -0.6499 -0.00673345 0.0101576 0.999926 0.0755309
-0.999705 -0.0230087 -0.00779396 -19.3144 0.022927 -0.999683 0.0104144 -0.570203 -0.0080311 0.0102327 0.999915 0.135147
-0.999968 -0.000151533 -0.0080568 -21.1294 6.06224e-05 -0.999937 0.0112798 -0.585316 -0.00805799 0.011279 0.999904 0.128188
-0.999985 -0.000759476 -0.00551932 -22.8333 0.000682518 -0.999903 0.0139343 -0.556731 -0.00552936 0.0139303 0.999888 -0.0145681
-0.999979 0.00024316 -0.0064674 -24.6123 -0.000319664 -0.99993 0.0118344 -0.585743 -0.00646407 0.0118362 0.999909 0.0771185
-0.999976 0.0017889 -0.00667037 -26.3358 -0.0018617 -0.999939 0.010923 -0.615701 -0.00665042 0.0109352 0.999918 0.111916
-0.999982 0.00244359 -0.00541868 -28.0595 -0.00248828 -0.999963 0.00825831 -0.616562 -0.0053983 0.00827165 0.999951 0.157751
-0.999968 0.00419237 -0.0068512 -29.8447 -0.00425528 -0.999949 0.00919534 -0.653666 -0.00681229 0.0092242 0.999934 0.102157
-0.999968 0.00449867 -0.0066396 -31.6071 -0.00455007 -0.99996 0.00774809 -0.665119 -0.00660447 0.00777805 0.999948 0.11749
-0.999965 0.00440613 -0.00707673 -33.3653 -0.00447054 -0.999949 0.00911353 -0.690935 -0.0070362 0.00914485 0.999933 0.0366077
-0.999976 0.00367148 -0.00593885 -35.0941 -0.00371629 -0.999965 0.00755455 -0.674303 -0.0059109 0.00757644 0.999954 0.1087
-0.999988 0.000957836 -0.00488803 -36.9044 -0.000990673 -0.999977 0.00672374 -0.696523 -0.00488147 0.0067285 0.999965 0.140812
-0.999558 -0.00264884 -0.0296056 -38.5796 0.0019007 -0.999679 0.0252699 -0.722036 -0.029663 0.0252024 0.999242 -0.0416601
-0.999964 -0.00268047 -0.00802302 -40.372 0.00258464 -0.999926 0.0119334 -0.68595 -0.0080544 0.0119122 0.999897 -0.0454828
-0.999983 -0.00123208 -0.00573381 -42.1059 0.00116475 -0.999931 0.0117337 -0.718348 -0.00574787 0.0117268 0.999915 0.0158259
-0.999988 -0.00292096 -0.00401007 -43.8599 0.00288608 -0.999958 0.00868045 -0.706076 -0.00403525 0.00866878 0.999954 0.0733656
-0.999989 -0.00293248 -0.00370526 -45.5818 0.00289974 -0.999957 0.00880958 -0.730573 -0.00373093 0.00879874 0.999954 0.097243
-0.999951 -0.00397153 -0.00910889 -47.3771 0.00386348 -0.999923 0.011849 -0.734819 -0.00915523 0.0118132 0.999888 -0.0582449
-0.999987 -0.00297035 -0.00426148 -49.0722 0.00291787 -0.999921 0.0122701 -0.72999 -0.00429759 0.0122575 0.999916 -0.00744568
-0.999977 -0.00441403 -0.00514058 -50.8565 0.00436566 -0.999947 0.00938263 -0.71928 -0.00518172 0.00935997 0.999943 -0.0413865
-0.99997 -0.00599887 -0.00496444 -52.5937 0.00596749 -0.999963 0.00631305 -0.76954 -0.00500212 0.00628324 0.999968 0.0405114
-0.99997 -0.00617713 -0.00463707 -54.3154 0.00614459 -0.999957 0.00700003 -0.751895 -0.00468011 0.00697133 0.999965 0.0136933
-0.999971 -0.00375803 -0.00668351 -56.1051 0.00372062 -0.999978 0.00560229 -0.740275 -0.00670441 0.00557726 0.999962 0.0561334
-0.998248 0.0590978 -0.00297762 -57.8333 -0.0591161 -0.99823 0.00646173 -0.826221 -0.00259047 0.00662643 0.999975 0.00883087
-0.99736 0.0723132 -0.00669586 -59.6918 -0.0723848 -0.997315 0.0111605 -0.891926 -0.00587083 0.0116157 0.999915 0.0970569
-0.997307 0.0717219 0.0153629 -61.2943 -0.0712659 -0.997053 0.0284185 -1.06488 0.0173559 0.0272471 0.999478 -0.0554605
-0.997206 0.0746007 0.00391302 -63.0352 -0.074361 -0.996283 0.043488 -1.19038 0.00714272 0.0430755 0.999046 0.0820865
-0.99781 0.0659957 -0.00440901 -64.7942 -0.0661145 -0.997115 0.0372839 -1.34646 -0.00193571 0.0374938 0.999295 -0.0297109
-0.997852 0.0647274 0.0100795 -66.5561 -0.0646667 -0.997888 0.00623249 -1.42041 0.0104616 0.00556729 0.99993 0.0454109
-0.997624 0.0688122 -0.00329664 -68.3287 -0.0688479 -0.997551 0.0123145 -1.55414 -0.00244118 0.0125123 0.999919 -0.0103176
-0.998532 -0.0540641 -0.00324955 -70.0787 0.0540122 -0.998437 0.014352 -1.53822 -0.0040204 0.0141555 0.999892 -0.00399879
-0.997237 -0.0741217 -0.00493792 -71.8066 0.0740503 -0.997165 0.0133551 -1.43838 -0.00591382 0.0129525 0.999899 0.00903903
-0.99715 -0.0751018 -0.00717692 -73.5547 0.0749973 -0.997088 0.0138667 -1.29807 -0.00819744 0.013289 0.999878 -0.0198732
-0.998844 -0.047789 -0.00513386 -75.3185 0.0477053 -0.998744 0.0153479 -1.1509 -0.00586086 0.0150852 0.999869 -0.0367066
-0.999363 -0.0346178 -0.00866192 -77.0327 0.034458 -0.999245 0.0179701 -1.14693 -0.00927746 0.0176602 0.999801 -0.0189057
-0.999138 -0.0362909 -0.020186 -78.9198 0.0359979 -0.999244 0.0146967 -1.09088 -0.020704 0.0139573 0.999688 0.0168203
-0.998815 -0.0479323 -0.00850423 -80.8111 0.0477825 -0.998713 0.0170236 -1.03652 -0.00930926 0.016597 0.999819 -0.0506695
-0.99407 -0.108535 -0.00678185 -82.8328 0.108418 -0.993981 0.0157516 -0.868229 -0.00845063 0.0149229 0.999853 -0.0786632
-0.972059 -0.234529 -0.00987283 -84.6095 0.234428 -0.972078 0.0104321 -0.521312 -0.0120438 0.00782619 0.999897 -0.0154869
-0.965942 -0.258593 -0.00929243 -86.4829 0.258511 -0.965965 0.00917139 -0.0448994 -0.0113478 0.00645684 0.999915 -0.0399679
-0.965219 -0.26124 -0.010256 -88.4812 0.261191 -0.965269 0.00594745 0.452245 -0.0114535 0.00306183 0.99993 -0.0783857
-0.961387 -0.274877 -0.0133673 -90.3203 0.274879 -0.961477 0.00172112 0.969196 -0.0133254 -0.00201972 0.999909 -0.0467217
-0.952759 -0.303382 -0.0145085 -92.2265 0.303402 -0.952862 0.000858592 1.56367 -0.0140851 -0.00358388 0.999894 -0.0078496
-0.908282 -0.418267 -0.00881116 -94.0734 0.41828 -0.908318 0.000354501 2.21604 -0.00815161 -0.00336354 0.999961 -0.0707531
-0.89182 -0.452337 -0.00700529 -95.6681 0.452318 -0.891847 0.00420932 3.09985 -0.00815169 0.000585336 0.999967 -0.0897996
-0.891124 -0.453675 -0.00882296 -97.2462 0.453702 -0.891153 -0.00130114 3.80938 -0.0072723 -0.00516246 0.99996 -0.0702964
-0.895157 -0.445706 -0.00643564 -98.8121 0.445725 -0.895169 -0.00181378 4.59067 -0.00495256 -0.00449214 0.999978 -0.0870173
-0.897262 -0.441435 -0.00751846 -100.391 0.441475 -0.897261 -0.00480176 5.38783 -0.00462636 -0.00762764 0.99996 -0.080265
-0.918742 -0.394682 -0.0117962 -102.009 0.394763 -0.918768 -0.00538827 6.11494 -0.00871134 -0.00960714 0.999916 -0.0419401
-0.925057 -0.379664 -0.0111685 -103.628 0.379756 -0.925056 -0.0076026 6.7702 -0.00744501 -0.0112741 0.999909 -0.0728755
-0.938658 -0.344839 -0.00272303 -105.386 0.344845 -0.938576 -0.0125518 7.39571 0.00177256 -0.0127208 0.999918 -0.180266
-0.97688 -0.213675 -0.00702023 -107.276 0.213755 -0.976791 -0.0137289 7.88168 -0.00392375 -0.0149121 0.999881 -0.121733
-0.984749 -0.173923 -0.00454884 -109.187 0.173968 -0.98467 -0.0126764 8.24745 -0.00227439 -0.0132744 0.999909 -0.0932248
-0.999007 -0.0443817 -0.00393528 -111.163 0.04443 -0.998926 -0.0131801 8.39691 -0.00334608 -0.0133419 0.999905 -0.140472
-0.996592 0.0824899 -0.000440513 -112.914 -0.0824829 -0.996554 -0.00881294 8.3826 -0.00116597 -0.00874657 0.999961 -0.142704
-0.982531 0.186099 0.000124263 -114.41 -0.186086 -0.982459 -0.0121462 8.10304 -0.00213831 -0.0119572 0.999926 -0.144999
-0.980119 0.19841 -0.000185873 -116.166 -0.198392 -0.980042 -0.0126129 7.69421 -0.00268469 -0.0123253 0.99992 -0.122515
-0.977636 0.210305 -0.00089364 -117.788 -0.21029 -0.977602 -0.00856007 7.4029 -0.00267384 -0.0081807 0.999963 -0.0912403
-0.97527 0.221017 -0.000300344 -119.248 -0.221006 -0.975235 -0.00856852 7.06255 -0.0021867 -0.00829024 0.999963 -0.099483
-0.974176 0.225284 -0.0151025 -120.933 -0.225303 -0.974289 -0.000427214 6.72113 -0.0148105 0.00298647 0.999886 -0.018917
-0.973823 0.226953 -0.0126927 -122.603 -0.226905 -0.973904 -0.00509941 6.30776 -0.0135188 -0.00208589 0.999906 -0.118213
-0.973467 0.22869 -0.00794318 -124.044 -0.228614 -0.973471 -0.00947641 5.91771 -0.00989961 -0.00740904 0.999924 -0.151465
-0.973897 0.22699 -0.000622778 -125.744 -0.226968 -0.973835 -0.0114618 5.5231 -0.00320819 -0.0110213 0.999934 -0.175187
-0.973595 0.228258 0.00331584 -127.158 -0.228282 -0.973514 -0.0125381 5.20556 0.000366107 -0.012964 0.999916 -0.128864
-0.973235 0.229712 0.0068005 -128.566 -0.229776 -0.973183 -0.0108477 4.81696 0.00412631 -0.0121199 0.999918 -0.172953
-0.972974 0.230767 0.00825911 -129.984 -0.230852 -0.972921 -0.0114842 4.49352 0.00538528 -0.0130805 0.9999 -0.170443
-0.972524 0.232586 0.0100897 -131.424 -0.232674 -0.972517 -0.00864351 4.1822 0.00780207 -0.0107536 0.999912 -0.11247
-0.971838 0.235348 0.0119709 -132.828 -0.235458 -0.971846 -0.00873313 3.82852 0.00957852 -0.0113058 0.99989 -0.116724
-0.938726 0.344597 -0.0068092 -134.434 -0.344575 -0.938749 -0.00430327 3.35079 -0.00787503 -0.00169331 0.999968 -0.121788
-0.87658 0.481095 -0.0124715 -135.784 -0.481149 -0.876637 0.00158959 2.66392 -0.0101682 0.00739406 0.999921 -0.107473
-0.869488 0.493817 -0.0116219 -137.049 -0.493848 -0.869549 -0.00027527 1.93809 -0.0102417 0.00550009 0.999932 -0.128518
-0.806209 0.590115 -0.0423334 -138.204 -0.591093 -0.806463 0.0150629 1.24793 -0.0252514 0.0371668 0.99899 -0.0752982
-0.682756 0.730621 -0.0060888 -139.274 -0.730644 -0.682752 0.0030826 0.175543 -0.00190492 0.00655341 0.999977 -0.177823
-0.626207 0.779621 0.00750467 -140.337 -0.779546 -0.625927 -0.0229081 -1.06602 -0.0131623 -0.0201955 0.999709 -0.153115
-0.455049 0.890132 0.0243927 -141.201 -0.8904 -0.454509 -0.0246965 -2.51153 -0.0108964 -0.0329573 0.999397 -0.203339
-0.435423 0.900226 -0.000296766 -141.991 -0.900219 -0.435418 0.00426886 -4.0494 0.00371373 0.00212592 0.999991 -0.127905
-0.424317 0.904688 -0.0386776 -142.745 -0.905479 -0.423537 0.0269138 -5.55028 0.00796718 0.0464417 0.998889 -0.0991348
-0.41833 0.907285 -0.0428287 -143.511 -0.908287 -0.418061 0.0154939 -7.2228 -0.00384761 0.0453823 0.998962 -0.11438
-0.420596 0.907203 0.00906411 -144.181 -0.900916 -0.418818 0.11376 -8.68815 0.107 0.0396811 0.993467 -0.0335065
-0.432515 0.901607 -0.00606187 -144.945 -0.901374 -0.432224 0.0265992 -10.3443 0.021362 0.0169686 0.999628 -0.0854405
-0.431572 0.902016 -0.0106235 -145.713 -0.901972 -0.431311 0.0204501 -11.9578 0.0138643 0.0184078 0.999734 -0.0373374
-0.431857 0.901697 -0.021041 -146.41 -0.901939 -0.431675 0.0127951 -13.5054 0.00245444 0.0245034 0.999697 -0.0422478
-0.433312 0.901065 -0.0179534 -147.19 -0.901243 -0.433256 0.0070731 -15.1037 -0.0014051 0.0192453 0.999814 -0.0157619
-0.438047 0.898649 -0.0233504 -147.951 -0.89893 -0.438072 0.00430251 -16.6689 -0.00636271 0.0228751 0.999718 -0.0324392
-0.441161 0.89727 -0.0168653 -148.698 -0.897428 -0.441104 0.00718779 -18.2104 -0.000989975 0.0183064 0.999832 -0.00221715
-0.469943 0.882575 -0.0146532 -149.512 -0.882693 -0.469827 0.0107538 -19.7898 0.00260659 0.0179879 0.999835 -0.0320954
-0.56755 0.823207 -0.0147385 -150.444 -0.823338 -0.56743 0.0117445 -21.3443 0.00130505 0.0188004 0.999822 -0.00922454
-0.762676 0.646503 -0.0189394 -151.451 -0.646752 -0.762592 0.0128729 -22.3796 -0.00612066 0.022067 0.999738 0.00461557
-0.736432 0.675937 -0.0278925 -152.774 -0.676437 -0.736338 0.0154829 -23.4402 -0.0100728 0.0302696 0.999491 -0.0713605
-0.447233 0.892232 -0.0624889 -153.789 -0.894407 -0.446478 0.0263477 -24.8617 -0.00439163 0.067674 0.997698 -0.0191199
-0.436878 0.897171 -0.0649783 -154.579 -0.89952 -0.435633 0.0329895 -26.4303 0.00129056 0.0728617 0.997341 0.00829003
-0.440022 0.896279 -0.0553585 -155.377 -0.897987 -0.439141 0.0278471 -28.0453 0.000648588 0.0619645 0.998078 -0.0171759
-0.43746 0.896165 -0.0742847 -156.168 -0.899201 -0.4367 0.0270462 -29.6396 -0.0082023 0.0786284 0.99687 -0.102973
-0.440525 0.89474 -0.0733388 -156.869 -0.897716 -0.439645 0.0286095 -31.0754 -0.00664495 0.0784406 0.996897 -0.0197548
-0.455204 0.887965 -0.0656342 -157.657 -0.890377 -0.45361 0.0383048 -32.7314 0.00424099 0.0758757 0.997108 -0.0310912
-0.456525 0.886634 -0.0739334 -158.507 -0.889689 -0.455522 0.0308891 -34.3659 -0.00629096 0.0798793 0.996785 -0.0395459
-0.456019 0.887427 -0.0672238 -159.31 -0.889915 -0.455531 0.0233219 -35.9266 -0.00992602 0.0704587 0.997465 0.0158545
-0.407557 0.909332 -0.0837492 -160.061 -0.913163 -0.405274 0.043435 -37.4732 0.00555543 0.0941789 0.99554 -0.0598594
-0.31388 0.942151 -0.11761 -160.746 -0.946944 -0.319653 -0.0334566 -39.1825 -0.0691156 0.100869 0.992496 0.0471616
-0.236381 0.971377 -0.0234575 -161.218 -0.971656 -0.236235 0.00883615 -41.338 0.00304175 0.0248813 0.999686 0.0209328
-0.429449 0.902977 -0.0143524 -161.865 -0.903079 -0.429471 0.00167419 -43.307 -0.00465218 0.0136803 0.999896 0.000419916
-0.4728 0.881111 -0.0101821 -162.647 -0.881158 -0.472823 0.000141329 -44.8354 -0.00468981 0.00903886 0.999948 0.032337
-0.462196 0.886708 -0.0111216 -163.467 -0.886764 -0.462223 0.000166806 -46.3939 -0.00499277 0.00993937 0.999938 0.0467882
-0.434501 0.900476 -0.01877 -164.217 -0.900638 -0.434569 0.000463896 -47.9269 -0.00773913 0.0171065 0.999824 0.0784939
-0.416256 0.909187 -0.010479 -164.985 -0.909244 -0.416258 0.00205486 -49.4898 -0.0024937 0.0103833 0.999943 0.0533097
-0.416152 0.909146 -0.0164628 -165.751 -0.909291 -0.416135 0.00463474 -51.159 -0.00263708 0.0168982 0.999854 0.0248351
-0.416322 0.909018 -0.019062 -166.441 -0.909208 -0.416324 0.00403142 -52.7096 -0.00427132 0.0190096 0.99981 0.0754503
-0.416474 0.909038 -0.0141511 -167.164 -0.909133 -0.416505 0.000801747 -54.35 -0.00516517 0.0131991 0.9999 0.066852
-0.41461 0.909858 -0.016037 -167.861 -0.909978 -0.414656 0.000468563 -55.9263 -0.0062235 0.0147876 0.999871 0.0781957
-0.414451 0.910003 -0.0112197 -168.55 -0.910051 -0.414493 -0.0016077 -57.5135 -0.00611347 0.00954416 0.999936 0.0782881
-0.416884 0.908884 -0.0117282 -169.307 -0.908948 -0.416911 0.000174466 -59.0668 -0.00473104 0.0107331 0.999931 0.0827719
-0.415969 0.909299 -0.0121049 -170.017 -0.909375 -0.41597 0.00252852 -60.7003 -0.00273607 0.0120596 0.999924 0.0847778
-0.418199 0.908283 -0.0115055 -170.766 -0.908342 -0.418229 -0.000175617 -62.3161 -0.00497143 0.0103775 0.999934 0.0962957
-0.419876 0.907503 -0.0119799 -171.487 -0.90756 -0.41992 -0.00136773 -63.9186 -0.00627182 0.0102982 0.999927 0.0923397
-0.420001 0.907408 -0.0145401 -172.203 -0.907494 -0.420063 -0.00139679 -65.508 -0.00737522 0.0126084 0.999893 0.0890752
-0.421547 0.906658 -0.0164394 -172.931 -0.906761 -0.421638 -0.00236292 -67.098 -0.00907382 0.0139105 0.999862 0.0905232
-0.426283 0.904406 -0.0182593 -173.643 -0.90456 -0.426346 0.000463085 -68.6773 -0.00736595 0.016714 0.999833 0.103685
-0.426591 0.904406 -0.00838649 -174.38 -0.904415 -0.426634 -0.00415675 -70.2418 -0.00733734 0.00581162 0.999956 0.0345252
-0.42984 0.90278 -0.0150311 -175.122 -0.902873 -0.429906 -0.00130462 -71.8202 -0.00763974 0.0130104 0.999886 0.042556
-0.431459 0.902075 -0.0102057 -175.892 -0.902062 -0.431539 -0.00767485 -73.4007 -0.0113274 0.00589478 0.999918 0.0616635
-0.433714 0.900941 -0.0140662 -176.617 -0.900948 -0.433848 -0.0083189 -75.0233 -0.0135974 0.00906489 0.999867 0.0660977
-0.436236 0.89967 -0.0171 -177.379 -0.899731 -0.436393 -0.00670996 -76.6095 -0.0134991 0.0124583 0.999831 0.0323737
-0.439387 0.898135 -0.0171035 -178.123 -0.898206 -0.439535 -0.00598901 -78.1451 -0.0128965 0.0127309 0.999836 0.0241216
-0.351122 0.936137 -0.0189928 -178.853 -0.936273 -0.351252 -0.00388366 -79.7612 -0.0103069 0.0164188 0.999812 0.0429443
-0.327387 0.94472 -0.0179192 -179.498 -0.944839 -0.327509 -0.00424516 -81.695 -0.00987917 0.0155409 0.99983 0.0271697
-0.387219 0.921725 -0.0220241 -180.109 -0.921934 -0.387345 -0.00159638 -83.3346 -0.0100023 0.0196866 0.999756 0.0388727
-0.398731 0.916896 -0.0177379 -180.827 -0.917 -0.398863 -0.00448433 -84.9761 -0.0111866 0.0144776 0.999833 0.0386789
-0.398849 0.916786 -0.0205883 -181.482 -0.916944 -0.399 -0.00366329 -86.5975 -0.0115732 0.0174172 0.999781 0.0600208
-0.400118 0.916253 -0.0196468 -182.251 -0.91639 -0.400267 -0.00414946 -88.3316 -0.0116659 0.0163438 0.999798 0.0466317
-0.403172 0.914924 -0.0191359 -182.934 -0.91502 -0.403354 -0.00668146 -89.9369 -0.0138316 0.014816 0.999795 0.0264525
-0.401627 0.915611 -0.0187634 -183.597 -0.915769 -0.401705 -0.000439828 -91.4607 -0.00794007 0.0170063 0.999824 0.0571695
-0.403318 0.9148 -0.0218012 -184.376 -0.914995 -0.403458 -0.00227019 -93.2889 -0.0108726 0.0190324 0.99976 0.0388594
-0.405538 0.913805 -0.0223536 -185.093 -0.914026 -0.405656 -0.000858215 -94.916 -0.00985211 0.0200837 0.99975 0.0655584
-0.407126 0.913216 -0.0168786 -185.794 -0.913314 -0.40724 -0.00381904 -96.5019 -0.0103613 0.0138607 0.99985 0.0309743
-0.378632 0.925354 -0.0189185 -186.46 -0.925497 -0.378745 -0.00267335 -98.1336 -0.00963908 0.0164968 0.999817 0.0112476
-0.306714 0.951488 -0.0244652 -187.103 -0.951762 -0.306835 -0.00126901 -100.07 -0.00871423 0.0228959 0.9997 -0.0465241
-0.298933 0.953984 -0.0235154 -187.751 -0.954246 -0.299023 -0.00030005 -102.007 -0.00731789 0.0223498 0.999723 -0.0600376
-0.234343 0.971772 -0.0272733 -188.26 -0.972089 -0.234559 -0.00496872 -103.931 -0.0112257 0.0253477 0.999616 -0.0223285
-0.128962 0.99144 -0.0203937 -188.665 -0.991619 -0.129094 -0.00529818 -106 -0.00788552 0.0195395 0.999778 -0.0303492
-0.120152 0.992514 -0.0219189 -188.799 -0.992719 -0.120309 -0.00599247 -107.701 -0.00858464 0.0210393 0.999742 -0.0165929
-0.119386 0.992637 -0.0204516 -189.043 -0.992802 -0.119554 -0.00720034 -109.717 -0.0095924 0.0194448 0.999765 -0.0012174
-0.120524 0.992467 -0.0220038 -189.242 -0.992667 -0.120696 -0.00669943 -111.496 -0.00930474 0.021035 0.999735 -0.0300823
-0.12499 0.991909 -0.0222508 -189.49 -0.992085 -0.125221 -0.0093098 -113.518 -0.0120207 0.0209111 0.999709 -0.0725369
0.0220977 0.99948 -0.0235007 -189.568 -0.999735 0.0219376 -0.00704125 -115.206 -0.00652203 0.0236501 0.999699 -0.0290604
0.0390074 0.998866 -0.0272947 -189.467 -0.99922 0.0388229 -0.00725717 -116.968 -0.00618928 0.0275565 0.999601 -0.0617458
0.0457726 0.998637 -0.0250857 -189.424 -0.998946 0.045672 -0.00456943 -118.719 -0.00341748 0.0252684 0.999675 -0.0400845
0.0453873 0.998673 -0.0243245 -189.334 -0.998941 0.0451885 -0.00866357 -120.51 -0.00755288 0.0246919 0.999667 -0.0560461
0.2413 0.970212 -0.0215098 -189.069 -0.970402 0.241006 -0.0154051 -122.137 -0.0097622 0.0245904 0.99965 -0.0842073
0.38195 0.924028 -0.0169389 -188.602 -0.924134 0.381678 -0.0172653 -123.605 -0.00948841 0.0222482 0.999707 -0.089359
0.394913 0.918512 -0.0195006 -188.007 -0.918684 0.394625 -0.0170712 -124.903 -0.00798464 0.0246565 0.999664 -0.109199
0.390193 0.920675 -0.0103983 -187.462 -0.920673 0.390014 -0.0158059 -126.25 -0.0104966 0.0157408 0.999821 -0.128568
0.390605 0.920182 -0.0263303 -186.882 -0.92021 0.38951 -0.0386841 -127.561 -0.0253405 0.0393395 0.998905 -0.150517
0.389288 0.921055 -0.0106661 -186.297 -0.921018 0.38905 -0.0191446 -128.93 -0.0134836 0.0172764 0.99976 -0.0589795
0.38933 0.92103 -0.0112463 -185.711 -0.920882 0.388945 -0.0264353 -130.251 -0.0199735 0.0206486 0.999587 -0.0582942
0.354305 0.935045 -0.0126225 -185.178 -0.934992 0.353989 -0.021954 -131.61 -0.0160598 0.0195803 0.999679 -0.127167
0.348455 0.937188 -0.0160908 -184.665 -0.937326 0.348392 -0.00661059 -132.973 -0.000589459 0.0173858 0.999849 -0.232608
0.368264 0.929629 -0.0130927 -184.112 -0.929642 0.368012 -0.0182848 -134.314 -0.0121798 0.0189051 0.999747 -0.0876736
0.394913 0.918622 -0.0133563 -183.562 -0.918606 0.394595 -0.0214097 -135.64 -0.0143971 0.0207241 0.999682 -0.156064
0.400738 0.915984 -0.0195702 -182.969 -0.916089 0.400279 -0.0236116 -137.049 -0.0137943 0.0273901 0.99953 -0.157402
0.450756 0.892457 -0.0184399 -182.26 -0.892546 0.450298 -0.0243849 -138.573 -0.013459 0.02745 0.999533 -0.154891
0.56129 0.827465 -0.0160004 -181.463 -0.827553 0.560895 -0.0235198 -139.86 -0.0104872 0.0264426 0.999595 -0.162606
0.567335 0.823316 -0.0167771 -180.643 -0.823423 0.566919 -0.0240328 -141.045 -0.0102753 0.0274494 0.99957 -0.198931
0.57321 0.819255 -0.015874 -179.806 -0.819346 0.57282 -0.0234547 -142.231 -0.0101224 0.0264508 0.999599 -0.202806
0.572521 0.819711 -0.0171321 -178.957 -0.819843 0.572138 -0.0227282 -143.429 -0.00882864 0.027058 0.999595 -0.199268
0.584431 0.811294 -0.0155898 -178.144 -0.811396 0.584079 -0.0220947 -144.582 -0.0088196 0.0255623 0.999634 -0.218692
0.748202 0.663204 -0.018837 -177.111 -0.663471 0.747929 -0.0202229 -145.676 0.000676852 0.0276286 0.999618 -0.222265
0.775099 0.631706 -0.0130183 -175.982 -0.631809 0.774695 -0.0257861 -146.591 -0.00620401 0.0282119 0.999583 -0.235179
0.780696 0.624834 -0.00982663 -174.618 -0.624837 0.780264 -0.0277021 -147.66 -0.0096418 0.0277669 0.999568 -0.204884
0.803877 0.594678 -0.0118219 -173.26 -0.594773 0.803516 -0.0246455 -148.702 -0.00515705 0.0268433 0.999626 -0.247584
0.82352 0.567146 -0.0126711 -171.818 -0.567274 0.823143 -0.0252329 -149.741 -0.00388057 0.0279678 0.999601 -0.228724
0.837773 0.545972 -0.00714577 -170.398 -0.545937 0.83735 -0.0282592 -150.706 -0.00944519 0.0275759 0.999575 -0.149011
0.842823 0.537862 -0.0188447 -168.881 -0.538135 0.842726 -0.0149835 -151.614 0.00782191 0.0227694 0.99971 -0.260891
0.843864 0.536513 -0.00689798 -167.454 -0.536517 0.843575 -0.0230254 -152.543 -0.00653445 0.0231312 0.999711 -0.185046
0.881408 0.472333 -0.00471577 -165.915 -0.472275 0.881025 -0.0274269 -153.433 -0.00879991 0.0264014 0.999613 -0.153522
0.950239 0.311509 -0.00292349 -164.291 -0.311486 0.949944 -0.0241315 -154.113 -0.00474001 0.0238413 0.999705 -0.199042
0.953309 0.301867 -0.00884802 -162.428 -0.301996 0.95289 -0.0282874 -154.71 -0.000107832 0.0296387 0.999561 -0.230929
0.943503 0.331333 -0.00456076 -160.451 -0.331348 0.943227 -0.0230737 -155.367 -0.00334324 0.0232812 0.999723 -0.187447
0.941541 0.336887 -0.00284585 -158.56 -0.336813 0.941074 -0.0306085 -156.026 -0.00763346 0.0297776 0.999527 -0.182858
0.941122 0.337974 0.00801487 -156.898 -0.33765 0.940872 -0.0274201 -156.591 -0.0168082 0.0230994 0.999592 -0.246856
0.940416 0.340025 0.00105401 -155.056 -0.339899 0.940141 -0.0245612 -157.268 -0.00934234 0.0227395 0.999698 -0.25991
0.966168 0.257914 0.000333706 -153.089 -0.257817 0.965839 -0.0262079 -157.877 -0.00708169 0.0252352 0.999656 -0.196551
0.996442 0.0841417 0.00492998 -151.033 -0.0839719 0.996074 -0.0280277 -158.174 -0.00726892 0.027514 0.999595 -0.215259
0.997318 0.0729664 0.00571575 -149.334 -0.0727899 0.996992 -0.0266292 -158.308 -0.0076416 0.0261418 0.999629 -0.244209
0.997479 0.0706683 0.00650451 -147.6 -0.0704386 0.997048 -0.0305503 -158.412 -0.00864425 0.0300151 0.999512 -0.234065
0.997685 0.067627 0.0071742 -145.807 -0.0673656 0.997217 -0.0319434 -158.522 -0.00931447 0.0313862 0.999464 -0.218414
0.998233 0.0583025 0.0115033 -144.065 -0.0578536 0.997672 -0.0361114 -158.614 -0.0135819 0.0353821 0.999282 -0.210028
0.998159 0.059846 0.00983695 -142.331 -0.0594934 0.997687 -0.032902 -158.701 -0.0117832 0.0322561 0.99941 -0.214088
0.998007 0.0625774 0.00818978 -140.606 -0.0623081 0.997612 -0.0297984 -158.803 -0.0100349 0.0292288 0.999522 -0.25804
0.997952 0.0638414 0.00405267 -138.883 -0.0637053 0.997584 -0.0277229 -158.931 -0.00581275 0.027408 0.999607 -0.309775
0.997898 0.0642725 0.00825387 -137.133 -0.0640123 0.997538 -0.0286524 -159.04 -0.0100751 0.0280639 0.999555 -0.283482
0.997798 0.0658479 0.00801704 -135.368 -0.065553 0.997313 -0.032721 -159.143 -0.0101501 0.0321233 0.999432 -0.25308
0.997684 0.0677311 0.00620575 -133.609 -0.0674897 0.997168 -0.0331754 -159.244 -0.00843519 0.0326797 0.99943 -0.255979
0.999642 0.0263949 0.00439765 -131.846 -0.0262345 0.999104 -0.0332206 -159.287 -0.00527056 0.0330933 0.999438 -0.263046
0.999961 0.00836989 0.0028719 -130.094 -0.00826116 0.999319 -0.0359785 -159.3 -0.00317109 0.0359534 0.999348 -0.223411
0.999978 0.00664168 -0.000161417 -128.35 -0.00664353 0.999532 -0.0298769 -159.327 -3.70919e-05 0.0298773 0.999554 -0.207512
0.99998 0.00638055 -7.29279e-05 -126.572 -0.00638002 0.999577 -0.0283795 -159.313 -0.000108184 0.0283793 0.999597 -0.207586
0.99996 0.00661269 0.00601717 -124.913 -0.00645493 0.999645 -0.025865 -159.332 -0.00618608 0.0258251 0.999647 -0.25469
0.99999 0.00431152 -0.00104447 -123.143 -0.00433603 0.999686 -0.0246727 -159.295 0.000937764 0.024677 0.999695 -0.251686
0.999968 0.00764165 0.00258033 -121.361 -0.00757862 0.999693 -0.0236033 -159.336 -0.0027599 0.023583 0.999718 -0.211001
0.999952 0.00784257 0.00594575 -119.652 -0.00772191 0.999769 -0.0200492 -159.327 -0.00610162 0.0200023 0.999781 -0.25957
0.999947 0.00993817 0.00269754 -117.858 -0.00987528 0.9997 -0.0224166 -159.362 -0.0029195 0.0223888 0.999745 -0.269046
0.99993 0.0118765 -0.000151925 -116.138 -0.0118768 0.999645 -0.0238633 -159.357 -0.000131544 0.0238634 0.999715 -0.234697
0.999916 0.0129593 -0.00103454 -114.376 -0.0129803 0.999631 -0.0238613 -159.343 0.000724937 0.0238727 0.999715 -0.229007
0.999865 0.0163837 0.0013452 -112.651 -0.0163602 0.99974 -0.0159034 -159.402 -0.0016054 0.0158793 0.999873 -0.265069
0.999911 0.0132309 -0.00152719 -110.876 -0.0132552 0.999765 -0.0171763 -159.415 0.00129958 0.017195 0.999851 -0.216592
0.99988 0.0153414 0.00214051 -109.09 -0.0153082 0.999775 -0.0147375 -159.403 -0.00236613 0.014703 0.999889 -0.204328
0.999908 0.0135738 -0.000339267 -107.4 -0.0135779 0.999732 -0.0187742 -159.442 8.43438e-05 0.018777 0.999824 -0.174618
0.999922 0.0123632 -0.00175123 -105.644 -0.0123878 0.999814 -0.0148042 -159.46 0.00156787 0.0148247 0.999889 -0.220191
0.999865 0.0149309 0.00680099 -103.868 -0.0147722 0.99963 -0.022824 -159.446 -0.00713925 0.0227205 0.999716 -0.183592
0.99983 0.0179638 0.00409798 -102.263 -0.017884 0.999665 -0.0187438 -159.496 -0.00443332 0.0186673 0.999816 -0.236396
0.999786 0.0195123 0.00694206 -100.429 -0.0193913 0.999666 -0.0171009 -159.524 -0.00727342 0.0169626 0.99983 -0.22759
0.99976 0.0182087 0.0121845 -98.7626 -0.0180654 0.999768 -0.0117723 -159.532 -0.012396 0.0115493 0.999856 -0.228929
0.999813 0.0176846 0.00786205 -97.0115 -0.0175867 0.999769 -0.0123566 -159.546 -0.00807876 0.012216 0.999893 -0.220571
0.999868 -0.00302969 0.0159912 -95.22 0.00334604 0.999799 -0.0197947 -159.504 -0.015928 0.0198456 0.999676 -0.192723
0.999997 0.0011176 0.00188274 -93.5581 -0.00109099 0.9999 -0.0140746 -159.536 -0.00189827 0.0140725 0.999899 -0.211057
0.999984 -0.00555141 0.00112793 -91.8304 0.00556755 0.999874 -0.0148718 -159.531 -0.00104524 0.0148778 0.999889 -0.228607
0.999997 -0.0012952 -0.00203032 -90.2019 0.0012571 0.999826 -0.0186198 -159.513 0.00205409 0.0186172 0.999825 -0.22935
0.999993 -5.72491e-05 0.00371809 -88.4136 0.00011326 0.999887 -0.0150669 -159.497 -0.00371681 0.0150672 0.99988 -0.247354
0.999968 -0.00188108 0.00780068 -86.6165 0.00203007 0.999815 -0.0191322 -159.473 -0.00776325 0.0191474 0.999787 -0.250559
0.999979 0.000759735 0.00654949 -84.867 -0.000642453 0.99984 -0.0178868 -159.524 -0.00656203 0.0178822 0.999819 -0.226294
0.999947 0.00192067 0.0101125 -83.1489 -0.00169678 0.999755 -0.0221058 -159.487 -0.0101525 0.0220875 0.999704 -0.226925
0.999889 0.00577662 0.0137853 -81.4282 -0.00550541 0.999792 -0.0196332 -159.481 -0.0138958 0.0195551 0.999712 -0.299751
0.999949 0.00724841 0.00701015 -79.6942 -0.00712981 0.999834 -0.0167937 -159.538 -0.00713071 0.0167428 0.999834 -0.337962
0.999762 0.0028379 0.0216165 -77.855 -0.00222578 0.999597 -0.0282881 -159.479 -0.0216881 0.0282332 0.999366 -0.248206
0.999864 0.00814453 0.0143553 -76.1021 -0.00788639 0.999808 -0.0179524 -159.515 -0.0144988 0.0178367 0.999736 -0.325974
0.999804 0.0137312 0.0142425 -74.4033 -0.0134876 0.999764 -0.0170624 -159.576 -0.0144735 0.016867 0.999753 -0.240554
0.999842 0.0111647 0.01387 -72.684 -0.0109587 0.99983 -0.0148408 -159.552 -0.0140333 0.0146864 0.999794 -0.293944
0.999813 0.014621 0.012646 -70.8791 -0.01439 0.999731 -0.0181752 -159.576 -0.0129083 0.0179898 0.999755 -0.259838
0.999725 0.0138242 -0.0189469 -69.1312 -0.0139598 0.999878 -0.00704565 -159.568 0.0188472 0.00730821 0.999796 -0.311368
0.999735 0.018414 0.0138571 -67.4018 -0.0182043 0.99972 -0.015109 -159.615 -0.0141314 0.0148527 0.99979 -0.293981
0.999707 0.0205404 0.0128386 -65.6728 -0.0203052 0.999628 -0.0181956 -159.654 -0.0132076 0.0179296 0.999752 -0.319184
0.999582 0.0252299 0.0141271 -63.9065 -0.0250205 0.999577 -0.0148114 -159.712 -0.0144948 0.0144517 0.999791 -0.29666
0.999581 0.0273146 0.0095752 -62.1323 -0.0271826 0.999537 -0.0136611 -159.726 -0.00994392 0.0133951 0.999861 -0.342985
0.999548 0.0291103 0.00750306 -60.395 -0.0290123 0.999496 -0.0128554 -159.751 -0.0078735 0.0126319 0.999889 -0.333997
0.99958 0.0287726 0.00343703 -58.6243 -0.0287293 0.999515 -0.0120433 -159.789 -0.00378188 0.0119395 0.999922 -0.340683
0.999455 0.0324908 0.00592451 -56.9048 -0.0324289 0.999422 -0.0102623 -159.879 -0.00625452 0.0100646 0.99993 -0.318132
0.999451 0.03311 -0.00128843 -55.0962 -0.0331198 0.999415 -0.00853424 -159.91 0.00100511 0.00857222 0.999963 -0.300114
0.999375 0.0353505 0.000885838 -53.462 -0.0353417 0.999339 -0.00850866 -160.023 -0.00118604 0.00847203 0.999963 -0.35859
0.999333 0.0339705 -0.0133796 -51.6647 -0.034094 0.999377 -0.00911571 -160.013 0.0130616 0.00956579 0.999869 -0.327002
0.999145 0.0336892 -0.0239857 -49.9669 -0.033967 0.99936 -0.0112673 -160.054 0.0235908 0.0120723 0.999649 -0.359406
0.999091 0.0426228 0.000802611 -48.1649 -0.0426234 0.999091 0.000706086 -160.205 -0.000771791 -0.000739658 0.999999 -0.269856
0.99909 0.0426373 0.00102747 -46.3914 -0.0426344 0.999087 -0.00269333 -160.182 -0.00114137 0.00264707 0.999996 -0.287161
0.999089 0.0426653 -0.000762196 -44.7016 -0.0426694 0.999067 -0.00662647 -160.268 0.000478766 0.00665295 0.999978 -0.246337
0.999094 0.0425591 0.000880072 -42.908 -0.0425551 0.999086 -0.00411306 -160.335 -0.00105431 0.00407188 0.999991 -0.212999
0.999222 0.0391148 0.00505278 -41.4068 -0.0390713 0.999201 -0.00843103 -160.333 -0.00537852 0.00822705 0.999952 -0.382263
0.998949 0.0452344 0.00735751 -39.4224 -0.0451765 0.998948 -0.00785306 -160.481 -0.00770499 0.00751242 0.999942 -0.328625
0.998897 0.0468635 0.00309076 -37.7101 -0.0468502 0.998893 -0.00423676 -160.57 -0.00328589 0.00408728 0.999986 -0.291122
0.998809 0.0487668 0.00151672 -35.9135 -0.048752 0.998774 -0.0086479 -160.615 -0.0019366 0.00856365 0.999961 -0.294116
0.99883 0.0482054 0.00392149 -34.1408 -0.0481229 0.998662 -0.0189656 -160.659 -0.00483048 0.0187547 0.999812 -0.304414
0.998923 0.0460787 0.00545924 -32.4211 -0.0459432 0.998684 -0.0227874 -160.708 -0.00650207 0.022512 0.999725 -0.264876
0.998806 0.0487555 0.0031804 -30.6834 -0.0486994 0.998688 -0.0158119 -160.813 -0.00394715 0.0156381 0.99987 -0.27658
0.998801 0.0489583 5.01452e-05 -28.9318 -0.0489511 0.998671 -0.016143 -160.917 -0.000840408 0.0161212 0.99987 -0.258095
0.998801 0.0489086 0.00235735 -27.1686 -0.0488896 0.998776 -0.00755428 -160.96 -0.00272393 0.00742997 0.999969 -0.351543
0.998747 0.0498415 0.00459589 -25.4637 -0.0498534 0.998754 0.00253023 -161.07 -0.00446405 -0.00275618 0.999986 -0.212259
0.998725 0.0504773 0.000307597 -23.6762 -0.050477 0.998725 -0.000879937 -161.146 -0.000351618 0.000863288 1 -0.254483
0.998645 0.052036 0.000377109 -21.8774 -0.0520269 0.998564 -0.0127984 -161.198 -0.00104255 0.0127615 0.999918 -0.276903
0.999265 0.0382708 -0.00216874 -19.9226 -0.0382417 0.999194 0.0121985 -161.395 0.00263383 -0.0121066 0.999923 -0.146995
0.999746 0.0174637 0.0142312 -18.4731 -0.0171202 0.999568 -0.0239127 -161.295 -0.0146426 0.023663 0.999613 -0.395476
0.999859 -0.0167751 0.000746348 -16.8114 0.0167884 0.999549 -0.0249145 -161.272 -0.000328068 0.0249235 0.999689 -0.29054
0.999817 -0.0173389 0.0081492 -14.931 0.0175831 0.999368 -0.03091 -161.259 -0.00760809 0.0310476 0.999489 -0.369443
0.999799 -0.0193936 0.00507603 -13.357 0.019481 0.999652 -0.0177919 -161.209 -0.00472921 0.0178872 0.999829 -0.373557
0.998598 -0.0167921 -0.0501958 -11.6303 0.0169677 0.999851 0.0030756 -161.204 0.0501367 -0.003923 0.998735 0.200271
0.99988 -0.0154759 -0.000446702 -10.3438 0.015463 0.99966 -0.0209851 -161.141 0.00077132 0.0209757 0.99978 -0.231947
0.999838 -0.0170975 -0.00572479 -8.63266 0.016969 0.999619 -0.0217898 -161.084 0.00609515 0.0216891 0.999746 -0.254346
0.999928 -0.0105764 -0.00562616 -6.83961 0.0105191 0.999894 -0.0101194 -161.124 0.00573258 0.0100595 0.999933 -0.0416812
0.999797 -0.0152447 0.0131541 -5.30801 0.0155424 0.999619 -0.0228302 -161.018 -0.012801 0.02303 0.999653 -0.27552
0.999829 -0.0163485 0.0086831 -3.5143 0.0165269 0.999646 -0.0208812 -161.01 -0.00833865 0.0210211 0.999744 -0.206257
0.999576 0.02888 -0.0038779 -1.87403 -0.0289373 0.99946 -0.0156156 -161.002 0.00342481 0.0157212 0.999871 -0.101596
0.998815 0.0485613 -0.00339479 -0.0711281 -0.0486001 0.998741 -0.0124726 -161.096 0.00278483 0.0126228 0.999916 -0.0959253
0.998749 0.0499889 -0.00108093 1.63543 -0.0499997 0.998628 -0.015581 -161.138 0.000300569 0.0156156 0.999878 -0.229202
0.998634 0.0521029 -0.00391123 3.40611 -0.0521798 0.99837 -0.0231287 -161.245 0.00269977 0.0233012 0.999725 -0.126989
0.998716 0.0506428 0.00167818 5.14554 -0.0506135 0.998615 -0.0144054 -161.347 -0.00240539 0.0143019 0.999895 -0.0590256
0.998646 0.0517562 -0.00529288 6.86236 -0.0518519 0.998456 -0.0199041 -161.432 0.00425455 0.0201516 0.999788 -0.125813
0.998705 0.0493172 0.01247 8.56435 -0.0491949 0.99874 -0.00993149 -161.49 -0.012944 0.00930517 0.999873 -0.14275
0.998538 0.0540467 -0.00100302 10.3635 -0.0540551 0.998239 -0.0244654 -161.563 -0.000321022 0.0244838 0.9997 -0.17604
0.994583 0.103889 0.00337521 12.1561 -0.103808 0.994417 -0.0189391 -161.708 -0.00532394 0.0184862 0.999815 -0.187929
0.973065 0.230461 0.0058117 14.1331 -0.230355 0.972993 -0.0148686 -162.041 -0.00908136 0.0131293 0.999873 -0.147707
0.992538 0.121869 0.0041107 16.0434 -0.121756 0.992334 -0.0211933 -162.446 -0.00666198 0.0205346 0.999767 -0.169407
0.999954 0.00661138 0.00702813 17.908 -0.00649732 0.999849 -0.0161337 -162.526 -0.00713373 0.0160872 0.999845 -0.0924398
0.999894 -0.0125559 0.00741071 19.6084 0.0126977 0.999731 -0.0194159 -162.536 -0.00716494 0.0195079 0.999784 -0.150853
0.999878 -0.0145385 0.00575051 21.3465 0.0146673 0.999627 -0.0230273 -162.469 -0.00541359 0.0231088 0.999718 -0.174819
0.999876 -0.015763 0.000632134 23.1011 0.0157726 0.999665 -0.0205298 -162.448 -0.000308319 0.0205372 0.999789 -0.187064
0.999851 -0.0159784 0.00655716 24.8769 0.0161588 0.999465 -0.0284497 -162.441 -0.00609907 0.0285514 0.999574 -0.0799079
0.999879 -0.0148329 0.00474377 26.6357 0.0149239 0.999693 -0.0197747 -162.408 -0.004449 0.0198431 0.999793 -0.11631
0.999954 -0.0090892 -0.00321352 28.315 0.00903652 0.999831 -0.0160393 -162.349 0.00335876 0.0160095 0.999866 -0.111572
0.999926 -0.00882008 -0.00839362 30.0891 0.00869934 0.99986 -0.0143116 -162.302 0.00851868 0.0142376 0.999862 -0.112339
0.999908 -0.0108584 0.00808276 31.8478 0.0109971 0.99979 -0.0173162 -162.285 -0.00789303 0.0174035 0.999817 -0.0496789
0.999909 -0.00810104 0.0108117 33.5811 0.00827735 0.999832 -0.0163585 -162.279 -0.0106774 0.0164465 0.999808 -0.0291662
0.999883 -0.0108252 0.0107844 35.3928 0.0110428 0.999732 -0.020331 -162.242 -0.0105614 0.0204478 0.999735 0.0161856
0.999906 -0.00833141 0.0109253 37.0855 0.00855321 0.999755 -0.0204181 -162.259 -0.0107525 0.0205096 0.999732 -0.0551008
0.999918 -0.00837848 0.00970889 38.8069 0.00857083 0.999765 -0.0199426 -162.235 -0.00953952 0.0200241 0.999754 -0.05208
0.999925 -0.00959022 0.00770153 40.5895 0.00972739 0.999791 -0.0179798 -162.22 -0.0075275 0.0180534 0.999809 -0.110423
0.999893 -0.00950847 0.0111142 42.3958 0.00968204 0.99983 -0.0156703 -162.212 -0.0109633 0.0157763 0.999815 -0.0657306
0.999883 -0.0152847 0.00113387 44.1335 0.015301 0.999752 -0.0162051 -162.148 -0.0008859 0.0162205 0.999868 -0.230078
0.999865 -0.0142947 0.00809495 45.8906 0.0144345 0.999743 -0.0174857 -162.056 -0.00784291 0.0176002 0.999814 -0.306217
0.999822 -0.0108923 0.0153928 47.6344 0.0111434 0.999805 -0.0163169 -161.987 -0.015212 0.0164855 0.999748 -0.286154
0.999913 -0.00908808 0.0096257 49.3994 0.00924054 0.999831 -0.0159215 -161.969 -0.00947938 0.0160091 0.999827 -0.387109
0.999953 -0.00590015 0.00773537 51.178 0.00601998 0.999861 -0.0155638 -161.912 -0.00764246 0.0156097 0.999849 -0.450615
0.99998 -0.0061606 0.00147811 52.8621 0.00617722 0.999915 -0.0115042 -161.936 -0.00140711 0.0115131 0.999933 -0.389197
0.99997 -0.000381574 -0.00779409 54.5382 0.00035474 0.999994 -0.00344473 -162.018 0.00779536 0.00344186 0.999964 -0.285018
0.998863 0.0467494 -0.00930664 56.3602 -0.0468249 0.998871 -0.00806534 -162.028 0.00891908 0.00849196 0.999924 -0.216349
0.981778 0.189619 -0.012511 58.2934 -0.189688 0.981834 -0.00457251 -162.238 0.0114166 0.00686236 0.999911 -0.13477
0.987403 0.157914 -0.00988817 60.2845 -0.157987 0.987416 -0.00705471 -162.639 0.00864971 0.00852804 0.999926 -0.0406584
0.994026 0.10853 -0.0115705 62.3004 -0.108602 0.994069 -0.00579782 -162.886 0.0108726 0.00701976 0.999916 0.00342328
0.993613 -0.112391 -0.0101123 64.0752 0.112373 0.993663 -0.00238271 -162.817 0.010316 0.00123114 0.999946 0.00874489
0.992002 -0.126076 -0.00605747 65.7941 0.126037 0.992005 -0.00639449 -162.634 0.00681523 0.00557987 0.999961 0.0764225
0.991428 -0.130368 -0.00867677 67.5021 0.130346 0.991464 -0.0029826 -162.434 0.00899153 0.00182604 0.999958 0.0652963
0.991204 -0.132299 0.00334136 68.9738 0.132306 0.991208 -0.00178836 -162.202 -0.00307539 0.0022147 0.999993 0.0387488
0.991213 -0.132273 -0.000279281 70.6737 0.132273 0.991213 9.85329e-05 -161.98 0.000263795 -0.000134612 1 0.0633414
0.991114 -0.132835 -0.00694047 72.1541 0.132825 0.991138 -0.00187561 -161.754 0.0071281 0.000937073 0.999974 0.0337219
0.990806 -0.135269 0.00221023 73.8633 0.135282 0.990781 -0.00718104 -161.474 -0.00121847 0.00741402 0.999972 0.0245757
0.990905 -0.134562 -0.000601519 75.4812 0.134559 0.9909 -0.00341136 -161.238 0.00105508 0.00329939 0.999994 0.0478183
0.968019 -0.250872 0.00146461 77.0185 0.250876 0.967994 -0.00701029 -160.959 0.000340941 0.00715352 0.999974 0.0425277
0.920787 -0.390061 -0.00188407 78.4758 0.390041 0.920772 -0.00682459 -160.416 0.0043968 0.00554913 0.999975 0.0818124
0.904726 -0.425994 -0.000943302 79.8316 0.425973 0.9047 -0.0081387 -159.781 0.00432044 0.00696147 0.999966 0.0787772
0.9005 -0.434849 0.00262258 81.1542 0.434852 0.900502 -0.000787033 -159.185 -0.00201941 0.00184916 0.999996 0.0978248
0.882402 -0.470493 -0.00177449 82.4164 0.470489 0.882404 -0.00215497 -158.563 0.00257972 0.00106666 0.999996 0.139546
0.865382 -0.501111 -0.00146548 83.6898 0.501107 0.865382 -0.00270899 -157.805 0.0026257 0.00160994 0.999995 0.145426
0.82278 -0.568357 -0.00181896 85.0824 0.568359 0.82278 0.00105243 -156.893 0.000898444 -0.00189974 0.999998 0.192273
0.777253 -0.629177 -0.00377393 86.3163 0.629185 0.777254 0.00158501 -155.922 0.00193603 -0.00360646 0.999992 0.194364
0.742931 -0.669359 -0.00364529 87.5016 0.669345 0.742939 -0.00429885 -154.934 0.00558569 0.00075379 0.999984 0.205585
0.703341 -0.710853 1.76214e-05 88.6145 0.710853 0.703341 2.7125e-05 -153.871 -3.16814e-05 -6.55699e-06 1 0.222454
0.613115 -0.789989 0.00282837 89.6475 0.789994 0.613114 -0.00145234 -152.616 -0.000586783 0.00312485 0.999995 0.226294
0.582428 -0.81283 0.00926582 90.6604 0.812834 0.58248 0.00425506 -151.184 -0.00885579 0.0050533 0.999948 0.241059
