0.35254 -0.935777 0.00599026 -189.913 0.935644 0.352591 0.0158112 -113.805 -0.0169078 3.06722e-05 0.999857 0
0.352232 -0.935892 0.0062445 -189.915 0.935751 0.352287 0.0162357 -113.803 -0.0173948 0.000124555 0.999849 0
0.352584 -0.935761 0.0060774 -189.907 0.935619 0.352636 0.0162859 -113.793 -0.0173828 -5.60135e-05 0.999849 0
0.352721 -0.935711 0.00571918 -189.902 0.935574 0.352767 0.01605 -113.806 -0.0170357 -0.000310443 0.999855 0
0.352688 -0.935725 0.00553083 -189.91 0.935582 0.352731 0.0163357 -113.829 -0.0172366 -0.00058686 0.999851 0
0.352489 -0.9358 0.00553561 -189.915 0.935653 0.352532 0.0166012 -113.839 -0.0174868 -0.000672322 0.999847 0
0.352601 -0.935757 0.00553211 -189.911 0.935616 0.352644 0.0162783 -113.845 -0.0171834 -0.000563802 0.999852 0
0.352774 -0.935692 0.00552942 -189.91 0.935562 0.352817 0.0156109 -113.842 -0.0165578 -0.000333991 0.999863 0
0.3526 -0.935757 0.00561216 -189.908 0.935625 0.352645 0.0157176 -113.828 -0.016687 -0.000291152 0.999861 0
0.352348 -0.935852 0.00558125 -189.913 0.935718 0.352393 0.0158524 -113.813 -0.0168023 -0.000363082 0.999859 0
0.352413 -0.935829 0.00534313 -189.91 0.935694 0.352453 0.0159429 -113.803 -0.016803 -0.000618948 0.999859 0
0.352732 -0.93571 0.00527969 -189.909 0.935573 0.352771 0.0160283 -113.807 -0.0168603 -0.000714144 0.999858 0
0.352244 -0.935896 0.00477681 -189.907 0.935751 0.352274 0.0165575 -113.816 -0.0171789 -0.00136239 0.999852 0
0.35306 -0.93558 0.0062277 -189.905 0.935436 0.353114 0.0164399 -113.819 -0.01758 2.13347e-05 0.999846 0
0.352862 -0.935654 0.0063835 -189.919 0.935512 0.352919 0.0162982 -113.811 -0.0175023 0.000220822 0.999847 0
0.352773 -0.93569 0.00590722 -189.919 0.93555 0.352823 0.0161937 -113.816 -0.0172364 -0.000186184 0.999852 0
0.353849 -0.935282 0.00614149 -189.92 0.935142 0.353902 0.0162113 -113.822 -0.0173356 6.81728e-06 0.99985 0
0.35377 -0.935314 0.00595229 -189.916 0.935167 0.35382 0.0165559 -113.807 -0.017591 -0.000290578 0.999845 0
0.353501 -0.935413 0.00626643 -189.92 0.935265 0.353557 0.0166272 -113.803 -0.0177689 -1.69743e-05 0.999842 0
0.352974 -0.935611 0.00649742 -189.918 0.935463 0.353034 0.0166205 -113.804 -0.0178441 0.0002115 0.999841 0
0.353129 -0.93555 0.00678351 -189.926 0.935399 0.353194 0.0168367 -113.81 -0.0181474 0.000399763 0.999835 0
0.353656 -0.935353 0.00647971 -189.925 0.935215 0.353715 0.0160805 -113.81 -0.017333 0.000372951 0.99985 0
0.353365 -0.935466 0.00605122 -189.927 0.935333 0.353417 0.0157803 -113.807 -0.0169006 8.36831e-05 0.999857 0
0.354085 -0.935196 0.00566085 -189.929 0.935053 0.35413 0.0163546 -113.813 -0.0172994 -0.000497719 0.99985 0
0.354096 -0.935192 0.0055841 -189.921 0.93505 0.354139 0.0163104 -113.813 -0.0172309 -0.000554038 0.999851 0
0.3539 -0.935265 0.00583349 -189.92 0.935119 0.353948 0.016536 -113.8 -0.0175303 -0.000397095 0.999846 0
0.354349 -0.935096 0.00561857 -189.912 0.934976 0.354394 0.0149839 -113.794 -0.0160026 -5.62984e-05 0.999872 0
0.353979 -0.935239 0.00509631 -189.918 0.935114 0.354015 0.0153358 -113.78 -0.0161469 -0.000662943 0.99987 0
0.353811 -0.935303 0.0051416 -189.925 0.935169 0.353847 0.0158583 -113.785 -0.0166516 -0.000802564 0.999861 0
0.353654 -0.935361 0.00537825 -189.921 0.935223 0.353695 0.0160994 -113.792 -0.016961 -0.000663741 0.999856 0
0.353546 -0.935401 0.00541888 -189.921 0.935266 0.353588 0.0159253 -113.809 -0.0168126 -0.00056223 0.999859 0
0.352905 -0.935639 0.00608658 -189.915 0.935511 0.352958 0.0155112 -113.819 -0.0166612 0.000220064 0.999861 0
0.353116 -0.935559 0.00621141 -189.911 0.935429 0.35317 0.0155917 -113.816 -0.0167807 0.000304637 0.999859 0
0.353425 -0.935441 0.00633348 -189.916 0.93531 0.353482 0.0156886 -113.808 -0.0169146 0.000379004 0.999857 0
0.353881 -0.935272 0.0059589 -189.924 0.935132 0.353931 0.016165 -113.814 -0.0172277 -0.000148127 0.999852 0
0.35369 -0.935344 0.00593584 -189.915 0.935201 0.35374 0.0163533 -113.808 -0.0173957 -0.000232808 0.999849 0
0.35341 -0.935449 0.00606957 -189.921 0.935304 0.353462 0.0165048 -113.799 -0.0175848 -0.000156082 0.999846 0
0.353373 -0.935461 0.00639347 -189.926 0.935317 0.353431 0.0164169 -113.8 -0.017617 0.000178628 0.999845 0
0.352223 -0.935893 0.00658788 -189.934 0.935755 0.352284 0.0161168 -113.837 -0.0174044 0.000487937 0.999849 0
0.351011 -0.936354 0.005652 -189.902 0.936221 0.351057 0.0157917 -113.797 -0.0167708 -0.000251548 0.999859 0
0.351807 -0.936053 0.00613081 -189.887 0.935916 0.35186 0.0159748 -113.735 -0.0171104 0.000117896 0.999854 0
0.352037 -0.935971 0.00524713 -189.876 0.935834 0.352076 0.0160552 -113.689 -0.0168746 -0.000741584 0.999857 0
0.351864 -0.936042 0.00425825 -189.858 0.935902 0.351885 0.0162861 -113.668 -0.0167429 -0.00174518 0.999858 0
0.351758 -0.936082 0.00401286 -189.839 0.935934 0.351774 0.016807 -113.627 -0.0171444 -0.00215622 0.999851 0
0.351108 -0.936324 0.00445493 -189.814 0.936163 0.351131 0.0175011 -113.579 -0.017951 -0.00197424 0.999837 0
0.350489 -0.936541 0.00693527 -189.792 0.936366 0.350558 0.0180977 -113.495 -0.0193805 0.000150904 0.999812 0
0.350052 -0.936687 0.00897535 -189.75 0.936528 0.350159 0.0174401 -113.395 -0.0194787 0.00230074 0.999808 0
0.348824 -0.937136 0.00989715 -189.718 0.937003 0.348946 0.0162007 -113.285 -0.0186359 0.00362245 0.99982 0
0.347439 -0.937643 0.0106061 -189.684 0.937516 0.347573 0.016 -113.184 -0.0186887 0.00438435 0.999816 0
0.346216 -0.938099 0.0102724 -189.653 0.937962 0.346346 0.0164823 -113.087 -0.0190199 0.00392866 0.999811 0
0.346205 -0.938121 0.0084595 -189.614 0.937976 0.346302 0.0166017 -112.996 -0.018504 0.0021872 0.999826 0
0.345985 -0.938214 0.00695726 -189.584 0.93805 0.346055 0.0175746 -112.902 -0.0188964 0.000445691 0.999821 0
0.345881 -0.938264 0.00514876 -189.557 0.938075 0.345915 0.0189516 -112.807 -0.0195627 -0.00172507 0.999807 0
0.344999 -0.938597 0.00333577 -189.502 0.938316 0.344979 0.0235 -112.718 -0.0232078 -0.00497748 0.999718 0
0.345006 -0.938591 0.00430799 -189.474 0.938262 0.345001 0.0252658 -112.61 -0.0252005 -0.00467483 0.999672 0
0.344318 -0.938836 0.00566611 -189.444 0.938534 0.344352 0.0239779 -112.519 -0.0244624 -0.00293817 0.999697 0
0.343704 -0.939059 0.0059329 -189.423 0.93881 0.34375 0.021717 -112.42 -0.022433 -0.00189435 0.999747 0
0.34336 -0.939182 0.0064802 -189.384 0.938965 0.34342 0.0201911 -112.317 -0.0211885 -0.000848107 0.999775 0
0.342811 -0.939386 0.00586781 -189.329 0.939183 0.34286 0.0195649 -112.209 -0.0203908 -0.00119612 0.999791 0
0.342931 -0.939346 0.00526644 -189.283 0.939119 0.342964 0.0207604 -112.111 -0.0213074 -0.00217356 0.999771 0
0.342788 -0.93941 0.00243481 -189.232 0.939156 0.342753 0.0224951 -111.93 -0.0219666 -0.00542436 0.999744 0
0.343204 -0.939259 0.00180673 -189.186 0.93901 0.343156 0.0224704 -111.804 -0.0217256 -0.0060154 0.999746 0
0.342547 -0.939499 0.00157427 -189.14 0.939268 0.342499 0.021664 -111.696 -0.0208925 -0.00594229 0.999764 0
0.341935 -0.939722 0.00152493 -189.088 0.939521 0.341895 0.0201902 -111.59 -0.0194945 -0.00547103 0.999795 0
0.340465 -0.940251 0.00328627 -189.049 0.940082 0.340467 0.0181122 -111.476 -0.0181489 -0.00307722 0.999831 0
0.340328 -0.940295 0.00473993 -189.005 0.940104 0.340355 0.0190402 -111.35 -0.0195167 -0.00202389 0.999808 0
0.340778 -0.940128 0.00542336 -188.959 0.939895 0.340815 0.0210571 -111.244 -0.0216448 -0.00207843 0.999764 0
0.340801 -0.940118 0.00580806 -188.911 0.939854 0.340844 0.0223788 -111.143 -0.0230184 -0.00216801 0.999733 0
0.341395 -0.939906 0.0050868 -188.899 0.939642 0.341421 0.0224578 -111.084 -0.022845 -0.0028872 0.999735 0
0.340832 -0.940117 0.00372462 -188.846 0.939879 0.340831 0.0214839 -110.944 -0.0214669 -0.00382171 0.999762 0
0.339889 -0.940454 0.00463099 -188.793 0.940197 0.339906 0.022239 -110.797 -0.0224888 -0.00320475 0.999742 0
0.339925 -0.940444 0.00409109 -188.742 0.940168 0.339926 0.023138 -110.666 -0.0231506 -0.00401887 0.999724 0
0.340401 -0.940273 0.00369029 -188.711 0.940019 0.340396 0.022235 -110.62 -0.0221632 -0.00409988 0.999746 0
0.338792 -0.940847 0.00525017 -188.666 0.94059 0.338823 0.0221289 -110.484 -0.0225988 -0.00255883 0.999741 0
0.33828 -0.94103 0.00533981 -188.614 0.94074 0.338309 0.0235686 -110.346 -0.0239853 -0.00294942 0.999708 0
0.338505 -0.94094 0.006831 -188.588 0.940671 0.338572 0.0225212 -110.218 -0.0235038 -0.00119781 0.999723 0
0.339657 -0.940538 0.00465404 -188.555 0.94028 0.339674 0.0222321 -110.095 -0.022491 -0.00317519 0.999742 0
0.340367 -0.940288 0.00315166 -188.502 0.940016 0.340346 0.0231093 -109.991 -0.022802 -0.00490301 0.999728 0
0.339478 -0.940612 0.00190479 -188.455 0.940329 0.339424 0.0239487 -109.869 -0.0231729 -0.00633892 0.999711 0
0.339 -0.940782 0.00296648 -188.406 0.940471 0.338966 0.0248471 -109.759 -0.0243813 -0.00563329 0.999687 0
0.337641 -0.941262 0.0049405 -188.391 0.940965 0.33766 0.0238901 -109.632 -0.024155 -0.00341743 0.999702 0
0.336822 -0.941549 0.00609738 -188.355 0.941256 0.33687 0.0235608 -109.517 -0.0242377 -0.0021966 0.999704 0
0.337184 -0.941417 0.00644011 -188.305 0.941105 0.337239 0.0242984 -109.397 -0.0250468 -0.00213223 0.999684 0
0.336816 -0.941553 0.00571817 -188.26 0.941208 0.336849 0.0257166 -109.277 -0.0261397 -0.00327977 0.999653 0
0.337995 -0.941141 0.00374725 -188.215 0.940792 0.337974 0.0261557 -109.16 -0.0258827 -0.00531511 0.999651 0
0.338716 -0.940881 0.00370703 -188.178 0.940516 0.338691 0.0268053 -109.027 -0.0264761 -0.00559286 0.999634 0
0.338732 -0.940865 0.00572065 -188.128 0.940435 0.338753 0.028788 -108.888 -0.0290235 -0.00437152 0.999569 0
0.339334 -0.940616 0.00969898 -188.073 0.940132 0.33947 0.0302108 -108.758 -0.0317093 -0.00113323 0.999497 0
0.33854 -0.940896 0.0102188 -188.046 0.940396 0.338694 0.030694 -108.646 -0.0323409 -0.000781389 0.999477 0
0.338291 -0.940967 0.0118477 -187.985 0.940516 0.338496 0.0291731 -108.532 -0.0314614 0.00127397 0.999504 0
0.338342 -0.940935 0.0128596 -187.953 0.94051 0.338577 0.0284021 -108.401 -0.0310785 0.00248492 0.999514 0
0.338002 -0.941032 0.014615 -187.908 0.940647 0.338288 0.027302 -108.254 -0.0306361 0.00451939 0.99952 0
0.338356 -0.940855 0.0175435 -187.858 0.940507 0.338728 0.0266513 -108.125 -0.0310175 0.00748215 0.999491 0
0.338046 -0.940932 0.0193045 -187.802 0.940654 0.338456 0.0248503 -108.011 -0.0299162 0.00975834 0.999505 0
0.337571 -0.941112 0.0188203 -187.771 0.940845 0.337962 0.0243234 -107.897 -0.0292516 0.0094961 0.999527 0
0.338794 -0.940634 0.020643 -187.707 0.940424 0.339224 0.0230136 -107.762 -0.02865 0.0116163 0.999522 0
0.338992 -0.940533 0.0219787 -187.668 0.940368 0.339446 0.0219999 -107.619 -0.0281522 0.0132103 0.999516 0
0.33792 -0.940882 0.0234869 -187.622 0.94077 0.338402 0.020898 -107.467 -0.0276106 0.0150339 0.999506 0
0.337568 -0.94095 0.0257204 -187.577 0.940874 0.338112 0.0209023 -107.338 -0.0283644 0.0171437 0.999451 0
0.337084 -0.941053 0.0281561 -187.53 0.941016 0.337703 0.0211315 -107.224 -0.0293942 0.0193723 0.99938 0
0.336445 -0.941179 0.0314056 -187.455 0.941168 0.337191 0.0224847 -107.004 -0.0317519 0.0219931 0.999254 0
0.337597 -0.940629 0.0352796 -187.386 0.940679 0.338491 0.0233758 -106.866 -0.0339298 0.0252951 0.999104 0
0.338056 -0.940332 0.0386455 -187.332 0.940485 0.339056 0.0229859 -106.734 -0.0347174 0.0285749 0.998989 0
0.338333 -0.940131 0.0410387 -187.337 0.940339 0.339431 0.0234439 -106.671 -0.0359702 0.0306584 0.998883 0
0.336234 -0.940839 0.0420407 -187.236 0.941211 0.337247 0.0196814 -106.506 -0.0326952 0.0329516 0.998922 0
0.337117 -0.940753 0.036542 -187.206 0.940984 0.337929 0.0187784 -106.375 -0.0300144 0.0280549 0.999156 0
0.338086 -0.940297 0.0392434 -187.147 0.940679 0.338905 0.0163444 -106.224 -0.0286684 0.0313896 0.999096 0
0.339799 -0.939811 0.0359417 -187.109 0.940023 0.340594 0.0187951 -106.066 -0.0299054 0.0273995 0.999177 0
0.339523 -0.939979 0.0341133 -187.06 0.940037 0.340349 0.0221845 -105.92 -0.0324634 0.0245357 0.999172 0
0.339005 -0.9401 0.0358756 -187.021 0.940219 0.339877 0.0217141 -105.804 -0.0326067 0.0263698 0.99912 0
0.338648 -0.940145 0.0380234 -186.976 0.940323 0.33959 0.0217114 -105.681 -0.0333242 0.0284017 0.999041 0
0.339369 -0.939906 0.037478 -186.924 0.940098 0.340268 0.0208044 -105.562 -0.0323068 0.0281727 0.999081 0
0.341024 -0.939362 0.0360716 -186.85 0.939537 0.341859 0.0200777 -105.437 -0.0311916 0.0270437 0.999148 0
0.340811 -0.939441 0.0360223 -186.807 0.939599 0.341658 0.0205892 -105.32 -0.0316496 0.0268294 0.999139 0
0.340578 -0.939595 0.0341888 -186.787 0.939741 0.341337 0.0193913 -105.168 -0.0298899 0.0255244 0.999227 0
0.3389 -0.940262 0.0324612 -186.743 0.940313 0.33965 0.0211949 -105.024 -0.0309542 0.0233408 0.999248 0
0.338659 -0.940299 0.0338836 -186.681 0.940428 0.339418 0.0197585 -104.907 -0.0300796 0.0251737 0.999231 0
0.33786 -0.9405 0.0361885 -186.627 0.940718 0.338664 0.0188653 -104.752 -0.0299986 0.0276693 0.999167 0
0.337843 -0.940609 0.0334325 -186.54 0.940771 0.33855 0.0182576 -104.47 -0.0284918 0.0252841 0.999274 0
0.338567 -0.940412 0.0315862 -186.473 0.940594 0.339164 0.0158255 -104.299 -0.0255954 0.0243518 0.999376 0
0.338183 -0.940623 0.029341 -186.405 0.940742 0.338733 0.0162422 -104.12 -0.0252166 0.0221094 0.999438 0
0.337725 -0.940685 0.0324619 -186.281 0.940883 0.338351 0.0160796 -103.842 -0.0261093 0.0251124 0.999344 0
0.337445 -0.940714 0.0344583 -186.226 0.941021 0.338063 0.0138815 -103.658 -0.0247076 0.0277418 0.99931 0
0.338514 -0.940388 0.0328392 -186.154 0.940646 0.339098 0.0140564 -103.507 -0.0243541 0.0261318 0.999362 0
0.339624 -0.940055 0.0308583 -186.081 0.940234 0.340189 0.0152237 -103.352 -0.0248088 0.0238437 0.999408 0
0.338372 -0.940514 0.0306354 -186.06 0.94064 0.338974 0.0171099 -103.18 -0.0264767 0.0230274 0.999384 0
0.336991 -0.940883 0.0342812 -185.967 0.941016 0.337769 0.0200394 -102.889 -0.0304339 0.0255061 0.999211 0
0.337008 -0.940744 0.037758 -185.914 0.940955 0.337908 0.0205406 -102.689 -0.0320822 0.0286062 0.999076 0
0.338847 -0.940077 0.0379246 -185.865 0.94026 0.339779 0.0214857 -102.538 -0.0330842 0.0283786 0.99905 0
0.339444 -0.939889 0.037228 -185.807 0.940007 0.340391 0.0228401 -102.389 -0.0341392 0.0272416 0.999046 0
0.34017 -0.939674 0.0360119 -185.733 0.939752 0.341081 0.0230282 -102.245 -0.033922 0.0260087 0.999086 0
0.339852 -0.939722 0.0377346 -185.69 0.939821 0.340841 0.0237414 -102.082 -0.0351718 0.0273952 0.999006 0
0.339718 -0.939705 0.0393347 -185.626 0.939917 0.340707 0.0217959 -101.939 -0.0338833 0.0295669 0.998988 0
0.338876 -0.939992 0.0397272 -185.584 0.940205 0.339889 0.0221348 -101.852 -0.0343093 0.0298507 0.998965 0
0.337942 -0.940355 0.039084 -185.517 0.940592 0.338895 0.0208994 -101.639 -0.0328982 0.0296993 0.999017 0
0.339263 -0.939992 0.0362668 -185.455 0.940111 0.340156 0.0220182 -101.473 -0.0330333 0.0266248 0.9991 0
0.338747 -0.940162 0.0366977 -185.409 0.940228 0.339705 0.023922 -101.308 -0.0349569 0.0264006 0.99904 0
0.338108 -0.940358 0.0375534 -185.355 0.940468 0.339079 0.0233334 -101.157 -0.0346753 0.0274285 0.999022 0
0.338201 -0.940292 0.0383487 -185.297 0.940457 0.339174 0.0224196 -101.004 -0.0340878 0.028483 0.999013 0
0.337976 -0.940322 0.0395849 -185.257 0.940565 0.338954 0.0211603 -100.857 -0.033315 0.0300805 0.998992 0
0.338651 -0.940109 0.0388748 -185.189 0.940366 0.339573 0.0200605 -100.72 -0.0320598 0.029763 0.999043 0
0.339226 -0.939919 0.0384431 -185.123 0.940164 0.340134 0.0200334 -100.548 -0.0319056 0.0293469 0.99906 0
0.338336 -0.940286 0.037287 -185.064 0.940455 0.339245 0.0213853 -100.38 -0.0327577 0.0278313 0.999076 0
0.337803 -0.940427 0.0385532 -185.048 0.940647 0.33874 0.0209248 -100.302 -0.0327378 0.0291965 0.999038 0
0.337712 -0.940436 0.0391109 -184.981 0.940693 0.33865 0.0203357 -100.084 -0.0323693 0.0299237 0.999028 0
0.337347 -0.940582 0.0387611 -184.914 0.940818 0.338283 0.020643 -99.8882 -0.0325286 0.0295033 0.999035 0
0.337587 -0.94051 0.0384248 -184.856 0.940753 0.338496 0.0200957 -99.7592 -0.0319069 0.0293642 0.999059 0
0.338452 -0.940238 0.0374577 -184.768 0.940469 0.339315 0.0195758 -99.6316 -0.0311158 0.0286024 0.999107 0
0.33841 -0.940263 0.0371902 -184.696 0.940439 0.339308 0.0210981 -99.4994 -0.0324567 0.0278353 0.999086 0
0.339422 -0.939833 0.0388286 -184.652 0.940064 0.340364 0.0207877 -99.3114 -0.0327529 0.0294456 0.99903 0
0.339486 -0.939767 0.039828 -184.618 0.940047 0.340445 0.0202373 -99.1765 -0.0325776 0.0305699 0.999002 0
0.34039 -0.939536 0.0375065 -184.576 0.939738 0.341281 0.020483 -99.09 -0.0320447 0.0282741 0.999086 0
0.338704 -0.940003 0.0409218 -184.491 0.940411 0.339602 0.0172487 -98.8584 -0.030111 0.0326411 0.999013 0
0.340731 -0.939301 0.0402108 -184.435 0.939713 0.341578 0.0162787 -98.6987 -0.0290257 0.03224 0.999059 0
0.34127 -0.939144 0.0392918 -184.396 0.939382 0.342232 0.0209377 -98.5483 -0.0331105 0.0297646 0.999008 0
0.340879 -0.939229 0.0406257 -184.343 0.939474 0.341918 0.0219442 -98.4193 -0.0345013 0.0306865 0.998933 0
0.340935 -0.939171 0.0414813 -184.269 0.93945 0.341997 0.0217444 -98.2837 -0.0346082 0.0315562 0.998903 0
0.340773 -0.939245 0.0411551 -184.217 0.939604 0.341735 0.0189924 -98.129 -0.0319026 0.0321974 0.998972 0
0.339726 -0.939559 0.0426108 -184.16 0.939959 0.340745 0.0192607 -97.9574 -0.0326159 0.033509 0.998906 0
0.33965 -0.939616 0.0419561 -184.111 0.939996 0.340645 0.0192045 -97.7953 -0.032337 0.0329158 0.998935 0
0.340756 -0.939339 0.0390878 -184.063 0.939614 0.341673 0.0196169 -97.6341 -0.0317821 0.0300428 0.999043 0
0.338738 -0.940044 0.0396631 -184.007 0.94029 0.339718 0.0211269 -97.4706 -0.0333346 0.0301383 0.99899 0
0.339863 -0.939478 0.043293 -183.938 0.939963 0.340837 0.0173241 -97.3364 -0.0310314 0.034806 0.998912 0
0.339874 -0.939393 0.0450084 -183.886 0.93994 0.3409 0.0173005 -97.2068 -0.0315953 0.0364252 0.998837 0
0.338995 -0.93978 0.0435445 -183.825 0.940205 0.340052 0.0194942 -97.0507 -0.0331277 0.0343323 0.998861 0
0.340826 -0.939239 0.0408466 -183.735 0.939551 0.341816 0.0201442 -96.7511 -0.0328823 0.0315118 0.998962 0
0.340257 -0.93946 0.0404996 -183.662 0.939751 0.341245 0.0204862 -96.565 -0.0330663 0.031089 0.99897 0
0.340333 -0.939418 0.0408447 -183.588 0.939695 0.341355 0.0212024 -96.4084 -0.0338604 0.0311657 0.998941 0
0.34019 -0.939456 0.0411421 -183.55 0.939761 0.341206 0.0206844 -96.2514 -0.03347 0.0316271 0.998939 0
0.338982 -0.939838 0.0423796 -183.479 0.940235 0.339989 0.0191565 -96.1249 -0.0324126 0.0333531 0.998918 0
0.340181 -0.939424 0.0419471 -183.437 0.93986 0.341116 0.0173978 -95.9622 -0.0306528 0.033506 0.998968 0
0.340865 -0.939198 0.0414488 -183.374 0.939614 0.341788 0.0174843 -95.8131 -0.0305879 0.0329861 0.998988 0
0.340537 -0.939328 0.0412037 -183.319 0.939682 0.341509 0.0192225 -95.6526 -0.0321277 0.0321724 0.998966 0
0.339675 -0.939566 0.0428503 -183.259 0.93998 0.340696 0.0190864 -95.4911 -0.0325318 0.0337953 0.998899 0
0.340561 -0.939138 0.0451422 -183.165 0.939714 0.341563 0.0165048 -95.2149 -0.0309192 0.0367999 0.998844 0
0.339691 -0.939446 0.0452993 -183.105 0.94003 0.340695 0.0164589 -95.0285 -0.0308955 0.0369918 0.998838 0
0.34052 -0.939257 0.0429259 -183.052 0.939761 0.341446 0.0162584 -94.861 -0.0299277 0.0348038 0.998946 0
0.340229 -0.939473 0.0404258 -182.988 0.939854 0.341123 0.0175746 -94.6886 -0.030301 0.032015 0.999028 0
0.340245 -0.939418 0.0415681 -182.922 0.939874 0.341132 0.0163071 -94.5603 -0.0294994 0.0335204 0.999003 0
0.341032 -0.939116 0.0419198 -182.872 0.939576 0.34194 0.0165862 -94.4245 -0.0299104 0.0337303 0.998983 0
0.339766 -0.939597 0.0414329 -182.809 0.939917 0.340786 0.02051 -94.2742 -0.0333909 0.0319749 0.998931 0
0.339361 -0.939737 0.0415812 -182.755 0.940062 0.340386 0.020513 -94.125 -0.0334305 0.0321276 0.998925 0
0.339841 -0.939522 0.0425128 -182.736 0.93992 0.340855 0.0192197 -94.0153 -0.032548 0.033427 0.998911 0
0.339709 -0.939717 0.0391092 -182.663 0.939955 0.340661 0.020826 -93.812 -0.0328936 0.0296861 0.999018 0
0.338788 -0.940095 0.0380006 -182.592 0.940147 0.339829 0.0253009 -93.6103 -0.0366989 0.0271545 0.998957 0
0.33962 -0.939677 0.0408097 -182.543 0.940044 0.340554 0.0184573 -93.4687 -0.0312418 0.0320944 0.998997 0
0.341075 -0.939096 0.0420362 -182.515 0.93956 0.341984 0.0165385 -93.4098 -0.0299069 0.0338546 0.998979 0
0.341468 -0.939169 0.0368941 -182.428 0.939454 0.342246 0.0171575 -93.2054 -0.0287406 0.0288015 0.999172 0
0.341899 -0.938888 0.0399279 -182.384 0.939322 0.342701 0.0151556 -93.051 -0.0279128 0.0323234 0.999088 0
0.34176 -0.938938 0.0399412 -182.34 0.939343 0.342597 0.0162016 -92.8962 -0.028896 0.0319814 0.999071 0
0.340415 -0.939417 0.0401776 -182.219 0.939729 0.341363 0.0195128 -92.6209 -0.0320458 0.0311137 0.999002 0
0.339849 -0.939574 0.0412637 -182.162 0.939973 0.340779 0.0178901 -92.4319 -0.0308708 0.0327068 0.998988 0
0.340069 -0.939512 0.0408765 -182.109 0.939868 0.341018 0.0188533 -92.2508 -0.0316526 0.0320071 0.998986 0
0.340523 -0.93937 0.0403565 -182.045 0.939838 0.341313 0.0144524 -92.118 -0.0273504 0.0330073 0.999081 0
0.341097 -0.939266 0.0378414 -181.99 0.939582 0.341899 0.0170665 -91.957 -0.028968 0.0297338 0.999138 0
0.34143 -0.939112 0.0386501 -181.926 0.939456 0.342252 0.0169151 -91.7887 -0.0291133 0.0305347 0.99911 0
0.340906 -0.939267 0.0394948 -181.88 0.939621 0.34177 0.0174888 -91.6473 -0.0299248 0.0311482 0.999067 0
0.341795 -0.938931 0.0397974 -181.834 0.939308 0.342654 0.0170252 -91.5091 -0.0296222 0.0315628 0.999063 0
0.341416 -0.939034 0.0406191 -181.781 0.939411 0.342326 0.0178894 -91.3573 -0.0307038 0.0320503 0.999015 0
0.342015 -0.938793 0.0411617 -181.743 0.939191 0.342938 0.0177298 -91.2061 -0.0307605 0.0325948 0.998995 0
0.341962 -0.938883 0.0394967 -181.643 0.939238 0.342824 0.0174295 -91.0488 -0.0299046 0.0311365 0.999068 0
0.34098 -0.939356 0.0366397 -181.592 0.939623 0.341761 0.0175537 -90.8845 -0.0290112 0.0284421 0.999174 0
0.340534 -0.93942 0.039064 -181.526 0.939734 0.341412 0.0183822 -90.7364 -0.0306056 0.03045 0.999068 0
0.341016 -0.939133 0.041677 -181.445 0.939535 0.341969 0.0181803 -90.5868 -0.031326 0.0329572 0.998966 0
0.341813 -0.938835 0.0418643 -181.395 0.939301 0.342709 0.0162761 -90.4566 -0.0296278 0.0337598 0.998991 0
0.343395 -0.938377 0.039089 -181.355 0.938764 0.344196 0.0158507 -90.3083 -0.0283282 0.0312523 0.99911 0
0.344336 -0.938124 0.0368259 -181.325 0.938428 0.34509 0.0163502 -90.1327 -0.0280467 0.0289285 0.999188 0
0.343657 -0.938343 0.0375777 -181.247 0.938577 0.344522 0.0194439 -90.0112 -0.0311914 0.0285875 0.999105 0
0.342538 -0.93871 0.038628 -181.218 0.938959 0.34345 0.0199404 -89.8561 -0.031985 0.0294397 0.999055 0
0.341949 -0.938897 0.0392812 -181.15 0.939143 0.342904 0.0206693 -89.7152 -0.032876 0.0298228 0.999014 0
0.34128 -0.939126 0.0396231 -181.107 0.939407 0.342224 0.0199582 -89.5525 -0.0323033 0.0304109 0.999015 0
0.342055 -0.938903 0.0382017 -181.055 0.939187 0.342909 0.0184526 -89.3953 -0.0304249 0.0295667 0.9991 0
0.342645 -0.938667 0.0387091 -180.985 0.939018 0.343462 0.0167059 -89.2282 -0.0289764 0.0306244 0.999111 0
0.343607 -0.938284 0.0394584 -180.858 0.938665 0.344438 0.0164478 -88.9272 -0.0290237 0.0313866 0.999086 0
0.341943 -0.938866 0.0400756 -180.815 0.939197 0.342865 0.0187597 -88.7488 -0.0313533 0.0312242 0.999021 0
0.342251 -0.938791 0.0391961 -180.773 0.939164 0.343074 0.0164669 -88.6283 -0.0289062 0.0311757 0.999096 0
0.342831 -0.938644 0.037602 -180.715 0.938956 0.343622 0.0168856 -88.4704 -0.0287705 0.0295177 0.99915 0
0.344116 -0.938202 0.0369098 -180.669 0.938433 0.344944 0.0188987 -88.3277 -0.0304626 0.0281341 0.99914 0
0.344214 -0.938187 0.0363643 -180.589 0.938391 0.345036 0.0192921 -88.1641 -0.0306466 0.0274833 0.999152 0
0.343634 -0.938329 0.0381456 -180.519 0.938523 0.344566 0.0211932 -88.0109 -0.0330299 0.0285178 0.999048 0
0.34296 -0.938546 0.0388616 -180.466 0.938864 0.34382 0.0179597 -87.8524 -0.0302174 0.0303263 0.999083 0
0.34218 -0.938763 0.0404589 -180.422 0.939166 0.343052 0.0168296 -87.7066 -0.0296785 0.0322389 0.99904 0
0.342594 -0.938655 0.0394587 -180.354 0.939003 0.343461 0.0175822 -87.5514 -0.0300561 0.0310283 0.999067 0
0.342803 -0.938624 0.0383485 -180.304 0.938938 0.343637 0.0175918 -87.3887 -0.0296901 0.0299763 0.99911 0
0.343265 -0.938467 0.0380625 -180.266 0.938744 0.344118 0.0185292 -87.2314 -0.030487 0.0293705 0.999104 0
0.343826 -0.938305 0.0369837 -180.211 0.938527 0.344668 0.0192899 -87.1455 -0.0308469 0.0280779 0.99913 0
0.342785 -0.938646 0.037962 -180.161 0.938934 0.343621 0.0180815 -87.0195 -0.0300166 0.0294457 0.999116 0
0.342621 -0.938693 0.0382902 -180.101 0.938912 0.343541 0.0205934 -86.8442 -0.0324852 0.0288953 0.999054 0
0.34213 -0.938853 0.0387544 -180.064 0.939113 0.343041 0.0197544 -86.6784 -0.0318408 0.0296362 0.999054 0
0.341906 -0.938955 0.0382702 -179.993 0.939196 0.342805 0.0198893 -86.5133 -0.0317943 0.029143 0.99907 0
0.344287 -0.938122 0.0373306 -179.92 0.938394 0.345102 0.0179595 -86.3581 -0.029731 0.0288475 0.999142 0
0.3456 -0.937676 0.0363834 -179.885 0.937984 0.346322 0.0156977 -86.2782 -0.0273198 0.0287019 0.999215 0
0.344198 -0.938219 0.0356831 -179.823 0.93852 0.344889 0.0152561 -86.1169 -0.0266203 0.0282382 0.999247 0
0.342061 -0.939017 0.0352333 -179.751 0.939328 0.342717 0.0144602 -85.9427 -0.0256534 0.0281493 0.999275 0
0.342766 -0.93871 0.0365348 -179.714 0.939043 0.343472 0.0150244 -85.7959 -0.0266522 0.0291579 0.99922 0
0.343827 -0.938369 0.0353004 -179.606 0.938627 0.344541 0.0164654 -85.4935 -0.0276131 0.0274727 0.999241 0
0.347466 -0.937076 0.0339981 -179.558 0.937323 0.348119 0.0154811 -85.297 -0.0263423 0.026488 0.999302 0
0.352845 -0.935078 0.0336038 -179.495 0.935307 0.353492 0.0156093 -85.1272 -0.0264746 0.0259223 0.999313 0
0.360901 -0.932003 0.0334847 -179.433 0.932237 0.361534 0.0150867 -84.974 -0.0261667 0.0257709 0.999325 0
0.364888 -0.930388 0.0351337 -179.404 0.930645 0.365584 0.0157463 -84.921 -0.0274945 0.0269514 0.999259 0
0.374809 -0.926477 0.0340537 -179.32 0.926728 0.375448 0.0146371 -84.7028 -0.0263463 0.0260724 0.999313 0
0.3818 -0.923675 0.0324522 -179.257 0.923868 0.382411 0.015128 -84.5501 -0.0263834 0.0242057 0.999359 0
0.384744 -0.922415 0.033515 -179.198 0.922616 0.385399 0.0157225 -84.3962 -0.0274194 0.0248724 0.999315 0
0.389894 -0.920178 0.0354361 -179.129 0.920371 0.390652 0.0175477 -84.2766 -0.0299902 0.0257726 0.999218 0
0.394426 -0.918236 0.0356363 -179.073 0.918465 0.395161 0.0163988 -84.1246 -0.0291401 0.0262626 0.99923 0
0.39838 -0.916475 0.0369777 -179.019 0.916636 0.399242 0.0196218 -83.9953 -0.0327459 0.0260782 0.999124 0
0.400493 -0.915463 0.0391623 -178.954 0.915658 0.401446 0.0202767 -83.8651 -0.0342841 0.0277386 0.999027 0
0.402766 -0.91453 0.0376109 -178.911 0.914632 0.403704 0.0217194 -83.7619 -0.0350467 0.0256523 0.999056 0
0.405764 -0.913284 0.0356137 -178.845 0.913358 0.406616 0.0210144 -83.5896 -0.0336732 0.0240012 0.999145 0
0.407001 -0.912776 0.0345016 -178.766 0.912849 0.407797 0.0202049 -83.4244 -0.0325122 0.0232713 0.9992 0
0.406796 -0.912755 0.037352 -178.702 0.912848 0.407724 0.0216725 -83.2655 -0.035011 0.0252804 0.999067 0
0.408022 -0.912224 0.0369474 -178.645 0.912285 0.40895 0.0222602 -83.1592 -0.035416 0.024624 0.999069 0
0.407448 -0.912333 0.0404286 -178.549 0.912489 0.4085 0.0221597 -82.9813 -0.0367321 0.0278617 0.998937 0
0.408995 -0.911578 0.0418167 -178.459 0.911742 0.410122 0.0229668 -82.8109 -0.038086 0.0287327 0.998861 0
0.410769 -0.910748 0.0425017 -178.412 0.910982 0.411882 0.0215903 -82.6715 -0.037169 0.0298497 0.998863 0
0.412733 -0.90987 0.0422744 -178.362 0.910204 0.413746 0.0185373 -82.5497 -0.0343574 0.0308274 0.998934 0
0.41246 -0.910053 0.0409959 -178.306 0.910502 0.413279 0.0136522 -82.4364 -0.0293669 0.0316958 0.999066 0
0.411111 -0.910613 0.0421059 -178.23 0.911241 0.411787 0.00848743 -82.2889 -0.0250674 0.0348794 0.999077 0
0.411771 -0.910309 0.0422121 -178.21 0.910897 0.412509 0.0101867 -82.2296 -0.0266859 0.0342563 0.999057 0
0.413038 -0.909707 0.0428122 -178.102 0.910363 0.413727 0.00829377 -82.0211 -0.0252574 0.035549 0.999049 0
0.413668 -0.909418 0.0428572 -178.011 0.910026 0.414426 0.0102133 -81.8605 -0.0270493 0.0347763 0.999029 0
0.415531 -0.908653 0.0410218 -177.969 0.909203 0.416233 0.00997784 -81.6857 -0.026141 0.0331511 0.999108 0
0.415499 -0.908791 0.0382111 -177.903 0.909189 0.416201 0.0123653 -81.555 -0.0271409 0.0296034 0.999193 0
0.413952 -0.909499 0.038155 -177.857 0.909857 0.414693 0.0137814 -81.4061 -0.0283567 0.0290107 0.999177 0
0.413059 -0.909726 0.0422086 -177.783 0.910241 0.413884 0.0127372 -81.2815 -0.0290568 0.0331588 0.999028 0
0.414241 -0.909203 0.0418907 -177.729 0.909615 0.415154 0.0157365 -81.143 -0.0316987 0.0315857 0.998998 0
0.413344 -0.909674 0.040502 -177.658 0.910042 0.414215 0.0158102 -80.9992 -0.0311587 0.0303235 0.999054 0
0.416036 -0.908516 0.0389012 -177.583 0.908959 0.416728 0.011428 -80.8678 -0.0265937 0.0306051 0.999178 0
0.416357 -0.908321 0.0399951 -177.517 0.908771 0.41711 0.0124108 -80.7311 -0.0279553 0.031179 0.999123 0
0.414422 -0.909211 0.0398851 -177.439 0.90965 0.41518 0.0127184 -80.5864 -0.0281232 0.0310107 0.999123 0
0.411448 -0.910567 0.0397236 -177.372 0.91094 0.412269 0.0149447 -80.4377 -0.029985 0.0300368 0.999099 0
0.405793 -0.913051 0.0408617 -177.306 0.913403 0.406706 0.0169134 -80.2857 -0.0320615 0.0304598 0.999022 0
0.398547 -0.916211 0.0414479 -177.256 0.916614 0.39945 0.0160813 -80.1593 -0.0312902 0.0315825 0.999011 0
0.396895 -0.917051 0.0386178 -177.219 0.917378 0.397702 0.0158132 -80.0596 -0.0298599 0.029151 0.999129 0
0.3971 -0.917039 0.0367623 -177.167 0.91739 0.397776 0.0130776 -79.9209 -0.0266158 0.0285322 0.999239 0
0.396562 -0.91727 0.0368087 -177.083 0.917616 0.397246 0.0133196 -79.7587 -0.0268397 0.0284942 0.999234 0
0.395762 -0.917557 0.0382323 -177.019 0.91793 0.396501 0.0138713 -79.6046 -0.0278868 0.0296048 0.999173 0
0.395359 -0.917621 0.0407864 -176.971 0.918101 0.396138 0.0128728 -79.4619 -0.0279694 0.0323567 0.999085 0
0.395253 -0.91768 0.0404767 -176.93 0.918186 0.395981 0.011579 -79.3443 -0.0266539 0.0325885 0.999113 0
0.394544 -0.917879 0.0428123 -176.877 0.918426 0.395382 0.0129326 -79.2081 -0.0287978 0.0342175 0.998999 0
0.395218 -0.917839 0.0370723 -176.816 0.918266 0.395825 0.010461 -79.0607 -0.0242756 0.0299079 0.999258 0
0.396434 -0.917365 0.0358045 -176.738 0.917724 0.397046 0.0116957 -78.9473 -0.0249453 0.028222 0.99929 0
0.395994 -0.917507 0.037013 -176.702 0.917828 0.396715 0.0144421 -78.809 -0.0279344 0.0282526 0.999211 0
0.394903 -0.917928 0.0382011 -176.623 0.918196 0.395744 0.017437 -78.6615 -0.0311238 0.0281902 0.999118 0
0.395291 -0.917693 0.0398131 -176.561 0.91801 0.396179 0.0173004 -78.5091 -0.0316496 0.0297102 0.999057 0
0.395956 -0.917274 0.0427405 -176.492 0.917574 0.397039 0.020467 -78.3707 -0.0357435 0.0311135 0.998877 0
0.398411 -0.916185 0.0432797 -176.443 0.916492 0.39952 0.0206544 -78.2278 -0.0362143 0.0314366 0.99885 0
0.398591 -0.916018 0.0451265 -176.373 0.916353 0.399795 0.0214827 -78.0634 -0.0377199 0.032789 0.99875 0
0.39871 -0.916106 0.0421992 -176.315 0.916364 0.399792 0.0210381 -77.9193 -0.036144 0.0302817 0.998888 0
0.396696 -0.916921 0.0434478 -176.261 0.917232 0.397813 0.0207343 -77.7759 -0.0362958 0.0316265 0.998841 0
0.395773 -0.917338 0.0430647 -176.154 0.917903 0.396607 0.0125661 -77.5324 -0.0286071 0.0345559 0.998993 0
0.39483 -0.917759 0.0427443 -176.086 0.918352 0.395607 0.0112072 -77.375 -0.0271955 0.0348294 0.999023 0
0.395959 -0.917435 0.03911 -176.006 0.917939 0.396598 0.00988738 -77.2457 -0.024582 0.0319856 0.999186 0
0.397333 -0.916859 0.0386826 -175.952 0.917303 0.398018 0.0116847 -77.0935 -0.0261097 0.030841 0.999183 0
0.397696 -0.916633 0.0402727 -175.892 0.917084 0.398474 0.0132657 -76.9481 -0.0282074 0.0316578 0.999101 0
0.39761 -0.916628 0.0412298 -175.829 0.917095 0.398432 0.0137622 -76.7923 -0.029042 0.0323396 0.999055 0
0.397452 -0.91666 0.042022 -175.773 0.917172 0.398276 0.0131334 -76.6434 -0.0287752 0.0333215 0.99903 0
0.396824 -0.916845 0.0438923 -175.679 0.91739 0.397738 0.0141587 -76.4331 -0.0304389 0.0346478 0.998936 0
0.39816 -0.916337 0.0423679 -175.627 0.916809 0.399051 0.0148297 -76.3163 -0.030496 0.0329387 0.998992 0
0.398856 -0.916195 0.0387361 -175.524 0.916533 0.399658 0.0155097 -76.1196 -0.0296911 0.0293168 0.999129 0
0.398799 -0.916088 0.0417376 -175.466 0.916476 0.399735 0.01686 -75.9721 -0.0321292 0.0315277 0.998986 0
0.398186 -0.916297 0.0429873 -175.346 0.916729 0.399159 0.016742 -75.7197 -0.0324994 0.0327412 0.998935 0
0.397912 -0.916488 0.0414292 -175.281 0.916991 0.398705 0.0127182 -75.5286 -0.0281741 0.0329294 0.999061 0
0.398848 -0.916072 0.0416349 -175.213 0.916625 0.399594 0.0111015 -75.3624 -0.0268068 0.0337358 0.999071 0
0.399749 -0.915648 0.0423088 -175.191 0.916223 0.400514 0.0111213 -75.2658 -0.0271285 0.0343186 0.999043 0
0.399166 -0.915942 0.0414437 -175.085 0.916403 0.400007 0.0141608 -75.0875 -0.0295483 0.0323266 0.999041 0
0.399409 -0.915838 0.041391 -175.018 0.916296 0.40025 0.0141705 -74.9278 -0.0295446 0.0322666 0.999043 0
0.400358 -0.915407 0.0417537 -174.952 0.915893 0.401192 0.0136153 -74.8023 -0.0292148 0.0327909 0.999035 0
0.400001 -0.915553 0.041961 -174.903 0.916078 0.400805 0.012536 -74.6784 -0.0282956 0.0334251 0.999041 0
0.399315 -0.915867 0.0416422 -174.83 0.916363 0.400131 0.0131859 -74.5438 -0.0287389 0.0328941 0.999046 0
0.402286 -0.914623 0.0403756 -174.767 0.915114 0.403022 0.0117945 -74.4109 -0.0270598 0.0322035 0.999115 0
0.401313 -0.914903 0.043584 -174.712 0.915481 0.402165 0.0125561 -74.2558 -0.0290156 0.0348614 0.998971 0
0.400435 -0.91527 0.0439631 -174.655 0.915782 0.401388 0.0151879 -74.0968 -0.0315473 0.0341789 0.998918 0
0.400802 -0.915034 0.045496 -174.598 0.915712 0.401671 0.0115124 -73.941 -0.0288087 0.0370471 0.998898 0
0.400775 -0.915014 0.0461367 -174.536 0.915737 0.401635 0.0107708 -73.7923 -0.0283855 0.0379324 0.998877 0
0.40205 -0.91455 0.0442107 -174.452 0.915177 0.402887 0.0116014 -73.6395 -0.0284219 0.0357963 0.998955 0
0.401889 -0.914649 0.0436171 -174.394 0.915171 0.402808 0.0144478 -73.4876 -0.030784 0.0341106 0.998944 0
0.402349 -0.914439 0.043779 -174.332 0.914947 0.403294 0.0150709 -73.362 -0.0314372 0.0339916 0.998928 0
0.402547 -0.914307 0.0447191 -174.267 0.914881 0.403483 0.0139714 -73.2203 -0.0308176 0.0352885 0.998902 0
0.402677 -0.914249 0.0447133 -174.207 0.914867 0.403561 0.0125236 -73.0832 -0.0294942 0.0358638 0.998921 0
0.402562 -0.914243 0.0458664 -174.124 0.914844 0.403551 0.0144278 -72.946 -0.0317 0.0361525 0.998843 0
0.403155 -0.913939 0.0467026 -174.075 0.914556 0.404187 0.0148563 -72.7957 -0.0324543 0.0367227 0.998798 0
0.402627 -0.914209 0.0459809 -174.012 0.914801 0.403633 0.0148182 -72.641 -0.0321063 0.0360972 0.998832 0
0.404105 -0.913656 0.0439634 -173.952 0.914272 0.404935 0.0116016 -72.4842 -0.0284022 0.0355062 0.998966 0
0.402387 -0.914532 0.0414137 -173.868 0.915026 0.403189 0.0128979 -72.3233 -0.0284931 0.0327047 0.999059 0
0.402628 -0.914363 0.0427974 -173.81 0.914956 0.403403 0.010993 -72.1793 -0.0273162 0.0347317 0.999023 0
0.403135 -0.914023 0.0452149 -173.75 0.914743 0.403924 0.00951695 -72.0361 -0.0269621 0.0375234 0.998932 0
0.402938 -0.914093 0.0455604 -173.653 0.914838 0.403719 0.00907128 -71.8069 -0.0266856 0.0380252 0.99892 0
0.404692 -0.913318 0.0455537 -173.526 0.913952 0.405618 0.0129234 -71.5799 -0.0302806 0.0364039 0.998878 0
0.404016 -0.913632 0.0452424 -173.424 0.914193 0.405004 0.0149363 -71.3518 -0.0319696 0.0353257 0.998864 0
0.403537 -0.913947 0.0431165 -173.294 0.914587 0.404275 0.00964054 -71.0264 -0.0262419 0.0355435 0.999024 0
0.404646 -0.913678 0.0381434 -173.122 0.914416 0.404737 -0.00566417 -70.6829 -0.0102628 0.0371709 0.999256 0
0.403374 -0.91419 0.0393306 -173.055 0.914886 0.403711 0.00068251 -70.5073 -0.0165021 0.0357077 0.999226 0
0.402135 -0.914212 0.050044 -172.899 0.914767 0.403481 0.0201362 -70.1469 -0.0386005 0.0376811 0.998544 0
0.400788 -0.914667 0.0524688 -172.788 0.915063 0.402462 0.0261466 -69.8859 -0.0450321 0.037533 0.99828 0
0.404297 -0.913267 0.0498796 -172.707 0.913848 0.405603 0.0191965 -69.6944 -0.0377628 0.0378212 0.998571 0
0.404461 -0.91331 0.0477202 -172.67 0.913885 0.405612 0.0171533 -69.6116 -0.0350221 0.036673 0.998713 0
0.402926 -0.914128 0.0449589 -172.593 0.914695 0.403886 0.0144472 -69.4419 -0.0313649 0.0353025 0.998884 0
0.401787 -0.914675 0.0440041 -172.487 0.915236 0.402689 0.0136307 -69.1891 -0.0301876 0.0347975 0.998938 0
0.402487 -0.914264 0.0461022 -172.382 0.914891 0.403463 0.0138771 -68.9603 -0.0312878 0.0365932 0.99884 0
0.404837 -0.913175 0.0471001 -172.34 0.913762 0.40593 0.0161478 -68.8795 -0.0338651 0.036501 0.99876 0
0.404677 -0.913307 0.0458935 -172.226 0.913847 0.405733 0.0162644 -68.6267 -0.0334749 0.0353578 0.998814 0
0.404686 -0.913219 0.0475342 -172.154 0.913911 0.405692 0.013426 -68.3943 -0.0315451 0.0380087 0.998779 0
0.404669 -0.913117 0.0495954 -172.081 0.9139 0.405728 0.0131232 -68.2195 -0.0321053 0.0400147 0.998683 0
0.403989 -0.913548 0.0471417 -171.978 0.91419 0.405024 0.0145545 -68.0421 -0.0323897 0.0372166 0.998782 0
0.406124 -0.912767 0.0438126 -171.9 0.91334 0.406996 0.0128494 -67.8645 -0.02956 0.0347974 0.998957 0
0.405593 -0.913078 0.0422218 -171.836 0.913633 0.406375 0.0115845 -67.7143 -0.0277355 0.0338767 0.999041 0
0.405256 -0.913232 0.0421295 -171.792 0.913851 0.405949 0.00905505 -67.5923 -0.0253718 0.0348305 0.999071 0
0.404626 -0.913349 0.0455168 -171.688 0.914034 0.405484 0.0111235 -67.3252 -0.0286159 0.037103 0.998902 0
0.404856 -0.913231 0.0458332 -171.591 0.913915 0.405741 0.0115839 -67.0885 -0.0291752 0.0371978 0.998882 0
0.405658 -0.913004 0.0431918 -171.489 0.913586 0.406475 0.0117893 -66.8908 -0.02832 0.034677 0.998997 0
0.404637 -0.913566 0.0408016 -171.484 0.914044 0.405416 0.0126948 -66.854 -0.0281391 0.0321577 0.999087 0
0.404275 -0.913626 0.0430051 -171.37 0.914194 0.405097 0.0121175 -66.6174 -0.0284921 0.0344162 0.999001 0
0.404901 -0.913315 0.0436986 -171.271 0.913871 0.405786 0.0133487 -66.4238 -0.0299239 0.0345299 0.998956 0
0.404692 -0.913326 0.04538 -171.184 0.913899 0.405676 0.014694 -66.2514 -0.03183 0.0355262 0.998862 0
0.406399 -0.912525 0.0462305 -171.111 0.91314 0.407396 0.0142679 -66.0772 -0.031854 0.0364164 0.998829 0
0.406507 -0.912589 0.0439781 -171.036 0.913066 0.407495 0.0160951 -65.8972 -0.032609 0.0336121 0.998903 0
0.406592 -0.912581 0.0433548 -170.954 0.913027 0.40757 0.0163933 -65.7021 -0.0326304 0.0329187 0.998925 0
0.406766 -0.912454 0.0443756 -170.865 0.91297 0.40774 0.015292 -65.5266 -0.032047 0.0342933 0.998898 0
0.406272 -0.912669 0.0444792 -170.793 0.913213 0.407224 0.0145476 -65.3603 -0.0313901 0.0347087 0.998904 0
0.40597 -0.912894 0.042581 -170.728 0.9134 0.406833 0.0136655 -65.1824 -0.0297985 0.0333457 0.999 0
0.406911 -0.912595 0.039919 -170.645 0.913028 0.407682 0.0132176 -65.0285 -0.0283366 0.0310688 0.999116 0
0.406784 -0.912651 0.0399337 -170.57 0.913091 0.407549 0.0129951 -64.9088 -0.0281349 0.031177 0.999118 0
0.40685 -0.912582 0.0408378 -170.483 0.913074 0.407614 0.0121629 -64.7155 -0.0277457 0.0323394 0.999092 0
0.406746 -0.912481 0.0440085 -170.399 0.913079 0.407601 0.0121973 -64.5108 -0.0290677 0.035222 0.998957 0
0.406778 -0.912398 0.0454051 -170.328 0.913024 0.407701 0.0129425 -64.3218 -0.0303204 0.0361912 0.998885 0
0.408239 -0.911745 0.0454047 -170.272 0.912342 0.409195 0.0138443 -64.1866 -0.0312018 0.0357729 0.998873 0
0.408096 -0.911828 0.045022 -170.197 0.912398 0.409056 0.0142743 -64.0315 -0.0314323 0.0352527 0.998884 0
0.408027 -0.9119 0.0441863 -170.098 0.912498 0.408895 0.0123743 -63.8641 -0.0293517 0.0352709 0.998947 0
0.408846 -0.911556 0.0437184 -170.037 0.912156 0.409676 0.0116855 -63.7881 -0.0285623 0.0351004 0.998976 0
0.407235 -0.912333 0.0425136 -169.961 0.912831 0.408102 0.0138323 -63.5627 -0.0299696 0.0331747 0.999 0
0.407425 -0.912211 0.0433066 -169.898 0.912732 0.40832 0.0139714 -63.3943 -0.0304279 0.033835 0.998964 0
0.408956 -0.911556 0.0426587 -169.833 0.912073 0.409812 0.0133332 -63.2373 -0.029636 0.0334551 0.999001 0
0.408663 -0.911733 0.0416788 -169.757 0.912157 0.409554 0.0153459 -63.1153 -0.0310611 0.0317463 0.999013 0
0.408315 -0.911844 0.0426645 -169.696 0.912327 0.409208 0.0144588 -62.9666 -0.0306428 0.0330202 0.998985 0
