0.352513 -0.935788 0.00598653 0 0.935654 0.352564 0.0158252 0 -0.0169197 2.27205e-05 0.999857 0
0.341984 -0.939677 0.00733066 0.594 0.939521 0.342061 0.017184 1.55797 -0.018655 0.00101065 0.999825 0
0.337687 -0.941191 0.0112336 1.19572 0.941031 0.337844 0.0179481 3.06079 -0.0206878 0.00451036 0.999776 0
0.335003 -0.942132 0.0126675 1.78221 0.942042 0.33517 0.0147808 4.58564 -0.0181712 0.00698169 0.999811 0
0.336805 -0.941517 0.0103627 2.36221 0.941558 0.336844 0.00213623 6.09023 -0.00550189 0.00903754 0.999944 0
0.33713 -0.941449 0.00406342 2.95457 0.941363 0.337032 -0.0156254 7.62262 0.0133411 0.00909297 0.99987 0
0.338004 -0.941136 0.0041318 3.52048 0.941059 0.33791 -0.015017 9.10152 0.0127369 0.00896407 0.999879 0
0.339149 -0.940725 0.00376589 4.11685 0.940692 0.339094 -0.0107113 10.6518 0.00879938 0.00717526 0.999936 0
0.34088 -0.940072 0.00804069 4.72062 0.940014 0.340714 -0.0169466 12.199 0.0131915 0.0133351 0.999824 0
0.341201 -0.939956 0.00799025 5.32655 0.939902 0.34104 -0.0166206 13.7318 0.0128976 0.013181 0.99983 0
0.345015 -0.93857 0.0071095 5.9116 0.938493 0.344853 -0.0175367 15.258 0.0140077 0.0127226 0.999821 0
0.344563 -0.938744 0.00597528 6.50015 0.938606 0.344381 -0.0204913 16.7753 0.0171783 0.012669 0.999772 0
0.3474 -0.937697 0.00608254 7.09672 0.937532 0.347195 -0.0221071 18.2925 0.0186179 0.0133826 0.999737 0
0.347457 -0.937678 0.00586623 7.69823 0.937547 0.347283 -0.019985 19.8165 0.0167023 0.0124438 0.999783 0
0.348712 -0.937226 0.0029021 8.28935 0.937066 0.348591 -0.0197758 21.3468 0.0175227 0.00961551 0.9998 0
0.351424 -0.936205 0.00460546 8.87254 0.936075 0.351281 -0.019114 22.8766 0.0162768 0.0110282 0.999807 0
0.352708 -0.93571 0.00669591 9.47477 0.935595 0.352523 -0.0197121 24.3804 0.0160844 0.0132173 0.999783 0
0.354604 -0.935005 0.00468465 10.0725 0.934897 0.354474 -0.0177523 25.8913 0.0149379 0.0106747 0.999831 0
0.356346 -0.934349 0.00312204 10.6452 0.934227 0.35624 -0.0176974 27.3595 0.0154234 0.00922308 0.999839 0
0.386149 -0.922436 0.00120746 11.3009 0.922352 0.386095 -0.0140573 28.9899 0.0125007 0.00654189 0.9999 0
0.419097 -0.907878 0.010771 11.9809 0.907891 0.418919 -0.01549 30.4255 0.00955088 0.0162707 0.999822 0
0.424174 -0.905578 0.00218376 12.6599 0.905434 0.42406 -0.019012 31.8188 0.0162908 0.0100416 0.999817 0
0.426226 -0.904594 0.00637592 13.3303 0.904503 0.42605 -0.0188624 33.2296 0.0143464 0.0138067 0.999802 0
0.412585 -0.910917 0.00185298 14.0135 0.910835 0.412518 -0.0144348 34.7332 0.0123845 0.00764333 0.999894 0
0.413064 -0.910694 0.00376548 14.6599 0.910561 0.412925 -0.0192666 36.1286 0.0159911 0.011387 0.999807 0
0.418236 -0.908328 0.00426803 15.3098 0.908225 0.418104 -0.0177994 37.5401 0.0143833 0.0113207 0.999832 0
0.420926 -0.907091 0.00255348 16.0249 0.906965 0.420817 -0.0181116 39.0737 0.0153543 0.00993955 0.999833 0
0.425353 -0.905025 0.00195904 16.6704 0.904859 0.425232 -0.020187 40.524 0.0174367 0.0103593 0.999794 0
0.42908 -0.903266 0.000508883 17.4195 0.903059 0.42897 -0.0216693 42.0342 0.0193549 0.00975743 0.999765 0
0.428528 -0.903467 0.0105371 18.0951 0.903339 0.42817 -0.0254739 43.4786 0.0185032 0.0204349 0.99962 0
0.431819 -0.90195 0.00424754 18.707 0.901742 0.431607 -0.0239953 44.7609 0.0198093 0.0141918 0.999703 0
0.434247 -0.900793 0.0013607 19.3812 0.900574 0.434107 -0.0227495 46.2266 0.0199019 0.0111043 0.99974 0
0.437918 -0.898993 0.00624719 20.0333 0.898893 0.437734 -0.0195066 47.6489 0.0148017 0.0141579 0.99979 0
0.440705 -0.897645 0.00351061 20.7015 0.897493 0.44055 -0.0205203 48.9755 0.0168733 0.0121941 0.999783 0
0.444887 -0.895577 0.00403525 21.3609 0.895485 0.444765 -0.0170346 50.4089 0.0134611 0.011192 0.999847 0
0.445854 -0.895076 0.00730613 22.0272 0.894981 0.445641 -0.0203128 51.8426 0.0149256 0.0155954 0.999767 0
0.45103 -0.892432 0.0117334 22.6953 0.892416 0.450754 -0.0203554 53.275 0.0128769 0.019652 0.999724 0
0.454678 -0.890615 0.00855372 23.3859 0.890555 0.454461 -0.0193885 54.6738 0.0133804 0.0164331 0.999775 0
0.458712 -0.888563 0.00625982 24.1165 0.888429 0.458487 -0.0219934 56.21 0.0166724 0.01565 0.999739 0
0.462142 -0.886794 0.0046612 24.8276 0.886707 0.462005 -0.0173883 57.6799 0.0132663 0.012169 0.999838 0
0.462355 -0.886684 0.00448867 25.5526 0.886562 0.462192 -0.0196485 59.1611 0.0153474 0.0130641 0.999797 0
0.465615 -0.884904 0.0121102 26.2116 0.884863 0.465276 -0.0231496 60.5264 0.0148506 0.0214947 0.999659 0
0.467458 -0.883939 0.0116224 26.8729 0.883896 0.467139 -0.0225421 61.9253 0.0144965 0.0208105 0.999678 0
0.47119 -0.882011 0.00603988 27.6798 0.881867 0.470959 -0.0225602 63.5721 0.0170539 0.0159565 0.999727 0
0.473125 -0.880975 0.00597269 28.3807 0.880855 0.472918 -0.0210472 65.0209 0.0157175 0.015219 0.999761 0
0.474495 -0.88023 0.0070802 29.0939 0.880075 0.474217 -0.0242074 66.4489 0.0179505 0.0177174 0.999682 0
0.479474 -0.877525 0.0073465 29.8344 0.877389 0.479203 -0.023535 67.9614 0.0171321 0.0177302 0.999696 0
0.482974 -0.875582 0.0096131 30.5866 0.875468 0.48264 -0.0247848 69.5291 0.0170615 0.0203864 0.999647 0
0.486894 -0.873452 0.00403948 31.3761 0.873288 0.4867 -0.0221519 71.1265 0.0173826 0.0143132 0.999746 0
0.489431 -0.872033 0.00397982 32.0752 0.871825 0.489203 -0.0245143 72.5313 0.0194303 0.0154678 0.999692 0
0.494492 -0.869181 0.00128885 32.7613 0.869054 0.494393 -0.0178861 73.9501 0.0149091 0.00996461 0.999839 0
0.495691 -0.868427 0.011133 33.4725 0.868361 0.495343 -0.0241817 75.3625 0.0154854 0.0216541 0.999646 0
0.499717 -0.866078 0.0138903 34.1712 0.866129 0.499429 -0.0197948 76.8098 0.0102066 0.0219226 0.999708 0
0.504508 -0.863387 0.00585718 34.8558 0.863331 0.504362 -0.0167094 78.1501 0.0114726 0.0134867 0.999843 0
0.505638 -0.862616 0.014946 35.5008 0.862668 0.505283 -0.0221875 79.4544 0.0115873 0.0241123 0.999642 0
0.511631 -0.859202 0.0023695 36.2509 0.859034 0.511472 -0.0213861 80.9281 0.017163 0.0129773 0.999768 0
0.518445 -0.851006 -0.0836903 36.8401 0.854898 0.518012 0.0285163 82.1123 0.0190851 -0.0863308 0.996084 0
0.519686 -0.854349 0.00382049 37.6111 0.854197 0.519497 -0.0217114 83.6571 0.0165644 0.0145466 0.999757 0
0.518589 -0.854996 0.00689116 38.2997 0.854874 0.51833 -0.0228872 85.0081 0.0159965 0.0177601 0.999714 0
0.520413 -0.853887 0.00686542 39.1275 0.853758 0.520146 -0.023366 86.6523 0.0163809 0.0180214 0.999703 0
0.520582 -0.853796 0.00515815 39.8513 0.85366 0.520367 -0.0219485 88.0879 0.0160554 0.0158293 0.999746 0
0.52266 -0.852506 0.00772187 40.6102 0.852426 0.52242 -0.0211535 89.5778 0.0139994 0.0176384 0.999746 0
0.525913 -0.850533 0.00313716 41.3738 0.850345 0.525711 -0.0232798 91.0746 0.018151 0.0149108 0.999724 0
0.526224 -0.850339 0.00347676 42.1141 0.850125 0.52599 -0.0249251 92.5168 0.019366 0.0160718 0.999683 0
0.538818 -0.842399 0.00627242 42.8315 0.842222 0.538512 -0.025816 93.8863 0.0183696 0.0191929 0.999647 0
0.567184 -0.823582 0.00389699 43.6814 0.82342 0.566964 -0.0230488 95.3919 0.0167732 0.0162818 0.999727 0
0.567735 -0.823206 -0.00294033 44.4076 0.822964 0.567648 -0.0225095 96.6814 0.020199 0.0103596 0.999742 0
0.588325 -0.808624 0.00134051 45.1762 0.80836 0.588089 -0.0265613 97.9386 0.0206898 0.0167103 0.999646 0
0.595588 -0.803278 0.00439998 45.9809 0.803046 0.595263 -0.0279113 99.2442 0.0198014 0.020157 0.999601 0
0.599712 -0.800199 0.00526171 46.9264 0.799969 0.59935 -0.0287888 100.718 0.0198831 0.0214742 0.999572 0
0.600222 -0.799832 0.00110629 47.6671 0.799727 0.60012 -0.0171363 101.953 0.0130422 0.0111703 0.999853 0
0.610104 -0.792301 0.00558753 48.4818 0.792159 0.609822 -0.0245046 103.241 0.0160076 0.0193766 0.999684 0
0.610705 -0.79185 0.0036797 49.1892 0.791673 0.610454 -0.0244978 104.385 0.0171523 0.017874 0.999693 0
0.617234 -0.786772 0.00336658 50.1083 0.786669 0.617069 -0.0194391 105.817 0.0132167 0.0146468 0.999805 0
0.618002 -0.786142 0.00734982 50.9454 0.786057 0.617717 -0.0232422 107.11 0.0137315 0.0201411 0.999703 0
0.623622 -0.781711 0.0048869 51.7515 0.781567 0.623356 -0.0240827 108.356 0.0157794 0.0188379 0.999698 0
0.65675 -0.754103 0.00282753 52.6551 0.753934 0.656513 -0.0239704 109.658 0.0162199 0.0178743 0.999709 0
0.698372 -0.715707 0.00638659 53.6328 0.715554 0.697966 -0.0287592 110.908 0.0161255 0.0246546 0.999566 0
0.72826 -0.685294 -0.0029707 54.5987 0.6851 0.728145 -0.0210731 112.045 0.0166044 0.0133115 0.999774 0
0.742627 -0.669696 -0.00358058 55.7105 0.669517 0.742534 -0.0197424 113.258 0.0158801 0.012264 0.999799 0
0.748196 -0.663325 -0.0142242 56.7721 0.663203 0.748331 -0.0127402 114.41 0.0190953 9.86657e-05 0.999818 0
0.767329 -0.641238 -0.00439435 57.7349 0.64087 0.767089 -0.0293285 115.433 0.0221774 0.0196884 0.99956 0
0.828424 -0.560081 -0.00471231 58.9763 0.559827 0.828253 -0.0242909 116.539 0.0175079 0.0174851 0.999694 0
0.875659 -0.482917 -0.00355189 60.1095 0.482706 0.875453 -0.0240146 117.358 0.0147066 0.019314 0.999705 0
0.913579 -0.406632 -0.00491735 61.4847 0.406477 0.913461 -0.0191109 118.175 0.0122629 0.0154605 0.999805 0
0.948138 -0.317718 -0.00951175 62.905 0.317411 0.947965 -0.0247597 118.845 0.0168834 0.0204564 0.999648 0
0.967005 -0.254222 -0.0164926 64.583 0.25398 0.967086 -0.015455 119.495 0.0198787 0.0107562 0.999745 0
0.972727 -0.231642 -0.0120004 66.0495 0.231515 0.972768 -0.0110525 120.023 0.0142339 0.00797273 0.999867 0
0.990508 -0.137448 -0.00154171 67.5495 0.137432 0.99048 -0.00787297 120.439 0.00260916 0.00758635 0.999968 0
0.997136 -0.0745587 0.0127061 69.0722 0.0747416 0.997096 -0.014587 120.74 -0.0115816 0.0154949 0.999813 0
0.998859 -0.0459269 0.0130793 70.8356 0.0460898 0.99886 -0.0124392 121.018 -0.0124931 0.0130279 0.999837 0
0.999701 -0.0223197 -0.00995169 72.6575 0.0220882 0.999496 -0.0227942 121.25 0.0104554 0.0225676 0.999691 0
0.999788 0.0164675 -0.0123577 74.48 -0.0166531 0.999748 -0.0150685 121.425 0.0121064 0.0152711 0.99981 0
0.995268 0.0957242 -0.0167084 76.3333 -0.096005 0.995237 -0.0168979 121.469 0.0150113 0.0184221 0.999718 0
0.99159 0.128851 -0.0120776 78.1827 -0.129107 0.991351 -0.0235399 121.442 0.00894 0.0249012 0.99965 0
0.989284 0.144763 -0.0190073 80.3198 -0.144955 0.989396 -0.00910698 121.332 0.0174874 0.0117646 0.999778 0
0.984059 0.17663 -0.0207059 82.4807 -0.177024 0.984023 -0.0190214 121.171 0.0170153 0.0223836 0.999605 0
0.969476 0.244181 -0.0222039 84.312 -0.244407 0.969639 -0.00809584 120.927 0.0195529 0.0132755 0.999721 0
0.966275 0.257501 0.00227339 86.1086 -0.2575 0.966111 0.0179916 120.622 0.00243652 -0.0179702 0.999836 0
0.965493 0.260271 -0.00906041 87.9084 -0.260311 0.965519 -0.00351902 120.286 0.0078321 0.00575611 0.999953 0
0.926259 0.376879 -0.00253325 89.675 -0.376886 0.926254 -0.00316367 119.815 0.00115411 0.00388513 0.999992 0
0.887506 0.46071 -0.00893345 91.1059 -0.460782 0.887464 -0.00932791 119.248 0.00363065 0.0123949 0.999917 0
0.877833 0.478871 -0.00957925 92.4825 -0.478949 0.877797 -0.00898539 118.636 0.00410579 0.0124756 0.999914 0
0.875116 0.483769 -0.011818 94.0888 -0.483847 0.87514 -0.00472506 117.903 0.00805654 0.00985306 0.999919 0
0.874606 0.484708 -0.0111179 95.5 -0.484831 0.87427 -0.0243182 117.281 -0.00206722 0.0266592 0.999642 0
0.872927 0.487804 -0.00676178 96.8761 -0.487811 0.872949 0.00077324 116.634 0.00627988 0.00262349 0.999977 0
0.872715 0.48798 -0.0156292 98.2592 -0.488044 0.872819 -0.000278944 115.999 0.0135054 0.00787117 0.999878 0
0.871726 0.489761 -0.0150573 99.6603 -0.489833 0.871815 -0.00125005 115.352 0.0125149 0.00846524 0.999886 0
0.872278 0.488797 -0.0144091 101.066 -0.488892 0.872337 -0.00373977 114.701 0.0107416 0.0103066 0.999889 0
0.872159 0.489111 -0.010474 102.464 -0.489202 0.87212 -0.00938346 114.073 0.00454504 0.0133078 0.999901 0
0.872608 0.488359 -0.00782529 103.876 -0.488418 0.872553 -0.00999829 113.417 0.00194523 0.0125466 0.999919 0
0.8729 0.487856 -0.00645083 105.282 -0.487895 0.872868 -0.00772367 112.771 0.00186268 0.00988932 0.999949 0
0.892413 0.451184 -0.00570223 106.914 -0.451215 0.89239 -0.00670848 112.09 0.00206186 0.00855966 0.999961 0
0.922964 0.384884 0.00136231 108.561 -0.384855 0.922927 -0.00959298 111.511 -0.00494949 0.00832968 0.999953 0
0.929598 0.368508 0.0070188 110.2 -0.368451 0.929611 -0.00821203 110.973 -0.00955095 0.00504781 0.999942 0
0.931293 0.364077 0.0118597 111.893 -0.364021 0.931367 -0.00666122 110.437 -0.0134709 0.00188638 0.999907 0
0.933533 0.358427 0.00687152 113.583 -0.35837 0.933543 -0.00821213 109.892 -0.00935831 0.00520374 0.999943 0
0.965832 0.259109 0.00561423 115.247 -0.259107 0.965848 -0.000957658 109.464 -0.00567063 -0.000529751 0.999984 0
0.970797 0.23984 0.00543496 116.945 -0.239772 0.970769 -0.0108204 109.104 -0.00787124 0.00920122 0.999927 0
0.972056 0.234715 0.0040159 118.703 -0.234683 0.972046 -0.00710887 108.798 -0.0055722 0.00596776 0.999967 0
0.978924 0.204224 -9.021e-05 120.405 -0.204212 0.978859 -0.0114833 108.512 -0.00225686 0.0112597 0.999934 0
0.981012 0.19374 0.00898811 122.355 -0.193575 0.980945 -0.0166047 108.211 -0.0120338 0.0145495 0.999822 0
0.946974 0.320402 0.0241355 124.14 -0.32058 0.947214 0.00383237 107.808 -0.0216336 -0.0113665 0.999701 0
0.808656 0.588266 0.00427134 125.407 -0.588218 0.808654 -0.00887726 107.067 -0.00867622 0.00466617 0.999951 0
0.61747 0.786591 0.00241838 126.417 -0.786587 0.617474 -0.00261497 106.007 -0.0035502 -0.000287602 0.999994 0
0.358141 0.933666 -0.00154969 127.195 -0.933664 0.358144 0.00200042 104.48 0.00242274 0.000730456 0.999997 0
0.0573237 0.998351 0.00300527 127.475 -0.998351 0.0573144 0.00308475 102.743 0.00290742 -0.00317715 0.999991 0
-0.134472 0.990805 0.0148929 127.286 -0.990908 -0.134523 0.00241637 100.57 0.00439758 -0.0144325 0.999886 0
-0.136423 0.990622 -0.00756172 127.061 -0.990645 -0.136393 0.00437018 98.7721 0.00329783 0.00808717 0.999962 0
-0.138335 0.990353 -0.00799588 126.814 -0.990376 -0.138295 0.00535207 96.9373 0.00419464 0.00865931 0.999954 0
-0.12013 0.992672 -0.0131039 126.596 -0.992736 -0.120027 0.00832806 95.0837 0.00669421 0.0140091 0.999879 0
-0.0436398 0.999009 -0.00881455 126.498 -0.999014 -0.0435642 0.00858921 93.0626 0.0081967 0.00918069 0.999924 0
-0.0305119 0.999476 -0.0108322 126.437 -0.999487 -0.0304034 0.0100441 91.1308 0.00970951 0.0111331 0.999891 0
-0.0249859 0.999628 -0.0109477 126.401 -0.999668 -0.0249149 0.00657503 89.148 0.00629982 0.0111083 0.999918 0
-0.00793135 0.999884 -0.0129937 126.411 -0.999964 -0.00788915 0.00329066 87.1909 0.00318777 0.0130193 0.99991 0
-0.00736082 0.999778 -0.0197314 126.402 -0.99997 -0.00731111 0.00259123 85.2593 0.00244639 0.0197499 0.999802 0
-0.00771129 0.999872 -0.0140176 126.386 -0.999968 -0.00768006 0.00228651 83.0281 0.00217856 0.0140348 0.999899 0
-0.00267017 0.999919 -0.0124865 126.391 -0.999968 -0.00257623 0.00753493 81.0034 0.00750215 0.0125062 0.999894 0
0.00478321 0.999902 -0.0131777 126.384 -0.999934 0.00491989 0.0103593 79.0433 0.0104232 0.0131273 0.99986 0
0.00737327 0.999888 -0.0130234 126.386 -0.999945 0.00746977 0.00737558 77.0658 0.00747204 0.0129683 0.999888 0
0.0104284 0.999794 -0.0174128 126.394 -0.999928 0.0105315 0.00584371 75.0654 0.0060259 0.0173506 0.999831 0
0.010951 0.999782 -0.0177626 126.421 -0.999904 0.0110998 0.0082952 73.0543 0.00849056 0.0176701 0.999808 0
0.00830895 0.999843 -0.0156168 126.39 -0.999911 0.00847071 0.0103224 71.1071 0.0104531 0.0155296 0.999825 0
0.0059098 0.99969 -0.0241861 126.383 -0.999941 0.00612766 0.00894239 69.1961 0.00908782 0.0241319 0.999667 0
0.00228262 0.999895 -0.0143395 126.378 -0.999967 0.00239348 0.00771882 67.129 0.00775233 0.0143215 0.999867 0
0.00372016 0.999826 -0.0182877 126.362 -0.999971 0.00384039 0.00654409 65.0133 0.00661318 0.0182628 0.999811 0
0.00378066 0.999732 -0.0228465 126.335 -0.999733 0.0042991 0.0226847 62.9361 0.0227768 0.0227547 0.999482 0
-0.000231504 0.999683 -0.0251803 126.288 -0.999491 0.000572085 0.0319038 60.9178 0.0319081 0.0251749 0.999174 0
0.155721 0.987791 -0.0043924 126.431 -0.987735 0.155761 0.0108997 59.0201 0.0114508 0.00264121 0.999931 0
0.269709 0.962874 -0.0114114 126.863 -0.962804 0.269852 0.0137302 57.313 0.0162998 0.0072838 0.999841 0
0.278602 0.960285 -0.0153077 127.281 -0.96031 0.278764 0.00970788 55.7633 0.0135896 0.0119956 0.999836 0
0.281903 0.959326 -0.0149643 127.692 -0.959378 0.282031 0.00725364 54.2512 0.011179 0.0123116 0.999862 0
0.285534 0.957924 -0.0291931 128.111 -0.958283 0.285782 0.0046176 52.7184 0.0127662 0.0266568 0.999563 0
0.267042 0.963468 -0.0204448 128.54 -0.963562 0.267287 0.0102912 51.0133 0.0153798 0.0169517 0.999738 0
0.0788088 0.996696 -0.0196696 128.714 -0.996835 0.0789953 0.00889685 49.2748 0.0104213 0.0189062 0.999767 0
0.0463479 0.998707 -0.0208914 128.757 -0.998918 0.0464154 0.00275699 47.2546 0.00372311 0.020741 0.999778 0
0.0119073 0.999765 -0.0181125 128.762 -0.999917 0.0119941 0.00469042 45.2777 0.00490655 0.0180552 0.999825 0
0.0402395 0.998976 -0.0207075 128.753 -0.999172 0.0403552 0.00520307 43.3103 0.0060334 0.020481 0.999772 0
0.0651624 0.997688 -0.019321 128.848 -0.997869 0.0652121 0.00195529 41.2721 0.00321073 0.0191524 0.999811 0
0.0671216 0.997735 -0.00437769 128.923 -0.997732 0.0671423 0.0047824 39.4214 0.0050655 0.00404676 0.999979 0
0.0639651 0.997848 -0.014436 129.005 -0.997944 0.0640169 0.00315175 37.5501 0.00406911 0.0142047 0.999891 0
0.0653893 0.997749 -0.0148963 129.064 -0.997848 0.0654536 0.00386968 35.4852 0.00483599 0.0146112 0.999882 0
0.0665472 0.997657 -0.015859 129.15 -0.997782 0.0665102 -0.00284979 33.5097 -0.00178833 0.0160135 0.99987 0
0.0434743 0.998811 -0.022072 129.192 -0.999029 0.043303 -0.0081785 31.4705 -0.00721299 0.0224062 0.999723 0
0.0386626 0.999049 -0.0201587 129.187 -0.999252 0.0386572 -0.000661447 29.3062 0.000118457 0.0201692 0.999797 0
0.0465311 0.998545 -0.0272428 129.195 -0.998914 0.0465748 0.00097084 27.1257 0.00223825 0.027168 0.999628 0
0.046234 0.998638 -0.0241878 129.232 -0.998927 0.0462827 0.00145902 25.0742 0.00257651 0.0240944 0.999706 0
0.0449241 0.998737 -0.0225186 129.242 -0.998984 0.0449933 0.00257375 23.0748 0.00358369 0.0223801 0.999743 0
0.0454535 0.998751 -0.0207302 129.219 -0.998956 0.0455377 0.00360277 21.039 0.00454227 0.0205448 0.999779 0
0.045885 0.99877 -0.0187686 129.235 -0.998925 0.0459984 0.00565323 19.0048 0.0065096 0.018489 0.999808 0
0.0456883 0.99875 -0.0202671 129.254 -0.998933 0.0458158 0.00587559 16.9396 0.0067968 0.0199771 0.999777 0
0.0459468 0.998678 -0.0230518 129.25 -0.998935 0.046031 0.00313351 14.8941 0.00419047 0.0228832 0.999729 0
0.059589 0.997966 -0.0226491 129.241 -0.998223 0.059577 -0.00120545 12.6636 0.000146367 0.0226807 0.999743 0
0.0584164 0.997992 -0.0244716 129.27 -0.998289 0.0584603 0.00107927 10.7838 0.00250772 0.0243667 0.9997 0
0.0587773 0.998101 -0.0184195 129.282 -0.998262 0.0588441 0.00311119 8.88192 0.00418916 0.0182046 0.999825 0
0.055935 0.998288 -0.0170792 129.289 -0.998431 0.0559708 0.00162947 6.95276 0.00258262 0.0169613 0.999853 0
0.054167 0.99841 -0.0156232 129.278 -0.998526 0.0542132 0.002544 5.06191 0.00338694 0.0154623 0.999875 0
0.052797 0.998536 -0.0117942 129.274 -0.998601 0.0528294 0.00245162 3.15147 0.00307111 0.0116482 0.999927 0
0.0511623 0.998583 -0.014664 129.268 -0.998648 0.051289 0.00839853 1.17757 0.00913872 0.0142145 0.999857 0
0.0483159 0.998678 -0.0175274 129.276 -0.998793 0.0484625 0.0080368 -0.904182 0.00887559 0.0171179 0.999814 0
0.0428246 0.998993 -0.0134208 129.281 -0.99902 0.042968 0.0105826 -2.87431 0.0111486 0.0129545 0.999854 0
0.0398851 0.999053 -0.0173845 129.283 -0.999153 0.0400528 0.00940262 -4.90812 0.01009 0.0169947 0.999805 0
0.0386261 0.999105 -0.0172183 129.258 -0.999202 0.0387945 0.00955468 -6.9179 0.0102141 0.0168355 0.999806 0
0.0381873 0.999169 -0.0142644 129.261 -0.999221 0.0383241 0.00943898 -8.94052 0.0099778 0.0138928 0.999854 0
0.0391443 0.998939 -0.0242489 129.303 -0.999205 0.039315 0.00660364 -10.9374 0.00754999 0.0239712 0.999684 0
0.0394888 0.999014 -0.020288 129.293 -0.999205 0.0395903 0.00462739 -12.9873 0.00542603 0.0200891 0.999783 0
0.0391102 0.998881 -0.0265994 129.342 -0.999203 0.0393088 0.00698414 -14.9381 0.00802192 0.026305 0.999622 0
0.0382649 0.999067 -0.0200485 129.312 -0.999224 0.038443 0.00857552 -17.0159 0.00933824 0.0197048 0.999762 0
0.0390071 0.999076 -0.0180593 129.311 -0.999222 0.0391052 0.0051124 -18.9975 0.00581389 0.0178458 0.999824 0
0.0360447 0.999112 -0.0217915 129.272 -0.999345 0.0361085 0.00254214 -20.9544 0.00332674 0.0216856 0.999759 0
0.0312948 0.999383 -0.0159586 129.221 -0.999506 0.0313351 0.00227811 -22.9248 0.00277677 0.0158795 0.99987 0
0.0247225 0.999396 -0.0244274 129.073 -0.999675 0.0248675 0.00564808 -25.1341 0.00625212 0.0242799 0.999686 0
0.0202 0.999543 -0.0224981 129.038 -0.999763 0.0203763 0.00763361 -27.0071 0.00808855 0.0223386 0.999718 0
-0.0751638 0.996797 -0.0273197 128.902 -0.997151 -0.0749601 0.00840807 -29.0769 0.00633325 0.0278738 0.999591 0
-0.230429 0.972738 -0.0261334 128.476 -0.973074 -0.230191 0.0118177 -30.9613 0.00547986 0.0281528 0.999589 0
-0.247497 0.968759 -0.0158302 127.976 -0.968847 -0.247303 0.0132669 -32.706 0.00893755 0.0186205 0.999787 0
-0.2471 0.968904 -0.0129493 127.478 -0.96883 -0.246794 0.021485 -34.3611 0.0176211 0.0178546 0.999685 0
-0.367764 0.929899 -0.00608943 126.867 -0.929716 -0.36754 0.0232987 -35.8729 0.0194273 0.0142299 0.99971 0
-0.512476 0.858489 -0.0191111 126.057 -0.858622 -0.511999 0.0250009 -37.1973 0.0116781 0.0292215 0.999505 0
-0.587762 0.808937 -0.0125491 125.081 -0.809034 -0.587673 0.0102366 -38.4761 0.000905946 0.0161693 0.999869 0
-0.610361 0.791943 -0.0168866 124.2 -0.792123 -0.610247 0.0118486 -39.5464 -0.000921545 0.0206082 0.999787 0
-0.703587 0.710364 -0.0186438 123.129 -0.710582 -0.703547 0.00973294 -40.6319 -0.00620288 0.0200959 0.999779 0
-0.812862 0.582344 -0.0114362 121.943 -0.582351 -0.812932 -0.00309316 -41.4689 -0.0110981 0.00414558 0.99993 0
-0.942136 0.335081 0.00998933 120.432 -0.334821 -0.942041 0.0212922 -42.0098 0.016545 0.0167155 0.999723 0
-0.969729 0.2431 0.0229787 118.759 -0.24285 -0.969975 0.0131474 -42.3885 0.0254849 0.00716903 0.99965 0
-0.997001 0.0732666 0.0249052 116.734 -0.0729717 -0.997255 0.0125505 -42.4847 0.0257564 0.0106955 0.999611 0
-0.998292 0.0559648 0.016788 114.821 -0.0556964 -0.998319 0.0160504 -42.497 0.0176581 0.0150879 0.99973 0
-0.998744 0.0488367 0.0111733 112.789 -0.0487567 -0.998784 0.00731934 -42.5072 0.0115172 0.00676538 0.999911 0
-0.996031 0.0863564 0.0215891 110.885 -0.086015 -0.996161 0.0162739 -42.552 0.0229116 0.0143523 0.999634 0
-0.996052 0.0870255 0.017556 108.845 -0.0868195 -0.99615 0.0121759 -42.628 0.018548 0.0106036 0.999772 0
-0.996222 0.0851834 0.0169105 106.894 -0.0849614 -0.996294 0.0134433 -42.6857 0.0179929 0.0119557 0.999767 0
-0.996533 0.0821563 0.0131006 104.872 -0.0819862 -0.996548 0.0130342 -42.7866 0.0141263 0.0119149 0.999829 0
-0.996508 0.0821544 0.0148992 103.209 -0.0819499 -0.99654 0.013851 -42.832 0.0159855 0.0125817 0.999793 0
-0.996938 0.0765075 0.0161211 101.146 -0.0763479 -0.997028 0.0102964 -42.8811 0.016861 0.00903411 0.999817 0
-0.99718 0.0735621 0.0148289 99.2704 -0.0733863 -0.997231 0.0120712 -42.9297 0.0156758 0.0109489 0.999817 0
-0.998857 0.044662 0.0170403 97.1827 -0.0444411 -0.998926 0.0131299 -42.9588 0.0176084 0.0123576 0.999769 0
-0.999204 0.0380179 0.0120511 95.3157 -0.0378495 -0.999187 0.0139091 -42.9785 0.0125701 0.0134419 0.999831 0
-0.999742 0.0212351 0.00806578 93.4121 -0.0208343 -0.998683 0.0468881 -42.9674 0.00905083 0.046708 0.998868 0
-0.998954 0.0436301 0.0136666 91.21 -0.0435094 -0.999012 0.00900999 -42.9556 0.0140462 0.00840595 0.999866 0
-0.998948 0.0422547 0.017819 89.0456 -0.0420881 -0.999068 0.00962149 -42.9858 0.0182089 0.00886139 0.999795 0
-0.999101 0.0392143 0.0161232 87.0475 -0.0389372 -0.999094 0.0171562 -42.9842 0.0167814 0.016513 0.999723 0
-0.999248 0.036028 0.0143594 85.1506 -0.0358519 -0.999281 0.0123357 -42.9879 0.0147935 0.0118116 0.999821 0
-0.999302 0.0347129 0.0137977 83.2234 -0.0345092 -0.999296 0.0147367 -43.0109 0.0142995 0.0142503 0.999796 0
-0.99936 0.033288 0.0130996 81.1212 -0.0330976 -0.999347 0.0144937 -43.0121 0.0135736 0.0140508 0.999809 0
-0.999418 0.0314797 0.013193 79.1735 -0.0311604 -0.999232 0.0237496 -42.9884 0.0139305 0.0233246 0.999631 0
-0.999501 0.0295592 0.0111472 77.2926 -0.0294129 -0.999482 0.0130713 -42.9836 0.0115278 0.0127369 0.999852 0
-0.999567 0.0261054 0.0135956 75.0746 -0.0259139 -0.999565 0.0140727 -42.988 0.0139571 0.0137143 0.999809 0
-0.999641 0.0238274 0.0122932 73.0883 -0.0236482 -0.999615 0.0145233 -42.9773 0.0126345 0.0142273 0.999819 0
-0.99965 0.0227475 0.013464 71.1832 -0.0225452 -0.999633 0.0149883 -42.9791 0.0138 0.0146795 0.999797 0
-0.999671 0.0231541 0.0109891 69.1564 -0.0229009 -0.999481 0.0226395 -42.944 0.0115076 0.0223804 0.999683 0
-0.999659 0.0205565 0.0161183 67.1518 -0.0201876 -0.999538 0.0227239 -42.9351 0.016578 0.0223908 0.999612 0
-0.999755 0.0193254 0.0107963 65.2001 -0.0191556 -0.999694 0.015612 -42.9077 0.0110947 0.0154014 0.99982 0
-0.999772 0.0184055 0.0108204 63.2403 -0.0182514 -0.999733 0.0141761 -42.8849 0.0110784 0.0139754 0.999841 0
-0.999907 0.00705707 0.0116673 61.0668 -0.00698958 -0.999959 0.00581534 -42.8233 0.0117079 0.00573325 0.999915 0
-0.999775 -0.017054 0.0125748 58.9373 0.0172445 -0.999736 0.0151965 -42.7024 0.0123123 0.0154099 0.999805 0
-0.99971 -0.0195816 0.0140345 56.7211 0.0197707 -0.999714 0.0134632 -42.6185 0.0137669 0.0137367 0.999811 0
-0.999728 -0.0199721 0.0120527 54.6864 0.0201206 -0.999721 0.0123261 -42.4744 0.0118032 0.0125653 0.999851 0
-0.99977 -0.0187323 0.0104204 52.6694 0.0189095 -0.999674 0.0171716 -42.3712 0.0100953 0.0173647 0.999798 0
-0.999798 -0.0178485 0.00925447 50.654 0.0180007 -0.9997 0.0166321 -42.2685 0.00895483 0.0167953 0.999819 0
-0.999796 -0.0170812 0.010808 48.3974 0.0172214 -0.999767 0.0130147 -42.1197 0.0105832 0.0131982 0.999857 0
-0.999724 -0.0187757 0.0141195 46.4722 0.0188928 -0.999788 0.00820508 -42.0311 0.0139625 0.00846957 0.999867 0
-0.998604 -0.0507587 0.0145984 44.3003 0.0509547 -0.998611 0.0133852 -41.8458 0.0138987 0.0141104 0.999804 0
-0.998341 -0.0550206 0.0169555 42.1778 0.0553251 -0.998305 0.0180455 -41.6169 0.0159339 0.0189536 0.999693 0
-0.994614 -0.102565 0.0149775 40.1453 0.102716 -0.994663 0.00971985 -41.3821 0.0139007 0.0112059 0.999841 0
-0.990025 -0.140119 0.0147579 38.1628 0.140285 -0.990051 0.0109164 -41.023 0.0130815 0.0128778 0.999831 0
-0.989536 -0.143483 0.0151976 36.1647 0.143683 -0.989538 0.0130034 -40.6187 0.0131728 0.015051 0.9998 0
-0.988695 -0.148879 0.0178342 34.4711 0.148957 -0.988839 0.00314037 -40.2861 0.0171676 0.0057614 0.999836 0
-0.980477 -0.196019 0.015557 32.761 0.196228 -0.980468 0.0132981 -39.8829 0.0126464 0.0160912 0.999791 0
-0.968138 -0.249957 0.0151605 31.1421 0.250112 -0.968171 0.00935612 -39.4125 0.0123393 0.0128498 0.999841 0
-0.95349 -0.300925 0.0173461 29.5396 0.301199 -0.953423 0.0162455 -38.8459 0.0116495 0.0207146 0.999718 0
-0.964454 -0.263737 0.0164723 28.0092 0.263875 -0.964533 0.00682994 -38.3152 0.0140868 0.0109338 0.999841 0
-0.957216 -0.289119 0.0121608 26.4473 0.289233 -0.957217 0.00889027 -37.8023 0.00907014 0.0120272 0.999887 0
-0.954422 -0.298333 0.00872856 24.9328 0.29837 -0.954445 0.00329023 -37.2797 0.00734934 0.00574461 0.999956 0
-0.935909 -0.351787 0.0179026 23.4165 0.352014 -0.935923 0.0115708 -36.659 0.012685 0.0171312 0.999773 0
-0.912721 -0.408584 0.000656887 22.0065 0.408572 -0.912678 0.00933808 -36.0231 -0.00321586 0.00879145 0.999956 0
-0.88519 -0.465202 -0.00517697 20.6183 0.465091 -0.885141 0.0147067 -35.2559 -0.0114239 0.0106104 0.999878 0
-0.883035 -0.469232 -0.00842052 19.213 0.468957 -0.882927 0.0227932 -34.4435 -0.01813 0.0161784 0.999705 0
-0.882659 -0.469766 -0.0152204 17.8474 0.469338 -0.882664 0.0250223 -33.6739 -0.0251892 0.0149426 0.999571 0
-0.882048 -0.470775 -0.0190146 16.5437 0.470285 -0.882152 0.025278 -32.9092 -0.028674 0.0133541 0.9995 0
-0.881235 -0.472436 -0.0151028 15.1349 0.472096 -0.881287 0.0214187 -32.0876 -0.0234289 0.011745 0.999656 0
-0.88087 -0.47316 -0.0136959 13.8502 0.472686 -0.880793 0.0277795 -31.3493 -0.0252074 0.0179962 0.99952 0
-0.732006 -0.681237 -0.00920389 12.7207 0.680755 -0.731894 0.0300508 -30.3977 -0.027208 0.0157318 0.999506 0
-0.5854 -0.810691 -0.00928661 11.7612 0.810307 -0.585422 0.0261556 -29.2023 -0.0266407 0.00778648 0.999615 0
-0.388629 -0.921381 -0.00506933 11.0917 0.92109 -0.388636 0.0235702 -27.608 -0.0236873 0.00449075 0.999709 0
-0.378592 -0.925525 -0.00838286 10.5331 0.925347 -0.378684 0.0181884 -26.1614 -0.0200083 -0.000871066 0.999799 0
-0.378092 -0.925768 -0.000323209 10.0369 0.925715 -0.378074 0.0105769 -24.7435 -0.00991395 0.00369984 0.999944 0
-0.37823 -0.925661 0.00967563 9.50834 0.925707 -0.378239 0.000943638 -23.2808 0.00278621 0.00931371 0.999953 0
-0.376979 -0.926128 0.0131748 8.9523 0.92621 -0.377008 0.000292466 -21.795 0.00469616 0.0123129 0.999913 0
-0.395241 -0.918437 0.0160298 8.39173 0.918534 -0.395332 -0.00283358 -20.3304 0.00893958 0.013604 0.999867 0
-0.416509 -0.90912 0.00463476 7.80256 0.909076 -0.416534 -0.00888953 -18.9332 0.0100122 0.000510786 0.99995 0
-0.416664 -0.90896 0.0135361 7.14293 0.908997 -0.416764 -0.00558288 -17.4379 0.010716 0.00997806 0.999893 0
-0.415842 -0.909361 0.0117373 6.52568 0.909352 -0.415945 -0.00830557 -15.9564 0.0124348 0.0072195 0.999897 0
-0.414742 -0.909859 0.0120641 5.91635 0.909818 -0.414867 -0.0108136 -14.5296 0.0148439 0.00649123 0.999869 0
-0.394309 -0.918896 0.0122841 5.26515 0.918647 -0.39449 -0.0215651 -12.9037 0.024662 0.0027815 0.999692 0
-0.390208 -0.920618 0.0141492 4.71106 0.920584 -0.390372 -0.0115966 -11.4806 0.0161995 0.00850042 0.999833 0
-0.390981 -0.920292 0.0139812 4.07869 0.92033 -0.391092 -0.00623132 -9.91356 0.0112026 0.010431 0.999883 0
-0.388438 -0.921404 0.0114702 3.44786 0.921395 -0.388538 -0.00834617 -8.35127 0.0121468 0.00732663 0.999899 0
-0.386858 -0.921991 0.0165318 2.91126 0.922085 -0.386967 -0.00389364 -6.97945 0.00998718 0.0137375 0.999856 0
-0.386794 -0.92208 0.0125943 2.3364 0.922166 -0.386758 0.0053006 -5.59457 -1.66129e-05 0.0136643 0.999907 0
-0.384705 -0.923 0.00850711 1.72799 0.922922 -0.384493 0.0194781 -4.08599 -0.0147074 0.0153447 0.999774 0
-0.381566 -0.924324 0.00576124 1.18296 0.924151 -0.381354 0.0226852 -2.72758 -0.0187714 0.0139802 0.999726 0
-0.311218 -0.950245 0.0133634 0.700785 0.950066 -0.310761 0.0283087 -1.33328 -0.0227473 0.0215063 0.99951 0
