0.352513 -0.935788 0.00598653 0 0.935654 0.352564 0.0158252 0 -0.0169197 2.27205e-05 0.999857 0
0.342214 -0.939608 0.00510692 0.561247 0.939486 0.342252 0.0151619 1.57658 -0.0159941 -0.000390756 0.999872 0
0.33862 -0.940919 0.00293235 1.09692 0.940823 0.338628 0.0135287 3.04302 -0.0137224 -0.00182226 0.999904 0
0.336206 -0.941783 0.00325962 1.652 0.941688 0.336218 0.0134337 4.58322 -0.0137476 -0.00144694 0.999904 0
0.338984 -0.940713 0.0122453 2.23906 0.94065 0.33913 0.0129742 6.0795 -0.0163578 0.00712048 0.999841 0
0.339646 -0.939976 0.0329511 2.80408 0.940328 0.340123 0.00998688 7.61561 -0.0205948 0.0275928 0.999407 0
0.339745 -0.939954 0.0325683 3.31964 0.940293 0.340216 0.0100572 9.10291 -0.0205336 0.0272069 0.999419 0
0.339637 -0.940132 0.0282453 3.85663 0.940411 0.339959 0.00736956 10.6421 -0.0165306 0.0240592 0.999574 0
0.339719 -0.939964 0.0325258 4.43779 0.940341 0.340136 0.0081263 12.2288 -0.0187017 0.0278247 0.999438 0
0.338431 -0.940359 0.0344949 4.98828 0.94081 0.338858 0.00721853 13.7753 -0.0184769 0.0300102 0.999379 0
0.341792 -0.939108 0.0354109 5.55179 0.939595 0.342223 0.00672129 15.3301 -0.0184304 0.0309746 0.99935 0
0.339676 -0.939815 0.0369784 6.12381 0.940367 0.340111 0.00597067 16.8451 -0.0181881 0.0327452 0.999298 0
0.339233 -0.939954 0.0375075 6.68729 0.940545 0.339636 0.00475223 18.3387 -0.0172058 0.0336654 0.999285 0
0.340929 -0.939532 0.0323596 7.26213 0.939969 0.341233 0.00422263 19.8519 -0.0150095 0.0289774 0.999467 0
0.340799 -0.939614 0.0313426 7.79266 0.94004 0.341052 0.00293595 21.4383 -0.0134481 0.0284627 0.999504 0
0.343736 -0.938646 0.028102 8.33953 0.93899 0.343936 0.00247051 22.9375 -0.0119842 0.0255383 0.999602 0
0.345362 -0.937845 0.0342322 8.87896 0.938345 0.34568 0.00367046 24.5044 -0.0152757 0.030854 0.999407 0
0.345427 -0.937911 0.0316686 9.44593 0.938369 0.345633 0.00112664 25.9844 -0.0120024 0.0293276 0.999498 0
0.346005 -0.937885 0.0255443 10.0368 0.938155 0.346198 0.00346388 27.5201 -0.0120921 0.022766 0.999668 0
0.37424 -0.927032 0.0235876 10.6364 0.927275 0.374377 0.00153506 29.1027 -0.0102537 0.0212977 0.999721 0
0.407085 -0.913193 0.0189791 11.2367 0.913118 0.407383 0.0159391 30.5997 -0.0222872 0.0108415 0.999693 0
0.410765 -0.911479 0.0218829 11.9405 0.911666 0.410922 0.00301645 32.0343 -0.0117416 0.0187108 0.999756 0
0.410561 -0.911593 0.0209172 12.5557 0.911731 0.410751 0.0055826 33.4488 -0.0136808 0.0167789 0.999766 0
0.395454 -0.918331 0.0168693 13.1729 0.918388 0.395614 0.0073359 34.8728 -0.0134105 0.0125916 0.999831 0
0.394125 -0.918845 0.0197435 13.7956 0.91895 0.394316 0.00676719 36.3203 -0.0140032 0.0154762 0.999782 0
0.398338 -0.917042 0.0190207 14.4061 0.917119 0.398536 0.00791958 37.763 -0.014843 0.0142895 0.999788 0
0.398092 -0.917048 0.0233603 15.0961 0.917213 0.398338 0.00683357 39.2931 -0.015572 0.018706 0.999704 0
0.4016 -0.915422 0.0268243 15.69 0.915669 0.401886 0.00606865 40.7326 -0.0163357 0.022125 0.999622 0
0.404823 -0.913899 0.03011 16.3778 0.914261 0.405109 0.00381497 42.2504 -0.0156843 0.025984 0.999539 0
0.401663 -0.915278 0.0305427 16.9716 0.91546 0.402188 0.0133422 43.6292 -0.0244957 0.0226015 0.999444 0
0.403537 -0.914595 0.0259451 17.6101 0.914744 0.403899 0.0104239 45.011 -0.0200128 0.0195266 0.999609 0
0.40442 -0.914281 0.0231023 18.2218 0.914431 0.404673 0.00739228 46.4536 -0.0161075 0.0181359 0.999706 0
0.405712 -0.91376 0.020982 18.8686 0.913855 0.405951 0.00856185 47.9076 -0.0163411 0.0157009 0.999743 0
0.406068 -0.913588 0.0215872 19.5254 0.913717 0.406291 0.006988 49.2374 -0.0151548 0.016887 0.999743 0
0.405332 -0.91392 0.0213488 20.1302 0.914043 0.405554 0.00712647 50.7801 -0.0151711 0.0166251 0.999747 0
0.406434 -0.913442 0.0208501 20.7736 0.913555 0.40665 0.00731568 52.1486 -0.0151612 0.0160744 0.999756 0
0.408889 -0.91237 0.0197778 21.4089 0.912441 0.409113 0.00884801 53.5885 -0.016164 0.0144282 0.999765 0
0.409332 -0.912092 0.0231281 22.0016 0.912282 0.409536 0.00465479 55.037 -0.0137174 0.019194 0.999722 0
0.411093 -0.911287 0.0236398 22.719 0.911483 0.411309 0.00493769 56.506 -0.0142229 0.0195175 0.999708 0
0.410966 -0.911522 0.0153068 23.3659 0.91161 0.411048 0.00249171 58.0927 -0.00856307 0.0129298 0.99988 0
0.411843 -0.911127 0.0152529 24.0601 0.911184 0.411962 0.00552281 59.5677 -0.0113156 0.0116237 0.999868 0
0.412328 -0.91076 0.0223977 24.7245 0.910678 0.412731 0.0178826 60.9062 -0.025531 0.0130235 0.999589 0
0.413348 -0.910403 0.0176261 25.3564 0.910327 0.413609 0.0152623 62.32 -0.0211851 0.00973681 0.999728 0
0.414344 -0.909962 0.0169657 26.0666 0.909962 0.414547 0.0109232 63.9298 -0.0169728 0.0109122 0.999796 0
0.415616 -0.909466 0.0115954 26.7709 0.9094 0.415742 0.0122415 65.4623 -0.015954 0.0054571 0.999858 0
0.415209 -0.909614 0.0142767 27.4039 0.909609 0.415356 0.00952432 66.8956 -0.0145933 0.00903159 0.999853 0
0.416424 -0.909063 0.0139501 28.117 0.909029 0.416581 0.0112633 68.4893 -0.0160504 0.0079907 0.999839 0
0.416844 -0.908831 0.0163602 28.872 0.908766 0.417068 0.0140725 70.0699 -0.0196128 0.00900151 0.999767 0
0.419126 -0.907826 0.0136375 29.5562 0.907802 0.419271 0.0103624 71.5286 -0.015125 0.00803699 0.999853 0
0.417436 -0.908587 0.0147073 30.2555 0.908593 0.417585 0.00903647 73.0275 -0.014352 0.00959079 0.999851 0
0.421229 -0.90689 0.0107796 30.9417 0.90689 0.421312 0.00692311 74.4776 -0.01082 0.00685964 0.999918 0
0.418623 -0.908099 0.0105439 31.576 0.908027 0.418732 0.0122402 75.8114 -0.0155304 0.00445013 0.999869 0
0.420327 -0.907348 0.00665378 32.2666 0.907217 0.42038 0.0154341 77.3518 -0.0168012 -0.000450936 0.999859 0
0.423981 -0.905653 0.00573416 32.8708 0.905583 0.424019 0.0112954 78.7481 -0.0126611 0.000403722 0.99992 0
0.422186 -0.906415 0.0130863 33.5571 0.906267 0.422363 0.0170066 80.075 -0.0209422 0.00467967 0.99977 0
0.425755 -0.904812 0.00692479 34.2172 0.904776 0.425803 0.00843491 81.5261 -0.0105806 0.00267418 0.99994 0
0.424543 -0.904749 -0.0345424 34.7933 0.9007 0.425913 -0.0856593 82.87 0.0922122 0.00525364 0.995726 0
0.4283 -0.903618 0.00578273 35.5128 0.90356 0.428338 0.0102597 84.2287 -0.0117478 0.00083082 0.999931 0
0.425595 -0.904885 0.00729205 36.1869 0.90483 0.425651 0.0101961 85.7224 -0.0123302 0.00225866 0.999921 0
0.428393 -0.903558 0.00788419 36.8791 0.903481 0.428461 0.0119753 87.1595 -0.0141985 0.00199305 0.999897 0
0.427313 -0.904086 0.00574572 37.6343 0.904038 0.42735 0.00936036 88.715 -0.010918 0.00119455 0.99994 0
0.429466 -0.903007 0.0116936 38.3565 0.903001 0.429566 0.00789674 90.2457 -0.012154 0.00716796 0.9999 0
0.430215 -0.902597 0.0152952 39.0526 0.902659 0.430328 0.00492609 91.7956 -0.0110282 0.011687 0.999871 0
0.433358 -0.901098 0.0149095 39.8115 0.90116 0.433463 0.00451432 93.2684 -0.0105305 0.0114795 0.999879 0
0.448777 -0.893572 0.0113371 40.4292 0.893577 0.448863 0.00657019 94.68 -0.0109597 0.00718198 0.999914 0
0.473682 -0.880597 0.01318 41.2186 0.880661 0.473744 0.00184119 96.1595 -0.0078653 0.010735 0.999911 0
0.475559 -0.879609 0.0114304 41.9386 0.879668 0.475588 -0.000267969 97.512 -0.00520046 0.0101824 0.999935 0
0.495421 -0.868625 0.00699008 42.6863 0.868637 0.495445 0.00216337 98.8254 -0.00534236 0.00500006 0.999973 0
0.502412 -0.864589 0.00817288 43.4395 0.864599 0.502451 0.00344461 100.096 -0.00708464 0.00533565 0.999961 0
0.504011 -0.863648 0.00919111 44.224 0.863679 0.504041 0.00107668 101.499 -0.00556257 0.00739551 0.999957 0
0.502397 -0.864617 0.00593673 45.0134 0.864629 0.50241 0.000941825 102.896 -0.00379699 0.0046599 0.999982 0
0.511894 -0.85885 0.0184466 45.7542 0.858519 0.512215 0.0241223 104.131 -0.030166 0.00348868 0.999539 0
0.509505 -0.860415 0.00954775 46.4891 0.860444 0.509542 0.00181496 105.37 -0.0064266 0.00729057 0.999953 0
0.516346 -0.856329 0.00937812 47.2747 0.856361 0.516377 0.00104379 106.739 -0.00573647 0.00749209 0.999955 0
0.515263 -0.856949 0.0119454 48.14 0.857018 0.515283 -0.0015663 108.122 -0.00481305 0.0110445 0.999927 0
0.521997 -0.852903 0.00868908 48.9432 0.852941 0.522006 -0.00142086 109.392 -0.00332389 0.00815295 0.999961 0
0.555917 -0.831147 0.0122689 49.7676 0.831235 0.555893 -0.00555902 110.748 -0.00219986 0.0132887 0.999909 0
0.603764 -0.797085 0.0111983 50.738 0.797147 0.603782 -0.00204347 112.059 -0.00513254 0.0101605 0.999935 0
0.635618 -0.771949 0.0091752 51.6102 0.772004 0.635578 -0.00713413 113.15 -0.00032438 0.0116179 0.999932 0
0.650436 -0.759506 0.00919222 52.6585 0.759561 0.650394 -0.00739504 114.397 -0.000361989 0.011792 0.99993 0
0.656306 -0.754476 0.00527083 53.6642 0.754475 0.656222 -0.0118094 115.588 0.00545105 0.0117273 0.999916 0
0.678916 -0.734124 0.011619 54.6447 0.734213 0.678869 -0.00822456 116.655 -0.00184994 0.0141146 0.999899 0
0.751417 -0.659775 0.00836898 55.8392 0.659825 0.751392 -0.00642875 117.763 -0.00204685 0.0103527 0.999944 0
0.808145 -0.588892 0.0103733 56.9506 0.588979 0.808081 -0.0104481 118.636 -0.00222972 0.0145532 0.999892 0
0.853349 -0.521325 0.00405376 58.2151 0.521339 0.853301 -0.00914282 119.505 0.00130729 0.0099154 0.99995 0
0.900322 -0.435196 0.0049846 59.6603 0.435224 0.900242 -0.0120381 120.294 0.00075157 0.0130075 0.999915 0
0.925969 -0.377594 -0.00219081 61.2461 0.377511 0.925861 -0.0163001 120.975 0.00818322 0.0142664 0.999865 0
0.934017 -0.357195 -0.00497736 62.7089 0.357101 0.933963 -0.0138376 121.566 0.00959138 0.0111471 0.999892 0
0.964573 -0.263647 -0.00948539 64.1904 0.263555 0.964593 -0.00997601 122.054 0.0117797 0.00712267 0.999905 0
0.978882 -0.2044 -0.00326343 65.6672 0.204398 0.978887 -0.000974882 122.438 0.00339379 0.000287257 0.999994 0
0.984413 -0.175719 -0.00740517 67.4567 0.175836 0.98421 0.0203226 122.716 0.00371718 -0.0213079 0.999766 0
0.988109 -0.153485 0.00916642 69.1968 0.153566 0.988098 -0.00896838 122.999 -0.00768081 0.0102694 0.999918 0
0.993258 -0.115907 0.00183926 71.012 0.11592 0.993208 -0.010068 123.22 -0.000659817 0.0102133 0.999948 0
0.999439 -0.033472 0.000925349 72.8856 0.0334799 0.999384 -0.01053 123.346 -0.000572319 0.0105551 0.999944 0
0.999996 0.00178786 0.0020096 74.7766 -0.00177391 0.999975 -0.00691696 123.407 -0.00202192 0.00691337 0.999974 0
0.999709 0.0216225 -0.010705 76.9066 -0.0217416 0.999702 -0.0111311 123.335 0.0104611 0.0113606 0.999881 0
0.998289 0.0584448 -0.0020506 79.0252 -0.0584577 0.998266 -0.00687294 123.279 0.00164536 0.00698105 0.999974 0
0.991071 0.133147 -0.0071034 80.9317 -0.133212 0.991039 -0.00975878 123.08 0.0057404 0.0106179 0.999927 0
0.988839 0.144388 -0.0367376 82.7094 -0.144695 0.989459 -0.00584018 122.892 0.0355071 0.0110908 0.999308 0
0.98822 0.152613 -0.0114223 84.4978 -0.152688 0.988256 -0.0060388 122.581 0.0103665 0.0077117 0.999917 0
0.960873 0.276669 -0.0133027 86.2707 -0.27674 0.960938 -0.00376012 122.226 0.0117428 0.0072944 0.999904 0
0.931375 0.363958 -0.00869489 87.7465 -0.363984 0.931404 -0.00151652 121.719 0.00754651 0.00457724 0.999961 0
0.923807 0.382738 -0.00961769 89.1371 -0.382764 0.923845 -0.00100594 121.118 0.00850024 0.00461061 0.999953 0
0.921624 0.387841 -0.0137698 90.731 -0.387913 0.921691 -0.00297949 120.467 0.0115359 0.00808745 0.999901 0
0.921456 0.388242 0.0137128 92.1853 -0.388005 0.921498 -0.0171148 119.913 -0.019281 0.0104499 0.999759 0
0.92015 0.391154 -0.0179532 93.5807 -0.39122 0.920297 -0.000128483 119.277 0.016472 0.00714186 0.999839 0
0.920177 0.391071 -0.0183631 94.9529 -0.391192 0.920303 -0.00341779 118.676 0.015563 0.0103285 0.999825 0
0.918461 0.395118 -0.0176699 96.3335 -0.395271 0.918544 -0.00612475 118.081 0.0138106 0.0126098 0.999825 0
0.919951 0.391696 -0.016232 97.7437 -0.39184 0.920008 -0.00679146 117.489 0.0122734 0.0126082 0.999845 0
0.919407 0.393131 -0.0118317 99.1877 -0.393171 0.919465 -0.00118538 116.897 0.0104129 0.00574174 0.999929 0
0.919841 0.392167 -0.00987522 100.639 -0.392179 0.919889 0.000835142 116.288 0.00941162 0.00310465 0.999951 0
0.920553 0.390444 -0.0116384 102.059 -0.390437 0.920625 0.00297234 115.645 0.0118751 0.00180786 0.999928 0
0.934515 0.355688 -0.0129335 103.669 -0.355664 0.934604 0.00417048 115.018 0.0135711 0.000702607 0.999908 0
0.956669 0.290825 -0.0143128 105.36 -0.290791 0.956776 0.00447577 114.48 0.0149958 -0.000119796 0.999888 0
0.959889 0.279974 -0.0151192 107.008 -0.279889 0.960003 0.00748277 113.977 0.0166095 -0.00295092 0.999858 0
0.960213 0.278783 -0.0164521 108.71 -0.278679 0.960348 0.0083363 113.521 0.0181237 -0.00341976 0.99983 0
0.960904 0.276546 -0.013615 110.404 -0.276408 0.960975 0.0112249 113.012 0.0161879 -0.00702273 0.999844 0
0.984074 0.176929 -0.0171739 112.106 -0.176814 0.984212 0.00802616 112.589 0.0183229 -0.00486175 0.99982 0
0.986768 0.161406 -0.0154001 113.86 -0.161301 0.986874 0.00781906 112.353 0.01646 -0.00523154 0.999851 0
0.98701 0.159674 -0.0177669 115.577 -0.159571 0.987161 0.00707726 112.053 0.0186689 -0.00415024 0.999817 0
0.991082 0.132034 -0.0179866 117.286 -0.13199 0.991244 0.00362608 111.831 0.0183079 -0.00121969 0.999832 0
0.991838 0.126242 -0.0178855 119.269 -0.126164 0.991994 0.00547341 111.632 0.0184333 -0.00317224 0.999825 0
0.963643 0.265988 -0.0253383 121.084 -0.265743 0.963961 0.0126646 111.297 0.0277937 -0.00547064 0.999599 0
0.839764 0.542421 -0.0240021 122.414 -0.542472 0.84006 0.00488964 110.669 0.0228155 0.00891434 0.9997 0
0.656035 0.754302 -0.0254011 123.441 -0.754469 0.656322 0.00420733 109.654 0.0198449 0.0164042 0.999668 0
0.399532 0.916337 -0.0264682 124.271 -0.916623 0.399741 0.00293318 108.253 0.0132682 0.0230894 0.999645 0
0.101214 0.994465 -0.0281989 124.688 -0.99481 0.101465 0.00764245 106.578 0.0104614 0.027279 0.999573 0
-0.0853423 0.996 -0.0264868 124.618 -0.996327 -0.0851212 0.0093671 104.554 0.00707504 0.0271889 0.999605 0
-0.0946196 0.995243 -0.0232158 124.441 -0.99551 -0.094527 0.00505635 102.67 0.00283778 0.02359 0.999718 0
-0.0964838 0.994875 -0.0302446 124.249 -0.995217 -0.0968957 -0.0124584 100.892 -0.0153251 0.0288979 0.999465 0
-0.0775869 0.996729 -0.0226066 124.065 -0.996973 -0.0776789 -0.00321925 98.9708 -0.00496478 0.0222884 0.999739 0
-0.00217437 0.99972 -0.0235607 123.989 -0.999997 -0.00215343 0.000915963 96.9676 0.00086497 0.0235626 0.999722 0
0.00645071 0.999659 -0.0253084 124.005 -0.999978 0.00647874 0.00102622 95.0056 0.00118983 0.0253012 0.999679 0
0.0149073 0.999476 -0.0287379 124.063 -0.999853 0.0146577 -0.008875 93.0558 -0.00844911 0.028866 0.999548 0
0.0302173 0.999313 -0.0214471 124.098 -0.999539 0.030149 -0.00349901 91.1242 -0.00285 0.0215429 0.999764 0
0.0316263 0.999256 -0.0220687 124.167 -0.999492 0.0315304 -0.00467907 89.1159 -0.00397976 0.0222054 0.999745 0
0.0287843 0.999327 -0.0227408 124.231 -0.999578 0.0286885 -0.00452161 86.941 -0.00386617 0.0228614 0.999731 0
0.0317908 0.999207 -0.0239759 124.323 -0.999494 0.0317638 -0.00150517 84.9205 -0.000742414 0.0240116 0.999711 0
0.0369961 0.999 -0.0251091 124.371 -0.999314 0.0370293 0.000856966 82.953 0.00178588 0.0250601 0.999684 0
0.035361 0.999058 -0.0251632 124.488 -0.99936 0.0354877 0.00460714 80.9394 0.00549579 0.0249842 0.999673 0
0.0352722 0.999149 -0.0213836 124.527 -0.999378 0.035281 3.54927e-05 78.8958 0.000789902 0.021369 0.999771 0
0.0344789 0.999095 -0.0249248 124.59 -0.999396 0.0343617 -0.00511846 76.9444 -0.00425736 0.0250862 0.999676 0
0.0328241 0.999162 -0.0244556 124.663 -0.999461 0.0328091 -0.00101004 74.97 -0.000206823 0.0244756 0.9997 0
0.0329922 0.998988 -0.0305754 124.799 -0.999382 0.0326015 -0.0131886 73.0878 -0.0121785 0.0309916 0.999445 0
0.0274222 0.999327 -0.0243871 124.808 -0.999621 0.0273551 -0.00308054 71.0177 -0.00241135 0.0244623 0.999698 0
0.025805 0.999447 -0.0209936 124.885 -0.999661 0.0257277 -0.00394074 68.8686 -0.00339844 0.0210882 0.999772 0
0.0228749 0.99932 -0.0289298 124.874 -0.999733 0.0227711 -0.00391297 66.8047 -0.00325155 0.0290116 0.999574 0
0.0180392 0.999213 -0.0353364 124.863 -0.999828 0.017877 -0.00489997 64.7567 -0.0042644 0.0354188 0.999363 0
0.182379 0.982845 -0.0274394 125.15 -0.983131 0.182682 0.00895591 62.9437 0.013815 0.0253431 0.999583 0
0.286698 0.957642 -0.0269457 125.556 -0.957903 0.286992 0.0076504 61.1752 0.0150595 0.023618 0.999608 0
0.294338 0.955366 -0.0253043 126.015 -0.955614 0.294566 0.00573243 59.6407 0.0129304 0.0224939 0.999663 0
0.293818 0.955535 -0.0249852 126.489 -0.955764 0.294061 0.00661118 58.114 0.0136644 0.0219375 0.999666 0
0.297532 0.954551 -0.0175105 126.965 -0.954709 0.297434 -0.00800819 56.6062 -0.00243603 0.0191001 0.999815 0
0.27525 0.961057 -0.0246513 127.488 -0.961367 0.275245 -0.00364773 54.9629 0.00327947 0.024703 0.999689 0
0.0866007 0.995934 -0.0248294 127.754 -0.996233 0.0866845 0.00231883 53.1972 0.00446173 0.024535 0.999689 0
0.0565676 0.998149 -0.0223147 127.911 -0.998392 0.0566339 0.00235019 51.2419 0.00360961 0.0221458 0.999748 0
0.0239883 0.999444 -0.0231701 127.981 -0.999693 0.0241259 0.00567525 49.2635 0.00623109 0.0230269 0.999715 0
0.05332 0.998317 -0.0228142 128.069 -0.998565 0.0534211 0.00384782 47.2818 0.0050601 0.0225763 0.999732 0
0.0781455 0.996806 -0.0164723 128.209 -0.996918 0.078247 0.00560611 45.2862 0.00687711 0.0159834 0.999849 0
0.0806576 0.996583 -0.0178024 128.409 -0.996687 0.0808283 0.00908987 43.3505 0.0104977 0.0170103 0.9998 0
0.0779543 0.996788 -0.0183391 128.546 -0.99687 0.0781765 0.0117308 41.5252 0.0131268 0.0173673 0.999763 0
0.0775323 0.99691 -0.0125985 128.694 -0.996902 0.0776871 0.0123011 39.4726 0.0132419 0.0116057 0.999845 0
0.0757363 0.997126 -0.00211619 128.852 -0.997036 0.075758 0.0134374 37.4846 0.0135591 0.00109222 0.999907 0
0.0455964 0.998949 0.00465776 128.922 -0.998841 0.0455185 0.0156448 35.3604 0.0154163 -0.00536571 0.999867 0
0.0425288 0.999088 -0.00385195 129.024 -0.998929 0.0425918 0.0180995 33.2774 0.018247 0.00307808 0.999829 0
0.0512985 0.998683 -0.000104368 129.122 -0.998497 0.051291 0.0193104 31.0519 0.0192903 -0.000886382 0.999813 0
0.0487541 0.99881 0.00172442 129.209 -0.998564 0.0487036 0.0223127 29.0354 0.0222022 -0.00280978 0.999749 0
0.0452968 0.998974 -0.000352891 129.282 -0.998671 0.0452917 0.0245848 27.0665 0.0245756 -0.00076119 0.999698 0
0.0440379 0.999019 0.00478874 129.393 -0.998714 0.0439028 0.0253687 25.0998 0.0251336 -0.00589976 0.999667 0
0.0406145 0.999175 -0.000472073 129.412 -0.998832 0.0406129 0.0261961 23.0374 0.0261936 -0.000592418 0.999657 0
0.0386543 0.999192 -0.0110264 129.561 -0.99889 0.038935 0.0264966 21.0168 0.0269045 0.00998993 0.999588 0
0.0376536 0.999266 -0.00710862 129.653 -0.999226 0.0377312 0.0111184 18.9807 0.0113785 0.00668447 0.999913 0
0.0496308 0.998768 -0.000303991 129.718 -0.998676 0.0496304 0.0134937 16.7235 0.0134921 -0.000366113 0.999909 0
0.0470926 0.998859 -0.00793304 129.806 -0.99878 0.0472042 0.0145182 14.9011 0.0148761 0.00723966 0.999863 0
0.0471141 0.998875 -0.00529235 129.908 -0.998657 0.0472167 0.0213264 12.9548 0.0215523 0.00428047 0.999759 0
0.0435221 0.998997 -0.0104951 129.975 -0.998755 0.0437628 0.02393 11.1153 0.0243653 0.00944061 0.999659 0
0.0438166 0.998974 -0.0114903 130.085 -0.998692 0.0441019 0.0258832 9.28602 0.0263634 0.0103412 0.999599 0
0.0418935 0.999005 -0.0153224 130.164 -0.998676 0.0423281 0.0292357 7.29021 0.0298552 0.0140773 0.999455 0
0.0432709 0.998993 -0.0118838 130.251 -0.998554 0.0436256 0.0314093 5.40613 0.0318961 0.0105075 0.999436 0
0.0416597 0.999003 -0.0160392 130.357 -0.998813 0.0420466 0.0245892 3.34625 0.025239 0.0149958 0.999569 0
0.0373803 0.998979 -0.025352 130.385 -0.998859 0.0381059 0.0287721 1.38318 0.0297088 0.0242476 0.999264 0
0.0366317 0.999126 -0.0201147 130.503 -0.998967 0.0371524 0.0261557 -0.670278 0.0268802 0.0191358 0.999455 0
0.0365702 0.999176 -0.017589 130.518 -0.998968 0.0370257 0.0263103 -2.70838 0.0269399 0.0166087 0.999499 0
0.0357929 0.999299 -0.0109271 130.584 -0.998899 0.0361061 0.0299629 -4.73476 0.0303364 0.00984265 0.999491 0
0.0361257 0.999259 -0.0132971 130.692 -0.999054 0.0364343 0.0237462 -6.87993 0.0242131 0.0124267 0.99963 0
0.0383027 0.99921 -0.0105935 130.77 -0.998889 0.0385774 0.0270748 -8.82201 0.0274621 0.00954466 0.999577 0
0.0353372 0.999336 -0.00892124 130.791 -0.999144 0.0355196 0.0211994 -10.783 0.0215022 0.00816448 0.999735 0
0.0339665 0.99927 -0.0175097 130.903 -0.999174 0.034344 0.0217311 -12.8992 0.0223166 0.0167571 0.999611 0
0.0355359 0.999327 -0.00905512 130.98 -0.999015 0.0357629 0.0262818 -14.8839 0.026588 0.00811225 0.999613 0
0.0315066 0.999465 -0.00875588 131.036 -0.999119 0.0317361 0.027449 -16.7156 0.0277122 0.00788334 0.999585 0
0.0319426 0.999431 -0.0108226 131.139 -0.999031 0.0322541 0.0299517 -18.7271 0.0302838 0.00985535 0.999493 0
0.030252 0.999479 -0.0112508 131.202 -0.999163 0.0305487 0.0272145 -20.8645 0.027544 0.0104181 0.999566 0
0.0268776 0.999577 -0.0111043 131.243 -0.999195 0.0271948 0.029482 -22.7652 0.0297715 0.010303 0.999504 0
-0.0695442 0.997362 -0.0207828 131.24 -0.997462 -0.0692026 0.0167274 -24.8398 0.015245 0.0218934 0.999644 0
-0.22351 0.974251 -0.0296478 130.964 -0.974575 -0.222887 0.0229223 -26.6275 0.015724 0.0340174 0.999298 0
-0.237109 0.971227 -0.0223088 130.525 -0.971174 -0.236392 0.0306559 -28.3825 0.0245002 0.0289345 0.999281 0
-0.239541 0.970441 -0.0294063 130.097 -0.970466 -0.238437 0.0366489 -30.0307 0.0285541 0.0373167 0.998895 0
-0.360749 0.931499 -0.0465821 129.643 -0.932496 -0.35929 0.0369037 -31.6282 0.0176393 0.0567505 0.998233 0
-0.506539 0.860906 -0.0475171 128.95 -0.862213 -0.505936 0.0248589 -33.0316 -0.00263942 0.0535618 0.998561 0
-0.582682 0.812168 -0.0294229 128.079 -0.812672 -0.581975 0.0294942 -34.3223 0.00683083 0.0410969 0.999132 0
-0.608856 0.792683 -0.0307913 127.204 -0.793278 -0.608285 0.0264556 -35.4418 0.00224097 0.0405337 0.999176 0
-0.70442 0.709048 -0.0323045 126.257 -0.709759 -0.704045 0.0237237 -36.5968 -0.0059226 0.0396398 0.999196 0
-0.81581 0.577862 -0.0230325 125.145 -0.578318 -0.815039 0.0354918 -37.523 0.00173698 0.0422746 0.999104 0
-0.944041 0.32728 -0.0409198 123.738 -0.329118 -0.942867 0.051801 -38.1733 -0.0216286 0.0623697 0.997819 0
-0.972051 0.231823 -0.0370956 122.083 -0.233874 -0.969975 0.0667252 -38.6966 -0.0205134 0.0735359 0.997082 0
-0.997101 0.0682038 -0.0337274 120.119 -0.070275 -0.995433 0.0646075 -38.9246 -0.0291669 0.0667904 0.997341 0
-0.998185 0.0509384 -0.032116 118.166 -0.0527972 -0.996803 0.0599665 -39.0134 -0.0289587 0.0615533 0.997684 0
-0.998588 0.0462014 -0.0262138 116.213 -0.0475924 -0.997341 0.0551868 -39.104 -0.0235944 0.0563565 0.998132 0
-0.995671 0.0851607 -0.0372438 114.288 -0.0873911 -0.994177 0.0630423 -39.2563 -0.0316582 0.0660241 0.997316 0
-0.995801 0.0863538 -0.0303754 112.282 -0.0881026 -0.994184 0.0619319 -39.4533 -0.0248506 0.0643481 0.997618 0
-0.995874 0.0866497 -0.0269714 110.335 -0.0881597 -0.994236 0.061018 -39.5971 -0.0215287 0.063144 0.997772 0
-0.995967 0.0842517 -0.0308532 108.43 -0.08573 -0.995052 0.0502214 -39.7378 -0.0264693 0.0526638 0.998261 0
-0.99588 0.0844915 -0.032938 106.658 -0.0861518 -0.994884 0.0527515 -39.9249 -0.0283125 0.0553718 0.998064 0
-0.996392 0.0798274 -0.028802 104.597 -0.0813244 -0.995157 0.0552092 -40.0758 -0.0242553 0.0573523 0.998059 0
-0.996524 0.078106 -0.0289791 102.693 -0.0796822 -0.995135 0.0579482 -40.2517 -0.024312 0.0600559 0.997899 0
-0.998268 0.0518998 -0.0276981 100.684 -0.0534226 -0.99692 0.0574075 -40.3877 -0.0246334 0.0587877 0.997966 0
-0.998336 0.04676 -0.0337587 98.7865 -0.0484647 -0.997492 0.0515826 -40.5182 -0.031262 0.0531328 0.998098 0
-0.997363 0.0364022 -0.062777 96.8404 -0.0394017 -0.998107 0.0472237 -40.5784 -0.0609391 0.0495727 0.99691 0
-0.998076 0.0563839 -0.0258016 94.7589 -0.0576491 -0.997021 0.0512472 -40.6629 -0.0228352 0.052636 0.998353 0
-0.998107 0.0553425 -0.0268428 92.6675 -0.0567523 -0.996874 0.0549632 -40.7991 -0.0237171 0.0563825 0.998127 0
-0.998141 0.053099 -0.0298995 90.7172 -0.0545823 -0.997196 0.0511979 -40.8739 -0.0270971 0.0527348 0.998241 0
-0.998291 0.0508612 -0.0287785 88.7245 -0.052337 -0.997217 0.0530955 -40.9986 -0.025998 0.0545109 0.998175 0
-0.998178 0.0539543 -0.027021 86.7626 -0.0553343 -0.997047 0.0532391 -41.1116 -0.0240688 0.0546372 0.998216 0
-0.998365 0.0501283 -0.02745 84.712 -0.0514547 -0.997425 0.04996 -41.1855 -0.0248749 0.0512908 0.998374 0
-0.998263 0.0484868 -0.0334837 82.7487 -0.0501561 -0.997441 0.0509557 -41.3164 -0.0309274 0.0525466 0.998139 0
-0.998532 0.0485819 -0.0239444 80.8726 -0.0496938 -0.997598 0.0482626 -41.3951 -0.0215422 0.0493816 0.998548 0
-0.9987 0.0446152 -0.024637 78.6596 -0.0458257 -0.997648 0.0509766 -41.4721 -0.0223047 0.0520394 0.998396 0
-0.998898 0.0410468 -0.0227721 76.6544 -0.0421665 -0.997803 0.0510919 -41.5707 -0.0206249 0.0519958 0.998434 0
-0.998959 0.0399888 -0.0219444 74.7375 -0.0410641 -0.997856 0.0509658 -41.669 -0.0198593 0.0518138 0.998459 0
-0.998771 0.0424066 -0.025663 72.7684 -0.043587 -0.997928 0.0473328 -41.7763 -0.0236026 0.0483932 0.998549 0
-0.998334 0.0400042 -0.0415936 70.7754 -0.0420169 -0.99793 0.0486973 -41.8722 -0.0395594 0.0503638 0.997947 0
-0.998914 0.039561 -0.024638 68.8315 -0.040717 -0.998001 0.0483358 -41.9473 -0.0226766 0.0492864 0.998527 0
-0.999065 0.0365139 -0.0231364 66.8104 -0.0376609 -0.997975 0.0512516 -42.0258 -0.0212182 0.052075 0.998418 0
-0.99957 0.0240984 -0.0166969 64.6655 -0.0248441 -0.998633 0.0459936 -42.073 -0.0155657 0.0463887 0.998802 0
-0.999766 -0.00190454 -0.0215471 62.5105 0.000829836 -0.99876 0.0497817 -42.0604 -0.0216152 0.0497522 0.998528 0
-0.999799 -0.00369034 -0.0196731 60.3482 0.00275683 -0.998878 0.047276 -42.0724 -0.0198255 0.0472123 0.998688 0
-0.999825 -0.00622574 -0.0176461 58.2652 0.00542097 -0.998959 0.0452917 -42.0669 -0.0179097 0.0451881 0.998818 0
-0.999608 -0.00624691 -0.0272929 56.245 0.0049716 -0.998904 0.0465452 -42.0373 -0.0275537 0.0463913 0.998543 0
-0.99969 -0.00354077 -0.0246423 54.2584 0.00263291 -0.99932 0.036783 -42.0281 -0.0247558 0.0367067 0.999019 0
-0.999781 -0.00851316 -0.0191136 52.0072 0.00755806 -0.998745 0.0495007 -42.0558 -0.0195111 0.0493454 0.998591 0
-0.999802 -0.0113236 -0.0163635 50.0299 0.0104869 -0.998677 0.0503431 -42.0097 -0.0169119 0.0501615 0.998598 0
-0.998838 -0.0454437 -0.0160281 47.8046 0.0444959 -0.997482 0.0552201 -41.9523 -0.0184972 0.0544427 0.998346 0
-0.998564 -0.0511632 -0.0158592 45.6537 0.050098 -0.996847 0.0615304 -41.8671 -0.0189573 0.0606475 0.997979 0
-0.994932 -0.100009 -0.010392 43.6493 0.0992241 -0.993293 0.0593645 -41.7763 -0.0162593 0.0580325 0.998182 0
-0.990472 -0.137294 -0.0107805 41.6488 0.13638 -0.988728 0.061787 -41.4969 -0.019142 0.059728 0.998031 0
-0.990309 -0.138645 -0.00807274 39.6403 0.137914 -0.988604 0.0603482 -41.2377 -0.0163477 0.05865 0.998145 0
-0.989341 -0.145542 -0.00478342 37.9177 0.145 -0.987623 0.0597959 -40.9861 -0.013427 0.0584649 0.998199 0
-0.981369 -0.191958 -0.00819653 36.2064 0.19115 -0.979771 0.0592473 -40.6392 -0.0194037 0.0565767 0.99821 0
-0.969406 -0.245335 -0.00788514 34.5157 0.244508 -0.967972 0.0569691 -40.2486 -0.0216091 0.0532982 0.998345 0
-0.955437 -0.294175 -0.0245158 32.9794 0.29223 -0.954315 0.062333 -39.8483 -0.0417326 0.052391 0.997754 0
-0.966635 -0.256087 -0.00596138 31.4047 0.255259 -0.964936 0.0611726 -39.406 -0.0214179 0.0576099 0.998109 0
-0.959495 -0.281516 -0.0108881 29.8005 0.280564 -0.95833 0.0537389 -38.9387 -0.0255628 0.0485074 0.998496 0
-0.957083 -0.289704 -0.00798006 28.2688 0.288838 -0.955755 0.0557129 -38.5055 -0.0237673 0.0510169 0.998415 0
-0.939228 -0.343089 -0.0118337 26.7099 0.341531 -0.937339 0.0689314 -38.0051 -0.0347418 0.0607007 0.997551 0
-0.91735 -0.397984 -0.00887895 25.2559 0.39709 -0.916409 0.0501319 -37.4235 -0.0280884 0.0424627 0.998703 0
-0.890572 -0.454621 -0.0142202 23.8765 0.453722 -0.890136 0.0423687 -36.7697 -0.0319195 0.0312803 0.999001 0
-0.888112 -0.458658 -0.0298218 22.5082 0.457784 -0.888492 0.0318779 -36.0209 -0.0411175 0.0146592 0.999047 0
-0.88817 -0.458656 -0.0280778 21.0526 0.457955 -0.888531 0.0280908 -35.3388 -0.037832 0.0120911 0.999211 0
-0.889025 -0.457133 -0.0257732 19.6752 0.456537 -0.889327 0.0259102 -34.6649 -0.0347652 0.0112684 0.999332 0
-0.888753 -0.457758 -0.0239966 18.3011 0.457154 -0.888984 0.0268053 -33.8998 -0.0336029 0.0128531 0.999353 0
-0.888908 -0.457304 -0.0267694 16.9356 0.456546 -0.889193 0.0300313 -33.2367 -0.0375366 0.0144736 0.99919 0
-0.748333 -0.662448 -0.0340623 15.7219 0.661348 -0.749081 0.0386848 -32.4349 -0.051142 0.00642203 0.998671 0
-0.599894 -0.799603 -0.0276003 14.6852 0.798825 -0.600528 0.0352763 -31.2683 -0.0447818 -0.000885784 0.998996 0
-0.409036 -0.912114 -0.0271569 13.9153 0.911294 -0.409848 0.0395934 -29.8408 -0.0472439 -0.00855277 0.998847 0
-0.399256 -0.916553 -0.0229123 13.2985 0.915864 -0.399859 0.0361481 -28.4277 -0.0422934 -0.0065522 0.999084 0
-0.397942 -0.917182 -0.0204736 12.7248 0.916499 -0.398442 0.035675 -27.0044 -0.040878 -0.00456747 0.999154 0
-0.399934 -0.916532 -0.00460387 12.0778 0.915037 -0.399559 0.0553149 -25.605 -0.0525374 0.0179096 0.998458 0
-0.398619 -0.917105 -0.00454315 11.4215 0.91554 -0.398219 0.0566448 -24.2087 -0.0537584 0.0184203 0.998384 0
-0.416726 -0.909027 -0.0030092 10.8185 0.907348 -0.416154 0.0594592 -22.7553 -0.0553023 0.0220478 0.998226 0
-0.439984 -0.898005 -0.000371626 10.1593 0.896802 -0.439416 0.0515671 -21.392 -0.0464708 0.0223554 0.99867 0
-0.441195 -0.897409 -0.00210752 9.41858 0.896123 -0.440686 0.0525235 -19.8861 -0.0480638 0.0212845 0.998617 0
-0.441057 -0.897479 -0.000975092 8.72591 0.896259 -0.440513 0.0516571 -18.46 -0.0467907 0.0219098 0.998664 0
-0.441129 -0.89744 0.00275012 8.02354 0.896325 -0.440424 0.0512622 -17.0523 -0.0447935 0.0250782 0.998681 0
-0.421844 -0.906584 0.0124111 7.28625 0.905506 -0.42057 0.0563919 -15.5284 -0.0459043 0.0350269 0.998331 0
-0.419913 -0.907503 0.0105853 6.63139 0.906315 -0.418695 0.0573394 -14.1153 -0.0476037 0.0336712 0.998299 0
-0.419884 -0.907562 0.00531021 5.88839 0.906246 -0.418944 0.0566144 -12.5853 -0.0491564 0.0285838 0.998382 0
-0.419017 -0.907973 0.00314048 5.23381 0.906711 -0.418246 0.0542732 -11.0821 -0.0479651 0.0255889 0.998521 0
-0.419597 -0.907711 0.000306165 4.57474 0.906344 -0.418946 0.0549954 -9.72939 -0.0497916 0.0233534 0.998487 0
-0.421524 -0.906721 -0.0132341 3.97642 0.905096 -0.421578 0.0554407 -8.39953 -0.0558484 0.0113915 0.998374 0
-0.420842 -0.906795 -0.0247781 3.28225 0.905182 -0.421571 0.0540735 -6.94016 -0.0594793 0.000327745 0.998229 0
-0.419749 -0.907125 -0.0305823 2.65686 0.905624 -0.420824 0.0524607 -5.57248 -0.0604581 -0.00567576 0.998155 0
-0.347568 -0.937123 -0.0315666 2.01653 0.935557 -0.348844 0.055144 -4.2005 -0.0626886 -0.010366 0.997979 0
