0.372522 -0.927544 0.0298357 0.00683472 0.927897 0.37281 0.00453663 0.0178791 -0.015331 0.0259944 0.999545 0
0.362334 -0.931598 0.0289509 0.604143 0.931941 0.362589 0.00391532 1.58628 -0.0141448 0.0255619 0.999573 0
0.358826 -0.933021 0.0267639 1.17594 0.933329 0.359013 0.00238534 3.05223 -0.0118342 0.0241236 0.999639 0
0.356457 -0.933918 0.0271243 1.76354 0.934236 0.356647 0.00237467 4.58948 -0.0118916 0.0244941 0.999629 0
0.359228 -0.93255 0.0361382 2.37809 0.933134 0.359524 0.00183 6.08281 -0.0146991 0.0330644 0.999345 0
0.359888 -0.931264 0.0568105 2.97517 0.9328 0.360392 -0.00147357 7.61473 -0.0191018 0.0535232 0.998384 0
0.360086 -0.931207 0.0564915 3.52711 0.932721 0.360597 -0.00124208 9.09687 -0.019214 0.0531381 0.998402 0
0.360155 -0.931432 0.0521845 4.10352 0.932765 0.360466 -0.00365789 10.6292 -0.0154036 0.0499933 0.998631 0
0.36025 -0.93114 0.0565522 4.7218 0.932686 0.360678 -0.00280355 12.2023 -0.0177866 0.0537554 0.998396 0
0.359031 -0.931486 0.0585741 5.30926 0.933157 0.359452 -0.00356175 13.7366 -0.0177369 0.0559376 0.998277 0
0.362433 -0.930106 0.0595489 5.90569 0.931836 0.362858 -0.00389914 15.28 -0.0179812 0.056903 0.998218 0
0.360446 -0.930773 0.0611608 6.50813 0.932609 0.36086 -0.00452545 16.7891 -0.0178583 0.0586703 0.998118 0
0.360167 -0.930844 0.0617126 7.10553 0.932733 0.360525 -0.00563235 18.2795 -0.0170061 0.0595899 0.998078 0
0.362051 -0.930438 0.0566052 7.7155 0.932038 0.362312 -0.00593748 19.7867 -0.0149843 0.0549079 0.998379 0
0.362081 -0.930487 0.0556025 8.28669 0.932048 0.362264 -0.00709926 21.3608 -0.013537 0.0543947 0.998428 0
0.36513 -0.929481 0.052393 8.87264 0.930876 0.36526 -0.00740052 22.8504 -0.0122584 0.0514735 0.998599 0
0.366729 -0.928482 0.0585751 9.4531 0.930196 0.367011 -0.00626385 24.4011 -0.0156818 0.0567834 0.998263 0
0.366955 -0.928553 0.0559819 10.0535 0.930155 0.367065 -0.00868536 25.8697 -0.0124842 0.055259 0.998394 0
0.367631 -0.92863 0.0499459 10.6743 0.929886 0.367797 -0.00614706 27.3879 -0.0126616 0.0487039 0.998733 0
0.395742 -0.917108 0.0479701 11.3124 0.918288 0.395834 -0.0079732 28.9598 -0.0116759 0.0472056 0.998817 0
0.42801 -0.902715 0.0437271 11.9544 0.903436 0.428671 0.00659143 30.4377 -0.0246948 0.0366835 0.999022 0
0.43199 -0.900686 0.0463571 12.6882 0.901764 0.432182 -0.00631574 31.8552 -0.0143462 0.0445315 0.998905 0
0.431815 -0.900814 0.0455003 13.3407 0.901813 0.432111 -0.00361893 33.2636 -0.0164012 0.0425955 0.998958 0
0.41696 -0.907974 0.0415524 13.9997 0.908787 0.417258 -0.0016465 34.6892 -0.0158431 0.0384488 0.999135 0
0.415702 -0.908413 0.0444714 14.6606 0.90935 0.416026 -0.00214293 36.1275 -0.0165546 0.0413309 0.999008 0
0.419909 -0.906507 0.0438465 15.3094 0.907394 0.42028 -0.000815401 37.5609 -0.0176886 0.0401284 0.999038 0
0.419716 -0.906373 0.0482287 16.041 0.907465 0.420123 -0.00183859 39.0846 -0.0185956 0.0445376 0.998835 0
0.423223 -0.904547 0.0517471 16.6778 0.905812 0.423672 -0.00251158 40.5229 -0.0196519 0.0479362 0.998657 0
0.426464 -0.902828 0.0550523 17.412 0.904299 0.426875 -0.00466551 42.037 -0.0192883 0.0517734 0.998473 0
0.423146 -0.904342 0.0557893 18.0488 0.905623 0.424055 0.00501952 43.4145 -0.0281971 0.0484001 0.99843 0
0.425157 -0.90367 0.051206 18.7164 0.904803 0.425825 0.00239085 44.7787 -0.0239653 0.0453148 0.998685 0
0.426184 -0.903342 0.0483774 19.3609 0.904409 0.426667 -0.000379827 46.2088 -0.0202979 0.0439148 0.998829 0
0.427539 -0.902807 0.0463733 20.0375 0.903758 0.428042 0.00103192 47.6444 -0.0207814 0.0414691 0.998924 0
0.42802 -0.902545 0.0470219 20.7222 0.903552 0.428479 -0.0003716 48.9543 -0.0198125 0.0426458 0.998894 0
0.427374 -0.902859 0.0468665 21.3649 0.903853 0.427842 -4.9572e-05 50.4734 -0.0200067 0.0423817 0.998901 0
0.428558 -0.90232 0.0464483 22.0432 0.903288 0.429034 0.000320281 51.8332 -0.0202169 0.0418189 0.998921 0
0.431041 -0.901185 0.045486 22.719 0.902077 0.431571 0.00203839 53.2623 -0.0214674 0.0401532 0.998963 0
0.431575 -0.900756 0.048794 23.3582 0.901873 0.431997 -0.00208657 54.6979 -0.0191994 0.0449065 0.998807 0
0.433335 -0.89988 0.0493659 24.117 0.901013 0.433789 -0.00169041 56.1565 -0.0198932 0.0452118 0.998779 0
0.433356 -0.900288 0.0410284 24.8072 0.901109 0.433577 -0.00381655 57.7215 -0.014353 0.038625 0.999151 0
0.43417 -0.899894 0.0410895 25.5386 0.900666 0.434511 -0.000691406 59.1836 -0.0172317 0.0373081 0.999155 0
0.434342 -0.899437 0.0485735 26.2302 0.900195 0.435334 0.0115844 60.5163 -0.0315651 0.038694 0.998752 0
0.435551 -0.899099 0.0437823 26.8982 0.899748 0.436313 0.00917748 61.922 -0.0273542 0.0353958 0.998999 0
0.436715 -0.898569 0.0430528 27.6547 0.899299 0.437307 0.00494815 63.5211 -0.0232735 0.0365564 0.999061 0
0.438054 -0.898155 0.0377544 28.3982 0.89867 0.438578 0.00648446 65.0299 -0.0223823 0.0310882 0.999266 0
0.437713 -0.898207 0.0403944 29.0718 0.898867 0.438205 0.00377729 66.4438 -0.0210938 0.0346559 0.999177 0
0.438894 -0.897642 0.0401398 29.8242 0.898253 0.439443 0.00559706 68.0145 -0.0226633 0.0335991 0.999178 0
0.43928 -0.897337 0.0426451 30.6148 0.897965 0.439987 0.00841566 69.5846 -0.026315 0.034597 0.999055 0
0.441758 -0.896248 0.0398549 31.3389 0.896865 0.442277 0.00483897 71.0484 -0.0219639 0.0336068 0.999194 0
0.440256 -0.89694 0.0409037 32.0719 0.897622 0.440752 0.0035259 72.5321 -0.0211909 0.0351637 0.999157 0
0.444284 -0.895125 0.0369276 32.7878 0.895709 0.444638 0.00153224 73.9677 -0.017791 0.0323957 0.999317 0
0.441796 -0.89636 0.0368177 33.4581 0.896835 0.442312 0.00684028 75.2922 -0.0224162 0.0299974 0.999299 0
0.443649 -0.895593 0.0329937 34.1852 0.895887 0.444166 0.0101034 76.8044 -0.0237032 0.0250763 0.999404 0
0.447542 -0.893692 0.0319434 34.8253 0.894047 0.447933 0.00595395 78.1735 -0.0196295 0.0258942 0.999472 0
0.445755 -0.894287 0.0394148 35.5391 0.894723 0.446475 0.0114257 79.4764 -0.0278156 0.0301723 0.999158 0
0.449742 -0.892548 0.0330039 36.2396 0.892987 0.450073 0.0029778 80.9097 -0.017512 0.0281328 0.999451 0
0.451262 -0.892322 -0.0111436 36.8531 0.888305 0.450354 -0.0899706 82.2327 0.0853013 0.0307014 0.995882 0
0.452657 -0.891115 0.0318648 37.6094 0.891489 0.453017 0.00476576 83.5976 -0.0186821 0.0262498 0.999481 0
0.450239 -0.892285 0.03335 38.3269 0.892702 0.450623 0.00463272 85.0831 -0.019162 0.0276858 0.999433 0
0.45325 -0.890736 0.0339709 39.0677 0.891134 0.453695 0.0063659 86.5301 -0.0210828 0.0273873 0.999403 0
0.452603 -0.891147 0.0317434 39.8603 0.891536 0.452935 0.00378789 88.0628 -0.0177533 0.026586 0.999489 0
0.455028 -0.889682 0.0376324 40.6211 0.890274 0.455421 0.00214272 89.5653 -0.0190449 0.0325281 0.999289 0
0.456109 -0.888972 0.0411396 41.3602 0.889743 0.456462 -0.000927307 91.0843 -0.0179543 0.0370267 0.999153 0
0.459536 -0.887224 0.0407449 42.1568 0.887985 0.45987 -0.00131107 92.5265 -0.0175742 0.0367834 0.999169 0
0.474979 -0.879209 0.0372458 42.8225 0.879803 0.475338 0.000880717 93.9137 -0.0184787 0.0323507 0.999306 0
0.49981 -0.865258 0.0389592 43.6596 0.865984 0.500056 -0.00385787 95.3703 -0.0161437 0.0356663 0.999233 0
0.501977 -0.864082 0.0371641 44.4182 0.864774 0.502126 -0.00586395 96.6966 -0.0135941 0.0350821 0.999292 0
0.521725 -0.852482 0.0328209 45.2062 0.852993 0.521913 -0.0032464 97.9865 -0.0143622 0.0296897 0.999456 0
0.528782 -0.848074 0.0340532 46.0085 0.8486 0.529031 -0.00196145 99.2451 -0.0163517 0.0299347 0.999418 0
0.530593 -0.846904 0.0350144 46.8507 0.847495 0.530785 -0.00430806 100.635 -0.0149366 0.0319604 0.999378 0
0.529251 -0.84787 0.031788 47.679 0.848363 0.529398 -0.00427052 101.998 -0.0132076 0.0292279 0.999485 0
0.538069 -0.841696 0.0450505 48.4554 0.841954 0.539229 0.0185842 103.212 -0.0399348 0.0279308 0.998812 0
0.53658 -0.843103 0.0354853 49.2252 0.843694 0.536814 -0.00336704 104.422 -0.0162102 0.0317454 0.999365 0
0.54353 -0.838647 0.0353051 50.0562 0.839242 0.543743 -0.00408942 105.77 -0.0157674 0.0318523 0.999368 0
0.542752 -0.839042 0.0377877 50.9538 0.839762 0.542913 -0.00675405 107.117 -0.0148485 0.0353984 0.999263 0
0.549667 -0.83467 0.0345326 51.7886 0.835274 0.549796 -0.00648957 108.355 -0.0135693 0.0324113 0.999382 0
0.583127 -0.811494 0.0379495 52.6582 0.812271 0.583182 -0.0107503 109.678 -0.0134076 0.0370941 0.999222 0
0.629959 -0.775748 0.0369595 53.6737 0.776427 0.630166 -0.0072303 110.955 -0.0176817 0.0332511 0.999291 0
0.661292 -0.749324 0.0347222 54.5919 0.750002 0.661321 -0.0122837 112.028 -0.0137581 0.0341648 0.999322 0
0.675887 -0.736189 0.0346722 55.6922 0.736869 0.675918 -0.0125931 113.245 -0.0141647 0.0340604 0.999319 0
0.681936 -0.730774 0.030539 56.7423 0.731363 0.681778 -0.0169226 114.405 -0.00845426 0.0338752 0.99939 0
0.703855 -0.709383 0.0369301 57.758 0.710156 0.703912 -0.0136262 115.439 -0.0163293 0.035817 0.999225 0
0.773884 -0.632432 0.0336622 58.9932 0.633054 0.774018 -0.0117943 116.509 -0.018596 0.0304374 0.999364 0
0.828212 -0.559293 0.0354258 60.1426 0.560042 0.82831 -0.0159631 117.338 -0.0204155 0.0330608 0.999245 0
0.87115 -0.490156 0.0290584 61.4529 0.490679 0.87122 -0.0145184 118.154 -0.0182 0.0269061 0.999472 0
0.915024 -0.402298 0.029777 62.9336 0.402893 0.915079 -0.0175276 118.876 -0.020197 0.0280351 0.999403 0
0.938771 -0.343815 0.0223562 64.5564 0.344274 0.93862 -0.021612 119.495 -0.0135535 0.0279854 0.999516 0
0.946099 -0.323288 0.0195458 66.0492 0.323645 0.945985 -0.0191362 120.027 -0.0123035 0.0244306 0.999626 0
0.973322 -0.228949 0.0150484 67.5558 0.229171 0.973267 -0.0152057 120.456 -0.0111648 0.0182487 0.999771 0
0.985289 -0.16955 0.0214333 69.0595 0.169723 0.98547 -0.00652097 120.785 -0.0200162 0.0100628 0.999749 0
0.989804 -0.141303 0.0179493 70.8596 0.141047 0.989892 0.0148338 121.01 -0.019864 -0.0121509 0.999729 0
0.992428 -0.118194 0.0334128 72.6216 0.118748 0.99281 -0.0150957 121.24 -0.0313883 0.0189491 0.999328 0
0.996419 -0.0804517 0.0259984 74.4481 0.0808836 0.996595 -0.0160111 121.402 -0.0246217 0.0180566 0.999534 0
0.999685 0.00215592 0.0250011 76.3219 -0.00174327 0.999862 -0.0165152 121.462 -0.0250332 0.0164664 0.999551 0
0.998961 0.0373248 0.026134 78.2078 -0.0369943 0.999231 -0.0130168 121.454 -0.0265998 0.0120365 0.999574 0
0.998272 0.0572611 0.0131984 80.3325 -0.0570359 0.99823 -0.0168533 121.308 -0.0141401 0.0160714 0.999771 0
0.995342 0.0938765 0.0219215 82.4517 -0.0936078 0.995525 -0.0129762 121.173 -0.0230415 0.0108637 0.999675 0
0.985596 0.16829 0.0167275 84.3439 -0.168033 0.985655 -0.0157596 120.903 -0.0191397 0.0127219 0.999736 0
0.983701 0.179358 -0.0127717 86.1202 -0.179498 0.983698 -0.0108765 120.641 0.0106127 0.0129917 0.999859 0
0.982221 0.187305 0.0125864 87.8999 -0.187157 0.982256 -0.0120599 120.263 -0.0146219 0.00948986 0.999848 0
0.950651 0.310072 0.0109018 89.6626 -0.309973 0.950694 -0.00982457 119.835 -0.0134106 0.00596047 0.999892 0
0.918136 0.395954 0.0157306 91.1219 -0.395877 0.91827 -0.00785971 119.271 -0.017557 0.000988889 0.999845 0
0.910046 0.414235 0.0149944 92.4965 -0.414169 0.91017 -0.00744613 118.622 -0.0167319 0.000566127 0.99986 0
0.907862 0.419126 0.0109704 94.0739 -0.419039 0.90792 -0.00941679 117.913 -0.013907 0.00395213 0.999895 0
0.907017 0.419364 0.0381256 95.5136 -0.41869 0.907796 -0.0246035 117.309 -0.0449281 0.00635298 0.99897 0
0.906574 0.421986 0.00720061 96.8968 -0.421944 0.906597 -0.00667839 116.632 -0.00934624 0.0030162 0.999952 0
0.906629 0.421874 0.00677012 98.2623 -0.421801 0.906633 -0.0100499 115.99 -0.0103778 0.00625591 0.999927 0
0.904761 0.425856 0.00740963 99.6378 -0.425746 0.904751 -0.0128543 115.352 -0.012178 0.00847544 0.99989 0
0.906338 0.422461 0.00882119 101.037 -0.422329 0.90634 -0.0136272 114.716 -0.013752 0.00862542 0.999868 0
0.905696 0.423717 0.0133885 102.461 -0.423641 0.905793 -0.00822328 114.083 -0.0156116 0.00177586 0.999877 0
0.906108 0.422767 0.0153859 103.892 -0.422721 0.906238 -0.0063189 113.436 -0.0166147 -0.000778324 0.999862 0
0.906871 0.421187 0.0136727 105.294 -0.421171 0.906972 -0.00417575 112.76 -0.0141595 -0.00197167 0.999898 0
0.921936 0.387143 0.0124159 106.89 -0.387137 0.922017 -0.00299503 112.091 -0.0126071 -0.00204542 0.999918 0
0.9462 0.323394 0.0110738 108.563 -0.323384 0.946264 -0.00271257 111.508 -0.0113559 -0.00101445 0.999935 0
0.9497 0.312987 0.0104151 110.197 -0.313006 0.949751 0.000244036 110.959 -0.0098154 -0.00349176 0.999946 0
0.949958 0.312244 0.0091571 111.884 -0.312266 0.949994 0.00106663 110.451 -0.00836614 -0.0038727 0.999958 0
0.950511 0.310453 0.0121236 113.56 -0.310518 0.95056 0.00377933 109.894 -0.0103509 -0.00735688 0.999919 0
0.977145 0.212408 0.00844662 115.241 -0.212421 0.977178 0.00064447 109.421 -0.00811697 -0.00242398 0.999964 0
0.980235 0.197575 0.0101654 116.979 -0.197588 0.980285 0.000314084 109.122 -0.00990293 -0.00231644 0.999948 0
0.980473 0.196505 0.00769234 118.684 -0.196508 0.980502 -0.000390482 108.764 -0.00761908 -0.00112875 0.99997 0
0.985466 0.169717 0.00722789 120.381 -0.169693 0.985489 -0.00387466 108.474 -0.0077806 0.00259182 0.999966 0
0.986368 0.164395 0.00726893 122.347 -0.164384 0.986394 -0.00207012 108.185 -0.00751035 0.000847003 0.999971 0
0.952938 0.303167 -5.41865e-06 124.131 -0.303162 0.952924 0.00534639 107.762 0.00162601 -0.00509313 0.999986 0
0.8182 0.574933 0.00091535 125.426 -0.574929 0.818199 -0.00249932 107.05 -0.00218588 0.00151868 0.999996 0
0.62634 0.77955 -0.00063103 126.405 -0.779548 0.626335 -0.0031299 105.96 -0.00204468 0.0024523 0.999995 0
0.363864 0.93145 -0.00186384 127.167 -0.931446 0.363854 -0.00436691 104.481 -0.0033894 0.00332503 0.999989 0
0.0632271 0.997993 -0.00352408 127.501 -0.997999 0.0632288 0.000373549 102.744 0.000595623 0.00349341 0.999994 0
-0.122729 0.992438 -0.0018631 127.34 -0.992439 -0.122725 0.00195653 100.677 0.00171308 0.00208914 0.999996 0
-0.13154 0.99131 0.00112387 127.093 -0.991308 -0.131536 -0.0025956 98.7817 -0.00242522 -0.00145553 0.999996 0
-0.133372 0.991044 -0.00667778 126.841 -0.990849 -0.13348 -0.0200425 96.9954 -0.0207543 0.00394357 0.999777 0
-0.113966 0.993484 0.00116395 126.601 -0.993422 -0.113946 -0.0113704 95.0793 -0.0111637 -0.00245214 0.999935 0
-0.038382 0.999263 0.00021823 126.469 -0.999235 -0.0383792 -0.00753748 93.0762 -0.00752355 -0.000507366 0.999972 0
-0.0296103 0.99956 -0.00167034 126.423 -0.999531 -0.0296224 -0.00774796 91.1141 -0.00779403 0.00144014 0.999969 0
-0.0212768 0.999758 -0.00560126 126.415 -0.99961 -0.0213743 -0.0179631 89.1592 -0.0180784 0.00521688 0.999823 0
-0.00579718 0.999982 0.00173412 126.39 -0.999894 -0.00577353 -0.0133463 87.2254 -0.0133361 -0.00181131 0.999909 0
-0.0044 0.99999 0.000922652 126.391 -0.999877 -0.00438563 -0.0150459 85.2225 -0.0150417 -0.000988741 0.999886 0
-0.00723223 0.999974 0.000108438 126.377 -0.999854 -0.00722969 -0.0154705 83.0447 -0.0154693 -0.000220308 0.99988 0
-0.00413501 0.999991 -0.00116525 126.395 -0.999906 -0.00414986 -0.0130476 81.024 -0.0130523 0.00111119 0.999914 0
0.00115154 0.999997 -0.00236096 126.374 -0.999936 0.0011248 -0.011296 79.0623 -0.0112933 0.00237381 0.999933 0
-0.000357525 0.999997 -0.0024284 126.416 -0.999966 -0.000377427 -0.00819984 77.0574 -0.00820074 0.00242539 0.999963 0
-0.000548595 0.999999 0.00103814 126.387 -0.999908 -0.000534479 -0.0135497 75.0229 -0.0135491 -0.00104548 0.999908 0
-0.00147358 0.999995 -0.00283546 126.385 -0.999814 -0.00152776 -0.0192031 73.0689 -0.0192073 0.00280663 0.999812 0
-0.00301101 0.999993 -0.00236742 126.381 -0.999872 -0.00304785 -0.0157155 71.0959 -0.0157226 0.0023198 0.999874 0
-0.00301088 0.999954 -0.00906839 126.443 -0.999596 -0.00326593 -0.0282436 69.2083 -0.028272 0.00897969 0.99956 0
-0.00833028 0.999962 -0.00266422 126.384 -0.999785 -0.00837933 -0.0189637 67.1429 -0.0189853 0.00250567 0.999817 0
-0.00999732 0.99995 0.000550671 126.393 -0.999739 -0.00998388 -0.0205653 64.9986 -0.0205587 -0.000756124 0.999788 0
-0.0130803 0.999886 -0.00753114 126.324 -0.999694 -0.0132353 -0.0209073 62.9391 -0.0210046 0.00725536 0.999753 0
-0.0181976 0.999735 -0.014122 126.252 -0.999579 -0.0185106 -0.0223574 60.8972 -0.0226129 0.0137092 0.99965 0
0.146702 0.989163 -0.00587221 126.479 -0.989144 0.146642 -0.00950968 59.0721 -0.00854552 0.00720354 0.999938 0
0.25147 0.967849 -0.00557416 126.836 -0.967816 0.251395 -0.0115457 57.3007 -0.00977316 0.00829815 0.999918 0
0.258672 0.965956 -0.00415375 127.249 -0.965882 0.25859 -0.0142393 55.7578 -0.0126805 0.00769535 0.99989 0
0.257673 0.966224 -0.00395189 127.667 -0.96615 0.257595 -0.0140902 54.2214 -0.0125963 0.00744878 0.999893 0
0.260632 0.965434 0.00280821 128.083 -0.96499 0.260599 -0.0296921 52.6948 -0.0293976 0.00502883 0.999555 0
0.237863 0.971289 -0.00431928 128.529 -0.971002 0.237678 -0.0257777 51.0279 -0.024011 0.0103256 0.999658 0
0.0477935 0.998847 -0.00441773 128.714 -0.998651 0.0476934 -0.0205093 49.2484 -0.020275 0.00539198 0.99978 0
0.0175267 0.999844 -0.00205203 128.782 -0.999621 0.0174791 -0.0212755 47.2783 -0.0212363 0.00242414 0.999772 0
-0.0151165 0.999881 -0.00292541 128.767 -0.999711 -0.0151684 -0.0186489 45.2951 -0.018691 0.00264266 0.999822 0
0.0141652 0.999896 -0.00278881 128.771 -0.999675 0.0141027 -0.0212588 43.3121 -0.0212172 0.00308903 0.99977 0
0.0390438 0.999231 0.00347223 128.83 -0.999023 0.0391072 -0.020581 41.3152 -0.020701 -0.00266528 0.999782 0
0.0416572 0.99913 0.00213681 128.947 -0.99897 0.0416888 -0.0179188 39.3843 -0.0179923 -0.00138817 0.999837 0
0.0390296 0.999237 0.00156213 129.012 -0.999107 0.0390497 -0.0161565 37.5569 -0.0162051 -0.000930158 0.999868 0
0.0386293 0.999228 0.00717994 129.083 -0.999109 0.0387449 -0.0167186 35.503 -0.0169839 -0.00652772 0.999834 0
0.036809 0.999168 0.0175588 129.168 -0.999168 0.0371067 -0.0169369 33.5201 -0.0175744 -0.0169208 0.999702 0
0.00655061 0.999684 0.0242716 129.166 -0.999849 0.00693913 -0.0159578 31.4052 -0.0161212 -0.0241634 0.999578 0
0.0033943 0.999871 0.0157258 129.19 -0.999893 0.00361727 -0.0141722 29.3148 -0.0142273 -0.015676 0.999776 0
0.0120114 0.99974 0.019378 129.205 -0.999825 0.0122863 -0.0141293 27.0854 -0.0143637 -0.0192049 0.999712 0
0.00928445 0.999732 0.0211827 129.22 -0.99988 0.00954443 -0.0122054 25.0525 -0.0124043 -0.0210668 0.999701 0
0.00560202 0.999803 0.0190572 129.22 -0.999924 0.00580955 -0.0108519 23.0637 -0.0109605 -0.018995 0.999759 0
0.00409977 0.999701 0.0240849 129.251 -0.999927 0.0043718 -0.0112526 21.0707 -0.0113546 -0.024037 0.999647 0
0.000383615 0.999825 0.0187234 129.194 -0.999937 0.00059333 -0.0111964 18.9966 -0.0112055 -0.018718 0.999762 0
-0.00184263 0.999966 0.00805019 129.259 -0.999933 -0.00175063 -0.0114198 16.9565 -0.0114053 -0.00807069 0.999902 0
-0.00339189 0.999932 0.0111951 129.267 -0.999608 -0.00307921 -0.0278293 14.9047 -0.0277929 -0.0112851 0.99955 0
0.00835876 0.999804 0.0179471 129.242 -0.999608 0.00883379 -0.0265542 12.6373 -0.0267076 -0.0177181 0.999486 0
0.00555367 0.999932 0.0102232 129.258 -0.999645 0.0058178 -0.0259906 10.7957 -0.0260484 -0.0100752 0.99961 0
0.00541632 0.999901 0.0130007 129.277 -0.999783 0.00567617 -0.0200344 8.83579 -0.0201062 -0.0128894 0.999715 0
0.00160733 0.999969 0.00776924 129.267 -0.999838 0.00174627 -0.0179095 6.9692 -0.0179226 -0.00773919 0.999809 0
0.00173212 0.999976 0.0067161 129.293 -0.999861 0.00184315 -0.0165618 5.1149 -0.0165738 -0.00668648 0.99984 0
-0.000304965 0.999996 0.00288864 129.284 -0.999907 -0.000265528 -0.013643 3.11012 -0.0136422 -0.00289253 0.999903 0
0.000944492 0.99998 0.00627672 129.291 -0.999926 0.00102077 -0.0121599 1.20517 -0.0121661 -0.00626477 0.999906 0
-0.000988304 0.999998 0.00169417 129.314 -0.999814 -0.000955467 -0.0192745 -0.867458 -0.0192728 -0.0017129 0.999813 0
-0.00550195 0.999956 -0.0075725 129.273 -0.99987 -0.00561573 -0.0150864 -2.83133 -0.0151282 0.00748851 0.999858 0
-0.00671302 0.999974 -0.00259545 129.316 -0.999811 -0.00675925 -0.0182327 -4.88052 -0.0182498 0.00247256 0.99983 0
-0.00734616 0.999973 -0.00021613 129.265 -0.999804 -0.00734889 -0.0184074 -6.90594 -0.0184085 8.08634e-05 0.999831 0
-0.00881453 0.99994 0.00644647 129.264 -0.999847 -0.00871574 -0.0151953 -8.91634 -0.0151382 -0.00657942 0.999864 0
-0.00953285 0.999948 0.00364006 129.299 -0.999727 -0.009453 -0.0213562 -11.0389 -0.0213207 -0.00384265 0.999765 0
-0.00841581 0.999945 0.00633085 129.312 -0.999801 -0.00829978 -0.0181359 -12.9843 -0.0180824 -0.00648222 0.999815 0
-0.0128069 0.999889 0.00755987 129.268 -0.999632 -0.012622 -0.0240139 -14.942 -0.0239159 -0.00786463 0.999683 0
-0.0155589 0.999878 -0.00115705 129.285 -0.999616 -0.0155813 -0.0229193 -17.0575 -0.0229345 0.000800012 0.999737 0
-0.0153265 0.999855 0.00735549 129.266 -0.999712 -0.0151875 -0.0186005 -19.0575 -0.0184861 -0.00763845 0.9998 0
-0.0206798 0.999758 0.00756118 129.221 -0.999641 -0.0205471 -0.0172235 -20.9177 -0.017064 -0.00791464 0.999823 0
-0.0213623 0.999757 0.00548108 129.197 -0.99967 -0.0212815 -0.0144079 -22.949 -0.0142877 -0.00578706 0.999881 0
-0.0240183 0.9997 0.00475707 129.117 -0.999569 -0.0239345 -0.0169707 -25.1089 -0.0168518 -0.00516263 0.999845 0
-0.0281487 0.999592 0.00488151 129.038 -0.999499 -0.0280748 -0.0146012 -27.0278 -0.0144582 -0.00529007 0.999882 0
-0.125173 0.992119 -0.00564519 128.903 -0.991762 -0.12528 -0.0267171 -29.1174 -0.0272138 0.00225442 0.999627 0
-0.278145 0.960433 -0.0143034 128.511 -0.96026 -0.278392 -0.0199435 -30.921 -0.0231364 0.00818784 0.999699 0
-0.291945 0.956412 -0.0066927 127.965 -0.956333 -0.292009 -0.012579 -32.6671 -0.0139851 0.00272806 0.999898 0
-0.294767 0.955473 -0.0135847 127.434 -0.955519 -0.294867 -0.00610451 -34.3015 -0.00983837 0.011181 0.999889 0
-0.414048 0.909732 -0.0308674 126.865 -0.910095 -0.414373 -0.00472801 -35.8625 -0.0170918 0.0261346 0.999512 0
-0.555948 0.830578 -0.0325933 126.072 -0.830606 -0.556615 -0.0165351 -37.2238 -0.0318756 0.0178796 0.999332 0
-0.629032 0.777247 -0.0143378 125.108 -0.777148 -0.629188 -0.0128026 -38.4615 -0.0189719 0.00308929 0.999815 0
-0.654127 0.756216 -0.0159748 124.157 -0.756058 -0.654319 -0.0155932 -39.5264 -0.0222444 0.0018779 0.999751 0
-0.744683 0.667181 -0.0177822 123.121 -0.666937 -0.744893 -0.0181132 -40.6137 -0.0253306 -0.00162897 0.999678 0
-0.847972 0.52998 -0.00802369 121.932 -0.529938 -0.848009 -0.00681994 -41.4596 -0.0104186 -0.00153106 0.999945 0
-0.961674 0.273036 -0.0251909 120.461 -0.273364 -0.961852 0.0105964 -42.0091 -0.0213367 0.0170766 0.999627 0
-0.98402 0.176835 -0.0208071 118.759 -0.177336 -0.983824 0.0253449 -42.4229 -0.0159886 0.0286298 0.999462 0
-0.999761 0.0125466 -0.0179088 116.764 -0.0129586 -0.99965 0.0230778 -42.5297 -0.017613 0.0233044 0.999573 0
-0.999847 -0.00427089 -0.0169399 114.795 0.00395917 -0.999823 0.0183924 -42.5124 -0.0170154 0.0183226 0.999687 0
-0.999894 -0.00859172 -0.0117193 112.82 0.00843533 -0.999876 0.0133297 -42.4995 -0.0118323 0.0132295 0.999842 0
-0.99926 0.0310444 -0.0227207 110.878 -0.0315415 -0.999263 0.0218555 -42.552 -0.0220255 0.022556 0.999503 0
-0.999334 0.0326289 -0.0163432 108.851 -0.0329599 -0.999248 0.0204109 -42.6422 -0.0156649 0.0209359 0.999658 0
-0.999357 0.0332513 -0.0133924 106.887 -0.0335072 -0.999251 0.0193634 -42.6913 -0.0127385 0.0197997 0.999723 0
-0.999354 0.0309727 -0.0182278 104.964 -0.0311377 -0.999476 0.00883901 -42.7433 -0.0179444 0.00940087 0.999795 0
-0.999292 0.0315118 -0.0205768 103.193 -0.0317537 -0.999429 0.0115404 -42.8298 -0.0202014 0.0121856 0.999722 0
-0.999492 0.0271265 -0.0167367 101.133 -0.0273591 -0.99953 0.0138304 -42.8703 -0.0163537 0.0142812 0.999764 0
-0.999521 0.025725 -0.0172077 99.2236 -0.0260115 -0.999523 0.0166362 -42.94 -0.0167716 0.0170758 0.999714 0
-0.999865 -0.000248681 -0.0163991 97.2006 -1.51036e-05 -0.999871 0.0160832 -42.9702 -0.016401 0.0160813 0.999736 0
-0.999717 -0.00517006 -0.0232159 95.293 0.00492413 -0.999931 0.0106378 -43.0017 -0.0232693 0.0105205 0.999674 0
-0.998482 -0.0153464 -0.0529008 93.3355 0.014949 -0.999857 0.00789916 -42.968 -0.0530145 0.00709635 0.998569 0
-0.999857 0.0048433 -0.0162199 91.2222 -0.00500585 -0.999938 0.00999627 -42.952 -0.0161705 0.010076 0.999819 0
-0.999839 0.00393593 -0.0175077 89.0996 -0.0041783 -0.999896 0.0138285 -42.9873 -0.0174515 0.0138994 0.999751 0
-0.999775 0.00169713 -0.021168 87.1348 -0.00191524 -0.999945 0.0102873 -42.97 -0.0211494 0.0103256 0.999723 0
-0.999793 -0.000518213 -0.0203469 85.1464 0.000270216 -0.999926 0.0121893 -42.9945 -0.0203517 0.0121813 0.999719 0
-0.999817 0.0025464 -0.0189634 83.1884 -0.00278005 -0.99992 0.012305 -43.0116 -0.0189305 0.0123554 0.999744 0
-0.9998 -0.00139093 -0.0199305 81.135 0.00120948 -0.999958 0.00911328 -42.9834 -0.0199423 0.00908736 0.99976 0
-0.99965 -0.0030931 -0.0262557 79.1696 0.00281841 -0.999941 0.0104928 -43.0128 -0.0262866 0.0104151 0.9996 0
-0.999847 -0.00312232 -0.0172152 77.2926 0.00299598 -0.999968 0.00735936 -42.9958 -0.0172376 0.00730666 0.999825 0
-0.99981 -0.0072455 -0.0181025 75.0796 0.00706209 -0.999923 0.0101755 -42.967 -0.0181748 0.0100457 0.999784 0
-0.999802 -0.011007 -0.0165715 73.074 0.010838 -0.999889 0.0102576 -42.9614 -0.0166825 0.010076 0.99981 0
-0.999796 -0.0122445 -0.0160739 71.1534 0.0120822 -0.999875 0.0101523 -42.9606 -0.0161962 0.00995605 0.999819 0
-0.999744 -0.009972 -0.0202909 69.1727 0.00983619 -0.999929 0.0067821 -42.9593 -0.020357 0.00658078 0.999771 0
-0.999257 -0.0124752 -0.0364642 67.1722 0.012152 -0.999885 0.00907031 -42.9419 -0.0365732 0.00862046 0.999294 0
-0.999718 -0.0130281 -0.0198576 65.2275 0.0128741 -0.999886 0.00785943 -42.917 -0.0199577 0.00760157 0.999772 0
-0.999698 -0.0161806 -0.0184907 63.2123 0.0159835 -0.999814 0.0107584 -42.8902 -0.0186614 0.0104596 0.999771 0
-0.999507 -0.0287653 -0.0125972 61.0682 0.0287015 -0.999574 0.00522031 -42.8286 -0.012742 0.00485618 0.999907 0
-0.998338 -0.0549115 -0.017487 58.9173 0.0547546 -0.998456 0.00933138 -42.7052 -0.0179725 0.00835838 0.999804 0
-0.99825 -0.0569279 -0.0160182 56.753 0.0568253 -0.998361 0.00678982 -42.6058 -0.0163784 0.0058677 0.999849 0
-0.998113 -0.0597026 -0.0143631 54.6768 0.0596399 -0.998209 0.0047611 -42.4926 -0.0146217 0.0038955 0.999885 0
-0.997905 -0.0600076 -0.0241847 52.6621 0.0598643 -0.998185 0.00660515 -42.3588 -0.0245372 0.00514351 0.999686 0
-0.998088 -0.0576454 -0.0223107 50.6782 0.0577314 -0.998327 -0.00323074 -42.2482 -0.0220872 -0.00451259 0.999746 0
-0.997888 -0.0628726 -0.0163353 48.4341 0.0627276 -0.997988 0.0092397 -42.1516 -0.0168834 0.00819551 0.999824 0
-0.997724 -0.0660119 -0.0137586 46.4768 0.0658777 -0.997778 0.00999164 -42.0027 -0.0143876 0.00906252 0.999855 0
-0.994864 -0.100334 -0.0133395 44.2736 0.100134 -0.994862 0.0149073 -41.824 -0.0147666 0.013495 0.9998 0
-0.994253 -0.106268 -0.0129819 42.1396 0.105979 -0.994141 0.0212626 -41.6152 -0.0151654 0.0197646 0.99969 0
-0.987877 -0.155043 -0.00778626 40.1428 0.154875 -0.987754 0.0188421 -41.4064 -0.0106122 0.0174078 0.999792 0
-0.981319 -0.192215 -0.00817483 38.1598 0.192006 -0.981162 0.0213361 -41.0145 -0.0121219 0.0193679 0.999739 0
-0.981038 -0.193733 -0.00567471 36.1669 0.193588 -0.980883 0.0197916 -40.6419 -0.0094005 0.0183177 0.999788 0
-0.979637 -0.200763 -0.0025422 34.4598 0.200679 -0.979471 0.0190991 -40.2945 -0.00632441 0.0182 0.999814 0
-0.969022 -0.246899 -0.00607025 32.7664 0.24675 -0.968897 0.018782 -39.8597 -0.0105187 0.0167023 0.999805 0
-0.953997 -0.299756 -0.005951 31.0974 0.299627 -0.953913 0.0165176 -39.3736 -0.010628 0.0139746 0.999846 0
-0.937251 -0.347941 -0.0223018 29.5724 0.347458 -0.937417 0.0228662 -38.8724 -0.0288621 0.0136825 0.99949 0
-0.950496 -0.310712 -0.00384087 28.0193 0.310572 -0.950325 0.0206505 -38.3429 -0.0100664 0.0184354 0.999779 0
-0.941846 -0.335921 -0.00915047 26.4411 0.335788 -0.941841 0.0134998 -37.7875 -0.0131532 0.00964212 0.999867 0
-0.938888 -0.34417 -0.0060968 24.9319 0.344048 -0.938827 0.0153036 -37.265 -0.0109909 0.0122708 0.999864 0
-0.917937 -0.39662 -0.00913315 23.3992 0.396232 -0.9177 0.0287394 -36.6739 -0.0197801 0.0227621 0.999545 0
-0.892794 -0.450407 -0.007234 21.9718 0.450335 -0.892806 0.00976798 -36.0064 -0.0108581 0.00546307 0.999926 0
-0.862643 -0.505646 -0.0130019 20.6146 0.505661 -0.862729 0.00233122 -35.2677 -0.0123959 -0.00456355 0.999913 0
-0.859776 -0.509836 -0.0291925 19.2732 0.510221 -0.860013 -0.00720125 -34.4386 -0.0214345 -0.0210861 0.999548 0
-0.859666 -0.510106 -0.0276929 17.8562 0.510534 -0.859787 -0.0110542 -33.6681 -0.0181712 -0.0236411 0.999555 0
-0.860454 -0.508887 -0.0255532 16.5191 0.509301 -0.860485 -0.0133304 -32.9086 -0.0152044 -0.0244845 0.999585 0
-0.859993 -0.509752 -0.0237622 15.1849 0.510111 -0.860017 -0.0125028 -32.0586 -0.0140626 -0.0228736 0.999639 0
-0.860064 -0.509505 -0.0263573 13.8658 0.509867 -0.860205 -0.00908518 -31.305 -0.0180437 -0.0212526 0.999611 0
-0.707451 -0.705985 -0.0331283 12.7106 0.706372 -0.70784 1.77239e-05 -30.4096 -0.0234621 -0.0233884 0.999451 0
-0.551095 -0.834009 -0.0268912 11.7516 0.83436 -0.551206 -0.00376501 -29.1621 -0.0116826 -0.0245118 0.999631 0
-0.353977 -0.934887 -0.0262091 11.0719 0.935203 -0.354112 0.000549145 -27.6609 -0.00979435 -0.0243165 0.999656 0
-0.344089 -0.938674 -0.0222079 10.5392 0.938925 -0.344108 -0.00308456 -26.1938 -0.00474651 -0.0219129 0.999749 0
-0.342899 -0.939163 -0.0198412 10.0513 0.939366 -0.342897 -0.00361147 -24.7293 -0.00341172 -0.0198765 0.999797 0
-0.345159 -0.93854 -0.0028849 9.4922 0.938421 -0.345162 0.0151696 -23.2845 -0.015233 0.00252866 0.999881 0
-0.34404 -0.938951 -0.00280776 8.91938 0.938809 -0.344037 0.0166306 -21.8369 -0.0165813 0.00308563 0.999858 0
-0.362773 -0.931877 -0.00118089 8.39457 0.931692 -0.362726 0.0195114 -20.3477 -0.0186105 0.00597797 0.999809 0
-0.386753 -0.922183 0.000920324 7.80872 0.922125 -0.386717 0.0116273 -18.9508 -0.0103666 0.00534554 0.999932 0
-0.388073 -0.921628 -0.000817885 7.1511 0.921549 -0.388051 0.0128302 -17.4118 -0.0121421 0.00422535 0.999917 0
-0.387979 -0.921668 0.000207848 6.53871 0.921602 -0.387949 0.0120293 -15.9496 -0.0110063 0.00485866 0.999928 0
-0.388096 -0.921611 0.00385591 5.91883 0.921574 -0.388032 0.011534 -14.5014 -0.00913366 0.00802982 0.999926 0
-0.36837 -0.929578 0.0137597 5.27135 0.929626 -0.368149 0.0161991 -12.9296 -0.00999267 0.0187586 0.999774 0
-0.366464 -0.930356 0.0119585 4.70123 0.930358 -0.366242 0.0173319 -11.4781 -0.0117452 0.0174772 0.999778 0
-0.366503 -0.930393 0.00662646 4.04725 0.930321 -0.366354 0.0169677 -9.90604 -0.013359 0.0123835 0.999834 0
-0.365636 -0.930748 0.0043102 3.47205 0.930678 -0.36554 0.0147861 -8.36345 -0.0121865 0.00941773 0.999881 0
-0.366242 -0.930519 0.00151426 2.88965 0.930414 -0.366175 0.0156922 -6.97347 -0.0140474 0.00715604 0.999876 0
-0.368196 -0.929671 -0.0119867 2.36123 0.929529 -0.368358 0.0169492 -5.60704 -0.0201726 -0.00490138 0.999784 0
-0.367458 -0.929741 -0.0235946 1.75074 0.929735 -0.367869 0.0162737 -4.11187 -0.02381 -0.0159569 0.999589 0
-0.366296 -0.930031 -0.0294838 1.20946 0.930168 -0.366826 0.0150095 -2.71671 -0.0247747 -0.021927 0.999453 0
-0.292493 -0.955787 -0.0303101 0.66022 0.955918 -0.293096 0.0177503 -1.31302 -0.0258493 -0.0237821 0.999383 0
