0.475949 -0.879334 0.0156453 1.10278 0.879473 0.475886 -0.00774907 1.32335 -0.000631359 0.0174478 0.999848 0.789583
0.474564 -0.880127 0.0128237 1.52608 0.880221 0.474514 -0.00687959 2.1029 -3.01143e-05 0.0145525 0.999894 0.7909
0.471964 -0.881525 0.0127602 2.44728 0.881612 0.471963 -0.00335326 3.80189 -0.00306634 0.0128321 0.999913 0.800878
0.470995 -0.882049 0.012365 2.81034 0.882113 0.471038 0.00061176 4.48353 -0.006364 0.0106192 0.999923 0.805879
0.468888 -0.883234 0.0063862 3.38985 0.883255 0.468892 -0.000916358 5.5848 -0.00218508 0.00607031 0.999979 0.810257
0.468293 -0.883558 0.00522973 3.65513 0.883545 0.468317 0.00519626 6.11114 -0.00704037 0.00218733 0.999973 0.813173
0.467038 -0.884237 0.000742605 4.15473 0.88421 0.46703 0.00742134 7.1054 -0.00690904 -0.00280943 0.999972 0.817967
0.466204 -0.884644 -0.00773834 4.61206 0.884674 0.46616 0.0068281 8.05129 -0.00243313 -0.0100292 0.999947 0.826752
0.466032 -0.884631 -0.015546 5.01617 0.884763 0.466018 0.00470281 8.91091 0.00308444 -0.0159461 0.999868 0.834867
0.467271 -0.884035 -0.0118645 5.26326 0.884054 0.46704 0.0179631 9.44514 -0.0103388 -0.0188825 0.999768 0.838871
0.468697 -0.883278 -0.011945 5.77103 0.883287 0.468443 0.0191218 10.5055 -0.0112943 -0.0195132 0.999746 0.840891
0.470015 -0.882627 -0.00752904 6.10164 0.882428 0.46968 0.0268744 11.188 -0.0201839 -0.0192752 0.99961 0.841272
0.470823 -0.882163 -0.0106843 6.63194 0.88216 0.470603 0.0180494 12.2696 -0.0108944 -0.0179234 0.99978 0.838849
0.471341 -0.881866 -0.0122315 7.07133 0.881951 0.471292 0.00679924 13.1462 -0.000231424 -0.0139923 0.999902 0.843478
0.472823 -0.881153 0.00290112 7.83641 0.881036 0.472809 0.0150875 14.6418 -0.0146661 -0.00457772 0.999882 0.861674
0.471834 -0.881345 0.0245752 8.77835 0.881136 0.472342 0.0222135 16.4529 -0.0311856 0.011173 0.999451 0.889342
0.469426 -0.882147 0.0381603 9.74213 0.882507 0.470143 0.0121483 18.2469 -0.0286574 0.027974 0.999198 0.902072
0.466174 -0.883847 0.0386763 10.7402 0.884572 0.466388 -0.00384882 20.12 -0.0146364 0.0360062 0.999244 0.9323
0.465251 -0.884139 0.0429001 11.1624 0.884969 0.465649 -0.000804938 20.896 -0.0192647 0.0383398 0.999079 0.954614
0.463574 -0.885189 0.0392314 11.7301 0.886008 0.463563 -0.00992228 21.9804 -0.00940316 0.0393591 0.999181 0.978791
0.46269 -0.885477 0.0429934 12.0866 0.88638 0.462936 -0.00464987 22.6627 -0.0157858 0.0402599 0.999065 0.992917
0.461906 -0.885883 0.0430639 12.6341 0.886838 0.462009 -0.00813753 23.7181 -0.012687 0.0419495 0.999039 1.0126
0.461487 -0.886462 0.0348634 13.1296 0.88714 0.46128 -0.0142365 24.6902 -0.00346171 0.0374987 0.999291 1.02724
0.461348 -0.886656 0.0316173 13.5507 0.887217 0.460983 -0.0184573 25.5114 0.00179029 0.0365666 0.99933 1.03541
0.460958 -0.886807 0.0330222 13.9526 0.887422 0.460616 -0.0177648 26.2836 0.000543413 0.0374935 0.999297 1.03911
0.461034 -0.886865 0.0303133 14.4281 0.887375 0.460617 -0.0199533 27.2084 0.00373304 0.0360984 0.999341 1.04018
0.45996 -0.887276 0.0343346 14.7917 0.887913 0.459901 -0.0100612 27.9183 -0.00686343 0.0351139 0.99936 1.04263
0.457467 -0.888407 0.0381685 15.7764 0.889152 0.457563 -0.00669812 29.8282 -0.0115138 0.0370018 0.999249 1.06001
0.456197 -0.888968 0.0402503 16.1849 0.889673 0.456598 0.000869178 30.6238 -0.0191509 0.0354131 0.999189 1.0614
0.455382 -0.889691 0.0328076 17.1466 0.890227 0.455496 -0.00437035 32.5102 -0.0110554 0.0311964 0.999452 1.077
0.454797 -0.889967 0.033447 17.5844 0.890486 0.455008 -0.00143821 33.3693 -0.0139387 0.0304382 0.999439 1.08981
0.453487 -0.890313 0.041144 18.4584 0.890896 0.454141 0.00773893 35.071 -0.0255753 0.0331455 0.999123 1.11457
0.454355 -0.889923 0.0399786 18.9682 0.890653 0.454682 -0.00103916 36.0622 -0.0172528 0.0360792 0.9992 1.1182
0.454829 -0.889739 0.0386627 19.4142 0.890536 0.454803 -0.00997797 36.9303 -0.00870613 0.0389688 0.999202 1.12089
0.45372 -0.890155 0.0419787 19.7614 0.891029 0.453915 -0.00529958 37.6101 -0.0143373 0.0398087 0.999104 1.1218
0.453238 -0.890397 0.042053 20.299 0.891327 0.453259 -0.00958916 38.6653 -0.0105227 0.0418292 0.999069 1.13421
0.452661 -0.890574 0.0444544 20.7074 0.891591 0.452767 -0.00821442 39.4708 -0.012812 0.0433535 0.998978 1.14173
0.451733 -0.890947 0.0463756 21.089 0.891929 0.452175 -0.0010849 40.2343 -0.0200033 0.0418538 0.998923 1.14253
0.450471 -0.891536 0.0473294 21.4819 0.892396 0.451215 0.00581853 41.0294 -0.0265431 0.0396155 0.998862 1.13564
0.449493 -0.892302 0.0418795 21.9575 0.89309 0.449878 -0.000262692 41.9788 -0.0186062 0.0375202 0.999123 1.12085
0.44858 -0.892897 0.0388688 22.3227 0.893604 0.448852 -0.00190636 42.7219 -0.0157442 0.0355885 0.999242 1.11127
0.447852 -0.893549 0.0316068 22.7883 0.894041 0.447969 -0.00365406 43.6794 -0.0108938 0.0298943 0.999494 1.11183
0.446557 -0.894185 0.0319478 23.1402 0.894574 0.446901 0.00419041 44.4069 -0.0180245 0.0267084 0.999481 1.11692
0.446189 -0.894664 0.0221685 24.0156 0.894931 0.446154 -0.00678673 46.2013 -0.00381871 0.0228674 0.999731 1.13933
0.445609 -0.895 0.0201988 24.3313 0.895228 0.445499 -0.00991299 46.8459 -0.000126427 0.0224998 0.999747 1.13777
0.444669 -0.895506 0.0184214 24.712 0.89569 0.444505 -0.0123954 47.6231 0.00291172 0.0220117 0.999753 1.14076
0.442666 -0.896422 0.0217561 24.993 0.896674 0.442658 -0.00547241 48.203 -0.00472492 0.0219306 0.999748 1.142
0.441459 -0.897018 0.0217233 25.4166 0.897277 0.441404 -0.007531 49.0717 -0.00283329 0.0228164 0.999736 1.14482
0.440796 -0.897387 0.0198668 25.7716 0.897607 0.440714 -0.00858084 49.8118 -0.00105522 0.0216149 0.999766 1.14551
0.439708 -0.897916 0.0200791 26.0957 0.89813 0.439701 -0.0050064 50.4879 -0.00433348 0.020235 0.999786 1.14601
0.438174 -0.898659 0.0203939 26.4169 0.898852 0.438252 -0.000699184 51.1614 -0.00830937 0.0186375 0.999792 1.14553
0.436907 -0.89935 0.0167869 26.7524 0.899489 0.43694 -0.00179365 51.8654 -0.00572177 0.0158833 0.999857 1.13902
0.435133 -0.900225 0.015961 26.9964 0.900336 0.435195 0.000510444 52.3928 -0.00740567 0.0141481 0.999873 1.13141
0.433846 -0.900897 0.0127337 27.3539 0.900987 0.433794 -0.00671338 53.1558 0.000524253 0.0143855 0.999896 1.12361
0.43208 -0.901738 0.013219 27.6091 0.901831 0.432076 -0.00327598 53.7094 -0.00275755 0.0133368 0.999907 1.12453
0.43146 -0.902045 0.0125314 27.9578 0.902125 0.431471 -0.00192918 54.4526 -0.00366675 0.0121373 0.99992 1.13273
0.429732 -0.90284 0.0145154 28.1913 0.902889 0.429841 0.00532257 54.9594 -0.0110447 0.0108185 0.99988 1.14405
0.428927 -0.90321 0.0152582 28.524 0.903303 0.429 0.00168305 55.6632 -0.00806591 0.0130608 0.999882 1.15386
0.428877 -0.90316 0.0191287 28.7817 0.903358 0.428851 -0.0056495 56.194 -0.00310094 0.019703 0.999801 1.15591
0.428514 -0.903225 0.0236647 29.0058 0.90353 0.428453 -0.00786196 56.6538 -0.00303807 0.0247507 0.999689 1.15823
0.431277 -0.90192 0.0232353 29.3138 0.902217 0.431075 -0.0133837 57.296 0.00205486 0.0267354 0.99964 1.16604
0.440492 -0.897553 0.0191096 29.8315 0.89775 0.440306 -0.0132756 58.3749 0.00350144 0.0230034 0.999729 1.18901
0.441806 -0.896739 0.0258298 29.9947 0.897091 0.441802 -0.00614837 58.6848 -0.0058982 0.0258881 0.999647 1.1938
0.448716 -0.893053 0.0333021 30.2857 0.893589 0.448877 -0.00291541 59.2505 -0.0123449 0.0310666 0.999441 1.2087
0.457666 -0.888495 0.0334331 30.5353 0.888999 0.45791 -0.000418229 59.7478 -0.0149377 0.0299134 0.999441 1.21498
0.468847 -0.882731 0.0311144 30.77 0.88313 0.469124 0.00185345 60.1883 -0.0162326 0.0266091 0.999514 1.21374
0.486295 -0.873395 0.0264096 31.0446 0.873672 0.48651 0.00202144 60.6749 -0.0146141 0.0220903 0.999649 1.2104
0.501862 -0.864478 0.0284854 31.2714 0.864798 0.502115 0.00203861 61.0319 -0.0160653 0.0236111 0.999592 1.20571
0.518285 -0.85458 0.0327827 31.485 0.854984 0.518646 0.00302571 61.3536 -0.0195883 0.0264605 0.999458 1.20194
0.550941 -0.833892 0.032999 31.8137 0.834398 0.551154 -0.00305052 61.829 -0.0156437 0.0292149 0.999451 1.20232
0.57466 -0.817746 0.0325101 32.0311 0.818259 0.57483 -0.0047628 62.1261 -0.014793 0.0293386 0.99946 1.20107
0.605802 -0.794999 0.0313267 32.3066 0.795493 0.60593 -0.00630461 62.4788 -0.0139697 0.0287395 0.999489 1.19929
0.640265 -0.767551 0.0304453 32.5994 0.768065 0.640291 -0.0101349 62.7983 -0.0117148 0.029873 0.999485 1.19193
0.664263 -0.746709 0.0343677 32.8251 0.747341 0.664365 -0.0100084 63.0067 -0.0153593 0.0323326 0.999359 1.18126
0.712018 -0.701452 0.0315449 33.2326 0.702049 0.711987 -0.0141805 63.3651 -0.0125126 0.0322429 0.999402 1.17232
0.744749 -0.666676 0.0298729 33.5114 0.667256 0.744632 -0.0170885 63.5733 -0.0108518 0.0326595 0.999408 1.16415
0.784639 -0.619358 0.0271466 33.8571 0.619897 0.7844 -0.0210545 63.8008 -0.00825354 0.0333483 0.99941 1.15475
0.826916 -0.561853 0.0230491 34.2384 0.562308 0.826517 -0.0260594 64.0039 -0.00440892 0.0345097 0.999395 1.14252
0.887568 -0.46016 0.0218188 34.8993 0.460653 0.88701 -0.0318251 64.2734 -0.00470886 0.0382978 0.999255 1.11855
0.909854 -0.414182 0.0248814 35.2053 0.414823 0.909341 -0.031961 64.3665 -0.00938797 0.0394012 0.999179 1.10351
0.939061 -0.342871 0.0245989 35.6486 0.343534 0.938606 -0.0316589 64.4798 -0.0122337 0.0381802 0.999196 1.09284
0.956191 -0.291466 0.0273244 35.9843 0.292171 0.955991 -0.0268017 64.5617 -0.0183101 0.0336109 0.999267 1.08137
0.975669 -0.217616 0.0267174 36.4478 0.21819 0.975683 -0.0208694 64.6474 -0.0215262 0.0261911 0.999425 1.07029
0.98535 -0.168178 0.0283196 36.7819 0.168691 0.985526 -0.0167933 64.7035 -0.0250855 0.0213246 0.999458 1.0586
0.995116 -0.0953194 0.0256493 37.2655 0.0957266 0.995292 -0.0151427 64.7517 -0.0240852 0.0175241 0.999556 1.05068
0.998366 -0.0506081 0.0265219 37.5945 0.0508727 0.998661 -0.00939687 64.7914 -0.0260108 0.0107308 0.999604 1.04507
0.999492 0.0247765 0.0200378 38.112 -0.024853 0.999685 0.00357469 64.8163 -0.0199429 -0.00407087 0.999793 1.04753
0.997931 0.0623921 0.0154954 38.3496 -0.0624422 0.998045 0.00277055 64.7713 -0.0152922 -0.00373239 0.999876 1.0421
0.993338 0.114956 0.00800744 38.708 -0.11493 0.993367 -0.00358124 64.671 -0.00836601 0.00263709 0.999962 1.0313
0.986746 0.16226 0.00213399 39.0656 -0.162196 0.986592 -0.0181048 64.546 -0.00504306 0.0175187 0.999834 1.02121
0.979011 0.203804 -0.00121622 39.4249 -0.203753 0.978592 -0.0290104 64.4191 -0.00472225 0.0286493 0.999578 1.01462
0.967969 0.250904 -0.00917053 39.8609 -0.251052 0.967702 -0.0229486 64.2939 0.00311643 0.0245158 0.999695 1.01514
0.961298 0.275336 -0.00981639 40.1348 -0.275432 0.961265 -0.0103668 64.2451 0.00658181 0.0126693 0.999898 1.01606
0.949994 0.312003 -0.0128458 40.5741 -0.31191 0.950072 0.0087367 64.1392 0.0149303 -0.0042931 0.999879 1.02075
0.940136 0.34041 -0.01629 40.961 -0.340107 0.940199 0.0188018 64.0377 0.0217162 -0.0121359 0.99969 1.02446
0.933842 0.357375 -0.0148744 41.2654 -0.357063 0.933864 0.0201185 63.9533 0.0210805 -0.0134764 0.999687 1.01192
0.923684 0.38243 -0.0235524 41.7267 -0.382039 0.923941 0.0194914 63.7954 0.0292151 -0.00900594 0.999533 0.985871
0.917507 0.396752 -0.0277422 42.0593 -0.396363 0.917906 0.018578 63.6676 0.0328356 -0.00604944 0.999442 0.961204
0.90998 0.413571 -0.02993 42.4709 -0.413179 0.910461 0.0185511 63.4882 0.0349223 -0.00451468 0.99938 0.94896
0.894758 0.44588 -0.024482 43.3786 -0.445544 0.895077 0.018087 63.0578 0.0299779 -0.00527572 0.999537 0.970322
0.89062 0.454337 -0.0193372 43.7167 -0.454165 0.890826 0.0127613 62.8786 0.023024 -0.00258315 0.999732 0.969347
0.883492 0.467951 -0.0215159 44.251 -0.467908 0.883747 0.00729754 62.5855 0.0224295 0.00362014 0.999742 0.967748
0.878961 0.476383 -0.0220824 44.6823 -0.476457 0.879195 0.00210674 62.3402 0.0204184 0.00866957 0.999754 0.960055
0.875146 0.483399 -0.0210938 45.1372 -0.483518 0.875334 -0.000616216 62.0944 0.0181662 0.0107385 0.999777 0.952305
0.871981 0.489093 -0.020908 45.6428 -0.489221 0.872159 -0.00116342 61.8254 0.017666 0.0112431 0.999781 0.944501
0.870418 0.492062 -0.0157428 46.0367 -0.492167 0.870494 -0.00344817 61.6189 0.0120073 0.0107494 0.99987 0.933983
0.86713 0.497826 -0.0159728 46.6475 -0.497942 0.8672 -0.00412699 61.2812 0.0117971 0.0115322 0.999864 0.923841
0.865566 0.500676 -0.0108684 47.1023 -0.500768 0.86554 -0.0085049 61.025 0.0051488 0.0128041 0.999905 0.91386
0.860024 0.510039 -0.0148118 48.8932 -0.510227 0.859915 -0.0146469 59.9928 0.00526639 0.020154 0.999783 0.905034
0.859967 0.510252 -0.00997354 49.3692 -0.510346 0.859721 -0.0206474 59.7138 -0.00196091 0.022846 0.999737 0.88693
0.859871 0.510166 -0.0187725 50.1409 -0.510484 0.859621 -0.0214016 59.2683 0.00521883 0.0279857 0.999595 0.873053
0.861046 0.508184 -0.0186591 50.6773 -0.50851 0.860731 -0.023656 58.9665 0.00403887 0.0298573 0.999546 0.855401
0.863059 0.504809 -0.0172297 51.3003 -0.5051 0.862667 -0.0260728 58.6238 0.00170173 0.0312051 0.999512 0.837498
0.865441 0.500777 -0.015335 51.9422 -0.501011 0.864987 -0.0280152 58.2753 -0.000764778 0.0319285 0.99949 0.819672
0.867868 0.496571 -0.0149004 52.6503 -0.496792 0.867381 -0.0291176 57.8969 -0.00153463 0.0326726 0.999465 0.803256
0.870084 0.492715 -0.0136565 53.3116 -0.492896 0.869574 -0.0299101 57.548 -0.00286182 0.0327556 0.999459 0.787135
0.872429 0.48852 -0.0147092 54.0946 -0.488741 0.872005 -0.0271997 57.1407 -0.000461077 0.0309188 0.999522 0.772756
0.874408 0.48504 -0.0121425 54.7161 -0.485184 0.873981 -0.027458 56.8204 -0.00270589 0.0299008 0.999549 0.753815
0.876292 0.481747 -0.00560565 55.3175 -0.481683 0.875825 -0.0302002 56.5076 -0.00963926 0.0291643 0.999528 0.729795
0.878549 0.477378 -0.0161946 56.3106 -0.477643 0.878236 -0.0236187 55.9891 0.00294766 0.0284854 0.99959 0.713841
0.879342 0.476002 -0.013381 56.7518 -0.47619 0.879006 -0.0243055 55.7531 0.000192542 0.0277448 0.999615 0.69366
0.879667 0.475144 -0.0206061 57.6643 -0.475493 0.879538 -0.017873 55.2834 0.00963164 0.0255204 0.999628 0.680901
0.879906 0.474625 -0.0222592 58.3652 -0.474975 0.879883 -0.0143104 54.9292 0.0127934 0.0231644 0.99965 0.676367
0.880051 0.474479 -0.0194791 59.0784 -0.474758 0.880011 -0.0135749 54.567 0.0107008 0.0211944 0.999718 0.674741
0.880187 0.474146 -0.0213802 59.8391 -0.474463 0.880174 -0.0133621 54.1754 0.0124827 0.0219052 0.999682 0.675211
0.880385 0.473983 -0.0162241 60.4107 -0.474213 0.880264 -0.016028 53.8759 0.00668444 0.0218045 0.99974 0.667465
0.880783 0.473207 -0.0172178 61.9889 -0.473432 0.880738 -0.0127837 53.0675 0.00911506 0.0194111 0.99977 0.665058
0.880795 0.473285 -0.0142082 62.6299 -0.47345 0.880737 -0.0121754 52.7364 0.00675121 0.0174509 0.999825 0.655915
0.879944 0.474663 -0.0198457 63.52 -0.474846 0.880051 -0.00554184 52.2841 0.0148348 0.0143002 0.999788 0.652475
0.878623 0.477049 -0.0211037 64.1954 -0.477181 0.878804 -0.001442 51.9432 0.0178581 0.0113373 0.999776 0.649102
0.876777 0.480523 -0.0189574 64.8858 -0.480596 0.876942 0.000772303 51.5961 0.0169957 0.00843373 0.99982 0.646933
0.87475 0.484455 -0.0107563 65.4982 -0.484496 0.874792 -0.00139936 51.2791 0.00873162 0.00643547 0.999941 0.642999
0.870557 0.491902 -0.0127661 66.4221 -0.491932 0.870633 0.000935929 50.7899 0.011575 0.00546526 0.999918 0.640263
0.867229 0.497761 -0.0121784 67.0401 -0.497801 0.867291 -0.000243795 50.4463 0.0104409 0.00627385 0.999926 0.634546
0.862379 0.506049 -0.0147074 67.7702 -0.506121 0.862461 -0.0013882 50.0293 0.0119821 0.00864087 0.999891 0.625956
0.858736 0.512321 -0.0100551 68.3201 -0.512386 0.858737 -0.0055315 49.7084 0.00580079 0.0099022 0.999934 0.620286
0.852394 0.522789 -0.010769 69.1235 -0.522867 0.852389 -0.00649791 49.2312 0.00578237 0.0111696 0.999921 0.614298
0.847864 0.530171 -0.00676903 69.702 -0.530214 0.847794 -0.0108668 48.8678 -2.25175e-05 0.0128026 0.999918 0.611881
0.84079 0.541275 -0.00969748 70.498 -0.54136 0.840701 -0.0122745 48.358 0.00150879 0.0155701 0.999878 0.604838
0.834421 0.550973 -0.0130398 71.1793 -0.551112 0.834344 -0.0121008 47.9064 0.00421248 0.0172835 0.999842 0.596583
0.829431 0.558472 -0.0123554 71.7507 -0.558603 0.829319 -0.0138775 47.5154 0.00249636 0.0184121 0.999827 0.591127
0.823202 0.567577 -0.0139334 72.4276 -0.567736 0.823095 -0.0137678 47.0472 0.00365423 0.0192442 0.999808 0.583953
0.818717 0.574086 -0.0112601 72.9571 -0.574197 0.818572 -0.0154476 46.6784 0.000348967 0.0191128 0.999817 0.580389
0.811416 0.584234 -0.0165384 73.6901 -0.584428 0.811369 -0.0111458 46.1636 0.006907 0.0187094 0.999801 0.57109
0.807006 0.590364 -0.0145264 74.1768 -0.590522 0.806938 -0.0115821 45.8142 0.0048842 0.017925 0.999827 0.569952
0.799994 0.599705 -0.0190918 74.8955 -0.599931 0.799996 -0.00942097 45.2784 0.00962358 0.0189905 0.999773 0.562962
0.79538 0.605785 -0.0198898 75.4484 -0.606038 0.795365 -0.0105608 44.8509 0.00942212 0.0204538 0.999746 0.560299
0.791703 0.610619 -0.0187243 76.0045 -0.610867 0.791627 -0.0129827 44.422 0.00689517 0.0217165 0.99974 0.557913
0.788666 0.614495 -0.0200501 76.5883 -0.614787 0.788548 -0.0150884 43.9633 0.00653872 0.0242262 0.999685 0.552115
0.786963 0.61674 -0.0178896 77.0777 -0.616994 0.786753 -0.0184111 43.5752 0.00271983 0.0255266 0.99967 0.547313
0.785101 0.619021 -0.0207211 77.7296 -0.619338 0.784952 -0.016472 43.0612 0.00606858 0.0257655 0.99965 0.533515
0.784422 0.619928 -0.0192736 78.1911 -0.620209 0.784259 -0.0166523 42.6991 0.00479224 0.0250161 0.999676 0.524663
0.784331 0.620092 -0.017629 78.703 -0.620335 0.784149 -0.0171848 42.3014 0.00316763 0.0244145 0.999697 0.515335
0.785294 0.618942 -0.01499 79.1329 -0.619123 0.785031 -0.0203111 41.9556 -0.000803726 0.0252308 0.999681 0.511661
0.791177 0.611426 -0.0140674 80.1303 -0.611585 0.790891 -0.0213353 41.1718 -0.00191915 0.0254834 0.999673 0.496929
0.798585 0.601646 -0.0168549 80.694 -0.601873 0.798411 -0.0169765 40.7507 0.00324327 0.0237016 0.999714 0.488221
0.804023 0.594434 -0.0139458 81.0577 -0.594597 0.803829 -0.0176776 40.4916 0.000701867 0.0225054 0.999746 0.491992
0.815852 0.578017 -0.0168102 81.6054 -0.578233 0.815754 -0.0138488 40.1058 0.00570812 0.0210188 0.999763 0.486426
0.823955 0.566416 -0.0164782 81.9305 -0.566619 0.823883 -0.0126112 39.8926 0.00643289 0.0197279 0.999785 0.486825
0.839623 0.542753 -0.0212781 82.4334 -0.542975 0.839727 -0.00606385 39.5776 0.0145767 0.0166448 0.999755 0.47713
0.855043 0.517949 -0.0251066 82.8735 -0.518125 0.855305 -0.000588971 39.3255 0.0211688 0.013512 0.999685 0.470513
0.870296 0.491921 -0.0244812 83.2974 -0.49203 0.870576 0.00177025 39.105 0.0221836 0.0105048 0.999699 0.469921
0.882947 0.469179 -0.0165715 83.6834 -0.469238 0.883072 0.000430194 38.9273 0.0148357 0.00739614 0.999863 0.476062
0.905363 0.424515 -0.0102353 84.2744 -0.42452 0.905417 0.00173403 38.6859 0.0100033 0.00277516 0.999946 0.475738
0.922678 0.385552 -0.00381114 84.7347 -0.385538 0.922683 0.00396984 38.5362 0.00504706 -0.00219354 0.999985 0.476364
0.936124 0.351638 0.0047982 85.1301 -0.351664 0.936102 0.00676498 38.4395 -0.00211278 -0.00802021 0.999966 0.475965
0.956923 0.290205 0.00889687 85.7279 -0.290306 0.956835 0.0137722 38.3226 -0.00451608 -0.0157617 0.999866 0.466316
0.973909 0.226858 0.00602526 86.256 -0.226932 0.973729 0.0187819 38.2615 -0.00160614 -0.0196592 0.999805 0.4559
0.98458 0.174895 0.00364294 86.6657 -0.174933 0.984387 0.019511 38.2444 -0.000173677 -0.0198474 0.999803 0.44978
0.991507 0.129955 0.00496752 87.0332 -0.130028 0.991317 0.0195748 38.249 -0.00238055 -0.0200544 0.999796 0.446079
0.998807 0.0487747 -0.00251443 87.6083 -0.0487235 0.998659 0.0174689 38.2822 0.00336311 -0.0173255 0.999844 0.433694
0.999984 -0.00461356 -0.00341887 87.9997 0.00467217 0.999839 0.0173343 38.339 0.00333835 -0.01735 0.999844 0.429865
0.994437 -0.10451 -0.0131293 88.6409 0.104716 0.994372 0.0161001 38.4687 0.0113728 -0.0173854 0.999784 0.417343
0.987413 -0.1576 -0.0133586 89.0074 0.157777 0.987383 0.0134797 38.5704 0.0110657 -0.0154178 0.99982 0.41942
0.971715 -0.235731 -0.0141853 89.5196 0.235848 0.971763 0.00719783 38.7386 0.012088 -0.0103398 0.999873 0.421723
0.960895 -0.276818 -0.0072579 89.8294 0.276856 0.960898 0.00500427 38.8577 0.00558884 -0.00681798 0.999961 0.430119
0.934944 -0.354796 0.000537034 90.3591 0.354791 0.934938 0.00363365 39.1071 -0.00179129 -0.00320672 0.999993 0.437596
0.907613 -0.419736 0.00775153 90.8114 0.419721 0.907646 0.00353348 39.3652 -0.00851878 4.64432e-05 0.999964 0.446468
0.887051 -0.461359 0.01697 91.1465 0.461348 0.887206 0.00479964 39.5726 -0.0172702 0.00357154 0.999844 0.455729
0.851168 -0.52435 0.0238594 91.6358 0.524391 0.851463 0.00501968 39.9114 -0.0229475 0.00823907 0.999703 0.467777
0.815776 -0.577935 0.02238 92.0566 0.578032 0.81601 0.00252702 40.2441 -0.0197228 0.0108749 0.999746 0.483342
0.79327 -0.608486 0.0216266 92.3356 0.608579 0.793488 0.00270042 40.4796 -0.0188036 0.0110193 0.999762 0.499393
0.745994 -0.665717 0.0177076 93.0321 0.665832 0.746101 -0.000833341 41.0986 -0.0126569 0.0124119 0.999843 0.495073
0.723298 -0.690277 0.018923 93.4172 0.690509 0.72324 -0.0109856 41.4489 -0.00610278 0.0210124 0.999761 0.510546
0.709704 -0.704115 0.0232826 93.742 0.704491 0.709471 -0.0185221 41.7456 -0.00347666 0.0295476 0.999557 0.53321
0.695578 -0.718102 0.0223636 94.1571 0.718441 0.695076 -0.026667 42.1345 0.00360522 0.0346159 0.999394 0.559181
0.689339 -0.724099 0.0222077 94.4449 0.724433 0.68888 -0.025344 42.4189 0.00305314 0.0335586 0.999432 0.57946
0.682744 -0.730498 0.0152833 94.8317 0.730631 0.68239 -0.0228532 42.8342 0.00626504 0.0267693 0.999622 0.593662
0.680408 -0.732777 0.00906721 95.1337 0.73279 0.680182 -0.0192568 43.1707 0.00794359 0.0197469 0.999773 0.61224
0.678976 -0.73416 -0.000497226 95.5611 0.733982 0.678826 -0.021574 43.6312 0.0161763 0.0142833 0.999767 0.63901
0.680144 -0.733071 -0.00341956 95.8733 0.732829 0.680027 -0.0229144 43.961 0.0191232 0.0130791 0.999732 0.669934
0.682781 -0.730606 -0.00495763 96.2135 0.730325 0.68268 -0.0239478 44.3248 0.0208809 0.0127304 0.999701 0.695562
0.686613 -0.726951 -0.0102556 96.6451 0.72647 0.686572 -0.0293418 44.7821 0.0283713 0.012696 0.999517 0.718866
0.690049 -0.723605 -0.0150735 97.0212 0.723156 0.690174 -0.0265444 45.1863 0.029611 0.00741644 0.999534 0.747442
0.694385 -0.719377 -0.0180759 97.4462 0.719125 0.69462 -0.0190316 45.6408 0.0262468 0.000216419 0.999655 0.780824
0.698002 -0.715956 -0.0141694 97.8185 0.715874 0.698141 -0.0110579 46.025 0.0178093 -0.00242507 0.999838 0.815894
0.702326 -0.711773 -0.0108048 98.3531 0.711722 0.702408 -0.00866211 46.5687 0.0137548 -0.00160637 0.999904 0.858396
0.704561 -0.709627 -0.00490861 98.6886 0.709632 0.704572 -0.000972553 46.9172 0.00414862 -0.00279809 0.999987 0.88344
0.707972 -0.706235 -0.00277222 99.2142 0.706234 0.707977 -0.0017279 47.4408 0.00318298 -0.000734534 0.999995 0.909582
0.709389 -0.704811 0.00305183 99.6049 0.704814 0.709392 1.71391e-05 47.8257 -0.00217702 0.00213881 0.999995 0.921191
0.70992 -0.704274 -0.0033249 100.237 0.704189 0.709895 -0.0128897 48.4434 0.0114382 0.00680927 0.999911 0.935637
0.709942 -0.704242 -0.00502519 100.613 0.704122 0.709926 -0.014732 48.8149 0.0139424 0.00692053 0.999879 0.944148
0.708901 -0.705251 -0.00895521 101.125 0.705094 0.708942 -0.0156119 49.3257 0.017359 0.00475301 0.999838 0.95456
0.708021 -0.706184 -0.00323524 101.527 0.706142 0.708018 -0.00857819 49.7285 0.00834839 0.003789 0.999958 0.965279
0.706868 -0.707327 0.00524957 102.056 0.70734 0.706872 -0.00121733 50.2572 -0.00284973 0.00457372 0.999985 0.98436
0.7051 -0.709023 0.0110022 102.691 0.709028 0.705169 0.00407554 50.8905 -0.0106481 0.00492722 0.999931 1.01561
0.703823 -0.7103 0.0103179 103.188 0.710275 0.703894 0.00656861 51.3931 -0.0119284 0.00270542 0.999925 1.03145
0.70307 -0.711048 0.0101699 103.623 0.710948 0.703143 0.0119858 51.8444 -0.0156733 -0.00119659 0.999876 1.03792
0.700445 -0.713705 0.00139464 104.259 0.713677 0.700432 0.00774177 52.5083 -0.00650219 -0.00442736 0.999969 1.04748
0.697443 -0.716632 -0.00347015 104.81 0.716641 0.697436 0.00306823 53.0849 0.000221414 -0.00462676 0.999989 1.05806
0.696132 -0.717911 0.00195576 105.227 0.717879 0.696123 0.00792937 53.5212 -0.00705403 -0.0041159 0.999967 1.06567
0.692921 -0.720993 0.00545004 105.906 0.720963 0.692942 0.0066436 54.2268 -0.00856655 -0.000674218 0.999963 1.08759
0.691949 -0.721839 0.0124481 106.373 0.721741 0.69206 0.0119528 54.7137 -0.0172428 0.000713641 0.999851 1.1001
0.690006 -0.723696 0.0124843 107.112 0.723662 0.690109 0.0079176 55.49 -0.0143455 0.00357121 0.999891 1.12434
0.690074 -0.723464 0.0199198 107.524 0.723397 0.690333 0.0117187 55.9156 -0.0222293 0.00632316 0.999733 1.13036
0.689899 -0.723495 0.0243743 108.708 0.723325 0.690303 0.0168057 57.1771 -0.0289845 0.00603625 0.999562 1.14853
0.690135 -0.723573 0.0124664 109.38 0.723434 0.690248 0.0142019 57.9059 -0.018881 -0.000782661 0.999821 1.15491
0.690549 -0.723275 0.00390045 109.928 0.723161 0.69052 0.0148239 58.5019 -0.0134151 -0.007416 0.999883 1.1584
0.691846 -0.72202 -0.00604057 110.522 0.722005 0.691694 0.0163806 59.1468 -0.00764889 -0.0156942 0.999848 1.16624
0.69384 -0.720111 -0.00516522 110.997 0.72001 0.693577 0.0231639 59.6545 -0.0130981 -0.019791 0.999718 1.16939
0.696134 -0.717821 -0.0113992 111.71 0.717883 0.695878 0.0199257 60.4142 -0.00637067 -0.0220542 0.999736 1.18127
0.69764 -0.716381 -0.00979079 112.173 0.716398 0.697364 0.0214015 60.9015 -0.00850386 -0.0219446 0.999723 1.18368
0.699301 -0.714775 -0.00867288 112.925 0.714823 0.699201 0.0121145 61.6783 -0.00259503 -0.0146712 0.999889 1.20123
0.699734 -0.714382 -0.0055947 113.498 0.714404 0.699709 0.00594361 62.2595 -0.000331342 -0.00815582 0.999967 1.21519
0.700374 -0.713774 0.00168921 113.99 0.713743 0.700363 0.00793269 62.7575 -0.00684521 -0.0043502 0.999967 1.22287
0.701564 -0.712606 -0.000934428 114.739 0.712595 0.701546 0.00642695 63.5267 -0.00392434 -0.00517479 0.999979 1.24209
0.702435 -0.711747 -0.00128415 115.311 0.711718 0.702387 0.0104725 64.116 -0.00655183 -0.00827023 0.999944 1.2528
0.703556 -0.710629 0.00394872 116.404 0.710387 0.703443 0.0227533 65.2439 -0.0189468 -0.0132031 0.999733 1.27239
0.704655 -0.709539 -0.00401269 117.121 0.70955 0.704637 0.00516503 65.9624 -0.0008373 -0.00648677 0.999979 1.27222
0.704026 -0.710139 -0.00706474 118.313 0.710028 0.704048 -0.0132648 67.15 0.0143937 0.00432258 0.999887 1.29552
0.703267 -0.7109 0.00599363 118.796 0.710919 0.703271 -0.00181689 67.6346 -0.00292352 0.00553874 0.99998 1.30905
0.701833 -0.712007 0.0218314 119.552 0.711929 0.70214 0.0124814 68.3966 -0.0242155 0.00678252 0.999684 1.34127
0.700984 -0.712705 0.0259463 120.005 0.712498 0.701441 0.0181169 68.853 -0.0311118 0.005787 0.999499 1.33794
0.700665 -0.713426 0.00956827 120.679 0.713382 0.700729 0.00804782 69.5516 -0.0124463 0.001187 0.999922 1.31774
0.699884 -0.714247 -0.00380802 121.262 0.714238 0.699894 -0.00354499 70.1521 0.00519721 -0.000238758 0.999987 1.29972
0.698857 -0.715257 -0.00251041 121.704 0.715247 0.698861 -0.00381544 70.6074 0.00448345 0.000870885 0.99999 1.29637
0.696793 -0.717271 -0.00111683 122.391 0.717265 0.696793 -0.00339174 71.3166 0.003211 0.00156228 0.999994 1.31102
0.694385 -0.719589 -0.00459438 122.972 0.719568 0.6944 -0.00549935 71.9316 0.00714761 0.000512699 0.999974 1.31709
0.691215 -0.72262 -0.00649576 123.507 0.722593 0.691245 -0.00627165 72.4994 0.00902219 -0.000358738 0.999959 1.32153
0.688817 -0.724914 -0.00554398 123.959 0.724926 0.688827 0.000127322 72.9899 0.00372654 -0.00410668 0.999985 1.32391
0.686436 -0.727052 -0.0141929 124.625 0.727163 0.686449 0.00472413 73.7319 0.00630801 -0.0135634 0.999888 1.32869
0.685066 -0.728285 -0.016892 125.142 0.728462 0.685031 0.00869694 74.3079 0.00523769 -0.0182632 0.99982 1.33171
0.68396 -0.729432 -0.0112742 125.599 0.729504 0.683767 0.0169333 74.8121 -0.00464279 -0.0198063 0.999793 1.33504
0.682772 -0.730595 -0.00729798 126.23 0.73058 0.682572 0.0186452 75.4959 -0.0086407 -0.0180622 0.999799 1.33905
0.681232 -0.732046 -0.00561708 126.764 0.732011 0.681062 0.0177329 76.0803 -0.00915571 -0.016192 0.999827 1.3392
0.678058 -0.734973 -0.00720135 127.374 0.735006 0.677994 0.00952733 76.7498 -0.00211986 -0.0117531 0.999929 1.33936
0.673851 -0.73883 -0.00741316 127.879 0.738864 0.673842 0.00407224 77.3145 0.00198661 -0.00822141 0.999964 1.33669
0.669979 -0.742376 -0.0025258 128.311 0.742356 0.669927 0.0102872 77.8132 -0.0059449 -0.00876729 0.999944 1.33698
0.66439 -0.747382 0.00263325 128.921 0.747256 0.664335 0.0163584 78.5198 -0.0139753 -0.00890065 0.999863 1.34132
0.6609 -0.750374 0.0122168 129.393 0.749987 0.66097 0.0252553 79.0602 -0.0270259 -0.00752881 0.999606 1.34387
0.656164 -0.754569 0.00856511 130.079 0.754146 0.656113 0.0279092 79.8632 -0.0266791 -0.0118537 0.999574 1.33649
0.653192 -0.757184 0.00366181 130.513 0.756861 0.653041 0.0264494 80.383 -0.0224183 -0.014505 0.999643 1.32093
0.648547 -0.761171 -0.00231053 130.998 0.761042 0.648375 0.0206038 80.969 -0.0141849 -0.0151209 0.999785 1.29906
0.642883 -0.765936 -0.00660961 131.523 0.765951 0.642796 0.0115073 81.616 -0.00456524 -0.0124605 0.999912 1.27758
0.639379 -0.76889 -0.00188288 131.925 0.768811 0.639274 0.0160552 82.1228 -0.011141 -0.011713 0.999869 1.26852
0.633146 -0.774031 -0.00139536 132.492 0.773831 0.63294 0.0239151 82.8572 -0.0176278 -0.0162215 0.999713 1.26338
0.62785 -0.77833 -0.00260833 132.961 0.777969 0.62745 0.0327219 83.479 -0.0238319 -0.0225737 0.999461 1.25738
0.618762 -0.785493 -0.0116142 133.557 0.785434 0.618297 0.0283194 84.2714 -0.0150636 -0.0266452 0.999531 1.24657
0.604282 -0.796637 -0.0145701 134.542 0.796736 0.603983 0.020428 85.6068 -0.00747366 -0.0239528 0.999685 1.24277
0.599704 -0.800149 -0.0108017 134.929 0.80005 0.599241 0.0288149 86.1516 -0.0165835 -0.0259223 0.999526 1.24226
0.589827 -0.80739 -0.0149953 135.548 0.807392 0.589281 0.0294378 87.0387 -0.0149314 -0.0294703 0.999454 1.24384
0.585984 -0.810253 -0.0106006 135.873 0.809997 0.585327 0.0360082 87.498 -0.022971 -0.0296867 0.999295 1.2377
0.577988 -0.815962 -0.0116555 136.466 0.815809 0.577418 0.0323125 88.3536 -0.0196357 -0.0281849 0.99941 1.22591
0.572943 -0.819473 -0.0141829 136.938 0.819498 0.572523 0.0253064 89.0374 -0.0126179 -0.0261219 0.999579 1.21032
0.569033 -0.822107 -0.0184807 137.375 0.822294 0.568718 0.0197967 89.6744 -0.00576465 -0.0264616 0.999633 1.1945
0.56715 -0.823406 -0.0185436 137.714 0.823563 0.56672 0.0239395 90.1727 -0.0092029 -0.0288492 0.999541 1.18228
0.562524 -0.826284 -0.0286619 138.34 0.826756 0.562439 0.0117031 91.1096 0.00645046 -0.0302797 0.999521 1.16457
0.560579 -0.827694 -0.025962 138.7 0.828099 0.560371 0.0153663 91.6382 0.00182976 -0.0301132 0.999545 1.16121
0.559237 -0.828793 -0.0188543 139.089 0.828906 0.558667 0.0283938 92.2219 -0.0129993 -0.0315073 0.999419 1.15939
0.556779 -0.830567 -0.0124371 139.624 0.830234 0.555951 0.0403744 93.0339 -0.0266193 -0.0328053 0.999107 1.15862
0.553878 -0.832566 -0.00728792 140.036 0.831906 0.553039 0.0456166 93.6547 -0.0339483 -0.0313289 0.998932 1.14989
0.548633 -0.83604 -0.00620717 140.593 0.835836 0.548296 0.0273841 94.4944 -0.0194908 -0.020212 0.999606 1.12529
0.543258 -0.839542 -0.00625261 141.015 0.839518 0.543134 0.0146677 95.1381 -0.00891819 -0.0132176 0.999873 1.10351
0.538667 -0.842509 -0.00411653 141.375 0.842408 0.538511 0.0188168 95.7036 -0.0136365 -0.0136038 0.999815 1.09088
0.530923 -0.847404 -0.00513472 141.913 0.847296 0.530732 0.0203451 96.577 -0.0145154 -0.0151523 0.99978 1.08269
0.524569 -0.851368 -5.48176e-05 142.332 0.851157 0.524437 0.0222835 97.2608 -0.0189427 -0.0117359 0.999752 1.07683
0.513658 -0.857896 0.0130516 143.201 0.857712 0.51382 0.0178804 98.6934 -0.0220457 0.00201011 0.999755 1.05296
0.509628 -0.860212 0.0177263 143.543 0.859994 0.509911 0.0200085 99.2697 -0.0262504 0.00504759 0.999643 1.04097
0.502827 -0.86422 0.0170145 144.038 0.86428 0.502977 0.00582453 100.105 -0.0135916 0.0117766 0.999838 1.0179
0.497906 -0.866918 0.0233013 144.409 0.867187 0.497971 -0.00334174 100.713 -0.00870636 0.0218705 0.999723 1.00342
0.491273 -0.870586 0.0270222 144.884 0.870968 0.491302 -0.00601805 101.513 -0.00803682 0.026492 0.999617 0.994864
0.486715 -0.873116 0.0278909 145.271 0.873322 0.48708 0.00784167 102.205 -0.0204318 0.020541 0.99958 0.993893
0.481049 -0.876382 0.0233654 145.762 0.876232 0.48149 0.0196109 103.102 -0.0284368 0.0110397 0.999535 0.99369
0.478046 -0.878008 0.0239344 146.086 0.877658 0.47857 0.026198 103.712 -0.0344564 0.00848235 0.99937 0.986121
0.475428 -0.879565 0.0182787 146.537 0.879432 0.475714 0.0172026 104.57 -0.0238262 0.00789627 0.999685 0.962013
0.473117 -0.880997 0.00209314 146.933 0.880969 0.473118 0.00725065 105.338 -0.00737811 -0.00158642 0.999972 0.936466
0.471725 -0.881738 -0.00371796 147.242 0.881733 0.471691 0.00740418 105.948 -0.00477482 -0.00677098 0.999966 0.926937
0.469204 -0.883082 -0.0037508 147.709 0.883087 0.46921 -0.000632225 106.84 0.00231822 -0.00301564 0.999993 0.927253
0.468342 -0.883547 -0.000225173 148.081 0.883546 0.468341 0.00166142 107.545 -0.00136249 -0.000977067 0.999999 0.933687
0.467983 -0.88371 0.00691274 148.804 0.88352 0.468027 0.018496 108.949 -0.0195805 -0.00254827 0.999805 0.931758
0.466215 -0.884668 0.0023722 149.283 0.884653 0.466221 0.00526574 109.87 -0.0057644 -0.000356395 0.999983 0.915004
0.465 -0.885287 0.0065442 149.583 0.885306 0.46501 -3.41916e-05 110.425 -0.00301285 0.00580951 0.999979 0.905915
0.462761 -0.886408 0.0114967 150.084 0.88636 0.462443 -0.0226184 111.347 0.0147325 0.0206571 0.999678 0.899504
0.461966 -0.886765 0.0153643 150.428 0.886793 0.461577 -0.0233268 111.982 0.0135936 0.0244012 0.99961 0.906499
0.461102 -0.887148 0.0187805 150.814 0.887342 0.460925 -0.0131168 112.711 0.00298015 0.0227129 0.999738 0.918457
0.4596 -0.887859 0.0217772 151.204 0.888071 0.459705 -0.000198079 113.461 -0.00983521 0.0194307 0.999763 0.931334
0.457811 -0.888708 0.0246267 151.956 0.888889 0.458079 0.00629482 114.942 -0.0168752 0.0190086 0.999677 0.926484
0.458259 -0.888686 0.0153381 152.426 0.888779 0.458334 0.00159253 115.891 -0.00844524 0.0129024 0.999881 0.921298
0.458181 -0.888784 0.0115437 152.779 0.888816 0.458248 0.00387335 116.598 -0.00873245 0.0084855 0.999926 0.926721
0.457534 -0.889102 0.0126951 153.079 0.88904 0.457673 0.0119559 117.19 -0.0164402 0.00581618 0.999848 0.933437
0.457188 -0.889362 0.00381084 153.928 0.889266 0.457196 0.0133274 118.875 -0.0135952 -0.00270427 0.999904 0.939383
0.456873 -0.889528 0.00276865 154.241 0.889444 0.456869 0.0126661 119.512 -0.0125317 -0.00332424 0.999916 0.942053
0.456004 -0.889974 0.00267798 154.545 0.889843 0.455985 0.0160687 120.133 -0.0155219 -0.00494442 0.999867 0.943248
0.455132 -0.890423 -0.00140146 154.986 0.890364 0.455083 0.0122768 121.019 -0.0102938 -0.00683539 0.999924 0.941842
0.453746 -0.89113 0.000883747 155.298 0.890961 0.453679 0.0190715 121.636 -0.0173961 -0.00786623 0.999818 0.944467
0.453161 -0.891428 0.00112984 155.677 0.891207 0.453076 0.0217506 122.379 -0.019901 -0.00884959 0.999763 0.957721
0.453181 -0.891418 8.56631e-05 156.046 0.891204 0.453075 0.0218634 123.101 -0.0195283 -0.00983175 0.999761 0.980225
0.453672 -0.891167 -0.00188583 156.408 0.890991 0.453538 0.0209228 123.814 -0.0177904 -0.0111723 0.999779 1.01046
0.454679 -0.890642 -0.00488559 156.762 0.890546 0.45453 0.0181543 124.512 -0.0139483 -0.0126052 0.999823 1.0449
0.456166 -0.889843 -0.00956552 157.104 0.889859 0.456026 0.0137941 125.195 -0.00791249 -0.0148044 0.999859 1.08746
0.458128 -0.888732 -0.0165721 157.429 0.888883 0.458097 0.0058269 125.844 0.00241309 -0.0174001 0.999846 1.13378
0.460494 -0.887316 -0.0247927 157.74 0.887527 0.460733 -0.00465028 126.464 0.0155491 -0.0198627 0.999682 1.18647
0.46326 -0.885601 -0.0331775 158.041 0.885728 0.463927 -0.0160256 127.063 0.0295842 -0.0219622 0.999321 1.24571
0.466516 -0.883572 -0.0407857 158.337 0.883524 0.467678 -0.0257297 127.65 0.0418087 -0.0240318 0.998837 1.30862
0.470345 -0.881254 -0.0465494 158.632 0.880968 0.471973 -0.0337173 128.227 0.0516836 -0.0251498 0.998347 1.37483
0.474703 -0.878729 -0.0499318 158.934 0.878243 0.476642 -0.0387481 128.801 0.0578487 -0.0254584 0.998001 1.44512
0.479556 -0.875895 -0.053238 159.233 0.875217 0.481806 -0.0431065 129.367 0.0634071 -0.0259228 0.997651 1.51846
0.484911 -0.872691 -0.0571943 159.523 0.871756 0.487556 -0.0482805 129.919 0.0700193 -0.0264477 0.997195 1.59519
0.49074 -0.869192 -0.0606594 159.813 0.867942 0.493771 -0.0535373 130.464 0.076486 -0.026376 0.996722 1.67435
0.51009 -0.858467 -0.053315 160.782 0.855792 0.512758 -0.0685516 132.146 0.086187 -0.0106591 0.996222 2.03249
0.515089 -0.856356 -0.0365691 161.097 0.85376 0.516376 -0.0667065 132.604 0.076008 0.00313859 0.997102 2.09852
0.519027 -0.854536 -0.0194927 161.403 0.852483 0.519174 -0.0610903 133.047 0.062324 0.0150903 0.997942 2.14671
0.52578 -0.850573 -0.0090397 162.14 0.848609 0.525238 -0.0631484 134.156 0.0584603 0.025531 0.997963 2.34774
0.52376 -0.851763 0.0132491 163.154 0.851575 0.52311 -0.0343005 135.695 0.0222851 0.0292478 0.999324 2.6008
0.524049 -0.851618 0.0109167 163.598 0.851381 0.523473 -0.0335486 136.382 0.022856 0.0268754 0.999377 2.64689
0.523592 -0.851894 0.0113144 163.881 0.851755 0.523116 -0.0293934 136.834 0.0191213 0.0250272 0.999504 2.631
0.522818 -0.852427 0.00540028 164.295 0.851967 0.522302 -0.0367898 137.473 0.0285401 0.0238352 0.999308 2.65877
0.52118 -0.853397 0.00922791 164.59 0.853051 0.520578 -0.0360889 137.94 0.0259944 0.0266807 0.999306 2.65498
0.517629 -0.855518 0.0121954 165.018 0.855327 0.517045 -0.0328679 138.606 0.0218135 0.0274444 0.999385 2.70287
0.514439 -0.857462 0.0105989 165.34 0.857508 0.514307 -0.0129623 139.166 0.00566355 0.015757 0.99986 2.72791
0.511034 -0.859389 0.0172019 165.703 0.859378 0.511235 0.0104014 139.79 -0.0177331 0.00946741 0.999798 2.76852
0.507819 -0.860999 0.0282886 166.049 0.860424 0.508546 0.0324352 140.386 -0.0423127 0.00786897 0.999073 2.78985
0.505994 -0.861802 0.0355908 166.35 0.860278 0.507224 0.0514325 140.915 -0.0623771 0.0045935 0.998042 2.77598
0.50382 -0.863392 0.0268346 166.813 0.86137 0.504487 0.0594525 141.731 -0.0648685 -0.00683879 0.99787 2.79603
0.503117 -0.863861 0.0248638 167.059 0.860898 0.503496 0.0731174 142.204 -0.075682 -0.0153814 0.997013 2.75243
0.5005 -0.865487 0.0207787 167.505 0.862613 0.500587 0.072887 143.017 -0.0734844 -0.0185559 0.997124 2.74982
0.5002 -0.865604 0.0230312 167.812 0.861851 0.500251 0.0834397 143.607 -0.0837471 -0.0218871 0.996247 2.72344
0.499333 -0.865993 0.0268662 168.181 0.861203 0.499488 0.094028 144.316 -0.094847 -0.0238141 0.995207 2.71657
0.498178 -0.866677 0.0262521 168.54 0.861026 0.498046 0.102883 145.02 -0.102241 -0.0286501 0.994347 2.70622
0.49729 -0.867344 0.0204415 168.883 0.86145 0.496433 0.107042 145.716 -0.10299 -0.0356214 0.994044 2.68228
0.498005 -0.866975 0.0185876 169.122 0.86046 0.496697 0.11358 146.196 -0.107704 -0.0405695 0.993355 2.623
0.496529 -0.867844 0.0174811 169.534 0.86205 0.495372 0.10713 147.023 -0.101631 -0.0381234 0.994091 2.60112
0.496575 -0.867803 0.0181862 169.789 0.861624 0.495357 0.110571 147.536 -0.104962 -0.0392371 0.993702 2.55242
0.494655 -0.868965 0.0146746 170.188 0.863185 0.49319 0.108051 148.377 -0.10113 -0.040781 0.994037 2.54026
0.493307 -0.869768 0.012311 170.489 0.864372 0.491735 0.105158 148.993 -0.0975167 -0.0412339 0.994379 2.50722
0.492355 -0.87034 0.0097276 170.795 0.865568 0.49077 0.0996847 149.614 -0.0915336 -0.0406604 0.994972 2.46852
0.491232 -0.871013 0.00516704 171.354 0.868171 0.490092 0.0780303 150.82 -0.0704978 -0.0338451 0.996938 2.4546
0.489837 -0.871814 -0.00058558 171.662 0.870323 0.48896 0.0587854 151.42 -0.0509636 -0.0293049 0.998271 2.41155
0.488662 -0.872449 -0.00657761 171.956 0.871767 0.487949 0.0439099 152.01 -0.0350996 -0.0271912 0.999014 2.37504
0.487919 -0.872866 -0.00635309 172.252 0.872519 0.487487 0.0326535 152.589 -0.0254051 -0.0214754 0.999447 2.34927
0.486957 -0.873425 -0.000792047 172.549 0.873174 0.486795 0.0244522 153.155 -0.0209716 -0.0125988 0.999701 2.32929
0.485929 -0.873977 0.00606614 172.896 0.873929 0.485966 0.00918195 153.812 -0.0109728 0.000839595 0.999939 2.32011
0.485298 -0.874263 0.0122632 173.135 0.874329 0.485334 -7.30343e-05 154.193 -0.00588791 0.0107575 0.999925 2.27635
0.483721 -0.875009 0.01932 173.46 0.875214 0.483502 -0.0150568 154.772 0.00383358 0.0241925 0.9997 2.24502
