0.471517 -0.881711 0.0160582 1.06113 0.881851 0.471502 -0.00494446 1.54857 -0.0032119 0.0164924 0.999859 1.06335
0.469755 -0.882654 0.0158958 1.48227 0.882792 0.469735 -0.00522148 2.3477 -0.00285805 0.0164855 0.99986 1.05977
0.467726 -0.883689 0.0180613 2.3317 0.883862 0.467727 -0.00440411 3.90838 -0.0045559 0.0180236 0.999827 1.07579
0.466831 -0.88414 0.0190995 2.74433 0.884328 0.466853 -0.00358312 4.72792 -0.00574866 0.0185629 0.999811 1.08078
0.4652 -0.885014 0.0184368 3.15568 0.885191 0.465212 -0.0038665 5.55357 -0.00515511 0.0181188 0.999823 1.07005
0.464116 -0.885595 0.017853 3.58345 0.885765 0.464109 -0.00479316 6.36201 -0.00404094 0.0180382 0.999829 1.06716
0.462944 -0.886211 0.0176833 4.00724 0.886378 0.462941 -0.00450728 7.17312 -0.00419194 0.0177607 0.999834 1.09592
0.462752 -0.886327 0.0168777 4.43048 0.886464 0.462796 -0.00143015 7.99077 -0.00654337 0.0156233 0.999857 1.1096
0.463402 -0.885966 0.0179678 4.85614 0.88608 0.463522 0.00297537 8.8277 -0.0109646 0.0145422 0.999834 1.08965
0.464369 -0.885438 0.0190079 5.28916 0.885524 0.46455 0.00633017 9.66342 -0.0144351 0.0138924 0.999799 1.07549
0.465886 -0.884633 0.0193504 5.72694 0.884704 0.466091 0.00766904 10.5056 -0.0158033 0.0135465 0.999783 1.06794
0.467933 -0.883532 0.0202503 6.16373 0.883679 0.468083 0.00314853 11.344 -0.0122606 0.0164214 0.99979 1.04579
0.46912 -0.882928 0.0190874 6.61183 0.883098 0.469188 -0.00102222 12.2032 -0.00805304 0.0173356 0.999817 1.08168
0.470174 -0.882444 0.0151246 7.05126 0.882562 0.470189 -0.00276416 13.0405 -0.00467222 0.014648 0.999882 1.09637
0.470767 -0.882137 0.0146076 7.96843 0.882222 0.470832 0.00117608 14.7622 -0.0079152 0.0123335 0.999893 1.11662
0.468569 -0.882812 0.0329534 8.88669 0.883322 0.468763 -0.00206462 16.5189 -0.0136246 0.0300759 0.999455 1.07903
0.466217 -0.883967 0.035274 9.83234 0.88464 0.466159 -0.0103573 18.2401 -0.00728781 0.0360335 0.999324 1.05811
0.463967 -0.885545 0.023337 10.7487 0.885839 0.463946 -0.00662664 20.0008 -0.00495893 0.0237474 0.999706 1.09371
0.463015 -0.886014 0.0244204 11.2194 0.886316 0.463065 -0.00391592 20.9127 -0.0078387 0.0234573 0.999694 1.0807
0.461585 -0.886736 0.0252518 11.6803 0.887031 0.461709 -0.00104942 21.8239 -0.0107284 0.0228836 0.999681 1.07403
0.46104 -0.886981 0.0265719 12.1382 0.887292 0.461208 0.000208932 22.7316 -0.0124405 0.0234807 0.999647 1.06953
0.460586 -0.887202 0.0270809 12.6035 0.88749 0.460819 0.00272999 23.6281 -0.0149015 0.0227767 0.999629 1.08055
0.459985 -0.887462 0.0287142 13.0473 0.887751 0.460297 0.00503917 24.5319 -0.0176891 0.0231731 0.999575 1.0717
0.459785 -0.887514 0.0302861 13.5132 0.887839 0.460126 0.00504037 25.4309 -0.0184088 0.0245717 0.999529 1.05521
0.459972 -0.887373 0.0315506 13.976 0.887766 0.460285 0.00305849 26.3079 -0.0172363 0.0266027 0.999497 1.04683
0.460336 -0.887256 0.0294642 14.4213 0.887617 0.46058 0.00170696 27.1942 -0.0150851 0.0253671 0.999564 1.02302
0.459918 -0.887551 0.0269944 14.8719 0.887859 0.460113 0.00117107 28.0893 -0.0134599 0.0234287 0.999635 1.0271
0.457997 -0.888382 0.0318627 15.7773 0.888818 0.458258 0.00101625 29.8674 -0.0155042 0.0278547 0.999492 1.0275
0.457671 -0.888466 0.0341446 16.2335 0.888996 0.457914 -0.000804281 30.7326 -0.0149207 0.0307225 0.999417 1.01087
0.456907 -0.889314 0.0189097 17.127 0.889495 0.456934 -0.0031207 32.516 -0.00586523 0.018246 0.999816 1.06789
0.456639 -0.88944 0.019455 17.584 0.889625 0.456688 -0.00208596 33.3971 -0.00702953 0.0182602 0.999809 1.06433
0.456407 -0.889261 0.0301296 18.4761 0.889649 0.456643 0.00108089 35.146 -0.0147196 0.0263114 0.999545 1.04461
0.456181 -0.889325 0.0316349 18.9069 0.889778 0.456394 -0.000534831 35.9727 -0.0139624 0.028392 0.999499 1.02703
0.455737 -0.889539 0.0319835 19.3502 0.89002 0.455919 -0.00180214 36.8416 -0.0129788 0.0292873 0.999487 1.04579
0.454897 -0.88995 0.032521 19.794 0.890457 0.455059 -0.0026552 37.7114 -0.012436 0.0301664 0.999468 1.05292
0.454277 -0.890169 0.0350933 20.2205 0.890751 0.454485 -0.00224705 38.5758 -0.0139491 0.0322802 0.999382 1.06781
0.453395 -0.890439 0.0393855 20.6659 0.891141 0.453726 -0.000597496 39.444 -0.0173382 0.035369 0.999224 1.07985
0.452723 -0.890651 0.0422153 21.0988 0.891394 0.453221 0.00254181 40.3132 -0.0213968 0.0364798 0.999105 1.06713
0.451946 -0.891048 0.0421598 21.5055 0.891801 0.452424 0.00203825 41.1511 -0.0208903 0.036677 0.999109 1.02744
0.450576 -0.89192 0.0382194 21.9273 0.892611 0.450821 -0.00243971 41.9583 -0.0150541 0.0352143 0.999266 0.992698
0.44998 -0.892413 0.0334354 22.3246 0.892993 0.45002 -0.00673009 42.7819 -0.00904055 0.0328859 0.999418 1.02224
0.449002 -0.893094 0.0279357 22.7464 0.893503 0.449016 -0.0061193 43.6612 -0.00707846 0.0277082 0.999591 1.03761
0.448467 -0.893455 0.0248229 23.1716 0.893763 0.448527 -0.00338829 44.5112 -0.00810649 0.0237054 0.999686 1.04906
0.446022 -0.894687 0.0244964 23.9253 0.894949 0.446168 0.000570277 46.039 -0.0114397 0.0216687 0.9997 1.04743
0.445006 -0.895178 0.0250327 24.3032 0.895463 0.445135 -0.000455801 46.7984 -0.0107349 0.0226187 0.999687 1.04604
0.443525 -0.895911 0.0250751 24.6849 0.896198 0.443654 -0.000457331 47.5744 -0.0107149 0.0226751 0.999685 1.05575
0.442297 -0.896563 0.0234042 25.0371 0.896801 0.442433 0.000702046 48.3137 -0.0109842 0.0206784 0.999726 1.06673
0.441182 -0.897101 0.0238455 25.396 0.897341 0.441336 0.00133706 49.0388 -0.0117233 0.0208076 0.999715 1.0668
0.440079 -0.897657 0.023303 25.7365 0.897858 0.44027 0.00355328 49.7663 -0.0134492 0.0193591 0.999722 1.07001
0.438621 -0.898383 0.0228158 26.0872 0.898519 0.438873 0.00730118 50.4916 -0.0165725 0.017298 0.999713 1.06588
0.437126 -0.899139 0.0216626 26.4171 0.899194 0.437415 0.0108848 51.1902 -0.0192625 0.0147209 0.999706 1.07173
0.435588 -0.899842 0.0233964 26.7367 0.899977 0.435863 0.00804997 51.8563 -0.0174413 0.0175498 0.999694 1.04798
0.434801 -0.900187 0.02473 27.0203 0.900456 0.434947 0.000585528 52.5098 -0.0112833 0.0220137 0.999694 1.0283
0.433644 -0.900787 0.023134 27.3347 0.901073 0.433626 -0.006049 53.1706 -0.00458265 0.0234686 0.999714 1.04311
0.43336 -0.901062 0.0168978 27.6414 0.90122 0.43331 -0.00671134 53.8292 -0.00127465 0.0181371 0.999835 1.09121
0.432772 -0.901406 0.0132385 27.9552 0.901494 0.432787 -0.00187112 54.4575 -0.0040428 0.0127442 0.999911 1.09327
0.431451 -0.902014 0.0148526 28.2203 0.902115 0.431495 -0.000257789 55.0658 -0.0061763 0.01351 0.99989 1.08849
0.43069 -0.902305 0.0187643 28.503 0.902483 0.430715 -0.00288563 55.6412 -0.00547832 0.0181772 0.99982 1.07559
0.430698 -0.902202 0.0230283 28.7755 0.902495 0.430602 -0.00923315 56.1863 -0.00158587 0.0247596 0.999692 1.08564
0.431891 -0.90162 0.0234818 29.0382 0.90192 0.431648 -0.0148301 56.733 0.00323522 0.0275837 0.999614 1.09492
0.434269 -0.900538 0.0210371 29.2968 0.900768 0.434004 -0.0160723 57.278 0.00534351 0.0259292 0.999649 1.12185
0.442015 -0.896861 0.016234 29.7868 0.897007 0.441964 -0.00680779 58.3169 -0.00106923 0.0175712 0.999845 1.10498
0.447015 -0.894283 0.0208566 30.0486 0.894511 0.447022 -0.00458778 58.7899 -0.00522056 0.0207072 0.999772 1.1233
0.453818 -0.890707 0.0262659 30.2828 0.891053 0.453885 -0.00371057 59.2829 -0.00861666 0.0250882 0.999648 1.12015
0.462967 -0.885907 0.0288346 30.5143 0.886307 0.46309 -0.00265182 59.7804 -0.0110038 0.0267841 0.999581 1.12352
0.476074 -0.879085 0.0237411 30.7837 0.879337 0.476201 -0.000336963 60.2124 -0.0110093 0.0210368 0.999718 1.13129
0.491497 -0.870668 0.0191731 31.0357 0.870812 0.491613 0.00156103 60.6387 -0.0107849 0.0159289 0.999815 1.12675
0.512302 -0.858584 0.0194811 31.3015 0.858721 0.512437 0.00234026 61.0296 -0.0119921 0.0155299 0.999807 1.1303
0.538257 -0.842408 0.0250701 31.5234 0.842659 0.538447 0.00101025 61.3859 -0.01435 0.0205818 0.999685 1.11984
0.564255 -0.825112 0.0283902 31.747 0.825424 0.564512 0.0012721 61.7281 -0.0170762 0.0227162 0.999596 1.11913
0.591283 -0.805927 0.0294482 31.9865 0.806223 0.591605 0.00286779 62.0786 -0.0197329 0.0220461 0.999562 1.13215
0.620564 -0.783614 0.0291549 32.2588 0.783851 0.620931 0.004812 62.4356 -0.0218739 0.0198669 0.999563 1.13324
0.65682 -0.75353 0.0279246 32.5698 0.753715 0.65718 0.00533743 62.7204 -0.0223734 0.0175415 0.999596 1.1164
0.692168 -0.721224 0.0271849 32.8917 0.721364 0.69253 0.00604727 63 -0.0231878 0.0154245 0.999612 1.10134
0.728041 -0.685019 0.0265573 33.1985 0.685135 0.728392 0.00588793 63.2815 -0.0233775 0.0139087 0.99963 1.09255
0.764267 -0.644401 0.0253785 33.5048 0.644503 0.764585 0.00502437 63.5226 -0.0226418 0.0125166 0.999665 1.10562
0.800272 -0.599129 0.024663 33.8301 0.599221 0.800572 0.00431706 63.7402 -0.022331 0.0113238 0.999686 1.10408
0.836112 -0.548011 0.0245138 34.1838 0.548088 0.836411 0.00406729 63.9212 -0.0227325 0.010035 0.999691 1.08775
0.900106 -0.434998 0.0241894 34.895 0.435099 0.900382 0.00119285 64.2379 -0.0222986 0.0094511 0.999707 1.04332
0.926593 -0.375295 0.0240759 35.2535 0.37542 0.926855 -0.000725257 64.3796 -0.0220426 0.00971057 0.99971 1.0296
0.948516 -0.315731 0.0251283 35.6171 0.315859 0.948805 -0.00117672 64.498 -0.0234703 0.00905312 0.999683 1.02267
0.966376 -0.255637 0.0276924 36.0003 0.255705 0.966754 0.00112126 64.635 -0.0270584 0.00599752 0.999616 1.01672
0.980391 -0.194821 0.0296358 36.3907 0.194826 0.980834 0.00274004 64.7381 -0.0296016 0.00308752 0.999557 1.008
0.990446 -0.134549 0.0302234 36.7961 0.134576 0.990903 0.00112092 64.8185 -0.0300993 0.00295715 0.999542 0.999132
0.996668 -0.0759384 0.029758 37.2071 0.0760516 0.9971 -0.0026891 64.8929 -0.0294675 0.00494328 0.999553 0.994851
0.999362 -0.0199655 0.0295958 37.6096 0.0201182 0.999786 -0.00487077 64.9491 -0.0294922 0.00546308 0.99955 0.994348
0.998996 0.0338345 0.0293643 38.0034 -0.033783 0.999427 -0.00224959 64.9856 -0.0294236 0.00125532 0.999566 0.995511
0.9962 0.0822595 0.0286241 38.2589 -0.0823783 0.996597 0.00299226 64.7295 -0.0282806 -0.0053389 0.999586 0.986631
0.991544 0.127237 0.0255017 38.5818 -0.127198 0.991872 -0.00316549 64.5892 -0.0256972 -0.00010504 0.99967 0.948962
0.98518 0.169676 0.025119 38.9655 -0.169422 0.985471 -0.0119392 64.4867 -0.0267798 0.00750652 0.999613 0.945124
0.978025 0.206695 0.0272747 39.354 -0.206244 0.978327 -0.0184347 64.4183 -0.030494 0.0124043 0.999458 0.956981
0.970254 0.240362 0.0288795 39.7404 -0.239911 0.970624 -0.0182075 64.4074 -0.0324075 0.0107374 0.999417 0.975895
0.961936 0.27173 0.0290275 40.1247 -0.271463 0.962363 -0.0128493 64.3774 -0.0314265 0.00448033 0.999496 0.977534
0.953925 0.298959 0.0255062 40.5287 -0.298986 0.954253 -0.00282387 64.2928 -0.0251836 -0.00493225 0.999671 0.951298
0.945776 0.324116 0.0213613 40.9242 -0.324245 0.945969 0.00281046 64.1944 -0.0192962 -0.00958437 0.999768 0.903975
0.937766 0.34681 0.0178308 41.3322 -0.346912 0.937893 0.00284832 64.0678 -0.0157355 -0.00885676 0.999837 0.798858
0.930053 0.367188 0.0132253 41.7315 -0.367252 0.930118 0.00266281 63.9385 -0.0113234 -0.00733358 0.999909 0.710499
0.923294 0.384037 0.00656186 42.1141 -0.384049 0.923313 0.000611681 63.7091 -0.00582374 -0.00308484 0.999978 0.805059
0.916261 0.400577 0.00174998 42.502 -0.400573 0.916262 -0.0022448 63.4685 -0.00250265 0.00135583 0.999996 0.917161
0.903632 0.428132 0.0123469 43.337 -0.428114 0.903715 -0.00417302 63.0464 -0.0129447 -0.001515 0.999915 0.92344
0.897588 0.440547 0.0159383 43.7646 -0.440522 0.897727 -0.00523735 62.8354 -0.0166155 -0.00232018 0.999859 0.891434
0.892152 0.451524 0.0138048 44.2105 -0.451432 0.892256 -0.00938655 62.5786 -0.0165557 0.00214232 0.999861 0.867441
0.887161 0.461317 0.0115348 44.6947 -0.461177 0.887214 -0.0129017 62.313 -0.0161856 0.00612631 0.99985 0.853612
0.882622 0.469993 0.00923991 45.1786 -0.469844 0.882628 -0.0146309 62.0929 -0.0150318 0.00857226 0.99985 0.836255
0.87903 0.47669 0.00852033 45.6628 -0.476567 0.879039 -0.013239 61.8555 -0.0138006 0.00757697 0.999876 0.814174
0.87641 0.481487 0.00865732 46.1509 -0.481401 0.87644 -0.0103256 61.6016 -0.0125593 0.00488181 0.999909 0.791401
0.874093 0.485692 0.00809694 46.6599 -0.485607 0.874115 -0.0104544 61.2852 -0.0121552 0.00520614 0.999913 0.791203
0.872161 0.489144 0.00861467 47.2062 -0.489058 0.87219 -0.0103345 60.9692 -0.0125687 0.00480027 0.999909 0.790471
0.868045 0.496403 0.00900619 48.8586 -0.496324 0.868083 -0.00970561 59.9971 -0.012636 0.00395492 0.999912 0.733327
0.867308 0.497706 0.00808145 49.4353 -0.497623 0.867332 -0.0102832 59.6784 -0.0121273 0.00489721 0.999914 0.707066
0.867206 0.497905 0.00673201 50.02 -0.49781 0.867203 -0.0120168 59.3526 -0.0118212 0.00706977 0.999905 0.672166
0.868691 0.495353 0.000757163 50.6711 -0.495216 0.868484 -0.0222634 58.9955 -0.0116858 0.0189651 0.999752 0.656342
0.870372 0.492392 -0.0016428 51.3208 -0.492265 0.870062 -0.0258453 58.6473 -0.0112967 0.0233037 0.999665 0.645618
0.872368 0.488848 -0.00154267 51.9644 -0.488729 0.872076 -0.0250593 58.2977 -0.0109049 0.0226149 0.999685 0.638668
0.874548 0.484937 -0.0012615 52.6264 -0.484817 0.874267 -0.0246915 57.9442 -0.0108709 0.0222055 0.999694 0.624304
0.876757 0.480935 1.46371e-05 53.2893 -0.480799 0.876511 -0.0236842 57.5853 -0.0114034 0.0207583 0.99972 0.614897
0.878895 0.47701 0.00221173 53.9939 -0.476853 0.878708 -0.021986 57.216 -0.012431 0.0182687 0.999756 0.586729
0.880959 0.473174 0.00426811 54.7001 -0.472999 0.88082 -0.0206783 56.8403 -0.0135439 0.0161979 0.999777 0.568005
0.882735 0.469842 0.0051679 55.405 -0.46967 0.882627 -0.0194978 56.4554 -0.0137222 0.0147842 0.999797 0.549074
0.884451 0.466627 0.00240235 56.1086 -0.466461 0.884254 -0.0225646 56.0589 -0.0126535 0.0188367 0.999743 0.546335
0.885593 0.46446 0.00116468 56.8173 -0.464344 0.885424 -0.0202279 55.6812 -0.0104263 0.0173729 0.999795 0.56597
0.885964 0.463753 0.00136353 57.5451 -0.463691 0.885887 -0.013979 55.3074 -0.00769073 0.0117526 0.999901 0.582626
0.885512 0.464606 0.00304862 58.2998 -0.46457 0.885497 -0.00833452 54.9557 -0.00657182 0.00596402 0.999961 0.579813
0.884956 0.465634 0.00610722 59.0546 -0.465626 0.884977 -0.00277379 54.5661 -0.00669632 -0.000389002 0.999977 0.565738
0.884955 0.465625 0.00691686 59.7535 -0.465613 0.884982 -0.0033524 54.1925 -0.00768226 -0.000253847 0.99997 0.570446
0.885164 0.465207 0.00823295 60.4715 -0.465206 0.8852 -0.00216601 53.8094 -0.00829545 -0.00191274 0.999964 0.570536
0.885525 0.464508 0.00880541 61.9254 -0.464519 0.885563 -0.000848899 53.0668 -0.00819206 -0.00333856 0.999961 0.551383
0.885255 0.465046 0.00749631 62.6589 -0.465052 0.885283 -0.00106813 52.701 -0.00713308 -0.0025406 0.999971 0.555825
0.884381 0.466687 0.00855207 63.3847 -0.466716 0.884405 0.0017023 52.3408 -0.00676905 -0.00549687 0.999962 0.550136
0.882738 0.469742 0.0107836 64.1175 -0.469809 0.882756 0.00467191 51.9809 -0.00732471 -0.00919031 0.999931 0.561946
0.880264 0.474265 0.0144435 64.859 -0.474408 0.88026 0.00887376 51.6162 -0.00850554 -0.0146634 0.999856 0.580099
0.876958 0.480248 0.0175242 65.6021 -0.480453 0.876961 0.0101663 51.2124 -0.0104857 -0.0173349 0.999795 0.582712
0.873329 0.486788 0.0182594 66.3381 -0.486981 0.873376 0.00800054 50.8071 -0.0120527 -0.0158791 0.999801 0.58668
0.868939 0.494626 0.0170043 67.0415 -0.494764 0.869014 0.00488105 50.403 -0.0123627 -0.0126544 0.999843 0.587914
0.863865 0.503457 0.01638 67.7268 -0.503577 0.863941 0.00400599 50.0016 -0.0121345 -0.0117092 0.999858 0.571845
0.858616 0.512354 0.0164908 68.404 -0.512491 0.858677 0.00526036 49.6224 -0.0114651 -0.012968 0.99985 0.56932
0.852756 0.522004 0.0178727 69.0772 -0.52219 0.852794 0.00776913 49.2157 -0.0111862 -0.0159581 0.99981 0.570559
0.846441 0.532137 0.0191707 69.7539 -0.532348 0.846488 0.00799635 48.7761 -0.0119726 -0.0169739 0.999784 0.600488
0.840384 0.541678 0.018442 70.4356 -0.541843 0.840464 0.00516602 48.3371 -0.0127015 -0.0143341 0.999817 0.589707
0.834529 0.550652 0.0185357 71.1162 -0.550804 0.834625 0.00401323 47.8973 -0.0132604 -0.0135587 0.99982 0.566713
0.829146 0.558684 0.0197235 71.7589 -0.558885 0.829221 0.00631864 47.4629 -0.012825 -0.0162622 0.999785 0.574077
0.823503 0.566948 0.0203297 72.4042 -0.567185 0.823548 0.00831461 47.0303 -0.0120285 -0.0183778 0.999759 0.582861
0.817204 0.576063 0.0181397 73.0113 -0.576249 0.817243 0.00716363 46.6338 -0.0106978 -0.0163071 0.99981 0.567866
0.811389 0.584293 0.0158071 73.6038 -0.58444 0.811408 0.00688405 46.2358 -0.00880372 -0.014824 0.999851 0.55581
0.805972 0.591735 0.0160574 74.203 -0.591897 0.805974 0.00804065 45.7977 -0.00818393 -0.0159849 0.999839 0.586267
0.800724 0.598827 0.0156989 74.8076 -0.598985 0.800717 0.00830935 45.3263 -0.00759451 -0.0160569 0.999842 0.585627
0.795867 0.605297 0.0145272 75.412 -0.605416 0.79589 0.00558306 44.851 -0.00818264 -0.0132384 0.999879 0.597761
0.79229 0.609955 0.0152078 76.0096 -0.610057 0.792352 0.00278575 44.4185 -0.0103508 -0.0114847 0.99988 0.570734
0.789911 0.612998 0.0165709 76.5538 -0.613073 0.790026 -0.000657758 43.9882 -0.0134946 -0.00963959 0.999862 0.548056
0.787665 0.615856 0.0174783 77.1051 -0.615896 0.787819 -0.00363369 43.5509 -0.0160075 -0.00790265 0.999841 0.535998
0.786232 0.617656 0.0184356 77.6646 -0.617677 0.786415 -0.00524725 43.1228 -0.017739 -0.00726167 0.999816 0.524617
0.785523 0.618604 0.016811 78.2067 -0.618577 0.785689 -0.00738874 42.699 -0.0177789 -0.00459485 0.999831 0.514232
0.785662 0.618491 0.0143034 78.7454 -0.618445 0.785788 -0.00799818 42.2948 -0.0161862 -0.00256198 0.999866 0.513341
0.788131 0.615363 0.0133432 79.1949 -0.615342 0.788237 -0.00605515 41.8922 -0.0142437 -0.00343837 0.999893 0.55427
0.795738 0.605608 0.00635275 80.157 -0.605537 0.795752 -0.0102124 41.1555 -0.0112399 0.00427959 0.999928 0.580967
0.801622 0.597828 0.0017992 80.6334 -0.597741 0.80155 -0.0149362 40.8244 -0.0103714 0.0108978 0.999887 0.611536
0.808831 0.58803 -0.00371993 81.0992 -0.58797 0.808618 -0.020713 40.4956 -0.00917184 0.0189405 0.999779 0.634706
0.8185 0.574467 -0.00677717 81.545 -0.574459 0.818222 -0.0225547 40.1828 -0.00741173 0.0223542 0.999723 0.647147
0.830954 0.556301 -0.00661918 81.9492 -0.556319 0.83076 -0.0186424 39.9233 -0.00487186 0.0191734 0.999804 0.619461
0.843881 0.53649 -0.00664251 82.3698 -0.536524 0.843743 -0.0154868 39.6802 -0.00270394 0.0166329 0.999858 0.612124
0.858162 0.513341 -0.00620587 82.8155 -0.513378 0.858086 -0.0114296 39.4251 -0.000542135 0.0129944 0.999915 0.619577
0.873175 0.487379 -0.00516274 83.3046 -0.487406 0.87313 -0.00885915 39.1796 0.000189981 0.0102519 0.999947 0.657483
0.889136 0.457603 -0.00604074 83.824 -0.457642 0.889079 -0.0100997 38.9486 0.000749022 0.0117445 0.999931 0.668068
0.906971 0.421176 -0.00379443 84.3296 -0.421191 0.906894 -0.0119414 38.7811 -0.00158831 0.0124287 0.999922 0.670961
0.925729 0.378187 0.000911466 84.7796 -0.378145 0.925657 -0.0128527 38.63 -0.00570444 0.0115535 0.999917 0.642057
0.943208 0.332155 0.00565635 85.2373 -0.332072 0.943177 -0.0120232 38.5307 -0.00932851 0.00946207 0.999912 0.631502
0.959248 0.282465 0.00751632 85.7318 -0.282372 0.959237 -0.0114357 38.4624 -0.0104401 0.00884726 0.999906 0.656144
0.973441 0.228832 0.00700235 86.2075 -0.228741 0.973415 -0.0118369 38.3954 -0.00952487 0.00992083 0.999905 0.678592
0.98536 0.17042 0.00485476 86.6764 -0.170339 0.985288 -0.0138278 38.362 -0.00713988 0.0127984 0.999893 0.686814
0.994277 0.10683 0.00107659 87.1476 -0.106798 0.994141 -0.0166837 38.361 -0.00285261 0.0164733 0.99986 0.712949
0.999275 0.0378422 -0.00412141 87.6219 -0.0379134 0.999103 -0.018851 38.395 0.00340435 0.0189936 0.999814 0.746451
0.999388 -0.0338138 -0.0089741 88.0994 0.0336356 0.999248 -0.0193105 38.456 0.00962031 0.0189969 0.999773 0.763959
0.994276 -0.106097 -0.0126321 88.5831 0.105861 0.994217 -0.0180661 38.539 0.0144758 0.0166254 0.999757 0.768766
0.98391 -0.178006 -0.0153145 89.0672 0.177733 0.98392 -0.0176587 38.6543 0.0182116 0.0146527 0.999727 0.753985
0.968802 -0.247395 -0.0147983 89.5153 0.247103 0.968801 -0.0191012 38.7828 0.0190622 0.0148485 0.999708 0.735795
0.949371 -0.313939 -0.0116648 89.9426 0.313698 0.949338 -0.0187475 38.9471 0.0169594 0.0141391 0.999756 0.737825
0.9259 -0.377729 -0.0054189 90.3702 0.377602 0.925824 -0.0163459 39.1735 0.0111913 0.0130885 0.999852 0.747557
0.898495 -0.438982 0.00126455 90.8145 0.438964 0.898422 -0.0122011 39.4439 0.00421998 0.0115177 0.999925 0.759801
0.868871 -0.495008 0.00552626 91.2296 0.495039 0.868816 -0.00975011 39.6803 2.50828e-05 0.0112073 0.999937 0.768197
0.837037 -0.547074 0.00888741 91.6132 0.547127 0.837033 -0.00522095 39.9478 -0.00458281 0.00923267 0.999947 0.787755
0.805954 -0.591889 0.0102765 91.9433 0.591924 0.805994 -0.000409254 40.2139 -0.00804057 0.00641275 0.999947 0.785473
0.776265 -0.630328 0.0100124 92.2767 0.630302 0.776327 0.00588661 40.4742 -0.0114834 0.00174125 0.999932 0.793065
0.737352 -0.675499 0.00362959 92.9949 0.675452 0.737348 0.00905677 41.0456 -0.00879412 -0.00422641 0.999952 0.790836
0.722882 -0.690959 0.00418176 93.3472 0.690923 0.722889 0.00756837 41.3878 -0.00825239 -0.00258176 0.999963 0.796934
0.711081 -0.703059 0.0084539 93.707 0.703034 0.711129 0.00613869 41.7039 -0.0103277 0.00157827 0.999945 0.820296
0.702313 -0.711818 0.00841098 94.0722 0.711798 0.702361 0.00570456 42.0171 -0.00996816 0.00198053 0.999948 0.860505
0.696101 -0.717936 0.00333491 94.4252 0.717893 0.6961 0.00871348 42.4282 -0.00857714 -0.00367136 0.999956 0.88226
0.691611 -0.722269 -0.000917824 94.7336 0.722214 0.691541 0.0133564 42.8209 -0.00901223 -0.00990032 0.99991 0.904506
0.688154 -0.725548 -0.0049311 95.0591 0.725525 0.68803 0.0150891 43.2097 -0.00755515 -0.0139613 0.999874 0.937412
0.68666 -0.726948 -0.00665579 95.4298 0.726968 0.68657 0.0117823 43.5908 -0.00399542 -0.012929 0.999908 0.98453
0.687812 -0.725867 -0.00568855 95.7968 0.725889 0.687782 0.00644803 43.9667 -0.000767931 -0.00856429 0.999963 1.01683
0.691619 -0.722238 -0.00587499 96.1779 0.722255 0.691626 0.00113643 44.3852 0.00324252 -0.00502922 0.999982 1.01769
0.695213 -0.718755 -0.00836189 96.5778 0.718766 0.695249 -0.00221029 44.8001 0.00740225 -0.00447362 0.999963 1.01832
0.698816 -0.715173 -0.0135448 96.9793 0.715238 0.698881 -0.000128826 45.223 0.00955831 -0.0095977 0.999908 1.0199
0.702076 -0.711871 -0.018114 97.4216 0.712064 0.702074 0.00756529 45.6703 0.00733182 -0.0182097 0.999807 1.00478
0.705173 -0.708898 -0.0139729 97.8614 0.70903 0.705109 0.00990698 46.097 0.0028294 -0.0168934 0.999853 1.05379
0.708372 -0.705729 -0.0124689 98.3052 0.705833 0.708178 0.016885 46.5569 -0.00308604 -0.0207618 0.99978 1.062
0.71225 -0.701833 -0.01146 98.7345 0.701831 0.711788 0.0281439 47.0068 -0.0115953 -0.0280885 0.999538 1.03557
0.714861 -0.699186 -0.0105872 99.1803 0.699089 0.714257 0.0333278 47.4058 -0.0157404 -0.0312261 0.999388 1.0288
0.715612 -0.698414 -0.0108213 99.6819 0.698373 0.715107 0.0299436 47.897 -0.0131746 -0.0289853 0.999493 0.99681
0.715215 -0.698762 -0.0141076 100.17 0.698877 0.714862 0.0233162 48.361 -0.00620745 -0.0265356 0.999629 1.01508
0.714382 -0.699563 -0.0164286 100.658 0.699756 0.714197 0.0162757 48.8463 0.000347342 -0.0231231 0.999733 1.03172
0.712525 -0.701383 -0.0192448 101.15 0.701627 0.712441 0.0120993 49.3468 0.0052246 -0.0221237 0.999742 1.03512
0.710444 -0.703495 -0.0190913 101.646 0.703738 0.710348 0.0125741 49.845 0.00471566 -0.0223685 0.999739 1.03473
0.708675 -0.705347 -0.0162753 102.139 0.705535 0.708481 0.0165985 50.3345 -0.000176971 -0.0232458 0.99973 1.0285
0.706822 -0.707266 -0.0132782 102.69 0.707344 0.706434 0.0248269 50.8715 -0.00817906 -0.0269405 0.999604 1.06175
0.705172 -0.708949 -0.0110845 103.192 0.708933 0.704718 0.0280316 51.3823 -0.0120615 -0.0276253 0.999546 1.07045
0.704504 -0.709529 -0.0155752 103.699 0.709641 0.703993 0.0283373 51.9291 -0.00914134 -0.0310165 0.999477 1.08063
0.702303 -0.711617 -0.0192777 104.215 0.711866 0.701877 0.0248035 52.4829 -0.00412004 -0.0311428 0.999506 1.09297
0.699447 -0.71424 -0.0251995 104.772 0.714684 0.699039 0.0238984 53.0616 0.000546226 -0.0347254 0.999397 1.07662
0.696223 -0.717248 -0.028774 105.336 0.717822 0.695773 0.0251131 53.6366 0.00200787 -0.0381389 0.99927 1.08183
0.693551 -0.719911 -0.0267394 105.913 0.720407 0.693095 0.0251524 54.2171 0.000425491 -0.0367077 0.999326 1.08651
0.691225 -0.722253 -0.0236183 106.479 0.722631 0.690697 0.0272273 54.8056 -0.0033519 -0.0358876 0.99935 1.09916
0.689885 -0.723635 -0.020272 107.053 0.723885 0.689315 0.0288863 55.4024 -0.00692934 -0.0346028 0.999377 1.1028
0.689308 -0.724346 -0.013324 107.639 0.724419 0.688929 0.0243884 56.0046 -0.00848634 -0.0264633 0.999614 1.12344
0.689689 -0.724014 -0.011516 108.757 0.724049 0.68935 0.0234328 57.221 -0.00902709 -0.0244995 0.999659 1.09354
0.690141 -0.723501 -0.0158388 109.315 0.72364 0.689729 0.0248765 57.8276 -0.00707371 -0.0286299 0.999565 1.10441
0.691024 -0.722529 -0.020937 109.894 0.722816 0.690526 0.0266773 58.4626 -0.00481758 -0.0335683 0.999425 1.11117
0.692103 -0.721258 -0.0279206 110.463 0.721781 0.6913 0.0337183 59.0654 -0.00501808 -0.0434891 0.999041 1.09625
0.693875 -0.719381 -0.0320631 111.066 0.720066 0.692751 0.0400163 59.691 -0.00657518 -0.0508538 0.998684 1.07608
0.696393 -0.716891 -0.0332384 111.632 0.717633 0.695211 0.0410442 60.2989 -0.00631652 -0.0524359 0.998604 1.08208
0.698208 -0.71514 -0.0328712 112.239 0.715881 0.69717 0.0383037 60.9434 -0.0044757 -0.0502758 0.998725 1.11973
0.699927 -0.713652 -0.0283391 112.88 0.714203 0.699141 0.0334139 61.5927 -0.00403291 -0.0436272 0.99904 1.14318
0.6995 -0.714236 -0.0237942 113.485 0.714619 0.698898 0.0293424 62.208 -0.00432768 -0.0375289 0.999286 1.14044
0.699703 -0.7141 -0.021843 114.102 0.714418 0.69916 0.027952 62.8377 -0.00468877 -0.0351632 0.999371 1.13988
0.701356 -0.712465 -0.0222001 114.694 0.712775 0.70067 0.0318206 63.4505 -0.0071161 -0.0381412 0.999247 1.14346
0.702427 -0.711408 -0.0222459 115.301 0.711659 0.701474 0.0384097 64.0778 -0.0117201 -0.0428115 0.999014 1.13789
0.703306 -0.710554 -0.0217818 116.488 0.710755 0.702253 0.0408283 65.3084 -0.0137144 -0.0441963 0.998929 1.11951
0.704003 -0.709771 -0.0245996 117.082 0.710195 0.703499 0.0266963 65.8746 -0.00164246 -0.0362648 0.999341 1.10406
0.70282 -0.710859 -0.0269115 118.283 0.711343 0.702608 0.0182332 67.0854 0.00594699 -0.031958 0.999472 1.16465
0.701697 -0.712235 -0.0185085 118.877 0.71243 0.701121 0.029554 67.695 -0.0080727 -0.0339239 0.999392 1.1467
0.699976 -0.714166 4.22875e-05 119.53 0.713503 0.699329 0.0430379 68.3562 -0.0307658 -0.0300953 0.999073 1.12683
0.699512 -0.714621 -4.34796e-05 120.072 0.714038 0.698939 0.0404149 68.9013 -0.028851 -0.0283018 0.999183 1.1279
0.698934 -0.715092 -0.0116056 120.596 0.714972 0.698236 0.0357925 69.4805 -0.0174914 -0.0333143 0.999292 1.12055
0.698217 -0.715629 -0.0191766 121.183 0.715875 0.697808 0.0242388 70.0746 -0.00396439 -0.030652 0.999522 1.14467
0.696911 -0.71667 -0.0264596 121.764 0.717147 0.696633 0.0200678 70.68 0.00405066 -0.0329609 0.999448 1.14959
0.694783 -0.718794 -0.0247467 122.378 0.719219 0.694394 0.0232453 71.3247 0.000475353 -0.0339487 0.999423 1.12717
0.691468 -0.72221 -0.0168756 122.907 0.722395 0.691133 0.0219381 71.9047 -0.00418066 -0.0273603 0.999617 1.14345
0.689058 -0.724559 -0.0145611 123.491 0.724696 0.688804 0.0190924 72.5111 -0.00380385 -0.0237081 0.999712 1.17218
0.68658 -0.726837 -0.0177983 124.019 0.727049 0.686272 0.0207602 73.0913 -0.00287477 -0.0271938 0.999626 1.15805
0.684216 -0.728998 -0.0202362 124.576 0.729274 0.683842 0.0227792 73.7301 -0.0027676 -0.0303436 0.999536 1.17802
0.682732 -0.73037 -0.0209082 125.125 0.730651 0.682238 0.0264607 74.3208 -0.00506177 -0.0333422 0.999431 1.16804
0.681631 -0.731403 -0.020701 125.691 0.731643 0.680969 0.0313032 74.924 -0.00879846 -0.036483 0.999296 1.15271
0.681251 -0.731798 -0.0192291 126.256 0.731973 0.680564 0.032361 75.5021 -0.0105951 -0.0361211 0.999291 1.14814
0.679223 -0.733678 -0.0193044 126.798 0.733903 0.678726 0.0267904 76.1116 -0.00655313 -0.0323642 0.999455 1.19011
0.676235 -0.736426 -0.0195659 127.336 0.736683 0.675925 0.0205786 76.7073 -0.00192955 -0.0283299 0.999597 1.21563
0.671441 -0.740796 -0.0197104 127.856 0.741058 0.671201 0.0179562 77.3031 -7.22902e-05 -0.0266631 0.999644 1.19915
0.665383 -0.746287 -0.0179149 128.387 0.746498 0.665104 0.0194217 77.9341 -0.00257886 -0.0262963 0.999651 1.17665
0.660705 -0.750518 -0.0138192 128.924 0.750561 0.660244 0.0271358 78.5331 -0.0112419 -0.0283009 0.999536 1.12678
0.657237 -0.753663 -0.00561488 129.493 0.753334 0.656686 0.0353692 79.1372 -0.0229693 -0.0274759 0.999358 1.17359
0.654398 -0.75614 -0.00389488 130.009 0.755647 0.653766 0.0398388 79.7374 -0.0275774 -0.0290136 0.999199 1.16922
0.650865 -0.759178 -0.00483383 130.497 0.758749 0.650253 0.038348 80.345 -0.0259698 -0.0286271 0.999253 1.15795
0.645865 -0.763417 -0.00726041 130.991 0.763224 0.645412 0.0305308 80.9586 -0.0186218 -0.0252601 0.999507 1.13733
0.640241 -0.7681 -0.010658 131.501 0.768145 0.640033 0.0176274 81.5975 -0.00671814 -0.0194726 0.999788 1.16758
0.634552 -0.772715 -0.0159721 132.036 0.772872 0.634315 0.0176831 82.2667 -0.00353266 -0.0235652 0.999716 1.15038
0.628911 -0.777317 -0.0157911 132.537 0.777433 0.62853 0.0234021 82.924 -0.00826562 -0.0269944 0.999601 1.09195
0.622745 -0.78228 -0.0150624 133.031 0.782355 0.622319 0.0252948 83.5646 -0.010414 -0.0275364 0.999567 1.0736
0.615063 -0.788239 -0.0194143 133.526 0.788449 0.614639 0.0238298 84.2036 -0.00685077 -0.029964 0.999528 1.09878
0.600899 -0.799002 -0.0227266 134.529 0.799322 0.600579 0.0197403 85.5451 -0.00212341 -0.0300278 0.999547 1.13965
0.595005 -0.80337 -0.0237995 134.994 0.803684 0.594428 0.0273327 86.2173 -0.00781123 -0.0353904 0.999343 1.10679
0.588344 -0.808267 -0.023589 135.475 0.808504 0.58754 0.0334581 86.8945 -0.0131836 -0.0387566 0.999162 1.11555
0.581675 -0.813164 -0.0204634 135.957 0.813185 0.580716 0.0387258 87.559 -0.019607 -0.0391664 0.99904 1.09926
0.576323 -0.817037 -0.0174119 136.433 0.816872 0.575322 0.0415273 88.2255 -0.0239118 -0.0381565 0.998986 1.08808
0.572369 -0.819821 -0.0169664 136.91 0.819635 0.57138 0.0415169 88.9076 -0.0243421 -0.0376692 0.998994 1.06369
0.569041 -0.821986 -0.0230613 137.39 0.822124 0.568095 0.0371519 89.6047 -0.0174373 -0.0401002 0.999043 1.09335
0.566191 -0.823671 -0.0315115 137.83 0.82422 0.565303 0.0330864 90.269 -0.00943877 -0.0447056 0.998956 1.0853
0.563841 -0.825104 -0.035873 138.29 0.825871 0.563066 0.029888 90.944 -0.00446179 -0.0464786 0.998909 1.08558
0.56116 -0.82683 -0.0381024 138.751 0.827694 0.5603 0.0313974 91.6356 -0.00461154 -0.0491561 0.99878 1.08301
0.559038 -0.828372 -0.0357215 139.218 0.829042 0.557779 0.0396466 92.3536 -0.0129174 -0.0517785 0.998575 1.06725
0.556525 -0.830235 -0.0314581 139.681 0.830467 0.554764 0.0506086 93.0624 -0.0245652 -0.0542899 0.998223 1.06037
0.552286 -0.833242 -0.0262523 140.121 0.833198 0.550667 0.0504603 93.7315 -0.0275893 -0.0497418 0.998381 1.04837
0.547938 -0.836214 -0.0225667 140.553 0.836166 0.546724 0.0438187 94.3761 -0.0243041 -0.0428794 0.998785 1.02219
0.541906 -0.840117 -0.0232484 140.99 0.840325 0.54117 0.031441 95.0812 -0.0138328 -0.0365743 0.999235 1.06107
0.536476 -0.843444 -0.0282183 141.445 0.843848 0.535711 0.0305664 95.7972 -0.0106642 -0.04021 0.999134 1.04596
0.530014 -0.847414 -0.0312289 141.876 0.847879 0.528992 0.0356219 96.52 -0.0136667 -0.0453584 0.998877 1.0058
0.523524 -0.851774 -0.0200725 142.328 0.851744 0.522627 0.0373229 97.2571 -0.0213003 -0.0366361 0.999102 1.02495
0.512841 -0.858481 0.002 143.192 0.858051 0.512655 0.0305689 98.6615 -0.0272682 -0.0139609 0.999531 0.988557
0.507459 -0.861653 0.00628792 143.599 0.861374 0.507461 0.022761 99.3503 -0.0228029 -0.00613403 0.999721 0.98642
0.502613 -0.864469 0.00859933 144.024 0.864395 0.502683 0.0114667 100.047 -0.0142353 0.00166991 0.999897 0.993874
0.497125 -0.867649 0.00716671 144.466 0.867662 0.49715 0.00209365 100.748 -0.00537948 0.00517748 0.999972 0.998278
0.491228 -0.871025 -0.00332175 144.888 0.87101 0.491186 0.00884972 101.481 -0.00607673 -0.0072405 0.999955 0.983092
0.486474 -0.87368 -0.00509633 145.31 0.873468 0.486206 0.025657 102.271 -0.0199382 -0.016933 0.999658 0.96173
0.481363 -0.876521 -9.8141e-05 145.722 0.875988 0.481066 0.0349245 103.028 -0.0305648 -0.0168973 0.99939 0.955418
0.477518 -0.878613 0.00394263 146.11 0.877978 0.477335 0.0361415 103.789 -0.0336364 -0.0137967 0.999339 0.953857
0.475851 -0.879525 -0.00120958 146.5 0.879192 0.475632 0.0281937 104.526 -0.0242217 -0.0144795 0.999602 0.909521
0.474778 -0.880032 -0.0113536 146.872 0.880012 0.474501 0.0206608 105.253 -0.0127949 -0.0198007 0.999722 0.90308
0.47323 -0.880768 -0.0173614 147.243 0.880921 0.473004 0.0156794 105.997 -0.00559787 -0.022714 0.999726 0.956009
0.471948 -0.881502 -0.0148266 147.64 0.881604 0.471749 0.0150789 106.727 -0.00629759 -0.0201876 0.999776 0.974515
0.471429 -0.881826 -0.0117079 148.063 0.881809 0.471142 0.0209299 107.491 -0.0129404 -0.0201911 0.999712 0.96396
0.469795 -0.88277 -0.00321689 148.857 0.882388 0.469477 0.0313283 109.044 -0.0261454 -0.0175564 0.999504 0.899433
0.467574 -0.88395 0.00265446 149.242 0.883718 0.467516 0.0216937 109.765 -0.0204172 -0.00779763 0.999761 0.860363
0.466313 -0.884594 0.00671468 149.641 0.884593 0.466345 0.00427179 110.48 -0.00691016 0.00394777 0.999968 0.916494
0.465582 -0.884944 0.0103556 150.051 0.885003 0.465524 -0.00755759 111.221 0.00186727 0.0126834 0.999918 0.969383
0.4653 -0.885117 0.00794813 150.454 0.885146 0.46524 -0.00829948 111.965 0.00364823 0.010897 0.999934 0.990858
0.464222 -0.88571 0.00395189 150.865 0.88571 0.464233 0.00255362 112.743 -0.00409636 0.00231478 0.999989 0.934319
0.461468 -0.887131 0.006789 151.261 0.887047 0.461518 0.0121952 113.549 -0.0139519 0.000394487 0.999902 0.964659
0.459866 -0.887913 0.0115911 152.015 0.887936 0.459942 0.00484423 115.1 -0.00963248 0.00806444 0.999921 0.925266
0.460697 -0.887541 0.00529315 152.38 0.887538 0.460719 0.00390601 115.843 -0.0059054 0.00289838 0.999978 0.964414
0.460711 -0.887549 0.00138911 152.757 0.887532 0.460712 0.00563562 116.574 -0.00564187 -0.00136351 0.999983 0.958267
0.460381 -0.887721 0.000249712 153.136 0.887688 0.460366 0.0085855 117.3 -0.00773649 -0.00373094 0.999963 0.965962
0.458096 -0.888903 -0.000780257 153.869 0.888752 0.458002 0.0188086 118.778 -0.0163617 -0.00930959 0.999823 0.975111
0.457392 -0.889264 0.00163928 154.229 0.889168 0.457368 0.0139434 119.526 -0.0131491 -0.00491998 0.999901 0.972323
0.45713 -0.889397 0.00247899 154.589 0.889373 0.457136 0.00651273 120.262 -0.00692563 -0.000772417 0.999976 0.986119
0.456858 -0.889534 -0.00310958 154.968 0.889533 0.456838 0.00546336 120.993 -0.00343927 -0.00526205 0.99998 1.00325
0.455776 -0.890039 -0.00992392 155.352 0.890051 0.455614 0.0150223 121.722 -0.00884897 -0.0156796 0.999838 0.915509
0.453533 -0.891236 -0.00237218 155.719 0.890976 0.453333 0.0255157 122.433 -0.0216652 -0.0136858 0.999672 0.94925
0.452119 -0.891935 0.00638615 156.055 0.891574 0.452123 0.0260861 123.101 -0.0261544 -0.00610031 0.999639 0.981235
0.451726 -0.892129 0.0070034 156.397 0.891902 0.451771 0.0203511 123.802 -0.0213197 -0.00294677 0.999768 0.98931
0.452364 -0.89183 0.00263205 156.733 0.891726 0.452353 0.0141657 124.474 -0.013824 -0.004061 0.999896 0.939245
0.453351 -0.891329 -0.00220028 157.049 0.891298 0.453311 0.00981209 125.133 -0.00774839 -0.00640942 0.999949 0.971475
0.454304 -0.890792 -0.00990723 157.339 0.890836 0.454216 0.00994251 125.719 -0.00435668 -0.0133426 0.999901 0.929749
0.456646 -0.88958 -0.0110723 157.632 0.889647 0.45659 0.0073353 126.303 -0.00146983 -0.0132001 0.999912 0.946985
0.460243 -0.88772 -0.0114206 157.933 0.887793 0.460201 0.00617713 126.89 -0.000227778 -0.0129821 0.999916 0.978124
0.465139 -0.885179 -0.0102353 158.239 0.88523 0.465056 0.00951932 127.501 -0.00366633 -0.0134884 0.999902 0.96094
0.470657 -0.882288 -0.00709328 158.559 0.88225 0.470507 0.0160534 128.097 -0.0108263 -0.0138137 0.999846 0.94971
0.475732 -0.879565 -0.00664173 158.894 0.879402 0.47546 0.024294 128.708 -0.0182103 -0.0173982 0.999683 0.963552
0.481054 -0.87665 -0.00850682 159.2 0.876507 0.480732 0.025149 129.291 -0.0179574 -0.0195543 0.999647 0.961354
0.487106 -0.873285 -0.0100825 159.488 0.873277 0.486894 0.0179362 129.852 -0.0107543 -0.0175416 0.999788 0.976018
0.493594 -0.869602 -0.0125175 159.791 0.869691 0.493518 0.00883132 130.419 -0.00150212 -0.0152455 0.999883 0.979485
0.512211 -0.858727 -0.0150753 160.829 0.858859 0.51214 0.00851468 132.144 0.000408867 -0.0173088 0.99985 1.04931
0.517568 -0.855597 -0.0087767 161.18 0.855629 0.517474 0.0109632 132.7 -0.00483835 -0.0131838 0.999901 1.05685
0.5227 -0.852514 -0.00232521 161.542 0.85247 0.52264 0.0119172 133.243 -0.00894432 -0.00821128 0.999926 1.05065
0.52593 -0.850523 -0.00306883 162.202 0.850462 0.525841 0.0143352 134.31 -0.0105787 -0.0101492 0.999893 1.04297
0.526404 -0.850234 0.000347527 163.258 0.850077 0.526315 0.0190436 136.064 -0.0163745 -0.00972923 0.999819 1.06669
0.526151 -0.850352 -0.0081191 163.605 0.850293 0.525922 0.0201843 136.631 -0.0128937 -0.0175236 0.999763 1.03108
0.525405 -0.850705 -0.0158376 163.937 0.850829 0.525161 0.0172341 137.188 -0.00634381 -0.02253 0.999726 1.00276
0.523636 -0.851745 -0.0183433 164.256 0.851939 0.523571 0.00857428 137.728 0.00230091 -0.0201172 0.999795 1.01211
0.520264 -0.853859 -0.015832 164.592 0.853967 0.520326 0.000190458 138.284 0.00807518 -0.0136191 0.999875 1.06457
0.516616 -0.856084 -0.0151418 164.93 0.856199 0.516639 0.00266891 138.865 0.00553803 -0.0143432 0.999882 1.09536
0.512911 -0.858324 -0.0142459 165.247 0.858433 0.512758 0.0131031 139.478 -0.00394202 -0.0189499 0.999813 1.09256
0.509509 -0.860449 -0.00524939 165.611 0.860268 0.509252 0.0245058 140.094 -0.0184128 -0.0170018 0.999686 1.10239
0.506099 -0.862463 0.00461616 165.982 0.861943 0.505967 0.0324157 140.714 -0.030293 -0.0124267 0.999464 1.09494
0.50378 -0.863821 0.00443925 166.342 0.863328 0.503655 0.0315624 141.307 -0.0295001 -0.012068 0.999492 1.05106
0.502018 -0.864857 0.000460299 166.685 0.864536 0.501846 0.0269785 141.914 -0.0235635 -0.0131457 0.999636 1.04286
0.499399 -0.866367 -0.00291624 167.032 0.866209 0.499237 0.0211064 142.524 -0.01683 -0.0130666 0.999773 1.02994
0.497043 -0.867725 -0.000805052 167.378 0.867655 0.49699 0.0132737 143.131 -0.0111178 -0.00729612 0.999912 1.03426
0.495889 -0.86836 0.00663648 167.723 0.868322 0.495931 0.0083233 143.725 -0.0105189 0.00163517 0.999943 1.03793
0.495059 -0.868719 0.0156195 168.076 0.868741 0.495209 0.00761209 144.332 -0.0143477 0.00980087 0.999849 1.05165
0.494175 -0.869094 0.0215823 168.437 0.869146 0.494454 0.010031 144.943 -0.0193893 0.0138011 0.999717 1.04781
0.493189 -0.86961 0.0233044 168.78 0.869691 0.493498 0.00984996 145.554 -0.0200663 0.0154097 0.99968 1.01303
0.492488 -0.86995 0.0253549 169.125 0.87015 0.492758 0.00537497 146.134 -0.0171698 0.0194155 0.999664 0.992496
0.4919 -0.870125 0.0302861 169.474 0.870533 0.492109 -0.000605631 146.721 -0.0143771 0.026663 0.999541 0.992558
0.491387 -0.870357 0.0319169 169.806 0.870831 0.491577 -0.00210363 147.328 -0.0138587 0.0288279 0.999488 1.01928
0.490322 -0.870809 0.0357286 170.153 0.871381 0.490607 -0.000907694 147.947 -0.0167383 0.0315783 0.999361 1.03725
0.489888 -0.870971 0.0376697 170.513 0.871524 0.490341 0.0032756 148.558 -0.021324 0.0312254 0.999285 0.998993
0.489704 -0.871114 0.0367439 170.863 0.871605 0.490184 0.0048532 149.177 -0.022239 0.0296495 0.999313 0.958315
0.489708 -0.871381 0.0296798 171.481 0.871853 0.489704 -0.00790442 150.334 -0.00764652 0.0297472 0.999528 0.911296
0.489387 -0.871715 0.0247757 171.786 0.872065 0.489245 -0.0119 150.903 -0.00174796 0.0274297 0.999622 0.935586
0.489331 -0.871853 0.0206646 172.083 0.872096 0.489251 -0.00908169 151.477 -0.00219229 0.0224655 0.999745 0.932779
0.489131 -0.871975 0.0202756 172.415 0.872185 0.489161 -0.00376552 152.063 -0.00663461 0.0195259 0.999787 0.941923
0.488632 -0.872236 0.0210414 172.741 0.872381 0.48881 0.00401756 152.648 -0.0137895 0.016393 0.999771 0.914912
0.488445 -0.872283 0.0233316 173.08 0.872353 0.488764 0.0104849 153.219 -0.0205494 0.0152321 0.999673 0.897583
0.488274 -0.872335 0.0248844 173.398 0.872365 0.488672 0.0133552 153.78 -0.0238105 0.0151873 0.999601 0.891919
0.486377 -0.873377 0.0254874 173.692 0.87338 0.486813 0.01488 154.293 -0.0254034 0.0150229 0.999564 0.871001
