0.50502 -0.862377 0.0355041 0.712368 0.86278 0.505535 0.00678203 0.541586 -0.0237972 0.0272072 0.999346 0.771262
0.50175 -0.864355 0.0337369 1.06576 0.864722 0.502211 0.00634296 1.15431 -0.0224256 0.0259905 0.999411 0.755771
0.498306 -0.866374 0.0329572 1.42022 0.866741 0.498728 0.00555559 1.79133 -0.0212499 0.025797 0.999441 0.738226
0.494319 -0.868713 0.0314066 1.77167 0.869046 0.494702 0.00535689 2.4256 -0.0201905 0.0246458 0.999492 0.722743
0.489852 -0.871212 0.0321656 2.13448 0.871571 0.490242 0.00510155 3.0643 -0.0202135 0.0255356 0.99947 0.710855
0.486307 -0.873251 0.0306274 2.50662 0.87358 0.486658 0.00477437 3.75138 -0.0190743 0.0244336 0.999519 0.700827
0.482035 -0.875714 0.0277135 2.88631 0.875953 0.482358 0.00605433 4.45241 -0.0186697 0.0213573 0.999598 0.690131
0.478164 -0.877866 0.0266448 3.25034 0.878054 0.4785 0.00770732 5.13719 -0.0195155 0.0197102 0.999615 0.673948
0.474154 -0.880005 0.0277459 3.63653 0.880173 0.474552 0.00977902 5.8536 -0.0217725 0.0197844 0.999567 0.662052
0.471152 -0.881533 0.0302501 4.02644 0.881726 0.471633 0.010996 6.58316 -0.0239603 0.0214915 0.999482 0.651673
0.468784 -0.882816 0.0296284 4.39503 0.882987 0.469259 0.0114166 7.28747 -0.0239821 0.0208096 0.999496 0.64256
0.466897 -0.88381 0.0297776 4.78337 0.884005 0.467358 0.0106101 8.03605 -0.0232941 0.0213697 0.9995 0.621844
0.465253 -0.884609 0.0317291 5.16952 0.884873 0.465734 0.00955339 8.76823 -0.0232283 0.0236314 0.999451 0.609807
0.463494 -0.885513 0.0322597 5.55869 0.885776 0.464002 0.0101544 9.52546 -0.0239605 0.0238684 0.999428 0.593369
0.462326 -0.886036 0.0345828 5.96017 0.886392 0.462853 0.00875311 10.2966 -0.0237623 0.0266071 0.999363 0.580005
0.460985 -0.886782 0.0333425 6.34344 0.887138 0.461446 0.00735192 11.056 -0.0219053 0.0261903 0.999417 0.567911
0.459628 -0.887588 0.0304858 6.74086 0.8879 0.459996 0.00602477 11.8309 -0.0193709 0.0242992 0.999517 0.554032
0.458084 -0.888517 0.0263869 7.14111 0.888723 0.458393 0.00681483 12.6297 -0.0181507 0.0203289 0.999629 0.538593
0.457096 -0.889089 0.024157 7.53438 0.889231 0.457388 0.00807604 13.4175 -0.0182294 0.0177896 0.999676 0.523386
0.455806 -0.889746 0.024346 7.94751 0.889863 0.456127 0.00958516 14.2278 -0.0196332 0.0172956 0.999658 0.516037
0.454431 -0.890439 0.0247212 8.33889 0.890565 0.454758 0.0094621 15.0287 -0.0196676 0.0177159 0.99965 0.5076
0.453467 -0.890916 0.0252453 8.75924 0.891062 0.453794 0.00891738 15.8555 -0.0194008 0.0184514 0.999642 0.49948
0.452283 -0.89153 0.0247858 9.16357 0.891689 0.452582 0.00783758 16.7113 -0.018205 0.0185564 0.999662 0.485918
0.450824 -0.892299 0.023666 9.56421 0.892418 0.451121 0.00893656 17.5006 -0.0186503 0.0170911 0.99968 0.461199
0.450587 -0.892433 0.0231085 9.97199 0.892507 0.450904 0.0107776 18.3047 -0.020038 0.0157682 0.999675 0.455416
0.450619 -0.892435 0.0224072 10.4019 0.892432 0.450967 0.0139175 19.1956 -0.0225254 0.0137255 0.999652 0.425355
0.451984 -0.891732 0.0229133 10.7954 0.891641 0.452395 0.0177701 19.9988 -0.026212 0.0123986 0.999579 0.410018
0.453143 -0.891079 0.0253032 11.2431 0.890956 0.453649 0.0199943 20.837 -0.0292953 0.0134838 0.99948 0.40089
0.453847 -0.890665 0.0271834 11.6776 0.89055 0.454418 0.0206016 21.6865 -0.0307018 0.0148582 0.999418 0.379332
0.455575 -0.889837 0.0253201 12.1087 0.889762 0.456057 0.0183005 22.5559 -0.0278319 0.0141917 0.999512 0.367577
0.456671 -0.889295 0.0246068 12.4958 0.88933 0.457064 0.0135657 23.386 -0.0233108 0.0156885 0.999605 0.358975
0.457879 -0.888777 0.0205439 12.9584 0.888785 0.458164 0.0121576 24.2081 -0.0202179 0.0126925 0.999715 0.3666
0.4584 -0.888591 0.0166215 13.3929 0.888494 0.458635 0.0152191 25.0975 -0.0211467 0.00779166 0.999746 0.358847
0.45842 -0.888541 0.0185788 13.8459 0.888361 0.458734 0.0194515 25.9907 -0.0258062 0.00758773 0.999638 0.311912
0.457188 -0.889008 0.0253849 14.2647 0.888886 0.457694 0.0199375 26.8065 -0.0293432 0.0134491 0.999479 0.273892
0.456391 -0.889004 0.0371401 14.7406 0.889324 0.457095 0.0129372 27.6931 -0.0284778 0.0271251 0.999226 0.272061
0.455371 -0.889291 0.0424088 15.2064 0.889933 0.456036 0.0070426 28.5958 -0.0256029 0.034534 0.999075 0.249717
0.453664 -0.8903 0.0394277 15.6511 0.890889 0.454193 0.00515383 29.5119 -0.0224962 0.0327876 0.999209 0.243242
0.452124 -0.891372 0.0322431 16.0825 0.891714 0.452547 0.00692303 30.3798 -0.0207625 0.0256215 0.999456 0.244854
0.450986 -0.89207 0.0286806 16.5259 0.89226 0.451408 0.0101272 31.2531 -0.0219808 0.0210233 0.999537 0.232995
0.450591 -0.892178 0.0313988 16.9819 0.892385 0.451116 0.01196 32.1791 -0.0248349 0.0226307 0.999435 0.211394
0.449367 -0.892874 0.0290812 17.4101 0.892966 0.449888 0.0145606 33.0852 -0.0260841 0.0194255 0.999471 0.193684
0.448175 -0.893314 0.0336013 17.8628 0.893473 0.448844 0.0156588 33.9619 -0.02907 0.023004 0.999313 0.155709
0.447814 -0.893538 0.0324511 18.2894 0.893558 0.448529 0.0194015 34.8318 -0.0318912 0.0203087 0.999285 0.14121
0.447505 -0.89354 0.0364089 18.7267 0.893614 0.448373 0.0204041 35.7406 -0.0345566 0.0234045 0.999129 0.078906
0.446542 -0.893992 0.0371391 19.1639 0.894107 0.447419 0.0197308 36.6436 -0.034256 0.0243957 0.999115 0.0441292
0.447432 -0.893501 0.0382124 19.6125 0.893744 0.448267 0.016676 37.5698 -0.0320294 0.0266908 0.999131 0.0469028
0.447788 -0.893426 0.0357277 20.0268 0.893646 0.44851 0.0153024 38.4284 -0.0296958 0.0250757 0.999244 0.0140692
0.446602 -0.89421 0.0305728 20.4954 0.894251 0.447222 0.017542 39.3478 -0.0293591 0.0195055 0.999379 0.015088
0.444881 -0.895041 0.0313475 20.9314 0.895057 0.445551 0.0189016 40.26 -0.0308846 0.0196489 0.99933 -0.0110651
0.444622 -0.895104 0.0331667 21.3736 0.895167 0.445342 0.0186053 41.1488 -0.0314242 0.0214174 0.999277 -0.0270576
0.444055 -0.895252 0.0365935 21.7835 0.895477 0.444821 0.0159883 42.011 -0.0305911 0.025669 0.999202 -0.04656
0.443694 -0.895584 0.0326403 22.2231 0.895806 0.444266 0.0126545 42.9018 -0.0258341 0.0236246 0.999387 -0.0714083
0.443091 -0.896115 0.0254491 22.6794 0.89615 0.443517 0.0143914 43.8214 -0.0241835 0.0164295 0.999573 -0.0806532
0.443172 -0.896087 0.025051 23.1074 0.896061 0.443622 0.0165733 44.6596 -0.0259643 0.0151024 0.999549 -0.100314
0.442976 -0.896011 0.0305981 23.5335 0.896059 0.443594 0.01741 45.5081 -0.0291726 0.0197055 0.99938 -0.116052
0.442791 -0.896007 0.0332777 23.9411 0.896103 0.443495 0.0176586 46.3833 -0.0305808 0.0220012 0.99929 -0.134151
0.442734 -0.895911 0.0364742 24.3708 0.896155 0.443478 0.0152923 47.2906 -0.029876 0.0259161 0.999218 -0.166632
0.442543 -0.895958 0.037603 24.8058 0.896298 0.44326 0.0130842 48.1534 -0.0283908 0.0279131 0.999207 -0.153035
0.44144 -0.896508 0.0374774 25.2036 0.896834 0.442163 0.013439 48.9995 -0.0286193 0.0276785 0.999207 -0.167544
0.441323 -0.896496 0.0391101 25.6322 0.896763 0.44219 0.0168691 49.8202 -0.0324172 0.0276278 0.999093 -0.184217
0.440348 -0.896552 0.0478413 26.063 0.897069 0.44154 0.0175715 50.6794 -0.0368776 0.0351794 0.9987 -0.194987
0.438889 -0.897188 0.0493051 26.4833 0.897696 0.440195 0.0192359 51.5706 -0.0389621 0.0358186 0.998599 -0.229864
0.438034 -0.897562 0.0500812 26.9062 0.89819 0.439283 0.0168949 52.4443 -0.037164 0.0375819 0.998602 -0.271567
0.436929 -0.898277 0.0468201 27.2955 0.898964 0.437869 0.0116065 53.2263 -0.0309269 0.0370184 0.998836 -0.309933
0.436643 -0.898666 0.0417361 27.6853 0.899282 0.437302 0.00773502 54.0479 -0.0252025 0.034155 0.999099 -0.306013
0.436082 -0.899224 0.0350641 28.0732 0.899547 0.436678 0.0112745 54.8902 -0.02545 0.0266252 0.999321 -0.326205
0.435758 -0.899492 0.0320894 28.4764 0.899665 0.436349 0.0142047 55.7287 -0.0267792 0.0226799 0.999384 -0.360478
0.434355 -0.900143 0.0328297 28.8536 0.900306 0.434991 0.015268 56.5266 -0.028024 0.0229251 0.999344 -0.346092
0.432521 -0.900988 0.0338515 29.2333 0.901187 0.433175 0.0148872 57.2962 -0.0280768 0.0240675 0.999316 -0.351059
0.431778 -0.901447 0.0309867 29.5998 0.901514 0.432405 0.017309 58.0572 -0.0290019 0.0204613 0.99937 -0.38683
0.431044 -0.901806 0.0307811 29.9698 0.901842 0.431682 0.0181954 58.8254 -0.0296964 0.0199166 0.999361 -0.389033
0.429294 -0.902675 0.0297197 30.3166 0.902646 0.429931 0.019755 59.5752 -0.0306098 0.0183456 0.999363 -0.416395
0.427967 -0.903246 0.0314872 30.6547 0.903247 0.42866 0.0198705 60.3279 -0.0314452 0.0199368 0.999307 -0.43666
0.426492 -0.903904 0.0325934 30.9875 0.903853 0.427267 0.0221738 61.0596 -0.033969 0.0200027 0.999223 -0.445869
0.425313 -0.904606 0.0282261 31.3395 0.90429 0.426026 0.0276074 61.7982 -0.0369989 0.0137828 0.99922 -0.428333
0.423602 -0.905351 0.0300297 31.6553 0.904986 0.424412 0.0295652 62.5033 -0.0395119 0.0146526 0.999112 -0.471642
0.422523 -0.905879 0.0292816 31.9697 0.905573 0.423279 0.0277871 63.1609 -0.0375661 0.014776 0.999185 -0.488812
0.42163 -0.906398 0.0259074 32.2611 0.906241 0.422186 0.0220266 63.816 -0.0309026 0.0141913 0.999422 -0.513577
0.420392 -0.907059 0.0226654 32.5328 0.907021 0.420777 0.0161265 64.438 -0.0241647 0.0137785 0.999613 -0.540394
0.420276 -0.907176 0.019989 32.8418 0.907129 0.420584 0.0149986 65.0885 -0.0220134 0.0118291 0.999688 -0.53429
0.419258 -0.907713 0.0167228 33.1141 0.907526 0.419534 0.019669 65.7217 -0.0248696 0.00692997 0.999667 -0.543008
0.418238 -0.908126 0.0196005 33.3881 0.907913 0.418605 0.0215321 66.3414 -0.0277587 0.00878997 0.999576 -0.556604
0.417379 -0.908457 0.0223679 33.6454 0.908385 0.417774 0.0173525 66.8923 -0.0251087 0.0130761 0.999599 -0.566867
0.41795 -0.908101 0.0258833 33.9206 0.908239 0.418316 0.0106084 67.4392 -0.0204609 0.0190745 0.999609 -0.571247
0.418988 -0.907594 0.026881 34.1535 0.90783 0.419288 0.00644557 67.9376 -0.0171208 0.0217028 0.999618 -0.577003
0.42234 -0.906135 0.0234291 34.3956 0.906298 0.422587 0.00659486 68.4814 -0.0158766 0.0184485 0.999704 -0.584684
0.425227 -0.904884 0.0191721 34.6316 0.904908 0.425469 0.0108846 69.0007 -0.0180064 0.0127206 0.999757 -0.589731
0.42967 -0.902736 0.0212338 34.8608 0.902745 0.42998 0.0129945 69.5236 -0.0208607 0.0135853 0.99969 -0.607769
0.43465 -0.900264 0.0245572 35.0915 0.90025 0.435079 0.015982 70.0148 -0.0250724 0.015161 0.999571 -0.586834
0.441648 -0.896637 0.0314564 35.3351 0.896713 0.442284 0.0170557 70.4936 -0.0292054 0.0206748 0.999359 -0.58251
0.450908 -0.892037 0.0308307 35.5673 0.892054 0.451553 0.0184134 70.9354 -0.0303472 0.0191998 0.999355 -0.561243
0.463496 -0.885665 0.0277187 35.7923 0.885566 0.464075 0.0201617 71.392 -0.0307201 0.0152019 0.999412 -0.567042
0.480304 -0.876801 0.0229714 35.9903 0.876563 0.480762 0.0224761 71.8499 -0.0307509 0.00934053 0.999483 -0.585531
0.500633 -0.865323 0.0241308 36.2307 0.865053 0.501131 0.023489 72.2556 -0.0324182 0.00911504 0.999433 -0.621949
0.523132 -0.851742 0.0294656 36.4869 0.85152 0.523802 0.0233238 72.6438 -0.0353001 0.0128891 0.999294 -0.636651
0.548658 -0.835452 0.0315179 36.6915 0.835182 0.549415 0.0247627 72.9919 -0.0380045 0.0127369 0.999196 -0.639863
0.576605 -0.816385 0.0322833 36.9353 0.816042 0.577399 0.0261883 73.3472 -0.0400201 0.0112443 0.999136 -0.639855
0.606992 -0.794022 0.0330168 37.2082 0.793632 0.607808 0.0267815 73.6821 -0.041333 0.00994702 0.999096 -0.652624
0.641891 -0.766086 0.0329977 37.4128 0.765609 0.642697 0.0280023 74.0399 -0.0426597 0.00728892 0.999063 -0.670912
0.676933 -0.735226 0.0347069 37.6808 0.734738 0.677788 0.0276434 74.3507 -0.0438481 0.00678774 0.999015 -0.688517
0.712755 -0.700637 0.0329915 37.9627 0.700102 0.713509 0.0275876 74.617 -0.0428687 0.00343424 0.999075 -0.719054
0.749198 -0.661635 0.0306865 38.2752 0.661112 0.749826 0.0263071 74.8633 -0.0404152 0.000577997 0.999183 -0.72679
0.787471 -0.615619 0.0300361 38.5803 0.615053 0.78804 0.0265096 75.1178 -0.0399895 -0.00240175 0.999197 -0.748647
0.824082 -0.56582 0.0271234 38.9051 0.565268 0.824508 0.0256644 75.3675 -0.0368849 -0.00581758 0.999303 -0.729726
0.859508 -0.510465 0.02591 39.2122 0.509914 0.859858 0.0251403 75.514 -0.0351122 -0.00839642 0.999348 -0.776123
0.891019 -0.453083 0.028295 39.5412 0.452588 0.89144 0.022328 75.6758 -0.0353397 -0.0070887 0.99935 -0.782233
0.918336 -0.394777 0.0284454 39.8983 0.394281 0.918737 0.0215804 75.7985 -0.0346533 -0.00860265 0.999362 -0.764798
0.941624 -0.335216 0.0312303 40.2851 0.334642 0.942083 0.0222403 75.9287 -0.0368768 -0.010491 0.999265 -0.762503
0.960939 -0.274806 0.0328278 40.6697 0.27409 0.961387 0.024684 76.0188 -0.0383436 -0.014722 0.999156 -0.762059
0.976299 -0.213798 0.0336354 41.0554 0.213011 0.976717 0.0255016 76.0596 -0.0383044 -0.0177325 0.999109 -0.794291
0.987593 -0.153546 0.0329146 41.4362 0.152871 0.987998 0.0221404 76.0968 -0.0359191 -0.016834 0.999213 -0.818261
0.994844 -0.0959655 0.0327878 41.8441 0.0954367 0.995285 0.017334 76.088 -0.0342967 -0.0141154 0.999312 -0.7989
0.998623 -0.0404488 0.0334035 42.207 0.0398813 0.999051 0.0174839 76.1142 -0.034079 -0.0161277 0.999289 -0.792415
0.999332 0.0153979 0.0331552 42.5943 -0.0161015 0.999649 0.0210594 76.1086 -0.0328193 -0.0215792 0.999228 -0.789231
0.997175 0.0678044 0.032321 42.9947 -0.0685978 0.997353 0.0241032 76.0865 -0.0306011 -0.0262522 0.999187 -0.805764
0.992823 0.115557 0.0308161 43.3898 -0.116118 0.993088 0.0170872 76.0312 -0.0286286 -0.0205429 0.999379 -0.85643
0.987064 0.157255 0.0312203 43.7572 -0.157451 0.987519 0.00388161 75.9572 -0.0302202 -0.00874705 0.999505 -0.886112
0.98025 0.195128 0.0321799 44.1449 -0.195211 0.980761 -0.000575027 75.8459 -0.031673 -0.00571818 0.999482 -0.85789
0.972814 0.229429 0.0315393 44.518 -0.229649 0.973267 0.00347631 75.7243 -0.0298986 -0.0106248 0.999497 -0.816146
0.965011 0.260319 0.031425 44.8837 -0.260788 0.965324 0.0117934 75.6501 -0.0272653 -0.019576 0.999437 -0.799609
0.956867 0.289027 0.0294692 45.3086 -0.289625 0.956962 0.0184895 75.5596 -0.0228569 -0.026227 0.999395 -0.843513
0.949033 0.313985 0.0273891 45.6921 -0.314537 0.949058 0.0188451 75.4643 -0.0200768 -0.0264996 0.999447 -0.870004
0.941338 0.336688 0.0229054 46.0909 -0.337054 0.941374 0.0145105 75.3289 -0.016677 -0.0213796 0.999632 -0.88819
0.933999 0.356953 0.0152085 46.4606 -0.357129 0.933991 0.0109616 75.1405 -0.0102918 -0.0156695 0.999824 -0.875886
0.926358 0.376561 0.00788529 46.8519 -0.376629 0.926304 0.010563 74.9909 -0.00332656 -0.0127549 0.999913 -0.874273
0.919474 0.393089 0.00694332 47.2778 -0.393149 0.919377 0.0134012 74.8406 -0.00111568 -0.0150518 0.999886 -0.868389
0.913452 0.406739 0.0130284 47.7075 -0.406902 0.913359 0.014356 74.6364 -0.00606046 -0.0184148 0.999812 -0.887904
0.907117 0.420547 0.0167342 48.1297 -0.420798 0.907006 0.0164187 74.4579 -0.00827321 -0.0219354 0.999725 -0.870246
0.901232 0.432935 0.0186668 48.5652 -0.433212 0.901172 0.0147344 74.2298 -0.0104429 -0.0213658 0.999717 -0.896537
0.895857 0.443949 0.0186947 48.9994 -0.444186 0.895865 0.0111676 74.0238 -0.01179 -0.0183085 0.999763 -0.89656
0.891541 0.452707 0.014536 49.4911 -0.452852 0.891542 0.00888281 73.7676 -0.00893816 -0.0145021 0.999855 -0.910102
0.887528 0.46057 0.0130275 49.9389 -0.460675 0.887545 0.00653055 73.5291 -0.00855467 -0.0117975 0.999894 -0.926127
0.884893 0.465633 0.0122314 50.4515 -0.465733 0.884897 0.00712851 73.2796 -0.00750429 -0.0120046 0.9999 -0.938646
0.882772 0.469638 0.0123652 50.9383 -0.469743 0.882771 0.00755069 72.9758 -0.00736952 -0.012474 0.999895 -0.931505
0.880381 0.4741 0.0126186 51.424 -0.474217 0.880364 0.00879937 72.6779 -0.00693718 -0.0137307 0.999882 -0.933403
0.878074 0.478362 0.0124858 51.9713 -0.478482 0.878047 0.00944232 72.4047 -0.00644627 -0.0142653 0.999877 -0.944391
0.875889 0.482357 0.0122977 52.5415 -0.482465 0.875877 0.00818554 72.1191 -0.00682293 -0.0131028 0.999891 -0.935375
0.87441 0.485018 0.0128653 53.1013 -0.485138 0.874393 0.00884153 71.8203 -0.00696106 -0.0139726 0.999878 -0.930354
0.873092 0.48735 0.0141753 53.6786 -0.487505 0.873051 0.0109699 71.4385 -0.00702961 -0.0164883 0.999839 -0.926674
0.872697 0.488085 0.0131252 54.245 -0.488215 0.87267 0.0096494 71.1559 -0.00674423 -0.0148289 0.999867 -0.926193
0.873486 0.48671 0.0116278 54.8325 -0.486792 0.8735 0.00555538 70.8003 -0.00745303 -0.0105129 0.999917 -0.925625
0.87478 0.484427 0.00951029 55.4608 -0.484473 0.874801 0.00316882 70.4711 -0.00678454 -0.0073795 0.99995 -0.924002
0.87659 0.481187 0.00699029 56.0991 -0.481191 0.876615 -0.00124675 70.0966 -0.00672771 -0.00227078 0.999975 -0.949886
0.878874 0.47698 0.00836033 56.7525 -0.477005 0.8789 0.00107742 69.7416 -0.00683398 -0.00493484 0.999964 -0.964797
0.881131 0.472806 0.00783927 57.3994 -0.472805 0.881165 -0.0021465 69.3791 -0.00792257 -0.0018151 0.999967 -0.975432
0.882885 0.469552 0.00594439 58.0994 -0.469499 0.882892 -0.00852691 69.0272 -0.00925208 0.00473739 0.999946 -1.00212
0.884466 0.466506 0.00956328 58.767 -0.466476 0.884518 -0.00530388 68.7027 -0.0109332 0.000230061 0.99994 -0.956075
0.886186 0.463206 0.0106989 59.5111 -0.463179 0.88625 -0.00499744 68.3186 -0.0117968 -0.000526863 0.99993 -0.976512
0.887883 0.45988 0.0131891 60.2516 -0.459924 0.887958 0.000349758 67.9494 -0.0115505 -0.00637654 0.999913 -0.997165
0.889584 0.456642 0.010898 60.9529 -0.456688 0.889625 0.00199273 67.5757 -0.00878521 -0.00674971 0.999939 -1.00091
0.890562 0.454768 0.00923922 61.6708 -0.454839 0.890537 0.00807305 67.2142 -0.0045565 -0.0113919 0.999925 -1.00242
0.890476 0.45496 0.00796468 62.42 -0.455027 0.890394 0.0121712 66.8795 -0.00155429 -0.0144623 0.999894 -0.999531
0.890323 0.455259 0.00804431 63.1583 -0.455329 0.890226 0.0131887 66.5144 -0.00115699 -0.015405 0.999881 -0.997521
0.89007 0.455701 0.010559 63.8948 -0.455818 0.88993 0.0159252 66.1183 -0.00213968 -0.0189875 0.999817 -0.997504
0.890081 0.455623 0.0128227 64.6077 -0.455777 0.889978 0.0143532 65.8067 -0.00487226 -0.0186198 0.999815 -0.997074
0.890165 0.455464 0.0125986 65.3623 -0.45561 0.890078 0.0134762 65.3892 -0.00507577 -0.0177361 0.99983 -0.964263
0.890283 0.455191 0.0140704 66.0955 -0.455373 0.890173 0.0150669 65.0265 -0.00566682 -0.0198211 0.999787 -0.967735
0.890337 0.455094 0.0137388 66.8661 -0.455277 0.890195 0.0165839 64.6633 -0.00468301 -0.0210202 0.999768 -0.985558
0.889813 0.456103 0.0142392 67.5853 -0.456318 0.889541 0.0221466 64.281 -0.00256523 -0.026204 0.999653 -0.960265
0.88859 0.458439 0.0155301 68.2825 -0.458694 0.888264 0.0242356 63.927 -0.0026843 -0.0286591 0.999586 -0.935349
0.886493 0.46235 0.0190341 69.0104 -0.462714 0.886137 0.0256058 63.5699 -0.005028 -0.0315067 0.999491 -0.948089
0.884614 0.465707 0.0239744 69.7637 -0.466261 0.884169 0.0290879 63.1741 -0.00765101 -0.0369099 0.999289 -0.942805
0.881985 0.470418 0.0284454 70.476 -0.471179 0.881428 0.0327874 62.819 -0.00964877 -0.0423208 0.999057 -0.94251
0.878522 0.476773 0.0297678 71.1974 -0.477596 0.877933 0.0337148 62.418 -0.0100598 -0.0438362 0.998988 -0.934936
0.874268 0.484564 0.0292097 71.9283 -0.485364 0.873629 0.0345571 62.0159 -0.00877331 -0.0443895 0.998976 -0.92587
0.869082 0.493906 0.0274561 72.6288 -0.494611 0.86849 0.0329384 61.6167 -0.00757688 -0.0422062 0.99908 -0.925431
0.863708 0.503237 0.0275812 73.3195 -0.503928 0.863178 0.0313168 61.2365 -0.00804774 -0.0409475 0.999129 -0.924122
0.858205 0.512311 0.0319664 74.009 -0.513221 0.857533 0.0352236 60.8285 -0.00936683 -0.0466349 0.998868 -0.914987
0.852779 0.521294 0.0319383 74.6972 -0.522185 0.852154 0.034009 60.4081 -0.00948763 -0.0456799 0.998911 -0.927804
0.846795 0.530997 0.0313013 75.3742 -0.531852 0.846153 0.0340283 59.982 -0.00841677 -0.0454627 0.998931 -0.922472
0.840502 0.540938 0.0307039 76.0626 -0.541757 0.839851 0.0338941 59.5717 -0.00745208 -0.0451221 0.998954 -0.910723
0.83465 0.549888 0.031338 76.7082 -0.550744 0.833894 0.0360673 59.1562 -0.00629958 -0.0473628 0.998858 -0.929887
0.828673 0.558895 0.0306205 77.347 -0.559706 0.827927 0.0355806 58.7165 -0.00546568 -0.0466232 0.998898 -0.927748
0.823394 0.56675 0.0285984 77.9697 -0.567465 0.822569 0.0369325 58.2776 -0.00259268 -0.0466385 0.998908 -0.915544
0.817921 0.574607 0.0288472 78.572 -0.575326 0.817094 0.0368581 57.8552 -0.00239192 -0.0467436 0.998904 -0.905873
0.812428 0.582332 0.0291479 79.1935 -0.583059 0.811554 0.0377104 57.4234 -0.00169517 -0.0476319 0.998864 -0.89875
0.807345 0.589424 0.0277998 79.7601 -0.590077 0.806583 0.0351139 56.9764 -0.00172583 -0.044753 0.998997 -0.915573
0.802881 0.595497 0.0276506 80.3766 -0.596134 0.802195 0.0332819 56.529 -0.00236184 -0.0432049 0.999063 -0.915682
0.800131 0.599203 0.02731 80.9704 -0.599804 0.799652 0.0281484 56.0951 -0.00497188 -0.0389031 0.999231 -0.888141
0.797254 0.602942 0.0290948 81.5661 -0.603612 0.796779 0.0282115 55.6569 -0.0061722 -0.0400537 0.999178 -0.87883
0.795438 0.605345 0.0289273 82.1094 -0.605988 0.795068 0.0254067 55.2108 -0.00761931 -0.037739 0.999259 -0.869408
0.794075 0.60728 0.0256147 82.6532 -0.607747 0.793927 0.0179817 54.8071 -0.00941629 -0.0298461 0.99951 -0.848979
0.793979 0.607442 0.0247414 83.1967 -0.607888 0.793804 0.018627 54.3832 -0.00832503 -0.0298294 0.99952 -0.84942
0.794614 0.6067 0.022433 83.7247 -0.60708 0.794421 0.0186838 54.0029 -0.00648579 -0.028465 0.999574 -0.868443
0.796078 0.604877 0.0195917 84.2519 -0.605174 0.795901 0.017482 53.6118 -0.00501856 -0.0257734 0.999655 -0.863625
0.799699 0.600054 0.0203959 84.7443 -0.60038 0.79949 0.0189551 53.2438 -0.00493227 -0.0274037 0.999612 -0.854209
0.804274 0.59394 0.0194365 85.2208 -0.594243 0.804054 0.0192781 52.8707 -0.00417793 -0.0270549 0.999625 -0.876968
0.810693 0.585122 0.0202472 85.6683 -0.585456 0.810441 0.0206651 52.535 -0.00431755 -0.0286069 0.999581 -0.858252
0.818102 0.574753 0.0191681 86.1669 -0.57506 0.817852 0.0206102 52.2341 -0.00383084 -0.0278841 0.999604 -0.847613
0.82738 0.561337 0.0185302 86.6291 -0.561636 0.827083 0.022346 51.9468 -0.00278237 -0.0288958 0.999579 -0.85904
0.838031 0.545356 0.0170625 87.0844 -0.545622 0.837654 0.0251477 51.6799 -0.000577994 -0.0303842 0.999538 -0.864842
0.851129 0.524758 0.0144264 87.5581 -0.524955 0.850766 0.0249 51.4317 0.000792989 -0.0287663 0.999586 -0.844078
0.865284 0.501122 0.0126598 88.0586 -0.501276 0.864884 0.0264184 51.2013 0.00228955 -0.0292055 0.999571 -0.837367
0.88002 0.474795 0.0115715 88.5299 -0.474933 0.879663 0.0251449 50.9979 0.00175963 -0.0276237 0.999617 -0.856936
0.897198 0.441451 0.0125368 89.0266 -0.441629 0.89681 0.0263658 50.7911 0.000396063 -0.0291919 0.999574 -0.848516
0.914688 0.403892 0.0147654 89.525 -0.40415 0.914324 0.025946 50.6005 -0.00302093 -0.0296999 0.999554 -0.857915
0.931821 0.362446 0.0185326 90.0089 -0.362827 0.931519 0.0250729 50.4693 -0.00817584 -0.0300876 0.999514 -0.84608
0.947518 0.318893 0.0227579 90.4776 -0.319439 0.947228 0.0267925 50.3388 -0.0130129 -0.0326561 0.999382 -0.842306
0.962908 0.268672 0.0249612 91.0251 -0.269319 0.962651 0.0277442 50.2684 -0.0165748 -0.0334376 0.999303 -0.85265
0.976467 0.214387 0.0234653 91.5378 -0.214968 0.976278 0.0258926 50.1814 -0.0173576 -0.0303276 0.999389 -0.86511
0.987625 0.155447 0.0208147 92.0363 -0.155896 0.987528 0.0220027 50.1602 -0.0171349 -0.0249754 0.999541 -0.870572
0.9955 0.0929689 0.0183392 92.5135 -0.0933416 0.99542 0.0206327 50.159 -0.016337 -0.0222517 0.999619 -0.850468
0.999559 0.0257217 0.0148664 92.9784 -0.0260163 0.999462 0.0199754 50.1583 -0.0143446 -0.0203533 0.99969 -0.856632
0.998967 -0.0440465 0.0112046 93.4499 0.0437919 0.998798 0.0220331 50.2532 -0.0121616 -0.0215196 0.999694 -0.849526
0.993355 -0.114742 0.00896719 93.9188 0.114517 0.993166 0.0225172 50.34 -0.0114896 -0.0213406 0.999706 -0.881284
0.982876 -0.184116 0.00743874 94.3818 0.183906 0.982679 0.0228354 50.4678 -0.0115142 -0.0210764 0.999712 -0.88643
0.967982 -0.250904 0.00758846 94.8268 0.250703 0.967839 0.0208847 50.6103 -0.0125845 -0.0183136 0.999753 -0.892928
0.948521 -0.316521 0.011018 95.2498 0.31625 0.948442 0.0210833 50.7883 -0.0171232 -0.0165135 0.999717 -0.894165
0.925145 -0.379339 0.0144686 95.64 0.378964 0.925118 0.0232846 50.9881 -0.0222179 -0.0160585 0.999624 -0.90281
0.897599 -0.440447 0.0179338 96.0775 0.439976 0.897659 0.0250854 51.2131 -0.0271472 -0.0146262 0.999524 -0.911311
0.867899 -0.496289 0.0211566 96.5115 0.495711 0.868056 0.0273844 51.4663 -0.0319557 -0.0132794 0.999401 -0.915548
0.837582 -0.545763 0.0244809 96.8307 0.545024 0.837843 0.0311121 51.7242 -0.037491 -0.0127162 0.999216 -0.882693
0.808159 -0.588371 0.026441 97.1903 0.587453 0.808487 0.0353262 52.0048 -0.0421621 -0.0130163 0.999026 -0.889548
0.780899 -0.624193 0.0240872 97.5188 0.623018 0.781062 0.0423105 52.2905 -0.0452235 -0.0180335 0.998814 -0.900111
0.756667 -0.653455 0.021244 97.857 0.65229 0.756727 0.0433732 52.5911 -0.0444184 -0.0189618 0.998833 -0.904682
0.734695 -0.678099 0.0201239 98.1794 0.67695 0.734742 0.0435135 52.909 -0.0442924 -0.0183463 0.99885 -0.957219
0.718314 -0.695431 0.0200219 98.5185 0.694414 0.718431 0.0405709 53.219 -0.0425987 -0.0152391 0.998976 -0.993151
0.705565 -0.708289 0.0224857 98.8754 0.707324 0.705831 0.0386625 53.5385 -0.0432553 -0.0113742 0.998999 -1.0142
0.6974 -0.716363 0.0213842 99.161 0.715252 0.697583 0.0423455 53.9144 -0.045252 -0.0142367 0.998874 -0.996215
0.690926 -0.722731 0.0167762 99.5169 0.721548 0.690855 0.0456862 54.3029 -0.0446088 -0.019461 0.998815 -1.01451
0.68685 -0.726703 0.0118602 99.8704 0.725668 0.686599 0.0445746 54.6887 -0.0405357 -0.0220095 0.998936 -1.01746
0.685408 -0.728133 0.00617563 100.208 0.727225 0.684934 0.0448182 55.1143 -0.0368635 -0.0262277 0.998976 -1.00491
0.685398 -0.728157 0.0040473 100.573 0.727372 0.684899 0.0429332 55.4965 -0.0340341 -0.0264824 0.99907 -1.02666
0.687121 -0.726537 0.00312844 100.936 0.725811 0.686615 0.0419336 55.9208 -0.0326143 -0.0265428 0.999115 -1.06424
0.690254 -0.723564 0.0020968 101.354 0.723065 0.68988 0.0352577 56.3089 -0.0269578 -0.0228207 0.999376 -1.09876
0.693321 -0.720628 -0.000798074 101.747 0.72022 0.692891 0.0344315 56.7365 -0.0242593 -0.0244469 0.999407 -1.09135
0.696711 -0.717324 -0.00637923 102.166 0.716969 0.696021 0.0388506 57.1787 -0.0234284 -0.0316414 0.999225 -1.10446
0.700464 -0.713648 -0.00756129 102.575 0.713171 0.699514 0.0454644 57.5823 -0.0271563 -0.0372386 0.998937 -1.15225
0.703798 -0.710394 -0.00275317 103.023 0.709777 0.703015 0.0445685 58.0294 -0.0297257 -0.0333214 0.999002 -1.14809
0.706544 -0.707663 0.00292268 103.443 0.706843 0.705913 0.0453852 58.4962 -0.0341806 -0.0300008 0.998965 -1.15009
0.70974 -0.704438 0.00596892 103.938 0.703377 0.709091 0.0495067 58.9871 -0.0391069 -0.0309385 0.998756 -1.19457
0.711678 -0.7024 0.0122074 104.37 0.701373 0.711409 0.0444215 59.4091 -0.0398861 -0.0230519 0.998938 -1.22421
0.712156 -0.701884 0.0139076 104.889 0.701007 0.712051 0.0396576 59.9004 -0.0377379 -0.018493 0.999116 -1.23085
0.712381 -0.701575 0.0175013 105.352 0.701098 0.712564 0.0267213 60.3676 -0.0312178 -0.00676557 0.99949 -1.19407
0.711766 -0.702374 0.00779636 105.874 0.70197 0.711665 0.027777 60.8702 -0.0250582 -0.0142979 0.999584 -1.23478
0.709359 -0.704837 0.00384005 106.319 0.704495 0.709166 0.0277524 61.3327 -0.0222841 -0.0169811 0.999607 -1.26669
0.707063 -0.707139 0.00405319 106.851 0.706694 0.706801 0.0318603 61.8389 -0.0253945 -0.0196629 0.999484 -1.29544
0.705937 -0.708241 0.00691304 107.364 0.707588 0.705649 0.0371351 62.3573 -0.0311788 -0.0213235 0.999286 -1.32982
0.70403 -0.710022 0.0144812 107.88 0.709126 0.703954 0.0398511 62.8913 -0.0384893 -0.0177874 0.999101 -1.33903
0.702569 -0.711478 0.0139875 108.397 0.710584 0.702473 0.0400317 63.4151 -0.0383075 -0.0181858 0.999101 -1.34871
0.700516 -0.713584 0.00872544 108.923 0.71286 0.700271 0.0380835 63.9623 -0.033286 -0.0204581 0.999236 -1.34367
0.698366 -0.715713 0.00634037 109.466 0.715196 0.698153 0.0328186 64.5253 -0.0279152 -0.0183848 0.999441 -1.36614
0.695609 -0.718418 0.0021781 109.981 0.71798 0.695284 0.0329362 65.0955 -0.0251763 -0.0213469 0.999455 -1.37158
0.692441 -0.72147 -0.00267067 110.532 0.721 0.691846 0.0388265 65.654 -0.0261644 -0.0288106 0.999242 -1.4499
0.68947 -0.724314 0.000209419 111.093 0.72379 0.688981 0.0378641 66.2193 -0.0275698 -0.0259546 0.999283 -1.4819
0.688123 -0.725593 0.00120798 111.632 0.724965 0.687595 0.0404783 66.7893 -0.0302013 -0.0269783 0.99918 -1.48657
0.686759 -0.726862 0.00575984 112.232 0.726216 0.686446 0.0374575 67.397 -0.0311803 -0.0215414 0.999282 -1.52187
0.686302 -0.727303 0.00445999 112.77 0.726599 0.685884 0.0402199 67.9599 -0.0323111 -0.0243623 0.999181 -1.54993
0.686013 -0.727569 0.00532807 113.339 0.726748 0.685554 0.0430437 68.5806 -0.0349699 -0.0256564 0.999059 -1.58735
0.686203 -0.72739 0.00539792 113.903 0.726628 0.685791 0.0412576 69.1959 -0.0337122 -0.0243888 0.999134 -1.60529
0.687126 -0.726538 0.000844629 114.466 0.725858 0.686532 0.0424743 69.8244 -0.031439 -0.0285721 0.999097 -1.63197
0.688215 -0.725457 -0.00850921 115.052 0.724893 0.687103 0.0491905 70.465 -0.0298389 -0.0400219 0.998753 -1.63477
0.689976 -0.72373 -0.0122093 115.651 0.723197 0.688565 0.0535139 71.1166 -0.0303227 -0.045753 0.998492 -1.65635
0.692562 -0.721289 -0.0100517 116.198 0.720632 0.691171 0.0545236 71.7149 -0.0323798 -0.0450045 0.998462 -1.67646
0.693624 -0.720248 -0.0113451 116.794 0.719648 0.692186 0.0546404 72.353 -0.0315018 -0.0460644 0.998442 -1.69555
0.695735 -0.718184 -0.012826 117.387 0.717687 0.694295 0.0536661 72.9707 -0.0296371 -0.0465425 0.998477 -1.73602
0.696897 -0.71712 -0.00854687 117.964 0.716524 0.695713 0.0507718 73.5604 -0.0304633 -0.0415067 0.998674 -1.761
0.69661 -0.717429 -0.00545943 118.58 0.716815 0.695654 0.0473415 74.1981 -0.0301663 -0.0368919 0.998864 -1.78393
0.697542 -0.716528 -0.00475062 119.201 0.715899 0.696619 0.047008 74.8361 -0.0303731 -0.036191 0.998883 -1.80392
0.698493 -0.715613 -0.00252619 119.765 0.714839 0.697564 0.0490947 75.424 -0.0333706 -0.0360981 0.998791 -1.84115
0.699711 -0.714415 -0.00395574 120.371 0.713481 0.698491 0.0552813 76.0751 -0.0367307 -0.0415033 0.998463 -1.85519
0.700708 -0.713442 -0.00300637 120.963 0.712278 0.699311 0.0602001 76.6733 -0.0408469 -0.0443241 0.998182 -1.86031
0.701259 -0.712887 -0.00527657 121.538 0.711975 0.699946 0.0562779 77.2634 -0.0364265 -0.0432222 0.998401 -1.89892
0.701028 -0.713086 -0.00825339 122.138 0.712727 0.700192 0.0418426 77.8669 -0.0240584 -0.0352152 0.99909 -1.93161
0.701016 -0.713039 -0.0122808 122.7 0.712963 0.700344 0.0346693 78.4527 -0.0161198 -0.0330595 0.999323 -1.90082
0.700743 -0.713387 -0.00624811 123.315 0.712987 0.699994 0.0407176 79.0868 -0.0246738 -0.0329874 0.999151 -1.91579
0.699395 -0.714732 0.00224027 123.919 0.713723 0.698568 0.0510059 79.7177 -0.0380205 -0.0340743 0.998696 -1.97633
0.698305 -0.715595 0.0171552 124.523 0.713518 0.697791 0.0630895 80.3254 -0.0571173 -0.0318152 0.99786 -1.95219
0.698157 -0.715826 0.0130308 125.119 0.714001 0.697486 0.0609589 80.919 -0.0527248 -0.0332549 0.998055 -1.99371
0.697516 -0.716568 0.00129905 125.652 0.715511 0.696582 0.0530745 81.5101 -0.0389364 -0.0360908 0.99859 -2.0246
0.696569 -0.717396 -0.0116085 126.239 0.716908 0.695262 0.0515157 82.1092 -0.0288862 -0.0442064 0.998605 -2.07064
0.695504 -0.71832 -0.017016 126.813 0.718035 0.693966 0.0532685 82.7038 -0.0264554 -0.0492666 0.998435 -2.08677
0.693091 -0.720674 -0.0159654 127.39 0.720264 0.691465 0.055635 83.3223 -0.0290552 -0.0500595 0.998324 -2.11374
0.690372 -0.72336 -0.0117368 127.912 0.722887 0.689096 0.0507942 83.8503 -0.0286547 -0.0435512 0.99864 -2.12843
0.686506 -0.727076 -0.00837784 128.481 0.726594 0.68552 0.0460845 84.4856 -0.0277637 -0.0377246 0.998902 -2.14317
0.684411 -0.729015 -0.0108966 129.052 0.728555 0.68325 0.0487565 85.1107 -0.0280991 -0.0413082 0.998751 -2.14924
0.682853 -0.730386 -0.0157473 129.562 0.730016 0.681359 0.0531656 85.7021 -0.0281019 -0.0478 0.998462 -2.16811
0.682328 -0.730886 -0.0153122 130.129 0.730425 0.680735 0.0554923 86.3176 -0.030135 -0.0490484 0.998342 -2.17777
0.68061 -0.732535 -0.012744 130.704 0.731883 0.679005 0.0574399 86.9361 -0.0334235 -0.0484213 0.998268 -2.21191
0.679449 -0.733648 -0.0104489 131.254 0.732911 0.67796 0.0566724 87.5066 -0.0344937 -0.0461641 0.998338 -2.23326
0.677713 -0.735274 -0.0087891 131.811 0.734616 0.676485 0.0520314 88.1018 -0.0323117 -0.041719 0.998607 -2.24719
0.674254 -0.738448 -0.00874523 132.344 0.737928 0.67322 0.0472932 88.6909 -0.0290361 -0.038341 0.998843 -2.24424
0.669646 -0.742655 -0.00617182 132.912 0.742129 0.668805 0.0440963 89.3201 -0.0286205 -0.0341092 0.999008 -2.26071
0.664743 -0.74706 -0.00414338 133.44 0.746385 0.663884 0.0465646 89.9327 -0.0320359 -0.0340461 0.998907 -2.28564
0.659899 -0.751354 0.000382034 133.951 0.750427 0.65911 0.0493268 90.4909 -0.0373137 -0.032264 0.998783 -2.28472
0.655955 -0.754774 0.00632106 134.496 0.753266 0.655133 0.0582334 91.1336 -0.0480941 -0.033437 0.998283 -2.34294
0.651932 -0.758246 0.00687847 134.988 0.756399 0.650929 0.0644438 91.7326 -0.0533416 -0.0368101 0.997898 -2.35417
0.649648 -0.76023 0.00295248 135.504 0.758654 0.648542 0.061944 92.3445 -0.0490065 -0.0380019 0.998075 -2.39962
0.64431 -0.764762 -0.00190106 136.031 0.763722 0.643299 0.053808 92.9626 -0.0399274 -0.0361209 0.99855 -2.44184
0.639066 -0.769145 -0.00328579 136.561 0.768438 0.638283 0.0457915 93.5621 -0.033123 -0.0317887 0.998946 -2.47405
0.634516 -0.772903 -0.0032598 137.065 0.772191 0.633739 0.0457677 94.1962 -0.0333081 -0.0315575 0.998947 -2.49494
0.628493 -0.777804 -0.00430407 137.546 0.776951 0.627524 0.0505953 94.852 -0.0366523 -0.0351428 0.99871 -2.51116
0.622416 -0.782657 -0.00678072 138.067 0.78181 0.621285 0.0526996 95.4735 -0.037033 -0.0381023 0.998587 -2.55079
0.61514 -0.788344 -0.0108048 138.523 0.787771 0.614022 0.0489239 96.1225 -0.0319345 -0.0386068 0.998744 -2.5754
0.607706 -0.794041 -0.0138895 139.046 0.793638 0.606576 0.0469485 96.7843 -0.028854 -0.0395541 0.998801 -2.606
0.600314 -0.799627 -0.0148712 139.546 0.799208 0.599098 0.0484508 97.4679 -0.0298333 -0.0409709 0.998715 -2.61767
0.595269 -0.803397 -0.0144237 139.997 0.802718 0.593769 0.0555104 98.1169 -0.0360325 -0.0446218 0.998354 -2.6152
0.588403 -0.808467 -0.0127514 140.502 0.80749 0.586731 0.0608854 98.7997 -0.0417422 -0.0461217 0.998063 -2.61903
0.581071 -0.813775 -0.0112578 140.989 0.81258 0.579333 0.0639247 99.5151 -0.0454983 -0.0462926 0.997891 -2.66412
0.576387 -0.817073 -0.0130458 141.414 0.815828 0.574445 0.066625 100.167 -0.0469434 -0.0490449 0.997693 -2.69255
0.573268 -0.819254 -0.0136721 141.905 0.818043 0.571312 0.0663978 100.834 -0.0465856 -0.049248 0.997699 -2.73316
0.569388 -0.821859 -0.0185578 142.363 0.821002 0.567355 0.0637503 101.538 -0.0418649 -0.0515347 0.997793 -2.74118
0.566533 -0.823685 -0.0241684 142.823 0.823239 0.564447 0.0606415 102.248 -0.0363077 -0.0542518 0.997867 -2.76624
0.563781 -0.825447 -0.0280662 143.266 0.825318 0.561741 0.0574207 102.932 -0.0316319 -0.0555363 0.997956 -2.81372
0.561285 -0.827096 -0.0295209 143.73 0.827001 0.559126 0.0587147 103.623 -0.0320568 -0.0573695 0.997838 -2.84824
0.559516 -0.828385 -0.0268476 144.186 0.827647 0.556708 0.0712476 104.289 -0.0440742 -0.0620845 0.997097 -2.8556
0.556533 -0.830489 -0.0236302 144.655 0.829056 0.553268 0.081 104.977 -0.0541958 -0.06467 0.996434 -2.87923
0.552403 -0.833363 -0.0189144 145.104 0.832041 0.549866 0.0731752 105.682 -0.0505811 -0.0561598 0.99714 -2.91316
0.547915 -0.836469 -0.0103774 145.536 0.835423 0.546507 0.0582888 106.334 -0.0430855 -0.0406068 0.998246 -2.90903
0.542019 -0.840309 -0.00980234 145.993 0.839567 0.540958 0.0499233 107.019 -0.0366483 -0.0352891 0.998705 -2.93706
0.536165 -0.843897 -0.0190877 146.479 0.843332 0.534559 0.0551162 107.75 -0.0363089 -0.0456487 0.998297 -3.00119
0.52977 -0.848029 -0.0138008 146.891 0.847042 0.528185 0.0595048 108.44 -0.0431724 -0.0432137 0.998133 -3.01566
0.523131 -0.852249 -0.00254121 147.273 0.85095 0.522164 0.0568272 109.158 -0.0471039 -0.0318905 0.998381 -3.01275
0.518011 -0.855373 0.00144091 147.731 0.853941 0.517239 0.0569915 109.862 -0.0494943 -0.0282918 0.998374 -3.0821
0.513903 -0.857791 0.00987863 148.149 0.856388 0.513666 0.0524135 110.554 -0.0500341 -0.0184755 0.998577 -3.08735
0.507617 -0.861453 0.0149236 148.589 0.860398 0.507751 0.0436385 111.285 -0.04517 -0.00931138 0.998936 -3.09146
0.501968 -0.864802 0.012087 149.036 0.864116 0.502062 0.0351871 111.989 -0.0364983 -0.00721826 0.999308 -3.14347
0.49592 -0.868348 0.00587952 149.481 0.86783 0.495839 0.0318636 112.702 -0.030584 -0.0106994 0.999475 -3.17163
0.490106 -0.871663 -0.000153216 149.872 0.870965 0.489707 0.0400819 113.441 -0.0348629 -0.0197778 0.999196 -3.20138
0.485708 -0.874107 0.00493462 150.299 0.872959 0.485345 0.0488204 114.243 -0.0450693 -0.0194047 0.998795 -3.21076
0.481469 -0.87643 0.00762709 150.698 0.874781 0.481065 0.0577523 114.981 -0.054285 -0.0211339 0.998302 -3.2369
0.477831 -0.878394 0.0100825 151.052 0.876749 0.477588 0.05675 115.726 -0.0546641 -0.0182771 0.998337 -3.29343
0.476081 -0.879359 0.00860958 151.521 0.87821 0.475923 0.0473792 116.51 -0.0457608 -0.0149953 0.99884 -3.30228
0.473787 -0.880612 -0.00697687 151.829 0.879921 0.473066 0.0441215 117.189 -0.0355534 -0.0270433 0.999002 -3.34404
0.47284 -0.881024 -0.0148257 152.234 0.88057 0.471852 0.0441825 117.941 -0.0319303 -0.0339463 0.998913 -3.36389
0.470375 -0.882419 -0.00917818 152.646 0.881801 0.469591 0.0437146 118.746 -0.0342646 -0.0286556 0.999002 -3.3923
0.469705 -0.8828 -0.00635086 153.055 0.881867 0.46885 0.0499106 119.497 -0.0410835 -0.0290439 0.998734 -3.44275
0.469556 -0.882899 -0.00256529 153.432 0.881587 0.468696 0.055934 120.253 -0.0481817 -0.0285257 0.998431 -3.4671
0.468433 -0.883497 0.00202766 153.837 0.88213 0.467833 0.0545693 120.988 -0.0491605 -0.0237734 0.998508 -3.47326
0.46694 -0.884283 0.00323858 154.199 0.88336 0.466614 0.0441233 121.75 -0.0405287 -0.0177421 0.999021 -3.53442
0.464817 -0.885406 -0.000890342 154.602 0.884854 0.464492 0.0357751 122.463 -0.0312619 -0.0174167 0.999359 -3.55836
0.462949 -0.886382 0.00216207 154.992 0.886029 0.462831 0.0272115 123.213 -0.0251205 -0.0106819 0.999627 -3.56512
0.461703 -0.887035 -0.000581352 155.375 0.886612 0.461462 0.0311633 123.982 -0.0273747 -0.0149036 0.999514 -3.60263
0.460852 -0.887473 -0.00258246 155.783 0.886764 0.460363 0.0414298 124.748 -0.035579 -0.021383 0.999138 -3.6203
0.459153 -0.888328 0.00720909 156.159 0.887446 0.459034 0.0415592 125.516 -0.0402274 -0.0126843 0.99911 -3.59478
0.458855 -0.888431 0.0119709 156.53 0.887674 0.458966 0.0372206 126.261 -0.0385621 -0.00645261 0.999235 -3.63031
0.459499 -0.888169 0.00409855 156.926 0.887566 0.459349 0.0349999 127.008 -0.0329685 -0.0124447 0.999379 -3.64975
0.459159 -0.888351 -0.00243202 157.318 0.887758 0.458749 0.0378826 127.803 -0.0325373 -0.0195532 0.999279 -3.66353
0.458661 -0.888607 -0.00280967 157.673 0.887922 0.458178 0.0408364 128.525 -0.0350002 -0.0212248 0.999162 -3.70263
0.457854 -0.889027 0.000791637 158.033 0.888264 0.457498 0.04102 129.282 -0.03683 -0.018078 0.999158 -3.67821
0.457715 -0.889096 0.00223985 158.403 0.888246 0.457385 0.0426485 130.034 -0.0389431 -0.0175313 0.999088 -3.69356
0.45705 -0.889439 -0.00178894 158.741 0.88856 0.456507 0.0454103 130.742 -0.0395731 -0.0223444 0.998967 -3.74346
0.456664 -0.88963 0.00395759 159.145 0.888932 0.456474 0.0378317 131.508 -0.0354627 -0.0137583 0.999276 -3.73196
0.4555 -0.890236 0.000148447 159.491 0.889673 0.455218 0.0354784 132.236 -0.0316518 -0.0160284 0.99937 -3.75327
0.45462 -0.890685 -0.00047222 159.845 0.890102 0.454303 0.0364298 132.948 -0.032233 -0.0169821 0.999336 -3.76286
0.452667 -0.891679 -0.00146166 160.26 0.89082 0.452158 0.0446553 133.728 -0.0391573 -0.0215161 0.999001 -3.81877
0.450754 -0.892629 0.00580865 160.569 0.89124 0.450399 0.0532104 134.361 -0.0501133 -0.0188079 0.998566 -3.83046
0.450057 -0.892861 0.0157308 160.954 0.891488 0.45025 0.0502495 135.068 -0.0519487 -0.00859128 0.998613 -3.84225
0.449285 -0.893138 0.0211647 161.3 0.892186 0.449784 0.0412287 135.755 -0.0463424 0.000359336 0.998926 -3.82137
0.450624 -0.892553 0.0169356 161.579 0.891857 0.450941 0.0352582 136.362 -0.0391068 -0.000784028 0.999235 -3.88583
0.45164 -0.892136 0.0107016 161.935 0.891542 0.451735 0.0329763 137.047 -0.0342536 -0.0053525 0.999399 -3.87551
0.452799 -0.891535 0.0117267 162.251 0.891097 0.452945 0.0280638 137.655 -0.0303314 -0.0022576 0.999537 -3.90082
0.455294 -0.890265 0.0116078 162.561 0.889919 0.455441 0.0248394 138.257 -0.0274003 -0.000979237 0.999624 -3.92486
