0.473717 -0.880541 0.0155128 1.08204 0.880668 0.473717 -0.00385394 1.43552 -0.00395515 0.0154873 0.999872 0.925817
0.471471 -0.881781 0.0133425 1.49756 0.881856 0.471518 0.000406821 2.2607 -0.00664996 0.0115744 0.999911 0.971848
0.466219 -0.884661 -0.00391632 2.43497 0.884318 0.466154 -0.0261074 4.03561 0.0249218 0.00870848 0.999651 1.01444
0.465795 -0.884893 2.09063e-05 2.77943 0.884763 0.465727 -0.0171097 4.72192 0.0151305 0.00798811 0.999854 1.03696
0.464085 -0.885788 -0.00209204 3.21965 0.8856 0.464033 -0.0196282 5.60397 0.0183572 0.00725641 0.999805 1.05226
0.464318 -0.885577 0.0127354 3.51251 0.885651 0.464351 -0.00040956 6.18833 -0.00555099 0.0114693 0.999919 1.05874
0.46282 -0.886378 0.0114943 4.05874 0.886444 0.462719 -0.0104405 7.26252 0.00393557 0.0150211 0.999879 1.07818
0.462982 -0.886157 0.019342 4.34913 0.886281 0.463131 0.00387235 7.83327 -0.0123894 0.0153496 0.999805 1.09087
0.463408 -0.885868 0.0221572 4.8365 0.885952 0.463684 0.00929049 8.79373 -0.0185041 0.0153249 0.999711 1.10171
0.464418 -0.885281 0.0243592 5.23561 0.885308 0.464806 0.0136048 9.57225 -0.0233664 0.0152471 0.999611 1.10178
0.465718 -0.884718 0.0194981 5.78677 0.884872 0.465832 0.00149694 10.6406 -0.0104072 0.0165562 0.999809 1.09787
0.467341 -0.883768 0.0233888 6.10015 0.883902 0.467612 0.00756955 11.2407 -0.0176266 0.0171358 0.999698 1.08473
0.46857 -0.883294 0.0152861 6.67133 0.883424 0.468457 -0.010495 12.3367 0.00210931 0.0184217 0.999828 1.07977
0.469874 -0.882528 0.0190747 6.98032 0.882702 0.469931 -0.00161602 12.9223 -0.00753764 0.0175966 0.999817 1.08163
0.471021 -0.881916 0.0190946 7.48732 0.882095 0.471066 -0.00234886 13.8841 -0.00692329 0.0179496 0.999815 1.09244
0.471099 -0.88183 0.0209995 7.91792 0.881979 0.471273 0.0039672 14.6895 -0.0133949 0.0166522 0.999772 1.10407
0.47005 -0.882362 0.0221329 8.46791 0.882578 0.470166 3.73204e-05 15.7285 -0.0104391 0.0195165 0.999755 1.10847
0.468992 -0.882724 0.0290615 8.90429 0.883148 0.469074 -0.00433323 16.5494 -0.00980698 0.0276979 0.999568 1.10603
0.467759 -0.88302 0.0384244 9.30266 0.883711 0.468027 -0.00225121 17.2916 -0.0159958 0.0350091 0.999259 1.09552
0.466205 -0.883966 0.0354507 9.85903 0.884669 0.465989 -0.0146418 18.3257 -0.0035768 0.0381883 0.999264 1.08302
0.464992 -0.884685 0.0333915 10.2393 0.885279 0.464981 -0.00856712 19.0453 -0.00794725 0.0335445 0.999406 1.07999
0.46309 -0.886067 0.020821 10.8479 0.886202 0.462536 -0.0265923 20.2037 0.0139321 0.0307663 0.99943 1.08737
0.462605 -0.886256 0.0234017 11.2044 0.886561 0.462363 -0.0151814 20.8893 0.00263452 0.02777 0.999611 1.08895
0.461407 -0.886923 0.0217274 11.7095 0.887185 0.461196 -0.0141946 21.8726 0.00256898 0.0258257 0.999663 1.08857
0.460713 -0.887154 0.0264875 12.1129 0.887488 0.460826 -0.00201293 22.6652 -0.0104203 0.0244347 0.999647 1.08437
0.460248 -0.887195 0.0325116 12.566 0.887497 0.460728 0.00881955 23.5515 -0.0228037 0.0247948 0.999433 1.08358
0.460114 -0.88753 0.0242139 13.0983 0.887767 0.46029 0.00193614 24.6124 -0.0128638 0.0206054 0.999705 1.07708
0.459523 -0.887497 0.0344514 13.3943 0.887552 0.460302 0.0193206 25.1975 -0.033005 0.0216991 0.99922 1.06967
0.459361 -0.887513 0.0361813 13.9523 0.887733 0.460102 0.0153641 26.2845 -0.0302829 0.0250617 0.999227 1.05576
0.459877 -0.887398 0.0322211 14.4304 0.887723 0.460317 0.00744983 27.2225 -0.0214429 0.0251774 0.999453 1.03893
0.459428 -0.887573 0.0337647 14.8022 0.887824 0.460022 0.0121922 27.953 -0.026354 0.0243757 0.999355 1.03141
0.458316 -0.888409 0.0259804 15.8339 0.888787 0.458183 -0.011234 29.9747 -0.00192338 0.0282397 0.999599 1.01992
0.457479 -0.888542 0.03473 16.1687 0.889036 0.45783 0.00248672 30.6232 -0.01811 0.0297386 0.999394 1.01377
0.457397 -0.888921 0.0246449 16.717 0.88926 0.457287 -0.0102851 31.7042 -0.00212712 0.0266201 0.999643 1.0098
0.456661 -0.889295 0.0248211 17.0709 0.889578 0.456782 -0.000857495 32.4037 -0.0105753 0.0224719 0.999691 1.01658
0.456521 -0.889435 0.0222155 17.6021 0.889691 0.45654 -0.00451019 33.4437 -0.00613075 0.021824 0.999743 1.0263
0.456216 -0.889419 0.0283065 17.9858 0.889737 0.456466 0.00272418 34.1919 -0.0153439 0.0239425 0.999596 1.0366
0.456446 -0.889305 0.0281551 18.516 0.889701 0.456527 -0.0038529 35.2286 -0.00942715 0.0268082 0.999596 1.04119
0.456868 -0.889127 0.0269112 18.957 0.889534 0.456638 -0.0145208 36.0835 0.000622146 0.0305725 0.999532 1.03848
0.456823 -0.889174 0.0260998 19.3933 0.889525 0.45636 -0.0219198 36.931 0.00757964 0.0332299 0.999419 1.03836
0.455084 -0.889772 0.0346957 19.713 0.890368 0.455221 -0.00429503 37.5544 -0.0119726 0.0328465 0.999389 1.04051
0.454336 -0.890129 0.0353529 20.252 0.890772 0.454404 -0.00654861 38.6182 -0.0102354 0.0344667 0.999353 1.04791
0.453467 -0.890376 0.0399768 20.6664 0.891121 0.453761 -0.00188898 39.4361 -0.016458 0.0364807 0.999199 1.05509
0.452593 -0.890674 0.0431189 21.0845 0.891383 0.453219 0.0054956 40.2724 -0.0244371 0.0359481 0.999055 1.05562
0.452639 -0.891041 0.0341239 21.5715 0.891664 0.452607 -0.00909937 41.2583 -0.00733679 0.0345457 0.999376 1.04295
0.450584 -0.891801 0.0408035 21.8366 0.89248 0.451075 0.00322784 41.7844 -0.021284 0.0349618 0.999162 1.0293
0.449393 -0.892536 0.0377518 22.303 0.893169 0.449722 0.000226385 42.7286 -0.0171799 0.033617 0.999287 1.01718
0.448824 -0.893127 0.0296856 22.7645 0.89356 0.448933 -0.00327093 43.6788 -0.0104055 0.0279939 0.999554 1.0175
0.447441 -0.893773 0.0310968 23.0975 0.894082 0.447845 0.00716468 44.3626 -0.0203301 0.0245973 0.999491 1.02554
0.447891 -0.893897 0.0184884 23.9767 0.894076 0.447683 -0.0143898 46.1609 0.00458607 0.0229751 0.999726 1.03483
0.446404 -0.894596 0.0205131 24.3029 0.894831 0.446256 -0.0115552 46.8184 0.00118317 0.023514 0.999723 1.03645
0.445569 -0.895059 0.0183615 24.7113 0.895225 0.445317 -0.01628 47.6465 0.00639486 0.0236915 0.999699 1.04033
0.442378 -0.896472 0.0252856 24.971 0.89675 0.442536 0.000746637 48.1801 -0.0118591 0.0223446 0.99968 1.04678
0.441165 -0.897077 0.0250233 25.4008 0.897363 0.441292 -0.00050056 49.0595 -0.0105936 0.0226758 0.999687 1.04964
0.440543 -0.897453 0.0223483 25.7583 0.89769 0.440625 -0.00141283 49.8052 -0.00857926 0.0206843 0.999749 1.0519
0.438696 -0.898295 0.0247413 26.0654 0.898457 0.438991 0.007822 50.446 -0.0178877 0.0187975 0.999663 1.05519
0.434636 -0.900199 0.0270704 26.7089 0.900156 0.435172 0.0185391 51.7928 -0.0284692 0.0163098 0.999462 1.05213
0.436898 -0.899423 0.0125569 27.0987 0.899505 0.4368 -0.00984284 52.6393 0.00336801 0.0155953 0.999873 1.03732
0.434114 -0.900662 0.0188111 27.2981 0.900843 0.434131 -0.00336632 53.0712 -0.00513456 0.0184072 0.999817 1.0361
0.430985 -0.90215 0.0194223 27.9168 0.902257 0.43116 0.00576892 54.3882 -0.0135786 0.0150376 0.999795 1.04251
0.431054 -0.902191 0.0156044 28.2374 0.902266 0.43116 0.00409953 55.0879 -0.0104266 0.0123122 0.99987 1.06139
0.429915 -0.902662 0.0193737 28.48 0.902802 0.430047 0.00302655 55.5984 -0.0110635 0.0161894 0.999808 1.07085
0.430813 -0.902178 0.021815 28.7949 0.902441 0.430675 -0.0108882 56.2457 0.000427915 0.0243776 0.999703 1.07661
0.431247 -0.901891 0.0248554 29.0181 0.902232 0.431024 -0.0140021 56.7015 0.00191508 0.0284637 0.999593 1.08217
0.434505 -0.900407 0.0217429 29.3192 0.900621 0.434106 -0.0208203 57.3283 0.00930801 0.0286286 0.999547 1.09252
0.442405 -0.89666 0.0167052 29.8003 0.896793 0.442186 -0.0152949 58.3346 0.00632752 0.0217476 0.999743 1.1118
0.445484 -0.894976 0.0236834 30.0094 0.895268 0.445501 -0.00484344 58.7328 -0.00621622 0.0233606 0.999708 1.12264
0.454877 -0.890173 0.0260363 30.3207 0.890546 0.454804 -0.00901377 59.3374 -0.00381762 0.0272867 0.99962 1.13962
0.460553 -0.887144 0.0294506 30.4868 0.887529 0.460753 5.43799e-06 59.678 -0.0135743 0.0261357 0.999566 1.14497
0.473539 -0.880357 0.0270768 30.7613 0.880649 0.473764 0.00221775 60.1912 -0.0147804 0.022795 0.999631 1.14763
0.488748 -0.872118 0.0231508 30.9972 0.872296 0.488959 0.00421224 60.6059 -0.0149934 0.0181356 0.999723 1.14706
0.511173 -0.859213 0.0213284 31.3026 0.859413 0.511281 -0.000402382 61.0927 -0.0105591 0.0185356 0.999772 1.14601
0.532691 -0.845938 0.0250933 31.5098 0.846211 0.532848 -0.000514557 61.3987 -0.0129356 0.0215083 0.999685 1.14442
0.563498 -0.825754 0.0244928 31.8047 0.826081 0.563503 -0.00737241 61.822 -0.00771395 0.0243874 0.999673 1.14647
0.587004 -0.809125 0.0272652 31.998 0.809464 0.587164 -0.00255214 62.0888 -0.0139441 0.0235683 0.999625 1.14746
0.620147 -0.78404 0.0264371 32.2949 0.784347 0.620318 -0.0021303 62.4731 -0.0147292 0.022057 0.999648 1.1488
0.654567 -0.755539 0.0265026 32.5828 0.755886 0.654681 -0.00529542 62.7824 -0.0133499 0.0234992 0.999635 1.14358
0.685734 -0.727218 0.0303767 32.8353 0.727564 0.68604 -0.000470157 63.0116 -0.0204977 0.0224234 0.999538 1.13406
0.730525 -0.682386 0.0261323 33.229 0.682693 0.730694 -0.0041493 63.3493 -0.0162633 0.0208715 0.99965 1.12679
0.762279 -0.646755 0.0252807 33.5025 0.647037 0.762446 -0.00423771 63.551 -0.0165344 0.0195879 0.999671 1.1209
0.800246 -0.599223 0.0231962 33.8409 0.599484 0.800365 -0.0059288 63.7723 -0.0150127 0.0186502 0.999713 1.11378
0.834427 -0.55058 0.0243543 34.1713 0.550867 0.834566 -0.00669588 63.9481 -0.0166386 0.0190032 0.999681 1.10256
0.898844 -0.437541 0.0252433 34.8905 0.437886 0.898975 -0.0100208 64.2511 -0.0183086 0.0200609 0.999631 1.07652
0.922329 -0.385304 0.0291735 35.2022 0.385592 0.922657 -0.00479178 64.354 -0.0250709 0.0156687 0.999563 1.0621
0.950046 -0.311127 0.0247522 35.6615 0.311301 0.950305 -0.00341015 64.4815 -0.0224611 0.0109452 0.999688 1.05503
0.966904 -0.253883 0.02528 36.0234 0.253886 0.967229 0.00314314 64.5799 -0.0252495 0.00337913 0.999675 1.04886
0.97891 -0.201982 0.0306418 36.3482 0.201862 0.979389 0.00698634 64.661 -0.0314214 -0.000653567 0.999506 1.03878
0.991247 -0.129008 0.02805 36.8327 0.128823 0.991633 0.0082885 64.7467 -0.0288846 -0.00460246 0.999572 1.03137
0.99618 -0.0814983 0.0313567 37.158 0.0813772 0.99667 0.0051215 64.8046 -0.0316696 -0.00255022 0.999495 1.02409
0.999571 -0.0126124 0.0264255 37.6562 0.0124446 0.999901 0.0065081 64.8622 -0.026505 -0.00617646 0.99963 1.02384
0.996355 0.0828739 0.0202351 38.3087 -0.0828734 0.99656 -0.000860841 64.7931 -0.0202369 -0.000819256 0.999795 1.01122
0.991138 0.132175 0.0132833 38.6531 -0.132006 0.991166 -0.012828 64.676 -0.0148615 0.0109608 0.999829 0.993593
0.984387 0.175632 0.011645 39.0076 -0.175277 0.98416 -0.0265704 64.5443 -0.0161271 0.0241144 0.999579 0.97869
0.976883 0.213296 0.0142862 39.371 -0.212758 0.976575 -0.032187 64.4209 -0.0208169 0.0284035 0.99938 0.970136
0.967133 0.254077 0.00996921 39.8048 -0.253881 0.967076 -0.017581 64.3155 -0.0141079 0.0144722 0.999796 0.967922
0.961361 0.274555 0.0201372 40.0928 -0.274491 0.961572 -0.00588406 64.2793 -0.0209788 0.000129219 0.99978 0.9697
0.951888 0.305774 0.0202828 40.5408 -0.306017 0.951972 0.0101369 64.1916 -0.016209 -0.0158561 0.999743 0.970833
0.944289 0.328482 0.0204214 40.9136 -0.328819 0.944256 0.0160864 64.1103 -0.0139989 -0.0219052 0.999662 0.968006
0.937626 0.346986 0.0214142 41.2666 -0.347249 0.93772 0.0100125 64.0163 -0.0166063 -0.016824 0.999721 0.949127
0.928908 0.370087 0.0128802 41.7372 -0.370188 0.928934 0.00655783 63.8697 -0.00953789 -0.0108597 0.999896 0.910597
0.923138 0.384389 0.00783365 42.0794 -0.38441 0.923162 0.00131416 63.7344 -0.00672657 -0.00422449 0.999968 0.882477
0.915774 0.401685 0.00281535 42.5004 -0.401676 0.915776 -0.00322746 63.5421 -0.00387465 0.00182476 0.999991 0.870762
0.90095 0.43391 -0.00333035 43.414 -0.433918 0.900881 -0.0113329 63.0936 -0.00191719 0.0116555 0.99993 0.884141
0.896928 0.442104 0.00806885 43.751 -0.441968 0.896916 -0.0143681 62.8972 -0.0135893 0.009321 0.999864 0.884171
0.890713 0.45452 0.00650838 44.2542 -0.454355 0.890645 -0.0176974 62.6056 -0.0138405 0.0128062 0.999822 0.879562
0.88581 0.464027 0.00442409 44.7226 -0.463855 0.885677 -0.0203793 62.3303 -0.0133749 0.016 0.999783 0.87077
0.882441 0.470358 0.0078033 45.1479 -0.470124 0.88235 -0.0210254 62.0989 -0.0167747 0.0148851 0.999749 0.860533
0.879414 0.475937 0.0107596 45.6087 -0.475716 0.879414 -0.0180154 61.8561 -0.0180363 0.0107245 0.99978 0.847978
0.876338 0.481637 0.00755352 46.1767 -0.481517 0.876332 -0.0135307 61.5566 -0.0131363 0.00822031 0.99988 0.834431
0.873684 0.486456 0.00612507 46.6749 -0.486356 0.873666 -0.0128837 61.2808 -0.0116186 0.00827733 0.999898 0.821414
0.870842 0.491563 0.000298785 47.2666 -0.491528 0.870786 -0.011489 60.947 -0.00590773 0.00985822 0.999934 0.811583
0.869606 0.493741 0.00243404 47.7454 -0.493661 0.869535 -0.0143949 60.6702 -0.00922385 0.0113163 0.999893 0.801297
0.866253 0.499575 -0.00548068 48.9188 -0.499596 0.866122 -0.0153992 59.99 -0.00294612 0.0160778 0.999866 0.781329
0.866579 0.499017 0.00477179 49.3908 -0.498868 0.866492 -0.0179648 59.7142 -0.0130995 0.0131874 0.999827 0.762505
0.866588 0.499025 0.000175491 50.0786 -0.498952 0.866467 -0.0167981 59.3195 -0.00853473 0.0144695 0.999859 0.744917
0.867784 0.496942 -0.000247907 50.6786 -0.496841 0.867598 -0.0205762 58.9839 -0.0100101 0.0179789 0.999788 0.725723
0.869872 0.493273 0.00217746 51.2601 -0.49306 0.86961 -0.0258769 58.668 -0.0146579 0.021436 0.999663 0.703955
0.87217 0.489164 -0.00615359 52.0539 -0.489166 0.871881 -0.0232499 58.2409 -0.00600781 0.023288 0.999711 0.687192
0.87413 0.485625 -0.00807954 52.6786 -0.485675 0.873839 -0.022929 57.9117 -0.00407468 0.023967 0.999704 0.672622
0.876114 0.482089 -0.0037155 53.2813 -0.482019 0.875791 -0.025466 57.5956 -0.0090229 0.0241021 0.999669 0.655479
0.87831 0.47805 -0.00629561 54.0615 -0.478061 0.878033 -0.0227119 57.1927 -0.00532965 0.0229577 0.999722 0.637862
0.880307 0.474383 0.00464079 54.6278 -0.474128 0.880085 -0.0255475 56.8991 -0.0162036 0.0202893 0.999663 0.615519
0.882464 0.470377 0.00162376 55.4656 -0.470213 0.882237 -0.0236289 56.4643 -0.012547 0.0200882 0.99972 0.591732
0.884009 0.467465 -0.00201457 56.1522 -0.467364 0.88371 -0.0250736 56.0959 -0.00994072 0.0231068 0.999684 0.571521
0.884995 0.46557 -0.00534915 56.8476 -0.465558 0.884698 -0.02379 55.7258 -0.00634352 0.0235443 0.999703 0.553253
0.885559 0.464525 -0.00118489 57.5169 -0.464452 0.885369 -0.0201464 55.3733 -0.00830942 0.0183911 0.999796 0.539496
0.885618 0.464369 -0.00652692 58.39 -0.464415 0.885544 -0.0113974 54.9323 0.000487253 0.013125 0.999914 0.535618
0.885366 0.464895 0.000516556 59.0392 -0.464862 0.885317 -0.0108167 54.6001 -0.00548593 0.00933659 0.999941 0.535539
0.885248 0.465083 -0.00587539 59.8439 -0.465118 0.885213 -0.00795024 54.1842 0.00150345 0.00977068 0.999951 0.538119
0.885186 0.465209 0.00508426 60.4138 -0.46515 0.885179 -0.00965055 53.8816 -0.00899 0.00617759 0.99994 0.536774
0.885593 0.464311 -0.0118689 62.041 -0.464349 0.885652 -0.00057477 53.0466 0.0102448 0.00602033 0.999929 0.528501
0.885287 0.465023 0.00447173 62.5672 -0.464999 0.885294 -0.0055174 52.7712 -0.00652451 0.00280513 0.999975 0.526448
0.884371 0.466766 0.00408844 63.4127 -0.466764 0.884381 -0.00142135 52.343 -0.00427917 -0.000651339 0.999991 0.52217
0.882878 0.469447 0.0121124 64.048 -0.469482 0.882942 4.62951e-05 52.024 -0.0106728 -0.00572741 0.999927 0.522702
0.880456 0.473992 0.011332 64.9067 -0.474071 0.880469 0.00555077 51.5959 -0.00734642 -0.0102594 0.99992 0.524633
0.877558 0.479082 0.0192809 65.5271 -0.479251 0.877663 0.00509327 51.2741 -0.014482 -0.01371 0.999801 0.529313
0.87355 0.486482 0.0156529 66.3965 -0.486616 0.873595 0.00608188 50.8133 -0.0107155 -0.0129298 0.999859 0.530724
0.869559 0.493654 0.0131605 67.0752 -0.493733 0.869607 0.00343807 50.4341 -0.00974723 -0.00948737 0.999907 0.531133
0.864779 0.502023 0.0114197 67.7515 -0.502051 0.864838 -0.000454357 50.0434 -0.0101043 -0.00534034 0.999935 0.528756
0.859582 0.510747 0.0159893 68.368 -0.510796 0.859701 -0.00119458 49.6835 -0.0143561 -0.00714041 0.999871 0.528408
0.852722 0.522307 0.00774038 69.2003 -0.522345 0.852725 0.00395557 49.1883 -0.00453439 -0.00741615 0.999962 0.525359
0.847424 0.530827 0.00974779 69.7813 -0.530862 0.847458 0.00123983 48.8183 -0.0076027 -0.00622539 0.999952 0.52794
0.841044 0.540901 0.00839063 70.4779 -0.540912 0.841078 -0.00114733 48.3677 -0.00767777 -0.00357364 0.999964 0.527002
0.834272 0.55135 0.00189916 71.1997 -0.551353 0.834272 0.00101203 47.8911 -0.00102642 -0.00189142 0.999998 0.522241
0.829749 0.558045 0.0101625 71.722 -0.558035 0.829808 -0.004029 47.5331 -0.0106813 -0.00232799 0.99994 0.523004
0.824033 0.566315 0.0160262 72.3684 -0.56629 0.82418 -0.0064728 47.0904 -0.0168741 -0.0037417 0.999851 0.523229
0.81745 0.575933 0.00874469 73.0775 -0.575957 0.81748 0.000280906 46.6045 -0.00698682 -0.0052662 0.999962 0.519752
0.81243 0.582884 0.0142543 73.5648 -0.582955 0.812503 0.00108723 46.2683 -0.010948 -0.00919294 0.999898 0.521251
0.805892 0.591987 0.00944212 74.2719 -0.592047 0.805884 0.0055856 45.7688 -0.00430265 -0.0100916 0.99994 0.521862
0.801145 0.598312 0.0137911 74.7828 -0.598403 0.801187 0.00348401 45.3873 -0.00896472 -0.0110438 0.999899 0.526629
0.795866 0.605355 0.0119272 75.4445 -0.605405 0.795917 0.000697368 44.8821 -0.00907092 -0.00777581 0.999929 0.530931
0.792302 0.609949 0.0148228 75.9846 -0.609996 0.792403 -0.00167656 44.4684 -0.0127683 -0.00771353 0.999889 0.535453
0.789491 0.61367 0.0106629 76.622 -0.613676 0.789552 -0.00303449 43.9726 -0.010281 -0.00414784 0.999939 0.534644
0.787725 0.61596 0.0090626 77.1508 -0.615937 0.787776 -0.00552812 43.554 -0.0105444 -0.00122735 0.999944 0.531803
0.786502 0.617551 0.00664854 77.7175 -0.617525 0.78653 -0.00575455 43.1106 -0.00878301 0.000420333 0.999961 0.525771
0.785821 0.618413 0.00707065 78.231 -0.618369 0.785851 -0.00760706 42.7081 -0.0102608 0.00160552 0.999946 0.519418
0.786318 0.617821 0.000799296 78.8089 -0.617811 0.786312 -0.00472597 42.2624 -0.0035483 0.0032223 0.999988 0.509481
0.788377 0.615176 -0.00453292 79.2651 -0.615193 0.788353 -0.00606334 41.8904 -0.000156475 0.00756882 0.999971 0.505429
0.791515 0.611118 -0.00624111 79.7179 -0.61115 0.791468 -0.00864298 41.5261 -0.000342239 0.0106553 0.999943 0.503771
0.796308 0.604839 -0.00799641 80.2008 -0.604891 0.796248 -0.00978806 41.1486 0.000446931 0.0126313 0.99992 0.503382
0.800535 0.599286 0.000427749 80.5645 -0.599198 0.800429 -0.0166144 40.876 -0.0102992 0.0130441 0.999862 0.512038
0.80999 0.586424 -0.00470915 81.1386 -0.586408 0.809829 -0.0173687 40.4597 -0.00637179 0.0168299 0.999838 0.51775
0.817935 0.575293 -0.00456765 81.5292 -0.575251 0.817707 -0.0210254 40.1853 -0.00836078 0.019825 0.999768 0.527744
0.830278 0.557271 -0.0092915 81.976 -0.557344 0.83009 -0.0178453 39.8881 -0.00223189 0.0199951 0.999798 0.531225
0.843031 0.537737 -0.0117551 82.3847 -0.537858 0.842933 -0.0131593 39.6391 0.0028325 0.0174162 0.999844 0.533618
0.85691 0.515351 -0.0108678 82.8073 -0.51545 0.856858 -0.0102776 39.399 0.00401561 0.0144088 0.999888 0.538277
0.873219 0.487261 -0.0081552 83.2834 -0.487319 0.873186 -0.00821108 39.1512 0.00312007 0.0111443 0.999933 0.54692
0.886985 0.461797 0.00112022 83.689 -0.461757 0.886935 -0.0112355 38.9657 -0.00618209 0.00944846 0.999936 0.558727
0.907022 0.421049 0.00537896 84.2657 -0.420981 0.907009 -0.0104736 38.7398 -0.00928868 0.00723538 0.999931 0.569206
0.923593 0.383291 0.00802982 84.7018 -0.383196 0.923599 -0.0111787 38.6005 -0.011701 0.00724755 0.999905 0.575847
0.943737 0.3306 0.00796287 85.2702 -0.330552 0.943763 -0.00676505 38.4565 -0.00975159 0.00375228 0.999945 0.57998
0.95782 0.287164 0.0108602 85.6857 -0.287112 0.957878 -0.00608842 38.3931 -0.0121511 0.00271351 0.999922 0.581779
0.974607 0.223842 0.00607629 86.2605 -0.22382 0.974622 -0.0040316 38.325 -0.00682452 0.00256922 0.999973 0.584423
0.984566 0.174916 0.00589537 86.6486 -0.174863 0.984556 -0.00848944 38.3077 -0.00728926 0.00732752 0.999947 0.587057
0.995496 0.0945278 -0.00721185 87.2438 -0.0946097 0.995442 -0.0120167 38.3093 0.00604307 0.0126449 0.999902 0.593398
0.998915 0.0463018 -0.00500743 87.5682 -0.0463754 0.9988 -0.0157341 38.3406 0.00427291 0.0159492 0.999864 0.60157
0.999153 -0.0389206 -0.0133758 88.1425 0.0386642 0.999073 -0.018927 38.421 0.0141 0.0183938 0.999731 0.611521
0.994374 -0.104967 -0.0142065 88.582 0.104668 0.994299 -0.0203731 38.5146 0.016264 0.0187715 0.999691 0.62434
0.985115 -0.171512 -0.0115194 89.0339 0.17123 0.984981 -0.022198 38.6345 0.0151537 0.0198951 0.999687 0.637045
0.96984 -0.243512 -0.0105688 89.5108 0.243174 0.969629 -0.0262008 38.7867 0.016628 0.0228405 0.999601 0.654239
0.951308 -0.308177 -0.00638984 89.9378 0.307899 0.951021 -0.0275011 38.9525 0.0145521 0.0241946 0.999601 0.674378
0.928628 -0.371011 0.000591028 90.3596 0.370921 0.928364 -0.0236453 39.1577 0.00822398 0.0221769 0.99972 0.693684
0.900147 -0.435528 0.00710126 90.8103 0.435584 0.89997 -0.0178932 39.4211 0.00140209 0.0191997 0.999815 0.712212
0.875055 -0.483818 0.0141049 91.1523 0.483973 0.875014 -0.0109644 39.6364 -0.00703721 0.0164208 0.99984 0.725534
0.837511 -0.546204 0.0153924 91.633 0.546362 0.837502 -0.00890503 39.9766 -0.00802723 0.0158679 0.999842 0.747891
0.804225 -0.594247 0.00966068 92.0101 0.594322 0.804167 -0.0098661 40.2816 -0.0019059 0.0136761 0.999905 0.763716
0.779356 -0.626509 0.00947516 92.2843 0.626555 0.779373 -0.0026283 40.515 -0.00573803 0.00798509 0.999952 0.77438
0.742059 -0.670327 -0.00324794 92.7452 0.670222 0.742014 -0.0147434 40.9077 0.0122929 0.00876359 0.999886 0.785745
0.732612 -0.680645 0.00131026 92.9475 0.680638 0.732591 -0.00659123 41.078 0.0035264 0.00572062 0.999977 0.790714
0.71315 -0.701003 0.00348082 93.3481 0.700996 0.713091 -0.0102867 41.4623 0.00472886 0.00977598 0.999941 0.799219
0.706364 -0.70777 0.0106045 93.6437 0.707838 0.706357 -0.00500581 41.7374 -0.00394759 0.0110422 0.999931 0.81353
0.694308 -0.719635 0.00791265 94.0928 0.719662 0.694177 -0.0143304 42.1673 0.00481985 0.0156441 0.999866 0.834888
0.69064 -0.723137 0.00946077 94.3708 0.723197 0.690606 -0.00700992 42.4425 -0.00146453 0.0116833 0.999931 0.848484
0.686511 -0.727106 0.00428103 94.7245 0.727113 0.686517 -5.75841e-05 42.8342 -0.00289713 0.00315232 0.999991 0.86165
0.684373 -0.729123 -0.00372014 95.0706 0.729132 0.684367 0.0028428 43.2307 0.000473197 -0.00465801 0.999989 0.878138
0.685242 -0.728315 -0.00130903 95.3518 0.728289 0.6852 0.00986489 43.5361 -0.0062878 -0.00771319 0.999951 0.90191
0.686351 -0.727256 -0.00469376 95.8087 0.727265 0.686356 0.000557838 44.0274 0.0028159 -0.00379648 0.999989 0.934799
0.689981 -0.723826 -0.00154398 96.0998 0.723827 0.689981 0.00089708 44.3336 0.000415985 -0.00173655 0.999998 0.953812
0.694109 -0.719853 -0.00483294 96.5684 0.719813 0.694123 -0.007878 44.8292 0.00902566 0.00198938 0.999957 0.975603
0.697745 -0.716312 -0.00698209 96.9527 0.716285 0.69778 -0.00631041 45.2324 0.00939218 -0.000598105 0.999956 0.998345
0.701832 -0.712302 -0.00754773 97.321 0.712341 0.701812 0.00552474 45.612 0.0013618 -0.009254 0.999956 1.0173
0.706009 -0.708129 -0.0102488 97.8895 0.708178 0.706031 0.00188901 46.1827 0.00589834 -0.00859167 0.999946 1.06079
0.708622 -0.705574 -0.0045462 98.2759 0.705585 0.708586 0.00744904 46.5607 -0.00203448 -0.00848629 0.999962 1.0854
0.711584 -0.702601 -1.83936e-05 98.6381 0.702418 0.711398 0.0228482 46.9241 -0.0160401 -0.0162713 0.999739 1.09611
0.71458 -0.699553 0.00137096 99.1529 0.69929 0.714362 0.0260851 47.4267 -0.0192272 -0.0176812 0.999659 1.11167
0.715377 -0.698708 -0.00656975 99.7411 0.69872 0.715258 0.0140184 47.9986 -0.00509572 -0.0146189 0.99988 1.12386
0.715781 -0.69832 -0.00247555 100.093 0.698252 0.71565 0.0169849 48.3319 -0.0100893 -0.013886 0.999853 1.11891
0.71537 -0.698724 -0.00562041 100.616 0.698727 0.715268 0.0130938 48.8453 -0.00512885 -0.013294 0.999898 1.1193
0.71365 -0.70041 -0.0113986 101.134 0.700502 0.713581 0.0100069 49.363 0.00112486 -0.0151262 0.999885 1.12166
0.712079 -0.702043 -0.00894648 101.547 0.702082 0.711912 0.0162098 49.775 -0.00501088 -0.0178238 0.999829 1.12111
0.710251 -0.703932 -0.00487903 102.081 0.703867 0.710045 0.0201812 50.3135 -0.0107419 -0.0177679 0.999784 1.13157
0.70785 -0.706357 -0.00284107 102.68 0.706229 0.707632 0.0223019 50.9145 -0.0137427 -0.0177929 0.999747 1.15422
0.705985 -0.708211 -0.00469996 103.145 0.708048 0.705643 0.0271471 51.3839 -0.0159094 -0.0224933 0.99962 1.16103
0.703381 -0.710582 -0.0181341 103.768 0.71081 0.70308 0.0206478 52.0385 -0.00192226 -0.0274132 0.999622 1.1693
0.702228 -0.711712 -0.0184954 104.169 0.711944 0.701855 0.0231494 52.4603 -0.00349466 -0.0294238 0.999561 1.16587
0.698569 -0.715115 -0.024744 104.79 0.715524 0.698383 0.0169188 53.1194 0.0051819 -0.0295238 0.999551 1.16923
0.696705 -0.716999 -0.022685 105.252 0.717358 0.696347 0.0223306 53.6027 -0.000214411 -0.0318311 0.999493 1.17203
0.693044 -0.720551 -0.022281 105.912 0.720889 0.692838 0.0171618 54.2938 0.00307114 -0.027956 0.999604 1.18948
0.691849 -0.721846 -0.0168339 106.377 0.722018 0.69145 0.0242172 54.7755 -0.00584125 -0.0289091 0.999565 1.19754
0.689102 -0.724405 -0.0193807 107.09 0.724662 0.688922 0.0158755 55.5302 0.00185151 -0.0249843 0.999686 1.21762
0.689529 -0.724206 -0.00871699 107.509 0.72419 0.689247 0.0221017 55.9549 -0.00999802 -0.0215525 0.999718 1.22032
0.688704 -0.724983 -0.00935057 108.213 0.725023 0.688533 0.0162286 56.7003 -0.00532729 -0.0179561 0.999825 1.2313
0.689482 -0.724274 -0.00651565 108.658 0.7242 0.689204 0.0230495 57.1768 -0.0122035 -0.0206108 0.999713 1.2286
0.689185 -0.724346 -0.0186374 109.357 0.724585 0.689002 0.0159416 57.9407 0.00129397 -0.0244911 0.999699 1.23103
0.690557 -0.723077 -0.0170473 109.791 0.723251 0.690137 0.0248742 58.4092 -0.00622101 -0.0295066 0.999545 1.22755
0.691388 -0.721848 -0.03031 110.507 0.722465 0.691063 0.0218094 59.1908 0.00520306 -0.0369767 0.999303 1.23392
0.693752 -0.719757 -0.0256572 110.939 0.720177 0.692912 0.0349133 59.6442 -0.00735092 -0.0426989 0.999061 1.23352
0.695699 -0.717526 -0.0340563 111.678 0.718321 0.69519 0.0269413 60.4322 0.00434454 -0.0432064 0.999057 1.24203
0.697467 -0.715974 -0.0303525 112.189 0.716616 0.696901 0.0281151 60.9633 0.00102297 -0.0413604 0.999144 1.24339
0.699459 -0.71442 -0.0190075 112.713 0.714582 0.698699 0.0345235 61.4961 -0.0113837 -0.0377301 0.999223 1.24888
0.699725 -0.714247 -0.0153615 113.459 0.714373 0.699299 0.0255466 62.2552 -0.00750431 -0.0288495 0.999556 1.2642
0.700131 -0.713934 -0.010675 113.968 0.713893 0.699657 0.0289267 62.7652 -0.0131829 -0.0278734 0.999525 1.27048
0.700949 -0.713015 -0.016742 114.714 0.713187 0.700539 0.024677 63.5305 -0.00586662 -0.0292375 0.999555 1.28505
0.70164 -0.712231 -0.020689 115.322 0.712521 0.701178 0.0257582 64.1555 -0.00383914 -0.0328143 0.999454 1.29296
0.702826 -0.711214 -0.0145184 115.769 0.71109 0.701847 0.0419623 64.6138 -0.0196544 -0.0398161 0.999014 1.29323
0.703208 -0.710573 -0.0241695 116.538 0.710958 0.702488 0.0323898 65.4086 -0.00603657 -0.0399603 0.999183 1.29756
0.70314 -0.710323 -0.0321931 117.124 0.710881 0.703242 0.00993945 65.9879 0.0155793 -0.0298743 0.999432 1.28888
0.703048 -0.71073 -0.0242275 117.517 0.71109 0.703 0.0118714 66.371 0.00859462 -0.0255741 0.999636 1.28435
0.702152 -0.711598 -0.0247096 118.293 0.71191 0.702244 0.0062068 67.1506 0.0129354 -0.0219491 0.999675 1.29769
0.702005 -0.712098 -0.0102334 118.735 0.712083 0.701618 0.0258977 67.5938 -0.0112617 -0.0254674 0.999612 1.30789
0.700353 -0.713769 0.0062184 119.499 0.713005 0.699961 0.0409649 68.3727 -0.0335921 -0.0242562 0.999141 1.336
0.699635 -0.714447 0.00875294 119.967 0.713464 0.699227 0.0452878 68.8439 -0.038476 -0.02544 0.998936 1.33147
0.698665 -0.715377 -0.0100998 120.639 0.715268 0.698102 0.0323366 69.5493 -0.0160822 -0.0298165 0.999426 1.30588
0.69737 -0.716344 -0.0229465 121.219 0.716703 0.69716 0.0174657 70.1507 0.00348598 -0.0286259 0.999584 1.2831
0.696723 -0.71705 -0.0203945 121.671 0.71734 0.696439 0.0198824 70.6177 -5.31701e-05 -0.0284824 0.999594 1.27893
0.69458 -0.719155 -0.0193518 122.357 0.719415 0.694297 0.0198397 71.3358 -0.000831909 -0.0277023 0.999616 1.2895
0.691605 -0.72195 -0.0216954 122.932 0.722264 0.691452 0.015141 71.9513 0.00407026 -0.0261414 0.99965 1.29064
0.688442 -0.725047 -0.0188159 123.469 0.725286 0.68831 0.013788 72.5218 0.00295417 -0.0231392 0.999728 1.2918
0.686435 -0.727046 -0.0145398 123.929 0.727168 0.686117 0.0216732 73.0215 -0.00578145 -0.0254501 0.999659 1.2924
0.682807 -0.730455 -0.0145003 125.055 0.730472 0.682184 0.0321906 74.2793 -0.0136219 -0.032572 0.999377 1.30101
0.680605 -0.732253 -0.0241356 125.746 0.732647 0.680339 0.0191613 75.0356 0.00238952 -0.0307241 0.999525 1.30169
0.679724 -0.733145 -0.021756 126.251 0.733461 0.679547 0.0158327 75.5674 0.00317657 -0.0267191 0.999638 1.29667
0.678238 -0.73462 -0.0180787 126.767 0.734841 0.678065 0.0153644 76.1247 0.000971549 -0.0237057 0.999719 1.29342
0.675539 -0.737202 -0.0134327 127.291 0.737323 0.675388 0.0143429 76.6947 -0.00150133 -0.0195935 0.999807 1.29182
0.671695 -0.740795 -0.00694065 127.78 0.740776 0.671509 0.0180663 77.2375 -0.0087227 -0.0172765 0.999813 1.28901
0.66645 -0.745527 -0.00585417 128.281 0.745399 0.666135 0.0253852 77.8137 -0.0150257 -0.0212816 0.999661 1.28868
0.660419 -0.75087 -0.00646321 128.931 0.75073 0.660065 0.0268128 78.5676 -0.0158668 -0.0225598 0.99962 1.28856
0.657489 -0.753462 0.00194735 129.374 0.752911 0.657103 0.0366279 79.0638 -0.0288774 -0.0226163 0.999327 1.28872
0.652436 -0.757804 -0.00780658 130.087 0.757641 0.651987 0.0298877 79.8932 -0.0175592 -0.0254144 0.999523 1.27503
0.651005 -0.759067 -0.00312144 130.398 0.758597 0.650444 0.0381184 80.2587 -0.0269041 -0.0271831 0.999268 1.26348
0.64537 -0.763799 -0.010396 131.005 0.763718 0.64491 0.0287445 80.9927 -0.0152505 -0.0264904 0.999533 1.23537
0.639626 -0.768541 -0.0149267 131.525 0.768681 0.63943 0.016097 81.6333 -0.00282663 -0.0217699 0.999759 1.21166
0.635624 -0.771938 -0.00972029 131.934 0.77192 0.635329 0.0222705 82.1492 -0.0110159 -0.021659 0.999705 1.20198
0.628691 -0.777541 -0.0133031 132.533 0.777571 0.62828 0.0254466 82.9286 -0.0114278 -0.0263422 0.999588 1.19263
0.621992 -0.782785 -0.0193513 133.042 0.782992 0.621553 0.0244009 83.6077 -0.00707276 -0.0303291 0.999515 1.1809
0.616282 -0.787345 -0.0169041 133.44 0.787439 0.615754 0.0280449 84.1321 -0.0116722 -0.0305945 0.999464 1.17102
0.599632 -0.8 -0.020986 134.529 0.800271 0.599515 0.0122135 85.6045 0.00281058 -0.0241181 0.999705 1.15798
0.595303 -0.803316 -0.0172386 134.926 0.803426 0.594816 0.0264654 86.1562 -0.0110062 -0.0296049 0.999501 1.15767
0.585005 -0.810527 -0.0285547 135.557 0.811025 0.584761 0.0171396 87.0556 0.00280556 -0.0331853 0.999445 1.15312
0.580467 -0.813971 -0.0225847 135.924 0.814253 0.579979 0.0248136 87.5694 -0.00709885 -0.0327931 0.999437 1.14598
0.576518 -0.816965 -0.0139818 136.323 0.816743 0.575698 0.0387688 88.1318 -0.0236235 -0.0337704 0.99915 1.13819
0.571026 -0.820796 -0.0149528 136.903 0.820687 0.570315 0.0348472 88.9686 -0.0200747 -0.0321703 0.999281 1.11802
0.568799 -0.822337 -0.0151371 137.286 0.82213 0.567929 0.0394909 89.5166 -0.023878 -0.0349071 0.999105 1.10897
0.564779 -0.824811 -0.0266872 137.829 0.825167 0.563995 0.0317781 90.3214 -0.0111595 -0.039969 0.999139 1.08967
0.563246 -0.825737 -0.0302135 138.224 0.826237 0.562422 0.0318363 90.9014 -0.00929573 -0.0428952 0.999036 1.08052
0.560386 -0.827589 -0.0326356 138.742 0.828204 0.559609 0.0302573 91.6704 -0.00677747 -0.0439847 0.999009 1.07351
0.557683 -0.829325 -0.0347766 139.246 0.830027 0.556837 0.0314164 92.4328 -0.00668955 -0.0463859 0.998901 1.06955
0.556577 -0.830354 -0.0271117 139.603 0.830407 0.555021 0.0487349 92.9758 -0.0254196 -0.0496385 0.998444 1.0702
0.552296 -0.833283 -0.0246703 140.108 0.833176 0.550746 0.0499664 93.7471 -0.0280491 -0.048151 0.998446 1.0615
0.548171 -0.836102 -0.0210278 140.52 0.835997 0.547008 0.0435018 94.367 -0.0248696 -0.0414257 0.998832 1.04434
0.541316 -0.840484 -0.0237583 141.044 0.840786 0.540828 0.0241543 95.1714 -0.00745213 -0.0330508 0.999426 1.01546
0.536701 -0.84343 -0.0240613 141.398 0.843685 0.536015 0.0297248 95.7332 -0.0121736 -0.0362535 0.999268 1.00408
0.529579 -0.847831 -0.0269709 141.89 0.848156 0.528749 0.0324805 96.5446 -0.0132771 -0.0400766 0.999108 0.993997
0.524097 -0.851459 -0.018433 142.274 0.851319 0.523155 0.0395479 97.1784 -0.0240302 -0.0364193 0.999048 0.989977
0.511054 -0.859542 -0.00340458 143.211 0.859383 0.510874 0.0216467 98.7419 -0.0168669 -0.0139885 0.99976 0.956038
0.507338 -0.861725 0.00614293 143.551 0.861426 0.507331 0.0236878 99.3083 -0.0235289 -0.00672605 0.999701 0.946272
0.500225 -0.865881 0.00502649 144.057 0.86589 0.500234 0.000595259 100.16 -0.00302984 0.00405462 0.999987 0.92046
0.494366 -0.869205 0.00918015 144.481 0.869188 0.494172 -0.0175008 100.847 0.0106753 0.0166311 0.999805 0.90502
0.489783 -0.87177 0.011398 144.849 0.871844 0.489733 -0.0069871 101.469 0.000509143 0.0133595 0.999911 0.903415
0.486348 -0.873717 0.00919755 145.213 0.873427 0.486426 0.0227003 102.12 -0.0243076 -0.00300686 0.9997 0.906313
0.480934 -0.876736 0.00606951 145.709 0.876054 0.480814 0.0367101 103.031 -0.0351034 -0.0123379 0.999308 0.906467
0.477842 -0.878407 0.00821013 146.047 0.877443 0.477723 0.0432961 103.669 -0.0419538 -0.0134848 0.999029 0.902967
0.474452 -0.880269 -0.00476984 146.57 0.880154 0.474284 0.019595 104.671 -0.0149866 -0.0134951 0.999797 0.869218
0.472616 -0.881088 -0.0178349 146.911 0.881268 0.472518 0.00962472 105.337 -5.29194e-05 -0.0202661 0.999795 0.847429
0.471551 -0.881622 -0.0195357 147.238 0.881839 0.47143 0.0106665 105.983 -0.000194082 -0.0222571 0.999752 0.843289
0.470433 -0.882375 -0.0103152 147.592 0.88237 0.470224 0.0176712 106.658 -0.0107422 -0.0174149 0.999791 0.85131
0.4705 -0.882394 -0.00324943 147.967 0.882089 0.470234 0.0282544 107.362 -0.0234035 -0.01616 0.999595 0.862589
0.47051 -0.88239 -0.00291193 148.458 0.882035 0.470221 0.0301041 108.308 -0.0251943 -0.0167327 0.999543 0.867013
0.469968 -0.882683 0.000977606 148.78 0.882058 0.469676 0.0371255 108.929 -0.0332292 -0.0165855 0.99931 0.868026
0.467585 -0.883947 -0.00120691 149.267 0.883789 0.467475 0.0196194 109.866 -0.0167783 -0.0102404 0.999807 0.856401
0.46622 -0.884647 0.00620146 149.576 0.88459 0.466261 0.0100472 110.43 -0.0117798 0.000801515 0.99993 0.853422
0.464494 -0.885482 0.0129546 150.031 0.885576 0.464423 -0.00817248 111.262 0.00122018 0.0152683 0.999883 0.855568
0.463546 -0.886021 0.00962484 150.494 0.885897 0.46321 -0.0249396 112.117 0.0176386 0.0200872 0.999643 0.872131
0.462808 -0.886412 0.00912168 150.859 0.886398 0.462633 -0.0163927 112.799 0.0103107 0.0156721 0.999824 0.890036
0.461531 -0.886996 0.0150899 151.157 0.886973 0.461699 0.0106402 113.37 -0.0164048 0.00847357 0.99983 0.903781
0.459907 -0.88788 0.0124379 151.661 0.887867 0.460021 0.00858959 114.374 -0.0133482 0.00709274 0.999886 0.913036
0.459364 -0.888141 0.0138017 152.315 0.887884 0.459565 0.0214723 115.695 -0.0254132 0.00239069 0.999674 0.910656
0.45974 -0.888052 0.00183931 152.795 0.888021 0.45974 0.00763644 116.659 -0.00762716 -0.00187744 0.999969 0.919855
0.459575 -0.888139 -0.000429707 153.144 0.888126 0.459565 0.00567927 117.346 -0.0048465 -0.00299169 0.999984 0.929969
0.458609 -0.88861 -0.00708116 153.888 0.888638 0.458601 0.00274675 118.837 0.000806635 -0.00755227 0.999971 0.937459
0.457507 -0.889206 0.000342637 154.187 0.8891 0.457458 0.0152823 119.442 -0.0137458 -0.0066871 0.999883 0.943031
0.456433 -0.889741 0.00540254 154.51 0.88952 0.456443 0.0203361 120.098 -0.0205599 -0.00447642 0.999779 0.94765
0.455887 -0.890038 -0.000798309 154.978 0.890004 0.455861 0.00911827 121.041 -0.00775169 -0.0048674 0.999958 0.949382
0.454943 -0.89052 -0.000492869 155.26 0.890358 0.45485 0.0193302 121.588 -0.0169898 -0.00923299 0.999813 0.951869
0.453718 -0.891145 -0.000490885 155.67 0.890877 0.453568 0.0247607 122.385 -0.0218427 -0.0116717 0.999693 0.966306
0.452684 -0.891664 0.00350544 156.044 0.891344 0.452621 0.0252908 123.112 -0.0241375 -0.00832421 0.999674 0.989269
0.452244 -0.891881 0.00487127 156.406 0.891637 0.452238 0.021559 123.826 -0.0214311 -0.00540655 0.999756 1.01925
0.452676 -0.891672 0.00225023 156.759 0.891547 0.452652 0.0158123 124.518 -0.015118 -0.00515166 0.999872 1.05116
0.453642 -0.891181 -0.00224564 157.095 0.891144 0.453596 0.0106017 125.191 -0.0084294 -0.00681056 0.999941 1.09107
0.454792 -0.890549 -0.00929743 157.41 0.890593 0.454733 0.00779181 125.823 -0.00271114 -0.0118239 0.999926 1.13272
0.456864 -0.889444 -0.01285 157.711 0.889535 0.456844 0.0046435 126.425 0.00174033 -0.013552 0.999907 1.18026
0.460063 -0.887771 -0.0143432 158.004 0.887877 0.460074 0.00272356 127.007 0.00418102 -0.013988 0.999893 1.23405
0.464495 -0.885466 -0.0139715 158.296 0.885572 0.464479 0.00456736 127.586 0.00244524 -0.0144943 0.999892 1.28993
0.469779 -0.882709 -0.0115429 158.593 0.882779 0.46969 0.00962621 128.162 -0.00307556 -0.014712 0.999887 1.34772
0.475074 -0.879889 -0.0099766 158.902 0.879885 0.474877 0.0171618 128.742 -0.0103628 -0.0169314 0.999803 1.40882
0.480535 -0.87691 -0.0107372 159.209 0.876881 0.480268 0.0205519 129.318 -0.0128654 -0.0192912 0.999731 1.472
0.486521 -0.873582 -0.0123637 159.508 0.873623 0.4863 0.0171828 129.884 -0.00899807 -0.019161 0.999776 1.53813
0.492969 -0.869924 -0.014596 159.806 0.870045 0.492864 0.0103436 130.446 -0.00180433 -0.0177982 0.99984 1.60605
0.500114 -0.865726 -0.020108 160.145 0.865926 0.500163 0.00286091 131.07 0.00758054 -0.0188428 0.999794 1.69607
0.505522 -0.862623 -0.0181412 160.389 0.862806 0.505495 0.00636506 131.483 0.00367964 -0.01887 0.999815 1.7285
0.512904 -0.858366 -0.0116957 160.819 0.858442 0.512896 0.00388868 132.206 0.00266079 -0.0120346 0.999924 1.85244
0.518198 -0.855261 0.000520594 161.163 0.855255 0.518196 0.00336955 132.749 -0.00315162 -0.00130086 0.999994 1.93469
0.521775 -0.852941 0.0155871 161.455 0.852917 0.521947 0.0101763 133.189 -0.0168154 0.00798474 0.999827 1.97019
0.525111 -0.850862 0.0170917 161.77 0.850713 0.525359 0.0168945 133.674 -0.0233542 0.00566859 0.999711 2.00187
0.526858 -0.84987 0.0119209 162.196 0.849735 0.526989 0.0152938 134.338 -0.0192799 0.00207191 0.999812 2.06789
0.526404 -0.850208 0.00670255 162.926 0.849975 0.526421 0.0205477 135.507 -0.0209982 -0.00511938 0.999766 2.21193
0.526349 -0.850217 0.00936276 163.201 0.84958 0.526334 0.0344391 135.952 -0.0342086 -0.0101726 0.999363 2.19857
0.526092 -0.850384 -0.00860612 163.641 0.850165 0.525651 0.0301837 136.683 -0.0211439 -0.023196 0.999507 2.23685
0.525731 -0.850455 -0.0182379 163.913 0.850523 0.525161 0.0285724 137.147 -0.0147217 -0.0305332 0.999425 2.21339
0.523317 -0.851492 -0.0331662 164.309 0.852109 0.523226 0.0120769 137.835 0.00707004 -0.0345812 0.999377 2.23255
0.520719 -0.853269 -0.0280079 164.586 0.85366 0.520811 0.00445301 138.315 0.0107872 -0.026228 0.999598 2.22112
0.515731 -0.856139 -0.0323681 164.974 0.856479 0.516151 -0.00567618 139.012 0.0215664 -0.0247952 0.99946 2.25659
0.511702 -0.858178 -0.0411264 165.26 0.858909 0.512128 0.000218479 139.576 0.0208745 -0.0354356 0.999154 2.26848
0.504412 -0.863051 -0.0266716 165.906 0.86345 0.504335 0.0100134 140.798 0.00480937 -0.0280805 0.999594 2.37719
0.502972 -0.864235 -0.0108358 166.195 0.864218 0.502707 0.0203125 141.307 -0.0121075 -0.0195812 0.999735 2.34167
0.499333 -0.866232 -0.017564 166.599 0.866385 0.49937 0.00252542 142.071 0.00658335 -0.0164782 0.999843 2.33153
0.498209 -0.86698 -0.0115813 166.843 0.867057 0.498155 0.00733733 142.501 -0.000592024 -0.0136972 0.999906 2.2747
0.49486 -0.868951 -0.00609416 167.263 0.86886 0.494897 -0.0125909 143.276 0.0139568 0.000935735 0.999902 2.25243
0.494519 -0.86911 0.00996642 167.56 0.869145 0.494392 -0.0127808 143.782 0.0061806 0.0149826 0.999869 2.21628
0.494473 -0.868816 0.0255852 167.854 0.869101 0.494635 1.3886e-06 144.277 -0.0126565 0.0222354 0.999673 2.18359
0.49306 -0.869138 0.038611 168.287 0.869848 0.493307 -0.00352068 145.017 -0.0159871 0.0353216 0.999248 2.18153
0.492212 -0.869177 0.0475317 168.632 0.870272 0.492543 -0.00528181 145.588 -0.0188206 0.0439653 0.998856 2.14983
0.491576 -0.868981 0.0567855 168.987 0.870653 0.491759 -0.0116753 146.158 -0.0177792 0.0551797 0.998318 2.1084
0.491138 -0.869225 0.0568384 169.314 0.870818 0.491548 -0.00750522 146.669 -0.0214151 0.053182 0.998355 2.06428
