0.35254 -0.935777 0.00599026 0 0.935644 0.352591 0.0158112 0 -0.0169078 3.06723e-05 0.999857 0
0.35252 -0.935785 0.00598971 0.00174888 0.935651 0.352571 0.0158262 -0.000332213 -0.0169217 2.52332e-05 0.999857 -0.0049
0.352564 -0.935769 0.00596986 0.001646 0.935635 0.352615 0.0158148 -0.0017718 -0.016904 9.88625e-06 0.999857 -0.0094
0.352548 -0.935775 0.00597597 0.00349775 0.935641 0.352599 0.0158008 -0.00199328 -0.0168931 2.08298e-05 0.999857 -0.0089
0.352522 -0.935785 0.00588623 0.004115 0.935652 0.352572 0.0157855 -0.000553688 -0.0168471 -5.72796e-05 0.999858 -0.0098
0.352491 -0.935797 0.00586474 0.00349775 0.935664 0.35254 0.0157651 -0.000332212 -0.0168205 -6.96341e-05 0.999858 -0.0104
0.352499 -0.935794 0.00583176 0.00298338 0.935661 0.352548 0.0157816 -0.00254696 -0.0168243 -0.000106437 0.999858 -0.0003
0.352457 -0.93581 0.0058084 0.001646 0.935677 0.352505 0.0157856 -0.00298991 -0.0168198 -0.000128954 0.999859 -0.000199999
0.352406 -0.935829 0.00580472 0.0061725 0.935696 0.352453 0.0157997 -0.00298991 -0.0168317 -0.00013643 0.999858 0.0011
0.352397 -0.935833 0.00578621 0.00812712 0.9357 0.352445 0.0157727 0.00188254 -0.0167999 -0.000144104 0.999859 -0.0063
0.352453 -0.935812 0.00576947 0.00843575 0.935678 0.3525 0.0158077 0.00132885 -0.0168267 -0.000173097 0.999858 -0.0088
0.352467 -0.935807 0.0057685 0.00668687 0.935673 0.352514 0.015829 -0.00243623 -0.0168463 -0.000181762 0.999858 -0.0112
0.352374 -0.935842 0.00574205 0.0108019 0.935708 0.352421 0.0158228 -0.00188254 -0.0168312 -0.000202655 0.999858 -0.0079
0.352366 -0.935845 0.00573614 0.00895012 0.93571 0.352413 0.0158642 0.000110737 -0.016868 -0.000222654 0.999858 -0.0134
0.352335 -0.935856 0.00572325 0.00565812 0.935722 0.352382 0.0158737 -0.00155033 -0.0168722 -0.000237478 0.999858 -0.0041
0.352231 -0.935895 0.00572923 0.00473225 0.93576 0.352278 0.0158967 -0.000664425 -0.0168959 -0.000238125 0.999857 -0.0036
0.35234 -0.935854 0.00571202 0.005761 0.93572 0.352387 0.0158914 -0.00210401 -0.0168849 -0.000254329 0.999857 -0.0033
0.352324 -0.935861 0.00572088 0.00545238 0.935726 0.352371 0.0158953 -0.00476171 -0.0168917 -0.00024713 0.999857 -0.0041
0.352388 -0.935836 0.00575725 0.005761 0.935701 0.352435 0.0159232 -0.00365434 -0.0169306 -0.00022409 0.999857 -0.0068
0.352359 -0.935847 0.00576227 0.0101846 0.935712 0.352406 0.0159282 0.0008859 -0.016937 -0.00022061 0.999857 -0.0084
0.352362 -0.935846 0.00577109 0.00606963 0.935711 0.352409 0.0158923 -0.000775162 -0.0169065 -0.000199758 0.999857 -0.0105
0.352336 -0.935855 0.00586034 0.00678975 0.93572 0.352384 0.0159136 -0.0017718 -0.016958 -0.000123313 0.999856 -0.0083
0.352447 -0.935813 0.0058883 0.00596675 0.935678 0.352497 0.0158965 -0.00254696 -0.0169517 -9.31218e-05 0.999856 -0.0128
0.352408 -0.935828 0.00591722 0.00360062 0.935693 0.352457 0.0158683 -0.00232549 -0.0169356 -5.54165e-05 0.999857 -0.0086
0.352377 -0.935839 0.00594464 0.00565812 0.935705 0.352427 0.0158679 -0.000664425 -0.0169448 -2.90483e-05 0.999856 -0.0062
0.352355 -0.935847 0.00599093 0.00432075 0.935713 0.352406 0.015853 -0.00454024 -0.0169472 1.99033e-05 0.999856 -0.0052
0.352363 -0.935844 0.00598059 0.00267475 0.93571 0.352413 0.0158587 -0.00254696 -0.0169489 8.08593e-06 0.999856 -0.0056
0.352385 -0.935836 0.0059939 0.00853863 0.935702 0.352436 0.0158589 -0.00287918 -0.0169538 2.00617e-05 0.999856 -0.0078
0.352403 -0.935829 0.00602266 0.00596675 0.935695 0.352454 0.0158564 -0.0026577 -0.0169616 4.75248e-05 0.999856 -0.0144
0.352363 -0.935843 0.00609466 0.00596675 0.935709 0.352416 0.0158643 -0.00343286 -0.0169944 0.000112815 0.999856 -0.0115
0.352345 -0.93585 0.00612176 0.0053495 0.935716 0.352398 0.0158586 -0.00431876 -0.0169986 0.000140519 0.999856 -0.0065
0.352318 -0.93586 0.00612015 0.006584 0.935726 0.352371 0.0158651 -0.00387581 -0.0170041 0.00013721 0.999855 -0.007
0.35232 -0.935859 0.00612815 0.00678975 0.935725 0.352374 0.015851 -0.00609056 -0.0169937 0.000149628 0.999856 -0.0075
0.352253 -0.935885 0.00613153 0.00884725 0.935751 0.352307 0.0158147 -0.00465098 -0.0169609 0.000166802 0.999856 -0.011
0.352262 -0.935881 0.00614847 0.013168 0.935748 0.352316 0.0158129 -0.00476171 -0.0169652 0.000183136 0.999856 -0.0111
0.352261 -0.935881 0.00615566 0.0128594 0.935748 0.352315 0.0158177 -0.0026577 -0.0169722 0.000188181 0.999856 -0.0097
0.352278 -0.935875 0.00614939 0.013991 0.935742 0.352332 0.0158088 -0.00841605 -0.0169617 0.000185145 0.999856 -0.009
0.35225 -0.935886 0.00615434 0.0133738 0.935753 0.352304 0.0157725 -0.00221475 -0.0169294 0.000203079 0.999857 -0.0058
0.351313 -0.936241 0.00562681 0.0121393 0.936105 0.351357 0.0159924 -0.00232549 -0.0169497 -0.000351036 0.999856 -0.0032
0.349968 -0.936744 0.00581555 0.0259245 0.936614 0.350016 0.0155601 0.0269092 -0.0166113 1.39482e-06 0.999862 0.0067
0.350726 -0.936456 0.00644285 0.0348746 0.936323 0.350785 0.0157668 0.0709828 -0.017025 0.000502772 0.999855 0.015
0.350688 -0.936473 0.0059887 0.047734 0.936328 0.350739 0.0165126 0.112177 -0.0175641 -0.000183383 0.999846 0.0122
0.349632 -0.936869 0.00577244 0.066663 0.936696 0.349678 0.0180656 0.167546 -0.0189436 -0.000909284 0.99982 0.016
0.349961 -0.93674 0.0067472 0.0933076 0.936576 0.350026 0.0175405 0.233103 -0.0187926 0.000180777 0.999823 0.0125
0.349124 -0.937049 0.00716367 0.124787 0.936907 0.349196 0.0163803 0.305968 -0.0178507 0.000992952 0.99984 0.012
0.348239 -0.937381 0.00680793 0.160485 0.937249 0.348305 0.0157306 0.386695 -0.0171168 0.000902706 0.999853 0.0122
0.34788 -0.937514 0.00684749 0.194742 0.937392 0.347945 0.0151929 0.4775 -0.0166261 0.00113349 0.999861 0.00859998
0.346833 -0.937906 0.00624587 0.230543 0.937794 0.346889 0.0144919 0.569855 -0.0157586 0.000831072 0.999875 0.00639997
0.345822 -0.938276 0.00669879 0.263257 0.938182 0.345883 0.013395 0.669962 -0.0148852 0.0016524 0.999888 0.0167
0.344822 -0.938646 0.00646376 0.300704 0.938549 0.344879 0.0135556 0.763646 -0.0149531 0.00139229 0.999887 0.0306999
0.344894 -0.938621 0.00628435 0.334447 0.938494 0.34495 0.0154496 0.869843 -0.0166691 0.000569366 0.999861 0.0295999
0.34478 -0.938649 0.00804515 0.377037 0.93851 0.344868 0.0162563 0.968511 -0.0180335 0.00194562 0.999835 0.0215999
0.344857 -0.938619 0.00823882 0.417158 0.938468 0.34495 0.0169713 1.06751 -0.0187716 0.00187919 0.999822 0.0014999
0.343699 -0.939018 0.010774 0.45409 0.938865 0.343843 0.0174634 1.16496 -0.020103 0.00411317 0.999789 0.00639988
0.343472 -0.93911 0.0100107 0.492154 0.938941 0.343603 0.0180721 1.25798 -0.0204114 0.00319225 0.999787 0.0222999
0.34237 -0.939515 0.00969082 0.515712 0.939354 0.342493 0.0176713 1.35044 -0.0199215 0.00305299 0.999797 0.0114998
0.342577 -0.939447 0.00899189 0.560772 0.939268 0.342688 0.0184401 1.45432 -0.0204049 0.00212865 0.99979 0.0146998
0.341501 -0.939835 0.00930082 0.594 0.939669 0.341617 0.017861 1.55797 -0.0199637 0.00264016 0.999797 0.0311998
0.341443 -0.939859 0.00902766 0.638236 0.939686 0.341555 0.0181663 1.66372 -0.0201572 0.00228043 0.999794 0.0259997
0.341049 -0.940002 0.00898928 0.670745 0.93981 0.341162 0.0191101 1.7594 -0.0210304 0.00193072 0.999777 0.0176997
0.34128 -0.939919 0.00901617 0.715804 0.939722 0.341393 0.0193053 1.86382 -0.0212235 0.00188419 0.999773 0.0205997
0.341532 -0.939819 0.00980039 0.757263 0.939616 0.341663 0.0197064 1.96681 -0.0218689 0.00247824 0.999758 0.0355996
0.340882 -0.940066 0.00872134 0.804791 0.939863 0.34099 0.0195918 2.06991 -0.0213915 0.00151837 0.99977 0.0284996
0.33988 -0.940432 0.00827835 0.835962 0.940228 0.339979 0.0196581 2.17035 -0.0213016 0.00110212 0.999772 0.0403996
0.339397 -0.940608 0.00809884 0.880095 0.940414 0.339492 0.019126 2.27865 -0.0207396 0.00112495 0.999784 0.0407995
0.338961 -0.940771 0.00742242 0.930196 0.940583 0.339042 0.0188417 2.39038 -0.0202422 0.000594808 0.999795 0.0485995
0.338209 -0.94103 0.00882022 0.97937 0.940865 0.338316 0.0177359 2.50112 -0.0196741 0.00230018 0.999804 0.0303994
0.337994 -0.941109 0.00858026 1.02463 0.940972 0.338093 0.0162929 2.62083 -0.0182344 0.00256687 0.99983 0.0420994
0.33751 -0.941265 0.0103599 1.0627 0.94113 0.337643 0.0164737 2.72425 -0.019004 0.00418994 0.999811 0.0334993
0.338245 -0.941004 0.0101041 1.10776 0.940844 0.338378 0.0177086 2.83765 -0.0200828 0.00351655 0.999792 0.0579993
0.338189 -0.941022 0.010277 1.14911 0.940859 0.338326 0.0178928 2.94584 -0.0203145 0.00361807 0.999787 0.0711992
0.337438 -0.941281 0.0111767 1.19572 0.941118 0.337594 0.0180917 3.06079 -0.0208026 0.00441374 0.999774 0.0636991
0.33726 -0.941339 0.0116724 1.23481 0.941201 0.337421 0.0169771 3.17617 -0.0199197 0.00526033 0.999788 0.0454991
0.336617 -0.941593 0.00959753 1.28059 0.941448 0.336737 0.0168598 3.29655 -0.019107 0.00336025 0.999812 0.058899
0.335827 -0.941851 0.0116515 1.32308 0.941751 0.335977 0.014978 3.40274 -0.0180217 0.00594278 0.99982 0.0742989
0.335851 -0.941844 0.0115874 1.36083 0.941735 0.336002 0.0154064 3.51647 -0.0184038 0.00573798 0.999814 0.0718989
0.336164 -0.941763 0.00875685 1.39848 0.941653 0.336262 0.0147852 3.63717 -0.0168688 0.00327566 0.999852 0.0564988
0.336887 -0.941481 0.0109405 1.45445 0.941331 0.337036 0.017416 3.74426 -0.0200842 0.00443143 0.999788 0.0448987
0.336935 -0.941456 0.011628 1.49272 0.941335 0.33709 0.0160936 3.86795 -0.0190711 0.00552334 0.999803 0.0709986
0.33666 -0.941556 0.0115139 1.53716 0.941382 0.336826 0.018652 3.98522 -0.0214401 0.00455959 0.99976 0.0829986
0.336229 -0.941704 0.0119918 1.58623 0.941568 0.336397 0.0169495 4.1046 -0.0199954 0.0055922 0.999784 0.0683985
0.335159 -0.942096 0.011085 1.63695 0.941967 0.335306 0.016395 4.22309 -0.0191625 0.00494683 0.999804 0.0798984
0.334444 -0.942342 0.0117735 1.68653 0.942226 0.334601 0.0158671 4.349 -0.0188917 0.00578668 0.999805 0.0933983
0.33467 -0.942272 0.0108963 1.73159 0.942168 0.334806 0.0149489 4.46449 -0.0177341 0.00526316 0.999829 0.0927982
0.33494 -0.942154 0.0126678 1.78221 0.942057 0.335109 0.0151723 4.58564 -0.0185398 0.00685196 0.999805 0.0971981
0.33575 -0.941872 0.0122235 1.82665 0.941748 0.335918 0.0163981 4.70712 -0.0195511 0.0060058 0.999791 0.072498
0.336102 -0.941717 0.0142914 1.87479 0.941634 0.336301 0.0150479 4.8296 -0.0189771 0.0083996 0.999785 0.0648979
0.33638 -0.941574 0.016926 1.91625 0.941535 0.336619 0.0141053 4.96957 -0.0189788 0.0111917 0.999757 0.0601978
0.336291 -0.941606 0.016964 1.9644 0.941614 0.3365 0.0114295 5.09149 -0.0164705 0.0121299 0.999791 0.0522977
0.336381 -0.941558 0.0177764 2.02242 0.941569 0.33661 0.0119217 5.21087 -0.0172087 0.0127275 0.999771 0.0396975
0.3363 -0.941638 0.0148734 2.07046 0.941652 0.336455 0.00948044 5.33655 -0.0139314 0.0108173 0.999844 0.0644974
0.336305 -0.941651 0.0138982 2.1183 0.941675 0.336431 0.00793831 5.44917 -0.0121509 0.0104178 0.999872 0.0710973
0.33657 -0.941567 0.0131325 2.16531 0.941592 0.336679 0.00716402 5.5773 -0.0111668 0.00995428 0.999888 0.0677972
0.337512 -0.941221 0.0136945 2.22148 0.941263 0.337617 0.00617688 5.71295 -0.0104373 0.0108054 0.999887 0.050097
0.33622 -0.941715 0.0113795 2.26634 0.941751 0.336285 0.00428468 5.83686 -0.0078617 0.00927606 0.999926 0.0497969
0.336361 -0.941661 0.0117002 2.30728 0.941695 0.336433 0.0048368 5.96565 -0.00849094 0.00939107 0.99992 0.0592968
0.336911 -0.94148 0.0102856 2.36221 0.941525 0.33694 0.00115238 6.09023 -0.00455057 0.0092959 0.999946 0.0650966
0.337243 -0.941379 0.00856 2.41067 0.941415 0.337249 -0.000837709 6.22057 -0.00209825 0.00834103 0.999963 0.0639965
0.336708 -0.941573 0.00829977 2.46704 0.941609 0.336691 -0.00335961 6.35888 0.000368854 0.00894634 0.99996 0.0482963
0.337021 -0.941464 0.00792542 2.51642 0.941495 0.336991 -0.00488783 6.48158 0.00193092 0.00910904 0.999957 0.0597962
0.337227 -0.941394 0.00745359 2.5622 0.941417 0.337185 -0.00635317 6.6014 0.0034676 0.0091594 0.999952 0.064096
0.337387 -0.941334 0.00781555 2.60953 0.941356 0.337333 -0.00744284 6.73517 0.00436975 0.00986834 0.999942 0.0796959
0.3367 -0.941576 0.00825517 2.66436 0.941597 0.336631 -0.00866124 6.8654 0.00537626 0.0106893 0.999928 0.0620957
0.336867 -0.941508 0.00907241 2.70942 0.941511 0.336747 -0.0125772 6.99429 0.00878645 0.0127786 0.99988 0.0732956
0.336541 -0.941634 0.00812348 2.7733 0.941598 0.336397 -0.0151628 7.13382 0.0115451 0.012752 0.999852 0.0740954
0.336113 -0.941764 0.0104556 2.81497 0.94177 0.335958 -0.014167 7.25486 0.00982935 0.0146085 0.999845 0.0659952
0.335847 -0.941889 0.00718594 2.86188 0.941815 0.335689 -0.0172075 7.38143 0.0137954 0.0125469 0.999826 0.0515951
0.337452 -0.941324 0.0059351 2.90858 0.941282 0.337352 -0.0135029 7.50579 0.0107083 0.0101432 0.999891 0.0680949
0.337082 -0.941468 0.00379493 2.95457 0.941363 0.336978 -0.016762 7.62262 0.0145021 0.00922259 0.999852 0.0765947
0.339593 -0.940545 0.00722577 3.0165 0.94053 0.339495 -0.0120683 7.75838 0.00889765 0.0108944 0.999901 0.0569945
0.339079 -0.940711 0.0093593 3.06434 0.940705 0.338938 -0.0140132 7.89171 0.0100102 0.0135559 0.999858 0.0690944
0.339089 -0.940724 0.00748504 3.10487 0.940695 0.338968 -0.0139053 8.01175 0.0105438 0.0117563 0.999875 0.0643942
0.339004 -0.940743 0.00890417 3.14869 0.940704 0.338836 -0.0162866 8.13954 0.0123045 0.0138974 0.999828 0.085194
0.338904 -0.940794 0.00710158 3.19416 0.940758 0.338785 -0.0141021 8.27542 0.0108612 0.0114601 0.999875 0.0890938
0.339721 -0.940498 0.00733296 3.2491 0.940462 0.339595 -0.0143817 8.39867 0.0110357 0.0117821 0.99987 0.0802936
0.339304 -0.940645 0.00773642 3.30126 0.94062 0.339181 -0.0137698 8.52923 0.0103285 0.0119492 0.999875 0.0815934
0.340801 -0.94012 0.00543623 3.34385 0.940098 0.340731 -0.0108494 8.66377 0.00834742 0.00880808 0.999926 0.0812932
0.338342 -0.94099 0.00789665 3.40763 0.940983 0.338238 -0.0121146 8.80452 0.0087288 0.0115295 0.999895 0.089293
0.338542 -0.940932 0.00600099 3.47234 0.9409 0.33845 -0.0126203 8.94571 0.00984379 0.00991882 0.999902 0.0729927
0.338794 -0.940834 0.00714235 3.52048 0.940784 0.338659 -0.0153821 9.10152 0.0120532 0.0119308 0.999856 0.0672925
0.339095 -0.940739 0.0049456 3.59445 0.940695 0.339012 -0.0128393 9.25223 0.0104018 0.00900603 0.999905 0.0597922
0.339228 -0.940688 0.00556033 3.64846 0.940661 0.339149 -0.0116002 9.4025 0.00902634 0.00916548 0.999917 0.055692
0.339584 -0.940571 0.00305919 3.69805 0.940535 0.339537 -0.0104546 9.55521 0.00879457 0.00642749 0.999941 0.0674917
0.338989 -0.940782 0.00409616 3.76224 0.940765 0.338944 -0.00883142 9.70692 0.00692007 0.00684727 0.999953 0.0818915
0.338629 -0.94092 0.000689489 3.81234 0.94087 0.338603 -0.0105937 9.85919 0.00973437 0.00423606 0.999944 0.0810912
0.339097 -0.940747 0.00273102 3.88157 0.940695 0.339044 -0.0119074 10.0129 0.0102759 0.00660682 0.999925 0.0739909
0.338601 -0.94093 0.000946327 3.94114 0.940871 0.338568 -0.0115453 10.1711 0.0105429 0.00479961 0.999933 0.0756906
0.338779 -0.940864 0.00188453 3.99525 0.940812 0.338737 -0.0114278 10.3236 0.0101136 0.00564448 0.999933 0.0970903
0.339643 -0.940553 0.0016796 4.06798 0.940512 0.33961 -0.010127 10.4908 0.00895453 0.00501923 0.999947 0.09179
0.339032 -0.940766 0.00409951 4.11685 0.940737 0.338976 -0.0104097 10.6518 0.00840345 0.00738578 0.999937 0.0955897
0.339178 -0.940714 0.00388594 4.17724 0.940669 0.339111 -0.0120985 10.8012 0.0100635 0.00775894 0.999919 0.0916894
0.338413 -0.94098 0.00577109 4.23896 0.940939 0.338316 -0.0132887 10.9638 0.010552 0.0099273 0.999895 0.108389
0.338623 -0.940899 0.00655522 4.30202 0.940861 0.338514 -0.0137741 11.1155 0.010741 0.0108318 0.999884 0.108489
0.339666 -0.940521 0.00690813 4.36663 0.9405 0.339567 -0.0124244 11.2688 0.00933967 0.0107173 0.999899 0.104488
0.340587 -0.940177 0.00819779 4.4192 0.94017 0.340474 -0.012548 11.4339 0.00900619 0.011981 0.999888 0.0964882
0.340725 -0.940126 0.00832366 4.48113 0.940131 0.340628 -0.0112045 11.5854 0.00769835 0.011643 0.999903 0.108188
0.340742 -0.940115 0.00892512 4.54265 0.940105 0.340607 -0.0137812 11.7345 0.00991592 0.0130864 0.999865 0.101688
0.341041 -0.940025 0.00656836 4.60931 0.939977 0.340921 -0.0146677 11.8968 0.0115487 0.0111764 0.999871 0.0979872
0.340111 -0.940359 0.00698854 4.66229 0.940295 0.339965 -0.0164278 12.047 0.0130722 0.0121586 0.999841 0.0983869
0.340672 -0.940161 0.0062306 4.72062 0.940102 0.34055 -0.0152838 12.199 0.0122474 0.0110642 0.999864 0.0994865
0.341465 -0.939858 0.0083267 4.78523 0.939818 0.341311 -0.0157547 12.3622 0.0119652 0.0132053 0.999841 0.0926862
0.340934 -0.940024 0.010946 4.83749 0.940026 0.340755 -0.0153808 12.5215 0.0107284 0.0155334 0.999822 0.0933858
0.341145 -0.939971 0.00864445 4.90096 0.939939 0.340991 -0.0154659 12.6642 0.0115898 0.0134014 0.999843 0.0990855
0.340942 -0.94003 0.0101444 4.96155 0.940007 0.340755 -0.0164948 12.8158 0.0120489 0.0151595 0.999812 0.0837851
0.340247 -0.940312 0.00675758 5.03449 0.94022 0.340084 -0.0181597 12.9613 0.0147777 0.0125324 0.999812 0.0811848
0.341477 -0.93987 0.00617787 5.07585 0.939784 0.341333 -0.017241 13.1202 0.0140956 0.0116933 0.999832 0.107684
0.341931 -0.939706 0.0060351 5.14107 0.939643 0.341809 -0.0154075 13.272 0.0124157 0.0109391 0.999863 0.091884
0.341011 -0.940023 0.00826787 5.20722 0.939985 0.340861 -0.015532 13.4298 0.0117823 0.0130683 0.999845 0.0880837
0.34103 -0.940029 0.00665474 5.26689 0.939946 0.340876 -0.0174888 13.5781 0.0141716 0.0122193 0.999825 0.104483
0.34132 -0.939916 0.00761055 5.32655 0.939853 0.341159 -0.0169638 13.7318 0.0133481 0.0129429 0.999827 0.102783
0.341333 -0.939908 0.00801385 5.37984 0.939846 0.341163 -0.0172287 13.8788 0.0134593 0.0134125 0.999819 0.101183
0.341869 -0.939719 0.00734037 5.44363 0.939653 0.341713 -0.0168746 14.03 0.0133491 0.0126663 0.999831 0.108082
0.342419 -0.939527 0.00626654 5.50257 0.939461 0.342289 -0.0158541 14.1805 0.0127503 0.0113159 0.999855 0.121482
0.342247 -0.939581 0.00734673 5.56265 0.93953 0.342106 -0.0157325 14.3237 0.0122686 0.0122869 0.999849 0.106781
0.343435 -0.939148 0.00729052 5.63343 0.939049 0.343249 -0.0191758 14.4844 0.0155065 0.0134318 0.99979 0.111081
0.34367 -0.939065 0.00693262 5.67551 0.938961 0.343491 -0.0191272 14.6443 0.0155804 0.0130829 0.999793 0.107281
0.342322 -0.939567 0.00545898 5.73486 0.939456 0.342175 -0.0183787 14.7917 0.0154001 0.0114199 0.999816 0.11508
0.342141 -0.939642 0.00347549 5.78939 0.939487 0.342011 -0.0198181 14.9315 0.0174333 0.0100458 0.999798 0.11018
0.343997 -0.938959 0.00475415 5.85389 0.938837 0.343859 -0.0185873 15.0941 0.0158179 0.0108573 0.999816 0.102979
0.345121 -0.938513 0.00917381 5.9116 0.938459 0.344926 -0.0178868 15.258 0.0136227 0.0147823 0.999798 0.0948789
0.344343 -0.938811 0.00784574 5.9686 0.93872 0.34415 -0.0191255 15.4017 0.0152551 0.0139507 0.999786 0.0900785
0.344432 -0.938783 0.00734549 6.02898 0.938685 0.344246 -0.0191269 15.554 0.0154273 0.013483 0.99979 0.102778
0.343826 -0.939018 0.00538907 6.09235 0.938906 0.343679 -0.0184541 15.7069 0.0154766 0.0114048 0.999815 0.0845776
0.343583 -0.939105 0.00560572 6.15552 0.938952 0.343402 -0.0210716 15.8565 0.0178634 0.0125033 0.999762 0.0813772
0.345572 -0.938385 0.0036802 6.20593 0.938232 0.345438 -0.0198595 16.0067 0.0173646 0.0103158 0.999796 0.0787768
0.345774 -0.938303 0.00534115 6.27403 0.938205 0.345638 -0.0175081 16.1699 0.0145818 0.0110649 0.999832 0.0814763
0.344497 -0.938762 0.00688475 6.32794 0.938671 0.34433 -0.0182756 16.3166 0.0147858 0.0127584 0.999809 0.0848759
0.34456 -0.938762 0.00227305 6.39758 0.938593 0.34445 -0.0199344 16.4694 0.0179307 0.00900206 0.999799 0.0877754
0.344234 -0.938858 0.00701219 6.44717 0.938733 0.344035 -0.0204988 16.6282 0.016833 0.013639 0.999765 0.093875
0.344016 -0.938943 0.00632282 6.50015 0.938816 0.343834 -0.0200863 16.7753 0.0166859 0.012846 0.999778 0.0983745
0.34481 -0.938659 0.00504406 6.56167 0.938523 0.344654 -0.0197074 16.9215 0.0167601 0.0115293 0.999793 0.0860741
0.345698 -0.938322 0.00666744 6.61887 0.938219 0.345526 -0.0188815 17.0803 0.0154132 0.0127828 0.999799 0.0889736
0.345278 -0.938484 0.00558892 6.68769 0.938368 0.345124 -0.0188262 17.2293 0.0157392 0.0117448 0.999807 0.0870731
0.345447 -0.938407 0.00762322 6.73903 0.938302 0.345247 -0.0198653 17.3789 0.0160099 0.0140153 0.999774 0.0876726
0.346527 -0.938013 0.0071563 6.79931 0.937899 0.346332 -0.0199894 17.5383 0.0162719 0.0136387 0.999775 0.0864721
0.345289 -0.938481 0.00542358 6.87009 0.938314 0.345102 -0.021695 17.68 0.0184886 0.0125801 0.99975 0.0850717
0.346839 -0.93792 0.00307644 6.92183 0.937772 0.346721 -0.0191947 17.8348 0.0169364 0.00954246 0.999811 0.0745712
0.347245 -0.937761 0.00507422 6.96967 0.937649 0.347105 -0.0182552 17.9941 0.0153577 0.0110969 0.99982 0.0859707
0.347363 -0.937717 0.00510488 7.03222 0.937574 0.3472 -0.0201873 18.1352 0.0171576 0.0117985 0.999783 0.0946702
0.347198 -0.937776 0.00548209 7.09672 0.937599 0.347001 -0.0223428 18.2925 0.0190502 0.0128974 0.999735 0.0843697
0.347329 -0.937725 0.00593965 7.1675 0.937555 0.347125 -0.0222604 18.4418 0.0188123 0.0133004 0.999735 0.0890692
0.346618 -0.938001 0.00301718 7.21688 0.937801 0.346473 -0.0220264 18.5952 0.0196154 0.0104643 0.999753 0.0858687
0.346704 -0.937971 0.00244444 7.28406 0.937782 0.346579 -0.0211417 18.742 0.0189831 0.00962227 0.999774 0.107368
0.347668 -0.937616 0.00205025 7.34681 0.93744 0.347558 -0.020221 18.8996 0.018247 0.00895218 0.999793 0.103968
0.346633 -0.937988 0.00500342 7.40545 0.93788 0.346498 -0.0178814 19.0482 0.0150389 0.0108909 0.999828 0.0968671
0.347362 -0.937728 0.00237865 7.46861 0.937568 0.347254 -0.0195201 19.1905 0.0174786 0.00901071 0.999807 0.118467
0.347471 -0.937684 0.0036234 7.52293 0.937533 0.347339 -0.0197072 19.3574 0.0172206 0.0102447 0.999799 0.115366
0.346052 -0.938187 0.00726815 7.56748 0.938076 0.345857 -0.0199346 19.5043 0.0161887 0.0137165 0.999775 0.125866
0.3466 -0.937989 0.00666746 7.63784 0.937862 0.346408 -0.0204134 19.6498 0.0168379 0.0133284 0.999769 0.130265
0.347472 -0.937673 0.00568051 7.69823 0.937543 0.347304 -0.0198431 19.8165 0.0166335 0.0122206 0.999787 0.117564
0.347978 -0.937475 0.00722413 7.7615 0.937397 0.347813 -0.017716 19.9784 0.0140957 0.0129367 0.999817 0.117464
0.346852 -0.937831 0.0129087 7.8117 0.937834 0.346601 -0.0183232 20.1272 0.0127099 0.0184617 0.999749 0.112263
0.348469 -0.9373 0.00618258 7.87682 0.937189 0.348303 -0.019028 20.2681 0.0156816 0.0124249 0.9998 0.0948628
0.349084 -0.937074 0.00577945 7.94451 0.936904 0.348884 -0.0221484 20.4288 0.0187383 0.0131464 0.999738 0.111162
0.349127 -0.937074 0.00156741 7.98875 0.936977 0.349066 -0.0150344 20.5842 0.0135412 0.00671754 0.999886 0.106062
0.349237 -0.937033 0.00188177 8.05274 0.936887 0.349145 -0.018471 20.7415 0.0166509 0.00821376 0.999828 0.102061
0.348653 -0.937249 0.00230956 8.11076 0.937117 0.34856 -0.017828 20.8942 0.0159043 0.00838013 0.999838 0.0971604
0.349061 -0.937089 0.00446169 8.16343 0.936977 0.348935 -0.0178263 21.0392 0.015148 0.010403 0.999831 0.0968599
0.348484 -0.937298 0.00552327 8.22402 0.937167 0.348319 -0.0197838 21.1938 0.0166194 0.0120706 0.999789 0.0996593
0.348733 -0.937213 0.00413181 8.28935 0.937056 0.348584 -0.0203784 21.3468 0.0176586 0.0109783 0.999784 0.108659
0.348601 -0.937259 0.00482978 8.34243 0.937124 0.348451 -0.0195049 21.4957 0.0165982 0.0113255 0.999798 0.109758
0.349736 -0.936848 -0.000556801 8.40374 0.936707 0.349694 -0.0171682 21.6442 0.0162787 0.0054828 0.999852 0.0954575
0.350397 -0.936595 0.00328297 8.46958 0.93648 0.350294 -0.0172928 21.8097 0.0150464 0.0091338 0.999845 0.0985569
0.349878 -0.936791 0.00281346 8.52863 0.936667 0.349778 -0.017633 21.959 0.0155343 0.00880466 0.999841 0.117156
0.349986 -0.936751 0.00260348 8.58635 0.936612 0.349883 -0.0184529 22.1174 0.0163748 0.00889669 0.999826 0.110956
0.350597 -0.936521 0.00307341 8.64715 0.93637 0.350476 -0.0194103 22.2604 0.017101 0.00968304 0.999807 0.103255
0.350926 -0.936386 0.00571789 8.70825 0.936252 0.350752 -0.0201411 22.4142 0.0168543 0.0124214 0.999781 0.113854
0.352011 -0.935987 0.00407206 8.76401 0.935838 0.351868 -0.0199259 22.5613 0.0172175 0.0108249 0.999793 0.110054
0.352643 -0.935753 0.00321905 8.81411 0.935607 0.352522 -0.0192001 22.7256 0.0168317 0.00978252 0.99981 0.100953
0.351359 -0.936235 0.00321494 8.87254 0.936123 0.351258 -0.017077 22.8766 0.0148588 0.00900973 0.999849 0.111853
0.351267 -0.936268 0.00376258 8.93386 0.936097 0.351119 -0.0209141 23.0312 0.0182601 0.0108686 0.999774 0.109752
0.351128 -0.936319 0.00390839 8.99538 0.936144 0.350974 -0.0212773 23.1727 0.0185506 0.0111299 0.999766 0.0979513
0.351413 -0.93622 0.00140284 9.06502 0.936011 0.351302 -0.0216795 23.3261 0.019804 0.00893153 0.999764 0.0869507
0.352297 -0.935885 0.00246206 9.11234 0.935751 0.352198 -0.0180747 23.4902 0.0160487 0.00867154 0.999834 0.11515
0.354108 -0.935203 0.00187432 9.1787 0.93508 0.354027 -0.0170247 23.6262 0.0152579 0.00778121 0.999853 0.105049
0.352773 -0.935685 0.00673491 9.23919 0.935595 0.352608 -0.0181738 23.7849 0.0146302 0.0127124 0.999812 0.0944487
0.352482 -0.935794 0.00685259 9.30421 0.935697 0.352308 -0.0187242 23.9313 0.0151078 0.0130119 0.999801 0.0974481
0.352392 -0.935814 0.0085048 9.36068 0.935708 0.352163 -0.0207839 24.0825 0.0164548 0.0152821 0.999748 0.103547
0.35245 -0.935806 0.00679862 9.42344 0.935687 0.352259 -0.0200667 24.228 0.0163837 0.0134339 0.999776 0.100747
0.353473 -0.935429 0.00545802 9.47477 0.935307 0.353315 -0.0192343 24.3804 0.0160639 0.0119037 0.9998 0.117146
0.353996 -0.935241 0.00326476 9.53187 0.93512 0.353888 -0.0177117 24.5378 0.0154093 0.00932281 0.999838 0.120145
0.35356 -0.935388 0.00663814 9.59287 0.935309 0.353407 -0.0173465 24.6935 0.0138798 0.0123417 0.999828 0.122845
0.353773 -0.935318 0.0049483 9.65038 0.935212 0.353638 -0.0178669 24.8403 0.0149613 0.0109485 0.999828 0.114944
0.353511 -0.935397 0.00786328 9.71066 0.935306 0.353314 -0.0192992 24.9978 0.0152742 0.0141771 0.999783 0.117743
0.353387 -0.935471 0.00339372 9.77177 0.93535 0.353277 -0.0177822 25.1348 0.0154358 0.00945831 0.999836 0.117843
0.355167 -0.934789 0.00511008 9.84049 0.934692 0.355035 -0.0173555 25.2864 0.0144095 0.0109404 0.999836 0.116542
0.356009 -0.934457 0.00693345 9.89491 0.934384 0.355854 -0.0171487 25.438 0.0135574 0.0125836 0.999829 0.116441
0.355721 -0.934564 0.00728488 9.95767 0.934504 0.35557 -0.0164935 25.5958 0.0128239 0.0126748 0.999837 0.101541
0.354604 -0.934974 0.00897138 10.0152 0.934897 0.354388 -0.0194159 25.7437 0.014974 0.0152723 0.999771 0.0926399
0.354908 -0.934889 0.00480171 10.0725 0.934774 0.354771 -0.0182918 25.8913 0.0153973 0.0109804 0.999821 0.0857392
0.353846 -0.935297 0.00344225 10.1405 0.935151 0.35372 -0.0193579 26.034 0.0168878 0.0100687 0.999807 0.0898385
0.35468 -0.934977 0.00457658 10.1915 0.934836 0.35453 -0.0197343 26.1819 0.0168286 0.0112777 0.999795 0.0959378
0.35547 -0.934676 0.0046984 10.2527 0.934551 0.355327 -0.018909 26.3257 0.0160043 0.0111125 0.99981 0.0996372
0.3565 -0.934277 0.00582705 10.3071 0.934163 0.356338 -0.0190611 26.4742 0.0157319 0.0122387 0.999801 0.0975364
0.355726 -0.934567 0.00662436 10.375 0.934482 0.355569 -0.017714 26.6256 0.0141995 0.0124917 0.999821 0.107836
0.355499 -0.934664 0.00491531 10.4298 0.934544 0.355354 -0.0187295 26.7739 0.0157591 0.0112519 0.999812 0.107835
0.354548 -0.935003 0.00812958 10.4808 0.934878 0.354313 -0.0215829 26.9176 0.0172997 0.0152523 0.999734 0.112434
0.354565 -0.935005 0.00693268 10.5304 0.934885 0.354369 -0.0203065 27.0634 0.01653 0.0136812 0.99977 0.107634
0.355824 -0.934534 0.00585852 10.5881 0.934409 0.355653 -0.0197768 27.2113 0.0163985 0.0125113 0.999787 0.110533
0.356473 -0.934296 0.00425107 10.6452 0.934197 0.356359 -0.0168782 27.3595 0.0142543 0.00998795 0.999849 0.125932
0.356546 -0.934274 0.00253242 10.7007 0.934179 0.356468 -0.0154812 27.5141 0.0135609 0.0078855 0.999877 0.118731
0.355063 -0.934842 0.000204631 10.7617 0.934718 0.355012 -0.0163828 27.6594 0.0152427 0.00600818 0.999866 0.116231
0.354357 -0.93511 0.000182201 10.826 0.934987 0.354307 -0.016327 27.8107 0.015203 0.00595593 0.999867 0.11483
0.354498 -0.935056 0.00109852 10.8775 0.934938 0.354434 -0.0163561 27.9586 0.0149045 0.00682525 0.999866 0.118829
0.355408 -0.934707 0.0027211 10.9294 0.934622 0.355332 -0.0148728 28.1111 0.0129348 0.0078291 0.999886 0.125628
0.355754 -0.934577 0.00228115 10.9891 0.934495 0.355688 -0.01429 28.2598 0.0125437 0.00721544 0.999895 0.111928
0.361165 -0.9325 0.00212474 11.0542 0.932433 0.361109 -0.0129746 28.4107 0.0113316 0.00666715 0.999914 0.115927
0.366713 -0.930331 0.00247035 11.1172 0.930274 0.366658 -0.0123311 28.5536 0.0105662 0.00682009 0.999921 0.110426
0.375287 -0.926906 0.00216297 11.1784 0.926827 0.375222 -0.014109 28.71 0.0122661 0.00729963 0.999898 0.103025
0.38108 -0.924542 0.00114208 11.2437 0.924444 0.381021 -0.0150356 28.8487 0.0134659 0.00678554 0.999886 0.121825
0.387626 -0.921816 0.00136663 11.3009 0.921748 0.387578 -0.0128044 28.9899 0.0112736 0.00622301 0.999917 0.115624
0.393826 -0.919183 0.0019921 11.377 0.91912 0.393771 -0.0127717 29.1329 0.0109551 0.00686083 0.999916 0.115223
0.397733 -0.917498 0.00265358 11.4415 0.917433 0.397666 -0.0133604 29.2797 0.0112029 0.00774837 0.999907 0.122322
0.402915 -0.915223 0.00515609 11.5046 0.915162 0.402802 -0.015158 29.4273 0.0117961 0.010826 0.999872 0.122521
0.408021 -0.912966 0.00352309 11.5751 0.912914 0.407948 -0.012905 29.5712 0.0103446 0.00848177 0.999911 0.126121
0.411415 -0.911402 0.0091259 11.6454 0.911393 0.411259 -0.0151203 29.7205 0.0100276 0.014538 0.999844 0.12322
0.414215 -0.910134 0.00900392 11.7154 0.910113 0.414045 -0.0161599 29.8531 0.0109797 0.0148883 0.999829 0.125819
0.417398 -0.908654 0.0112839 11.7869 0.908672 0.417209 -0.0158628 29.9984 0.00970608 0.0168744 0.999811 0.113618
0.419709 -0.907612 0.00920245 11.8419 0.907619 0.419574 -0.0136094 30.1382 0.00849094 0.0140643 0.999865 0.111817
0.420628 -0.9072 0.00775471 11.9084 0.907195 0.420517 -0.0127699 30.2904 0.00832386 0.0124064 0.999888 0.109917
0.419495 -0.9077 0.0101895 11.9809 0.907703 0.41932 -0.0156996 30.4255 0.0099779 0.0158349 0.999825 0.121416
0.421089 -0.90696 0.0103602 12.0521 0.90696 0.420904 -0.0162239 30.5668 0.0103538 0.016228 0.999815 0.126815
0.419884 -0.907493 0.0124145 12.1201 0.907503 0.419635 -0.0185722 30.7165 0.0116446 0.0190643 0.99975 0.119514
0.421515 -0.906734 0.0125797 12.1872 0.906739 0.42125 -0.0192881 30.8597 0.01219 0.0195367 0.999735 0.118713
0.422941 -0.906087 0.0112994 12.2558 0.90608 0.422709 -0.0183398 30.9941 0.011841 0.0179948 0.999768 0.108113
0.424384 -0.905438 0.00893337 12.3249 0.905417 0.424213 -0.0162398 31.1303 0.0109145 0.0149803 0.999828 0.109712
0.422921 -0.906153 0.00499597 12.3961 0.906073 0.422792 -0.0166909 31.2684 0.0130123 0.0115857 0.999848 0.126411
0.423236 -0.906019 0.000345091 12.4679 0.905882 0.423165 -0.0175879 31.4043 0.015789 0.00775647 0.999845 0.13381
0.423577 -0.90586 -0.000458042 12.5316 0.905715 0.423518 -0.017702 31.5348 0.0162296 0.00708331 0.999843 0.127909
0.424374 -0.905486 -0.00148828 12.5907 0.905322 0.424328 -0.0183831 31.6802 0.0172772 0.00645395 0.99983 0.130108
0.424094 -0.905615 0.00233579 12.6599 0.905459 0.42397 -0.0198293 31.8188 0.0169674 0.0105244 0.999801 0.130908
0.427766 -0.90389 0.000197265 12.7285 0.903773 0.427707 -0.0161347 31.9638 0.0144996 0.00708015 0.99987 0.112607
0.426412 -0.904524 0.00313306 12.7899 0.904439 0.426318 -0.0155753 32.1055 0.0127526 0.00947516 0.999874 0.107206
0.426427 -0.904513 0.00395847 12.8673 0.904402 0.426294 -0.0181745 32.2444 0.0147516 0.0113301 0.999827 0.120505
0.426417 -0.904521 0.00315194 12.9338 0.904386 0.426286 -0.0191504 32.3845 0.0159783 0.0110166 0.999812 0.113604
0.426856 -0.904304 0.00526808 12.9979 0.904189 0.426688 -0.0194953 32.53 0.0153818 0.013085 0.999796 0.119003
0.42577 -0.904823 0.00384363 13.0719 0.904703 0.425634 -0.0186539 32.6708 0.0152425 0.0114196 0.999819 0.128503
0.428716 -0.903439 1.2835e-05 13.1361 0.903312 0.428656 -0.0168063 32.8105 0.015178 0.00721674 0.999859 0.137002
0.42774 -0.903894 0.0037181 13.1995 0.903788 0.427617 -0.0176167 32.9557 0.0143337 0.0108957 0.999838 0.130901
0.427143 -0.904177 0.00350045 13.273 0.904063 0.427019 -0.0180524 33.0965 0.0148278 0.0108756 0.999831 0.1458
0.425089 -0.905139 0.00484863 13.3303 0.905018 0.424928 -0.0194558 33.2296 0.0155499 0.0126585 0.999799 0.130999
0.417799 -0.908525 0.00504664 13.3886 0.908401 0.417632 -0.0197737 33.3617 0.0158573 0.0128458 0.999792 0.120298
0.412643 -0.910877 0.0054222 13.4622 0.910752 0.412467 -0.0200398 33.4967 0.0160173 0.0132076 0.999784 0.115797
0.412305 -0.911033 0.00489472 13.5115 0.91094 0.412169 -0.0174397 33.6187 0.0138707 0.0116493 0.999836 0.118697
0.411363 -0.911469 0.00226401 13.5771 0.911365 0.411276 -0.016323 33.7758 0.0139468 0.00877804 0.999864 0.117896
0.410706 -0.911756 0.00474594 13.6384 0.911694 0.410601 -0.014867 33.9144 0.0116064 0.0104328 0.999878 0.111695
0.41041 -0.91189 0.00455134 13.7049 0.911809 0.410292 -0.0162894 34.0496 0.0129867 0.0108353 0.999857 0.127694
0.410221 -0.911983 0.00257104 13.7583 0.911871 0.410123 -0.0170513 34.1797 0.0144961 0.00933926 0.999851 0.119493
0.409993 -0.912088 0.0014463 13.8267 0.91197 0.409913 -0.0167839 34.3272 0.0147155 0.00820024 0.999858 0.123492
0.409018 -0.912516 0.00438321 13.885 0.912412 0.408886 -0.0177851 34.4618 0.014437 0.0112737 0.999832 0.127591
0.410561 -0.911833 0.000374921 13.9445 0.911761 0.410523 -0.012761 34.5856 0.011482 0.00558101 0.999919 0.12879
0.411763 -0.911283 0.00376268 14.0135 0.911218 0.411674 -0.0143277 34.7332 0.0115076 0.00932822 0.99989 0.12649
0.411735 -0.911291 0.00472317 14.0794 0.91124 0.411639 -0.0139852 34.8806 0.0108004 0.0100622 0.999891 0.126789
0.411656 -0.911314 0.00673784 14.1386 0.911267 0.411519 -0.0156079 35.014 0.011451 0.0125651 0.999855 0.125688
0.412065 -0.91114 0.00518271 14.2028 0.911054 0.411929 -0.0171878 35.1461 0.0135256 0.0118042 0.999839 0.127987
0.411371 -0.911385 0.0123348 14.276 0.911364 0.411082 -0.0206813 35.2879 0.013778 0.0197492 0.99971 0.117786
0.412622 -0.910855 0.00929688 14.3372 0.910815 0.41242 -0.0180418 35.4235 0.0125993 0.0159122 0.999794 0.114385
0.414428 -0.909971 0.014198 14.4015 0.909993 0.414119 -0.0204402 35.5753 0.0127203 0.0213911 0.99969 0.113684
0.414813 -0.909845 0.0105837 14.4659 0.909837 0.414609 -0.017208 35.7221 0.0112685 0.0167675 0.999796 0.111483
0.413133 -0.910608 0.0106601 14.5315 0.910575 0.412892 -0.0193233 35.8552 0.0131945 0.0176899 0.999756 0.127182
0.413238 -0.910617 0.00340851 14.5878 0.910501 0.413119 -0.0178787 35.9701 0.0148725 0.0104916 0.999834 0.122781
0.413708 -0.910407 0.00219871 14.6599 0.91026 0.413595 -0.019101 36.1286 0.0164803 0.00990363 0.999815 0.11118
0.411322 -0.911485 0.00320169 14.7122 0.911339 0.411187 -0.0196725 36.2613 0.0166146 0.0110095 0.999801 0.131379
0.41353 -0.91049 -0.000726737 14.7775 0.91038 0.413492 -0.0152414 36.4117 0.0141776 0.00564116 0.999884 0.121078
0.415337 -0.909663 0.00291671 14.8371 0.909533 0.415219 -0.0185332 36.5738 0.0156479 0.0103504 0.999824 0.130677
0.415232 -0.909705 0.00434027 14.9145 0.909611 0.415107 -0.0171149 36.6916 0.0137678 0.0110546 0.999844 0.126976
0.415149 -0.909748 0.00317019 14.9865 0.909642 0.415042 -0.0170536 36.8165 0.0141987 0.00996353 0.99985 0.114876
0.415917 -0.909395 0.00357666 15.0507 0.90927 0.415786 -0.0187098 36.9663 0.0155275 0.0110339 0.999819 0.108075
0.415234 -0.909702 0.00477264 15.1148 0.90953 0.415039 -0.022333 37.102 0.0183355 0.0136143 0.999739 0.103574
0.416214 -0.90926 0.0034974 15.1769 0.909113 0.41607 -0.0199729 37.2466 0.0167054 0.0114925 0.999794 0.122473
0.417816 -0.908515 0.00553259 15.2443 0.908422 0.417664 -0.0180446 37.3949 0.0140831 0.0125653 0.999822 0.126772
0.418049 -0.908411 0.00487381 15.3098 0.908324 0.417917 -0.017107 37.5401 0.0135033 0.0115786 0.999842 0.129871
0.416478 -0.909127 0.0058741 15.3794 0.909009 0.416294 -0.0200587 37.6686 0.0157906 0.0136936 0.999782 0.12607
0.417682 -0.908587 0.00351546 15.4455 0.908453 0.417546 -0.0192033 37.816 0.01598 0.0112145 0.999809 0.136969
0.418188 -0.908335 0.00679877 15.5094 0.908206 0.417968 -0.0215446 37.9519 0.016728 0.0151844 0.999745 0.138768
0.417914 -0.908485 0.00186094 15.576 0.908319 0.417797 -0.0200675 38.0842 0.0174535 0.0100768 0.999797 0.135967
0.418619 -0.908159 0.00235086 15.6356 0.908004 0.418497 -0.0197438 38.2292 0.0169467 0.0103997 0.999802 0.139366
0.420108 -0.907472 0.00208817 15.7088 0.907346 0.420008 -0.0178027 38.364 0.0152784 0.00937374 0.999839 0.142165
0.419412 -0.907781 0.00512061 15.757 0.907669 0.419253 -0.0190954 38.5187 0.0151876 0.0126567 0.999805 0.129164
0.420399 -0.90733 0.0040553 15.8161 0.907214 0.420262 -0.0185163 38.644 0.0150961 0.0114633 0.99982 0.128863
0.421065 -0.907018 0.00478951 15.9021 0.906899 0.420908 -0.0192711 38.7918 0.0154633 0.012458 0.999803 0.141362
0.420376 -0.907344 0.00337888 15.9537 0.907202 0.420237 -0.0196518 38.9136 0.016411 0.0113265 0.999801 0.151561
0.420652 -0.907212 0.00415992 16.0249 0.907082 0.420502 -0.0195176 39.0737 0.0159573 0.0119835 0.999801 0.13976
0.422214 -0.906495 0.00127571 16.0758 0.906378 0.422136 -0.0167413 39.2343 0.0146374 0.0082247 0.999859 0.128358
0.422621 -0.906298 0.00384525 16.1463 0.906166 0.422477 -0.0193958 39.3769 0.0159539 0.0116815 0.999804 0.144057
0.42202 -0.906574 0.00474588 16.2169 0.906477 0.421882 -0.0177599 39.5072 0.0140984 0.011797 0.999831 0.146856
0.422584 -0.906324 0.00038036 16.2804 0.906177 0.422509 -0.0181365 39.6541 0.0162768 0.00800887 0.999835 0.143155
0.422696 -0.906269 0.00201156 16.3424 0.90609 0.422565 -0.0209711 39.7921 0.0181555 0.010687 0.999778 0.155154
0.423399 -0.905941 0.00201728 16.4116 0.905789 0.423284 -0.0194126 39.9481 0.0167328 0.0100465 0.99981 0.165153
0.423662 -0.905809 0.00463408 16.4748 0.905682 0.423502 -0.0196578 40.1033 0.0158437 0.0125253 0.999796 0.170252
0.424276 -0.905526 0.0034789 16.545 0.905384 0.424134 -0.019753 40.2405 0.0164114 0.0115305 0.999799 0.166951
0.424285 -0.905521 0.00372761 16.6033 0.905384 0.42414 -0.0195997 40.3912 0.0161669 0.0116908 0.999801 0.16815
0.424831 -0.905271 0.00181752 16.6704 0.905102 0.424712 -0.0202507 40.524 0.0175604 0.0102482 0.999793 0.168949
0.425 -0.90518 0.00494021 16.7383 0.904997 0.424789 -0.0231151 40.6727 0.0188248 0.0142948 0.999721 0.174548
0.425938 -0.904745 0.00374512 16.8037 0.904543 0.425746 -0.0233032 40.821 0.019489 0.0133133 0.999721 0.180847
0.425123 -0.905133 0.00227781 16.8737 0.904925 0.424968 -0.0226547 40.965 0.0195375 0.0116923 0.999741 0.182045
0.427294 -0.904112 -0.0005534 16.9623 0.903933 0.427222 -0.0196766 41.0916 0.0180263 0.00790749 0.999806 0.150344
0.425985 -0.904729 0.00167361 17.0266 0.904549 0.425861 -0.0208165 41.2317 0.0181205 0.0103814 0.999782 0.139243
0.426408 -0.904531 -0.000354292 17.0963 0.90431 0.426313 -0.0219232 41.3679 0.0199812 0.00902782 0.99976 0.147742
0.426845 -0.904324 -0.00122727 17.1759 0.904088 0.426763 -0.0223235 41.5379 0.0207115 0.00841912 0.99975 0.144141
0.42618 -0.904634 -0.00269917 17.2447 0.904392 0.426132 -0.0220548 41.6932 0.0211017 0.00695821 0.999753 0.15374
0.427401 -0.904062 -0.000510738 17.3332 0.90384 0.427308 -0.0219212 41.8599 0.0200364 0.00890752 0.99976 0.155938
0.428983 -0.903312 0.000658337 17.4195 0.90309 0.428861 -0.0225205 42.0342 0.0200607 0.0102555 0.999746 0.157237
0.427107 -0.904191 0.00438383 17.4913 0.903994 0.4269 -0.0234578 42.2145 0.0193388 0.0139819 0.999715 0.165436
0.428696 -0.903448 0.00114365 17.5737 0.903208 0.428553 -0.0236036 42.3805 0.0208345 0.0111517 0.999721 0.158134
0.428489 -0.903544 -0.00243022 17.6636 0.903336 0.428446 -0.0204418 42.551 0.0195113 0.00656377 0.999788 0.159933
0.427825 -0.90381 -0.00967219 17.7453 0.90365 0.427932 -0.0170791 42.7167 0.0195753 -0.00143341 0.999807 0.150232
0.429995 -0.902708 -0.0149039 17.8275 0.902639 0.430186 -0.0135111 42.8914 0.018608 -0.00764316 0.999798 0.17233
0.429743 -0.902935 -0.00546886 17.9075 0.902792 0.429773 -0.0161893 43.0934 0.0169683 0.00202 0.999854 0.174229
0.429964 -0.902832 0.00492042 17.9895 0.902665 0.429763 -0.0223623 43.2909 0.0180748 0.0140565 0.999738 0.172427
0.428993 -0.90321 0.01329 18.0951 0.903088 0.428518 -0.0283621 43.4786 0.019922 0.0241692 0.999509 0.166825
0.429269 -0.903019 0.0168565 18.1821 0.902971 0.428699 -0.0293299 43.6625 0.0192591 0.0278114 0.999428 0.164424
