0.477284 -0.878556 0.0184031 0.681433 0.878745 0.477243 -0.00686302 0.552625 -0.00275319 0.0194472 0.999807 0.791128
0.476458 -0.87909 0.013739 1.1158 0.879196 0.476424 -0.00582891 1.36027 -0.00142148 0.0148565 0.999889 0.795817
0.47526 -0.879765 0.0119283 1.52029 0.879845 0.475235 -0.00499357 2.14373 -0.00127559 0.0128683 0.999916 0.798178
0.473633 -0.880626 0.0130396 1.94935 0.880718 0.473624 -0.00392717 2.93068 -0.00271752 0.0133443 0.999907 0.801341
0.472707 -0.881114 0.0136075 2.37716 0.881212 0.472712 -0.00310515 3.74802 -0.00369645 0.013459 0.999903 0.805424
0.471705 -0.881644 0.0140625 2.80259 0.881747 0.471715 -0.00282034 4.55146 -0.00414694 0.0137299 0.999897 0.813091
0.470015 -0.882548 0.0140047 3.2228 0.882653 0.470007 -0.00399569 5.34744 -0.00305593 0.0142393 0.999894 0.813497
0.469388 -0.88287 0.014643 3.65575 0.882987 0.469378 -0.00435198 6.17251 -0.00303088 0.0149724 0.999883 0.816096
0.468769 -0.883199 0.0146694 4.08834 0.883308 0.468786 -0.002495 6.98657 -0.00467322 0.0141272 0.999889 0.820751
0.468672 -0.883253 0.0145127 4.52027 0.883339 0.468734 0.00102742 7.82258 -0.00771005 0.0123381 0.999894 0.82174
0.469383 -0.882854 0.0157606 4.95192 0.882918 0.469503 0.00477006 8.64476 -0.0116109 0.0116764 0.999864 0.820655
0.470679 -0.882123 0.0178978 5.40252 0.882186 0.470851 0.00683685 9.48513 -0.0144581 0.0125712 0.999816 0.816025
0.472037 -0.881339 0.020553 5.83768 0.881443 0.472246 0.00654069 10.3148 -0.0154706 0.0150288 0.999767 0.813774
0.473536 -0.880523 0.0210285 6.28453 0.880673 0.473709 0.00388789 11.1547 -0.0133848 0.0166782 0.999771 0.808046
0.474444 -0.880094 0.0183902 6.73011 0.880238 0.474531 0.00046189 12.0058 -0.00913325 0.0159687 0.999831 0.804897
0.475884 -0.879366 0.0157985 7.17944 0.879486 0.475923 -0.00145204 12.8429 -0.00624198 0.0145855 0.999874 0.799545
0.476485 -0.879069 0.0141223 7.65057 0.879158 0.476531 -0.000104233 13.7054 -0.0066381 0.0124654 0.9999 0.80022
0.476501 -0.879115 0.0101285 8.1072 0.879102 0.476578 0.00726671 14.5523 -0.0112153 0.00544137 0.999922 0.754123
0.475506 -0.879381 0.0241532 8.56884 0.87958 0.475732 0.00429161 15.4145 -0.0152644 0.019204 0.999699 0.794143
0.47453 -0.879516 0.0356631 9.09272 0.880126 0.474729 -0.00319929 16.3657 -0.0141165 0.0329062 0.999359 0.75566
0.473062 -0.880269 0.036605 9.53325 0.880962 0.473132 -0.00726268 17.2047 -0.0109259 0.0356833 0.999303 0.745378
0.471881 -0.880988 0.0344657 9.99892 0.881633 0.471821 -0.0103782 18.0556 -0.00711859 0.0352834 0.999352 0.753217
0.470459 -0.881927 0.0295528 10.4355 0.882406 0.470385 -0.00986657 18.9102 -0.00519958 0.0307194 0.999515 0.76544
0.469186 -0.882627 0.0288929 10.9169 0.883071 0.469184 -0.00726485 19.8247 -0.00714395 0.0289231 0.999556 0.755419
0.468261 -0.88313 0.0285219 11.3708 0.883536 0.468345 -0.00407736 20.6921 -0.00975722 0.0271094 0.999585 0.710262
0.466854 -0.883885 0.0281764 11.8321 0.88426 0.46699 -0.00194286 21.5785 -0.0114408 0.0258223 0.999601 0.714342
0.465844 -0.884287 0.0320269 12.3179 0.884747 0.466072 -0.000384936 22.4921 -0.0145865 0.028515 0.999487 0.683363
0.466244 -0.884108 0.0311393 12.7998 0.884486 0.466555 0.00317458 23.4185 -0.0173349 0.0260621 0.99951 0.687089
0.46508 -0.884751 0.0302597 13.2214 0.885039 0.465466 0.00686198 24.2965 -0.020156 0.0235896 0.999519 0.669667
0.464811 -0.884937 0.0289375 13.6508 0.885193 0.465172 0.00692683 25.1708 -0.0195907 0.0223956 0.999557 0.659531
0.465139 -0.88467 0.0316883 14.1404 0.885069 0.465451 0.00282804 26.0649 -0.0172512 0.0267309 0.999494 0.664909
0.465835 -0.884373 0.029717 14.5998 0.884736 0.466089 0.00187377 26.9738 -0.0155079 0.0254188 0.999557 0.649353
0.464935 -0.884956 0.0262451 15.0367 0.885217 0.465167 0.00318551 27.8197 -0.0150274 0.0217516 0.99965 0.639404
0.464946 -0.88494 0.0265754 15.4901 0.885202 0.465192 0.00363355 28.6793 -0.0155782 0.0218352 0.99964 0.640487
0.46392 -0.885444 0.0276989 15.9669 0.885727 0.464191 0.00391371 29.565 -0.016323 0.022718 0.999609 0.63374
0.463715 -0.885434 0.0312141 16.4172 0.885856 0.463959 0.000655244 30.4464 -0.0150622 0.0273474 0.999512 0.645522
0.462915 -0.885985 0.0271901 16.848 0.886337 0.463036 -0.00204887 31.2822 -0.0107747 0.0250481 0.999628 0.624228
0.462489 -0.886267 0.0252101 17.2879 0.886584 0.462553 -0.00357416 32.1657 -0.00849333 0.0240039 0.999676 0.630634
0.462163 -0.886462 0.0242901 17.7389 0.88673 0.462287 -0.000584332 33.0248 -0.010711 0.0218088 0.999705 0.619826
0.462114 -0.886414 0.02687 18.1942 0.886699 0.46234 0.00257867 33.8736 -0.0147089 0.022634 0.999636 0.629797
0.46222 -0.8862 0.0316621 18.6226 0.886623 0.462491 0.00140206 34.7122 -0.0158859 0.0274243 0.999498 0.618599
0.461485 -0.886655 0.0295745 19.0763 0.887015 0.461737 0.00191024 35.5803 -0.0153494 0.0253515 0.999561 0.626347
0.461697 -0.886481 0.0314257 19.5306 0.886937 0.461889 -0.00127547 36.4535 -0.0133845 0.0284615 0.999505 0.628225
0.460877 -0.886978 0.0293678 19.9646 0.887366 0.461066 -0.000341484 37.2646 -0.0132376 0.0262174 0.999569 0.642357
0.459984 -0.887384 0.0310604 20.4037 0.887758 0.460298 0.00344458 38.1106 -0.0173537 0.0259896 0.999512 0.635962
0.459299 -0.887607 0.0346226 20.8576 0.887998 0.459788 0.00736614 38.9781 -0.0224573 0.0273615 0.999373 0.617883
0.458704 -0.887864 0.0358868 21.3058 0.888244 0.459277 0.00932213 39.8405 -0.0247588 0.0276002 0.999312 0.593498
0.457942 -0.888314 0.0344443 21.7268 0.888691 0.45844 0.00781294 40.6976 -0.022731 0.0270325 0.999376 0.599048
0.455919 -0.88937 0.0340316 22.1212 0.889884 0.456187 0.000109283 41.4865 -0.015622 0.0302344 0.999421 0.587571
0.455301 -0.889886 0.028376 22.5703 0.890273 0.45542 -0.00246729 42.3542 -0.0107274 0.0263857 0.999594 0.603524
0.455037 -0.890124 0.0248975 22.9384 0.890415 0.455147 -0.00139165 43.1253 -0.0100933 0.0228023 0.999689 0.597363
0.453605 -0.890893 0.0234891 23.3507 0.89112 0.453765 0.00166695 43.9305 -0.0121436 0.0201754 0.999723 0.598634
0.452758 -0.891371 0.0216295 23.7546 0.891525 0.452948 0.00461484 44.7192 -0.0139106 0.0171938 0.999755 0.608799
0.451995 -0.891748 0.0220647 24.1336 0.891911 0.452189 0.00449776 45.4854 -0.0139883 0.0176468 0.999746 0.609226
0.450251 -0.8927 0.0189991 24.5247 0.892795 0.450424 0.00588704 46.2925 -0.013813 0.0143116 0.999802 0.613539
0.449173 -0.893234 0.0193881 24.9074 0.893332 0.449356 0.0061809 47.0585 -0.0142331 0.0145437 0.999793 0.604224
0.448466 -0.893584 0.0196491 25.2758 0.893677 0.448661 0.00673007 47.779 -0.0148297 0.0145417 0.999784 0.596059
0.446939 -0.89436 0.019134 25.6408 0.894422 0.447147 0.00824116 48.496 -0.0159263 0.0134306 0.999783 0.594443
0.447657 -0.894005 0.0189306 25.9948 0.893952 0.447934 0.0143139 49.2128 -0.0212764 0.0105154 0.999718 0.58567
0.445416 -0.895183 0.0158917 26.356 0.895028 0.445655 0.0177937 49.9282 -0.0230109 0.00629796 0.999715 0.582917
0.443821 -0.895979 0.0156019 26.69 0.895773 0.444066 0.0199001 50.6458 -0.0247583 0.00514366 0.99968 0.581045
0.442329 -0.896722 0.0152762 27.0139 0.896579 0.442551 0.0171742 51.2835 -0.022161 0.0060997 0.999736 0.56676
0.441457 -0.897151 0.0153616 27.3112 0.897165 0.441611 0.00860356 51.9491 -0.0145025 0.00998377 0.999845 0.577418
0.440299 -0.897797 0.00985097 27.6506 0.897813 0.440354 0.00436918 52.6592 -0.00826056 0.00692059 0.999942 0.596115
0.439684 -0.898135 0.00561989 27.937 0.898131 0.439708 0.0042022 53.2421 -0.00624525 0.00319975 0.999975 0.582392
0.439317 -0.898326 0.00319472 28.2493 0.898287 0.439328 0.00845695 53.9007 -0.00900063 -0.000845516 0.999959 0.610078
0.437771 -0.899072 0.00505794 28.5285 0.899016 0.4378 0.0100335 54.5073 -0.0112352 0.000154814 0.999937 0.612175
0.437919 -0.898984 0.00740989 28.8213 0.898964 0.437967 0.00696506 55.0516 -0.00950677 0.0036111 0.999948 0.613327
0.437178 -0.89931 0.0107891 29.0986 0.899364 0.437201 -0.00030453 55.6062 -0.00444313 0.00983646 0.999942 0.606905
0.438323 -0.898732 0.0124094 29.3608 0.898817 0.438283 -0.00590992 56.1453 -0.000127391 0.0137442 0.999906 0.609039
0.44094 -0.897494 0.00870323 29.6191 0.897536 0.440911 -0.0050965 56.6833 0.000736727 0.0100587 0.999949 0.612574
0.444997 -0.895513 0.00578769 29.8817 0.89553 0.445 -0.000990198 57.2023 -0.00168878 0.00562369 0.999983 0.607173
0.449381 -0.893308 0.00758298 30.1321 0.893328 0.449403 0.001392 57.7035 -0.0046513 0.00614855 0.99997 0.620351
0.453894 -0.890979 0.0116638 30.3679 0.891016 0.453958 0.00349298 58.1487 -0.00840705 0.00880719 0.999926 0.634783
0.461025 -0.887207 0.0178856 30.6443 0.887304 0.461164 0.00436846 58.6325 -0.0121239 0.013856 0.99983 0.656312
0.469884 -0.882562 0.0171509 30.8839 0.882629 0.470034 0.00589725 59.09 -0.0132662 0.0123669 0.999835 0.667124
0.481859 -0.876134 0.0142135 31.1227 0.876146 0.481987 0.00747804 59.5582 -0.0134025 0.00884973 0.999871 0.669491
0.498679 -0.866739 0.00911143 31.3298 0.86668 0.498755 0.0104148 59.9682 -0.0135713 0.00270303 0.999904 0.670311
0.517368 -0.855718 0.00879482 31.5971 0.855638 0.517441 0.0117859 60.3871 -0.0146362 0.00142754 0.999892 0.662365
0.537588 -0.843121 0.0120965 31.9004 0.84306 0.537707 0.0109881 60.7743 -0.0157687 0.00429101 0.999866 0.66456
0.562185 -0.826863 0.015697 32.1391 0.826797 0.56237 0.0121103 61.1126 -0.018841 0.00617002 0.999803 0.659614
0.587971 -0.808716 0.0163797 32.4198 0.808599 0.58818 0.0145288 61.4391 -0.0213839 0.00470211 0.99976 0.651852
0.615867 -0.787676 0.0165721 32.7484 0.787532 0.61608 0.0154703 61.7308 -0.0223953 0.00352342 0.999743 0.653209
0.648793 -0.76076 0.0176868 32.9904 0.760601 0.649026 0.0158726 62.0647 -0.0235544 0.00315457 0.999718 0.653076
0.682425 -0.730705 0.0191464 33.2884 0.730536 0.682687 0.0159935 62.3262 -0.0247575 0.00307277 0.999689 0.629434
0.718568 -0.69524 0.0173578 33.5635 0.695057 0.718777 0.0159792 62.5672 -0.0235858 0.000582529 0.999722 0.62366
0.755401 -0.655044 0.0169361 33.8666 0.654871 0.75559 0.0150633 62.8218 -0.0226639 -0.000287873 0.999743 0.621212
0.792393 -0.609831 0.0147892 34.176 0.609665 0.792528 0.014446 63.0735 -0.0205305 -0.00243046 0.999786 0.620576
0.828432 -0.559929 0.013386 34.5257 0.559754 0.828526 0.0148096 63.3024 -0.019383 -0.00477585 0.999801 0.622678
0.863168 -0.504739 0.0133741 34.8331 0.50459 0.86326 0.0130594 63.4767 -0.0181369 -0.00452404 0.999825 0.593215
0.894366 -0.447145 0.0131133 35.1599 0.447022 0.894452 0.0112854 63.6281 -0.0167754 -0.00423138 0.99985 0.610004
0.921571 -0.387967 0.0137086 35.511 0.38784 0.921661 0.0110279 63.7513 -0.0169131 -0.00484627 0.999845 0.599739
0.944582 -0.327873 0.0162782 35.8642 0.32771 0.944703 0.0119104 63.8655 -0.0192831 -0.00591582 0.999797 0.596814
0.96351 -0.267079 0.0178067 36.25 0.266844 0.96363 0.0145583 63.9241 -0.0210473 -0.00927543 0.999735 0.588681
0.978449 -0.205648 0.0186234 36.6337 0.205403 0.978574 0.0142494 64.0177 -0.0211547 -0.010117 0.999725 0.569345
0.989036 -0.146578 0.0179404 37.004 0.146394 0.989163 0.011183 64.0645 -0.0193852 -0.00843407 0.999776 0.572916
0.996023 -0.0871983 0.0183028 37.3659 0.087093 0.996179 0.00647542 64.0555 -0.0187975 -0.00485563 0.999812 0.582459
0.999348 -0.031488 0.0176825 37.7762 0.0313464 0.999475 0.00822469 64.0469 -0.0179322 -0.00766504 0.99981 0.60121
0.99957 0.0233315 0.0177354 38.153 -0.0235533 0.999646 0.0124011 64.0266 -0.0174398 -0.0128135 0.999766 0.590868
0.996889 0.0770085 0.016765 38.4975 -0.0772453 0.996914 0.0139683 63.9899 -0.0156375 -0.0152199 0.999762 0.574178
0.99187 0.126363 0.0150717 38.8287 -0.126482 0.991943 0.00724171 63.9675 -0.0140352 -0.00908912 0.99986 0.54839
0.985282 0.170353 0.0140917 39.1957 -0.170285 0.985377 -0.00587267 63.851 -0.014886 0.00338664 0.999883 0.560716
0.97788 0.208454 0.0172742 39.5908 -0.208278 0.978002 -0.0114935 63.7715 -0.01929 0.00764146 0.999785 0.577965
0.969816 0.243226 0.017256 39.9271 -0.243099 0.969958 -0.00914715 63.6872 -0.0189624 0.00467615 0.999809 0.602102
0.961657 0.273864 0.0146298 40.3353 -0.273911 0.961754 0.00132476 63.6411 -0.0137075 -0.00528124 0.999892 0.61852
0.952871 0.303096 0.0129898 40.7408 -0.303206 0.952895 0.00748961 63.53 -0.0101078 -0.0110752 0.999887 0.59896
0.944137 0.329368 0.0110721 41.1261 -0.329464 0.944131 0.0083728 63.399 -0.00769576 -0.0115529 0.999904 0.588418
0.93612 0.351626 0.00619494 41.5359 -0.351653 0.936122 0.00399501 63.2286 -0.00439447 -0.00591827 0.999973 0.580059
0.928666 0.370916 -0.00113697 41.9029 -0.370917 0.928664 -0.00184947 63.0579 0.000369869 0.00213926 0.999998 0.559632
0.921161 0.389122 -0.00684188 42.2915 -0.389127 0.921184 0.000641029 62.8945 0.00655206 0.00207187 0.999976 0.562436
0.913972 0.40571 -0.00731405 42.7225 -0.405691 0.914001 0.00398663 62.7094 0.00830247 -0.000676422 0.999965 0.589813
0.907519 0.420002 -0.00259581 43.1647 -0.419992 0.907521 0.00357307 62.5381 0.00385645 -0.00215241 0.99999 0.574933
0.901287 0.433223 0.000391873 43.5945 -0.433222 0.901282 0.00303521 62.3478 0.000961736 -0.00290537 0.999995 0.573676
0.895797 0.444457 0.00231257 44.0411 -0.444463 0.895793 0.00273838 62.1185 -0.000854493 -0.00348088 0.999994 0.583923
0.890116 0.455733 0.000631006 44.494 -0.455732 0.890115 -0.00172576 61.8782 -0.00134816 0.00124856 0.999998 0.56701
0.884906 0.465767 -0.00116396 44.9567 -0.465768 0.884899 -0.00358643 61.6469 -0.000640454 0.00371579 0.999993 0.574442
0.880958 0.473188 -0.00246531 45.423 -0.473195 0.880942 -0.00532098 61.3981 -0.000346029 0.00585414 0.999983 0.565896
0.878621 0.477501 -0.00419868 45.935 -0.47752 0.878589 -0.00749052 61.1291 0.000112185 0.00858628 0.999963 0.576415
0.87624 0.481848 -0.00507617 46.4088 -0.481875 0.876194 -0.00894683 60.8732 0.000136704 0.0102857 0.999947 0.575266
0.873201 0.487337 -0.00482337 46.9745 -0.487361 0.873173 -0.00703393 60.5718 0.00078374 0.00849275 0.999964 0.577223
0.871109 0.491073 -0.00415819 47.4674 -0.49109 0.871086 -0.00626649 60.2944 0.000544845 0.00750084 0.999972 0.571048
0.869577 0.493769 -0.00535116 47.9829 -0.493797 0.869532 -0.00889625 59.9688 0.00026031 0.0103784 0.999946 0.575785
0.868445 0.495755 -0.00558398 48.5543 -0.495786 0.868388 -0.00990166 59.6548 -5.97294e-05 0.0113675 0.999935 0.572476
0.866802 0.49862 -0.00571899 49.1249 -0.498653 0.866745 -0.00993982 59.3043 7.09668e-07 0.0114676 0.999934 0.578907
0.866555 0.499039 -0.00656442 49.7122 -0.499082 0.866473 -0.0118973 58.9533 -0.000249302 0.0135858 0.999908 0.579488
0.867 0.498243 -0.0080603 50.2972 -0.498308 0.866856 -0.0157944 58.6012 -0.000882338 0.0177103 0.999843 0.578048
0.868745 0.495151 -0.0103796 50.9003 -0.495258 0.868511 -0.0201882 58.2575 -0.000981363 0.022679 0.999742 0.585326
0.870463 0.492097 -0.0116337 51.5346 -0.492234 0.870203 -0.0212793 57.8837 -0.000347785 0.0242494 0.999706 0.577368
0.872749 0.488066 -0.0100758 52.1839 -0.48817 0.872553 -0.0184707 57.5321 -0.000223306 0.021039 0.999779 0.58256
0.874665 0.484625 -0.00996027 52.8376 -0.484727 0.874452 -0.0193376 57.1485 -0.00066172 0.0217419 0.999763 0.553735
0.876752 0.480834 -0.0101951 53.5716 -0.480941 0.876509 -0.0206499 56.7905 -0.000993091 0.0230081 0.999735 0.570953
0.878896 0.47689 -0.0108208 54.2246 -0.477006 0.878535 -0.0253323 56.4759 -0.00257424 0.0274261 0.99962 0.563313
0.88047 0.473995 -0.0100963 54.996 -0.474095 0.880129 -0.0246262 56.0754 -0.00278663 0.0264692 0.999646 0.578926
0.882536 0.47012 -0.0108203 55.7035 -0.470232 0.882113 -0.0275624 55.7097 -0.00341292 0.0294128 0.999561 0.595216
0.883938 0.467419 -0.0131266 56.4083 -0.467603 0.883579 -0.0252109 55.3193 -0.00018563 0.028423 0.999596 0.596914
0.884332 0.466683 -0.0127693 57.1569 -0.466845 0.884182 -0.0166623 54.9363 0.00351431 0.0206963 0.99978 0.585102
0.884614 0.466167 -0.0121211 57.864 -0.466289 0.884569 -0.0105843 54.6073 0.00578789 0.0150149 0.99987 0.599826
0.884314 0.466783 -0.0101619 58.6013 -0.466859 0.884304 -0.00708498 54.2266 0.00567907 0.0110095 0.999923 0.59189
0.884474 0.466495 -0.00938877 59.3379 -0.466567 0.884449 -0.0080759 53.8373 0.00453652 0.0115234 0.999923 0.608903
0.884222 0.46695 -0.0104427 60.0436 -0.467052 0.884149 -0.0119238 53.4683 0.00366503 0.0154206 0.999874 0.620209
0.884553 0.466333 -0.0099898 60.7825 -0.466424 0.884496 -0.0107438 53.0911 0.00382576 0.0141629 0.999892 0.637576
0.884921 0.465682 -0.00741612 61.5184 -0.465735 0.884876 -0.00924754 52.7218 0.00225593 0.0116373 0.99993 0.657017
0.884523 0.466414 -0.00873675 62.2186 -0.466479 0.884495 -0.00812134 52.3225 0.00393971 0.011259 0.999929 0.655849
0.883727 0.46793 -0.00832361 62.9748 -0.467983 0.883714 -0.00638203 51.9411 0.00436935 0.00953528 0.999945 0.665524
0.882908 0.469492 -0.00715592 63.6754 -0.469533 0.882895 -0.00588018 51.5996 0.00355723 0.0085516 0.999957 0.674127
0.881292 0.472545 -0.00509982 64.3695 -0.472568 0.881278 -0.00529801 51.2419 0.00199081 0.0070791 0.999973 0.676602
0.87933 0.476208 -0.00223876 65.1402 -0.476214 0.879317 -0.00470447 50.8338 -0.000271728 0.00520291 0.999986 0.692159
0.876377 0.481625 -0.00064026 65.8535 -0.481623 0.876368 -0.00421606 50.4546 -0.00146946 0.00400323 0.999991 0.708133
0.87247 0.488667 -0.000323323 66.5575 -0.488662 0.872459 -0.00484992 50.0707 -0.00208791 0.00438941 0.999988 0.714757
0.867931 0.496684 0.000970528 67.2694 -0.496679 0.867928 -0.00317592 49.6533 -0.00241978 0.00227444 0.999994 0.72701
0.863198 0.504864 0.00114794 67.9237 -0.504856 0.863194 -0.00402522 49.2713 -0.00302308 0.00289501 0.999991 0.718428
0.857944 0.513735 0.00295148 68.6016 -0.513729 0.857948 -0.00260286 48.8918 -0.0038694 0.000716848 0.999992 0.706595
0.852103 0.523352 0.00481797 69.3184 -0.523346 0.852116 -0.00257733 48.4619 -0.00545432 -0.000325318 0.999985 0.725397
0.846159 0.532884 0.00699011 70.008 -0.532884 0.846186 -0.00198815 48.0339 -0.00697439 -0.00204263 0.999974 0.713918
0.840404 0.541924 0.00622847 70.6798 -0.54194 0.840417 0.00102218 47.6051 -0.00468056 -0.0042345 0.99998 0.724626
0.834239 0.551367 0.00630557 71.3034 -0.551376 0.834257 -0.000256621 47.1977 -0.00540195 -0.00326266 0.99998 0.709579
0.828311 0.560245 0.00512983 71.9239 -0.560249 0.828324 -0.000872367 46.7612 -0.0047379 -0.00215139 0.999986 0.706026
0.82236 0.568942 0.00535543 72.5924 -0.568953 0.82237 0.000703369 46.3213 -0.00400396 -0.00362541 0.999985 0.718845
0.816761 0.576971 0.00242796 73.2017 -0.57697 0.816764 -0.00147399 45.8917 -0.00283352 -0.000196968 0.999996 0.710024
0.810812 0.585294 0.00380842 73.827 -0.585299 0.810817 0.000420999 45.4412 -0.00284152 -0.00257041 0.999993 0.724928
0.805526 0.592546 0.00408067 74.4159 -0.592551 0.805533 -7.7096e-05 45.0055 -0.0033328 -0.0023559 0.999992 0.718928
0.800348 0.599525 0.00346091 75.0059 -0.599523 0.800356 -0.00176176 44.5542 -0.00382617 -0.000664873 0.999992 0.731958
0.796026 0.605253 0.00323954 75.5874 -0.605237 0.79603 -0.00490689 44.1309 -0.00554869 0.00194532 0.999983 0.730414
0.793422 0.608664 0.00299537 76.1427 -0.60863 0.793415 -0.0078834 43.6792 -0.00717492 0.00443179 0.999964 0.780692
0.790602 0.61233 0.000965069 76.746 -0.612267 0.790542 -0.0131481 43.2389 -0.00881392 0.00980406 0.999913 0.789706
0.789165 0.61418 0.00152534 77.3203 -0.61411 0.789108 -0.0133021 42.7707 -0.00937352 0.00956079 0.99991 0.786488
0.787604 0.61618 0.00179505 77.8749 -0.61609 0.787533 -0.0149889 42.3569 -0.0106495 0.0106994 0.999886 0.78017
0.787163 0.616744 0.00106277 78.4227 -0.616663 0.787085 -0.0149958 41.9573 -0.0100851 0.0111488 0.999887 0.76093
0.787931 0.615764 -0.000660589 78.9421 -0.6157 0.787832 -0.0152949 41.5538 -0.00889758 0.012458 0.999883 0.761007
0.789571 0.613647 -0.00384407 79.4447 -0.61361 0.789414 -0.0175621 41.1554 -0.00774233 0.0162253 0.999838 0.760804
0.792602 0.609734 -0.0027059 79.9212 -0.609693 0.792477 -0.0159573 40.808 -0.00758535 0.0142976 0.999869 0.741739
0.797453 0.603375 -0.00263789 80.4127 -0.60335 0.797359 -0.0136886 40.4372 -0.00615604 0.0125076 0.999903 0.739407
0.803361 0.59548 -0.00395751 80.89 -0.595464 0.803238 -0.0151907 40.0501 -0.00586691 0.0145601 0.999877 0.758914
0.811822 0.583886 -0.00469048 81.3523 -0.583883 0.811695 -0.0152483 39.7605 -0.00509604 0.0151176 0.999873 0.761708
0.821875 0.569652 -0.00422704 81.801 -0.569658 0.821794 -0.0120314 39.4497 -0.00337998 0.0122963 0.999919 0.746311
0.832565 0.553885 -0.00690002 82.2584 -0.553927 0.832472 -0.0124616 39.1629 -0.00115821 0.0141972 0.999899 0.749936
0.846126 0.532935 -0.00710178 82.7205 -0.532981 0.846082 -0.00873426 38.8569 0.00135389 0.0111754 0.999937 0.718823
0.86121 0.508195 -0.00740345 83.1936 -0.508237 0.861199 -0.00556662 38.6308 0.00354692 0.00855673 0.999957 0.743204
0.876178 0.481919 -0.00810157 83.6731 -0.481966 0.876175 -0.00520806 38.4313 0.00458853 0.00846787 0.999954 0.735093
0.891852 0.452292 -0.00564395 84.162 -0.452318 0.891844 -0.00475959 38.2662 0.0028808 0.00679771 0.999973 0.74982
0.908545 0.417776 -0.00300274 84.6623 -0.417787 0.908518 -0.00694581 38.1182 -0.000173749 0.00756509 0.999971 0.755204
0.926262 0.376877 0.00137401 85.1588 -0.37686 0.926245 -0.0068077 37.9846 -0.00383833 0.00578791 0.999976 0.780467
0.944059 0.329737 0.0050588 85.6768 -0.32971 0.944066 -0.00545169 37.818 -0.00657347 0.00347878 0.999972 0.799282
0.960125 0.279482 0.00706807 86.1721 -0.279458 0.960149 -0.00415241 37.7287 -0.00794692 0.0020116 0.999966 0.808657
0.974238 0.225423 0.00663839 86.6869 -0.225396 0.974256 -0.00463028 37.6693 -0.00751126 0.00301473 0.999967 0.796625
0.986317 0.164799 0.00443102 87.1975 -0.164767 0.986309 -0.0067638 37.6564 -0.00548502 0.00594117 0.999967 0.810003
0.994991 0.0999521 -0.00180772 87.693 -0.0999646 0.994948 -0.00926343 37.6269 0.000872693 0.00939773 0.999955 0.800458
0.999447 0.0328607 -0.00511707 88.1777 -0.0329147 0.999399 -0.0108462 37.6171 0.00475758 0.0110086 0.999928 0.809266
0.99933 -0.035468 -0.00905631 88.634 0.0353808 0.999328 -0.00961311 37.6963 0.00939118 0.00928624 0.999913 0.787823
0.994419 -0.104775 -0.0123524 89.0557 0.104664 0.994464 -0.00932791 37.7983 0.0132613 0.007983 0.99988 0.792
0.984534 -0.17474 -0.0126224 89.5746 0.174644 0.984596 -0.00838335 37.8993 0.0138929 0.00604926 0.999885 0.799955
0.97014 -0.242157 -0.013743 89.9847 0.242024 0.970212 -0.0106536 38.0682 0.0159135 0.00700931 0.999849 0.7912
0.95096 -0.309138 -0.010455 90.4043 0.309028 0.95099 -0.0109468 38.2566 0.0133267 0.00717906 0.999885 0.802174
0.928228 -0.371963 -0.0059779 90.8358 0.371886 0.928214 -0.0109145 38.4377 0.00960854 0.00790803 0.999923 0.803481
0.901451 -0.43288 0.000272911 91.2548 0.43287 0.901425 -0.00748396 38.6566 0.00299365 0.00686456 0.999972 0.819182
0.872236 -0.489059 0.00513143 91.664 0.48908 0.872228 -0.00431709 38.892 -0.00236447 0.0062752 0.999978 0.81792
0.842376 -0.538812 0.00917918 92.0293 0.538836 0.842411 -9.19368e-05 39.1442 -0.00768311 0.00502351 0.999958 0.83764
0.812851 -0.582384 0.0100813 92.3994 0.58238 0.812909 0.00363584 39.427 -0.0103126 0.00291573 0.999943 0.862889
0.787033 -0.616853 0.00841956 92.7317 0.616765 0.78707 0.0110185 39.7033 -0.0134236 -0.00347906 0.999904 0.875864
0.762894 -0.646515 0.00344911 93.05 0.646453 0.762878 0.0107995 40.0555 -0.0096133 -0.0060092 0.999936 0.880542
0.741154 -0.671333 0.00154146 93.3644 0.671276 0.741117 0.0115622 40.3655 -0.00890451 -0.00753464 0.999932 0.796163
0.724588 -0.689174 0.00326737 93.7067 0.689135 0.724586 0.00823761 40.6487 -0.00804464 -0.00371722 0.999961 0.8084
0.711725 -0.70244 0.00510109 94.0475 0.70242 0.711743 0.00535732 40.9609 -0.00739386 -0.000229827 0.999973 0.796839
0.70346 -0.710726 0.00360813 94.3652 0.710671 0.703456 0.00981491 41.3499 -0.00951387 -0.0043402 0.999945 0.807128
0.695872 -0.718165 0.00111523 94.7433 0.718107 0.695834 0.0117394 41.7109 -0.00920682 -0.00736824 0.999931 0.821865
0.692717 -0.721196 -0.00440134 95.017 0.721161 0.692585 0.0158909 42.0804 -0.00841214 -0.014182 0.999864 0.817289
0.690966 -0.722812 -0.0104501 95.4045 0.722862 0.690747 0.018414 42.4845 -0.00609152 -0.0202774 0.999776 0.806078
0.691402 -0.722294 -0.0159296 95.7584 0.72247 0.69122 0.0159062 42.8632 -0.000478052 -0.0225063 0.999747 0.806612
0.692826 -0.720939 -0.0154824 96.1603 0.721092 0.692782 0.00886719 43.3076 0.00433326 -0.0173077 0.999841 0.794886
0.695455 -0.718345 -0.0179702 96.549 0.718514 0.695495 0.00494985 43.6789 0.00894249 -0.0163543 0.999826 0.792591
0.698894 -0.714978 -0.0187926 96.943 0.715133 0.698984 0.0023391 44.099 0.0114633 -0.015074 0.999821 0.823484
0.702319 -0.711377 -0.0262936 97.379 0.711777 0.702328 0.0104572 44.5525 0.0110277 -0.0260595 0.9996 0.811756
0.706394 -0.707177 -0.0301331 97.7672 0.707772 0.706197 0.0185601 44.9783 0.00815464 -0.0344381 0.999373 0.788431
0.709523 -0.704159 -0.0271479 98.2464 0.70466 0.709283 0.0193037 45.4347 0.00566264 -0.0328265 0.999445 0.795177
0.712863 -0.701061 -0.0184289 98.6732 0.7013 0.71269 0.0158588 45.8713 0.0020161 -0.0242293 0.999704 0.796525
0.715622 -0.698394 -0.0114624 99.1374 0.69846 0.71535 0.0206599 46.3561 -0.00622914 -0.0227906 0.999721 0.744754
0.716827 -0.697228 -0.00573432 99.5926 0.697224 0.716701 0.0147944 46.746 -0.00620529 -0.0146032 0.999874 0.770968
0.716589 -0.697472 -0.00573051 100.1 0.697488 0.716519 0.0105291 47.2345 -0.0032377 -0.011542 0.999928 0.761807
0.716479 -0.697557 -0.00843745 100.592 0.697595 0.716488 0.00256353 47.6814 0.00425711 -0.00772264 0.999961 0.78613
0.716345 -0.697533 -0.0172448 101.077 0.697676 0.716405 0.00350314 48.1826 0.0099107 -0.0145407 0.999845 0.785692
0.715172 -0.698539 -0.0239201 101.558 0.698837 0.715251 0.00655593 48.6987 0.0125293 -0.0214048 0.999692 0.77921
0.713004 -0.700886 -0.0196105 102.084 0.701091 0.713047 0.00590723 49.2074 0.00984291 -0.0179606 0.99979 0.794416
0.712761 -0.701246 -0.015025 102.584 0.701387 0.71274 0.00765579 49.7261 0.0053403 -0.0159951 0.999858 0.758655
0.709989 -0.70418 -0.00675593 103.079 0.704209 0.709922 0.00996065 50.2477 -0.00221791 -0.0118295 0.999928 0.756286
0.708306 -0.70588 -0.00601249 103.643 0.705901 0.708244 0.00974542 50.799 -0.00262079 -0.011147 0.999934 0.771532
0.7075 -0.706599 -0.0127163 104.161 0.706712 0.707429 0.0101739 51.3576 0.00180703 -0.0161848 0.999867 0.800139
0.705332 -0.708623 -0.0189731 104.719 0.708839 0.705318 0.00857942 51.9223 0.00730247 -0.0195002 0.999783 0.821498
0.702257 -0.711648 -0.0198255 105.22 0.711851 0.702311 0.00525193 52.4484 0.0101861 -0.017801 0.99979 0.847117
0.699968 -0.713818 -0.0225569 105.76 0.714112 0.699975 0.0089313 53.019 0.00941395 -0.0223598 0.999706 0.82174
0.697299 -0.716447 -0.0218685 106.354 0.716741 0.697258 0.0106735 53.6099 0.00760099 -0.0231167 0.999704 0.823256
0.695467 -0.718249 -0.0210679 106.895 0.71853 0.695402 0.0114517 54.1539 0.00642547 -0.0231022 0.999712 0.850555
0.694687 -0.719049 -0.0194665 107.481 0.7193 0.694576 0.0130817 54.7577 0.00411459 -0.02309 0.999725 0.802706
0.693815 -0.720112 -0.00777133 108.083 0.720148 0.693812 0.00345091 55.3455 0.0029068 -0.0079908 0.999964 0.831031
0.69353 -0.720287 -0.0142465 108.63 0.720428 0.693417 0.0125206 55.9279 0.000860325 -0.018947 0.99982 0.809125
0.693604 -0.720232 -0.0133548 109.225 0.720354 0.693532 0.0102039 56.5431 0.00191281 -0.0166976 0.999859 0.838229
0.693219 -0.720466 -0.0193802 109.835 0.720702 0.693167 0.010353 57.1917 0.00597474 -0.0211443 0.999759 0.887153
0.693923 -0.719416 -0.0301968 110.376 0.720025 0.693637 0.020795 57.771 0.00598532 -0.0361725 0.999328 0.872308
0.696085 -0.71716 -0.0338732 110.984 0.717935 0.695673 0.0246562 58.4212 0.00588222 -0.0414816 0.999122 0.904337
0.698575 -0.714694 -0.0347076 111.595 0.715519 0.698071 0.0269887 59.0613 0.00493978 -0.0436876 0.999033 0.904632
0.701327 -0.711879 -0.0369936 112.156 0.712816 0.700779 0.0283071 59.6796 0.00577313 -0.0462221 0.998915 0.894423
0.702288 -0.711017 -0.0353014 112.762 0.71186 0.701869 0.0252086 60.28 0.00685321 -0.0428334 0.999059 0.899038
0.703451 -0.710092 -0.0304355 113.381 0.710707 0.703207 0.0198945 60.9143 0.00727559 -0.0356255 0.999339 0.9238
0.703301 -0.710101 -0.0335193 113.953 0.710852 0.70298 0.0225493 61.4838 0.00755119 -0.0396862 0.999184 0.936954
0.704237 -0.709232 -0.0322638 114.595 0.709921 0.703971 0.0209006 62.1203 0.00788937 -0.0376237 0.999261 0.984091
0.705011 -0.708357 -0.0344925 115.205 0.709178 0.704507 0.0271284 62.7023 0.00508357 -0.0435872 0.999037 0.997467
0.706244 -0.707156 -0.0338925 115.793 0.707968 0.705446 0.0335639 63.319 0.000174403 -0.0476991 0.998862 0.986529
0.706858 -0.706604 -0.0326055 116.416 0.707345 0.705835 0.038215 63.9647 -0.00398876 -0.0500759 0.998738 0.992586
0.707678 -0.705641 -0.0355297 116.969 0.706531 0.706948 0.0322263 64.5575 0.00237747 -0.0479086 0.998849 0.974161
0.707869 -0.705116 -0.041622 117.579 0.706164 0.707787 0.0192091 65.1385 0.0159149 -0.0429895 0.998949 0.96574
0.707488 -0.705309 -0.0447233 118.176 0.706389 0.707686 0.0139523 65.7458 0.0218094 -0.0414631 0.998902 1.03814
0.707334 -0.705689 -0.0410174 118.717 0.70673 0.707186 0.0204995 66.3199 0.0145406 -0.0434882 0.998948 1.0549
0.70696 -0.706657 -0.0290316 119.332 0.707248 0.706212 0.0326144 66.9514 -0.00254468 -0.0435897 0.999046 1.04107
0.706585 -0.707457 -0.0155818 120 0.707388 0.7056 0.0416074 67.6077 -0.0184409 -0.0404216 0.999013 1.06914
0.704701 -0.709175 -0.0216052 120.55 0.709435 0.703883 0.0353532 68.1589 -0.0098641 -0.0402409 0.999141 1.01253
0.703969 -0.709431 -0.0337085 121.117 0.710227 0.703328 0.0301248 68.747 0.00233668 -0.0451476 0.998978 1.05418
0.703098 -0.709941 -0.0404621 121.704 0.711025 0.702682 0.0261181 69.344 0.00988964 -0.0471331 0.99884 1.04036
0.701887 -0.711219 -0.0390089 122.254 0.712215 0.701545 0.0241758 69.9336 0.0101722 -0.0447514 0.998946 1.07106
0.699405 -0.713654 -0.0391216 122.857 0.714674 0.698962 0.026317 70.5684 0.0085633 -0.0463654 0.998888 1.09665
0.697174 -0.715865 -0.0385353 123.434 0.716834 0.696838 0.0237801 71.1638 0.00982948 -0.0442023 0.998974 1.11114
0.694017 -0.719005 -0.037056 123.962 0.719879 0.693786 0.0208528 71.7412 0.0107156 -0.0411481 0.999096 1.14108
0.691808 -0.721014 -0.0392571 124.54 0.722002 0.691518 0.0227251 72.3602 0.0107619 -0.0440651 0.998971 1.1524
0.689819 -0.722749 -0.0422451 125.087 0.723897 0.689456 0.0249629 72.9903 0.0110842 -0.047801 0.998795 1.1845
0.689349 -0.723166 -0.0427668 125.621 0.72437 0.688845 0.0279258 73.5533 0.00926474 -0.0502296 0.998695 1.21954
0.688164 -0.724473 -0.0396014 126.213 0.725523 0.687618 0.0282378 74.1748 0.00677309 -0.048164 0.998816 1.21785
0.68688 -0.725865 -0.0362719 126.723 0.726745 0.686421 0.0258479 74.7107 0.00613562 -0.0441148 0.999008 1.22888
0.685317 -0.727407 -0.0349257 127.319 0.728196 0.685036 0.0213507 75.3474 0.00839472 -0.0400647 0.999162 1.21871
0.681355 -0.731124 -0.0348325 127.895 0.731865 0.681238 0.016952 75.9344 0.0113352 -0.0370431 0.999249 1.23524
0.676801 -0.735426 -0.0329977 128.401 0.736075 0.676743 0.0145972 76.4804 0.0115958 -0.0341682 0.999349 1.2602
0.671588 -0.740324 -0.029815 128.967 0.740883 0.67143 0.0165245 77.085 0.00778522 -0.0331871 0.999419 1.26413
0.667465 -0.744195 -0.0257749 129.513 0.744639 0.667143 0.0208035 77.7027 0.00171365 -0.0330786 0.999451 1.28217
0.664631 -0.746946 -0.0183652 130.03 0.747135 0.664151 0.0263427 78.2946 -0.0074793 -0.0312294 0.999484 1.30347
0.661503 -0.74971 -0.0186799 130.567 0.74986 0.660856 0.0313001 78.9168 -0.0111213 -0.0347124 0.999335 1.36471
0.657833 -0.752705 -0.0262856 131.113 0.753144 0.657159 0.0302704 79.5397 -0.00551087 -0.0397097 0.999196 1.30499
0.65248 -0.757237 -0.0293634 131.616 0.757803 0.652101 0.0223371 80.1638 0.00223344 -0.0368261 0.999319 1.32361
0.647115 -0.761776 -0.0306393 132.133 0.762349 0.646982 0.0154313 80.7747 0.00806784 -0.0333437 0.999411 1.34728
0.641695 -0.766353 -0.0305137 132.661 0.766911 0.641598 0.014159 81.3986 0.00872676 -0.032487 0.999434 1.35493
0.635941 -0.771102 -0.0313125 133.148 0.771715 0.635708 0.018188 82.0006 0.00588083 -0.0357308 0.999344 1.36883
0.629326 -0.776448 -0.0328202 133.659 0.777115 0.629092 0.018322 82.665 0.00642086 -0.0370356 0.999293 1.39519
0.622059 -0.782036 -0.0382477 134.144 0.782915 0.621855 0.0184711 83.3251 0.00933944 -0.0414348 0.999098 1.39751
0.615827 -0.786801 -0.0412454 134.644 0.787787 0.615719 0.0167895 83.9392 0.0121855 -0.042832 0.999008 1.38467
0.608837 -0.792271 -0.0403151 135.145 0.793227 0.608664 0.0178487 84.6099 0.0103974 -0.042846 0.999028 1.41163
0.602494 -0.796997 -0.0423954 135.645 0.798103 0.602013 0.0247485 85.2814 0.00579816 -0.0487467 0.998794 1.41128
0.596174 -0.80176 -0.0419374 136.153 0.802856 0.59536 0.0311383 85.9488 2.39722e-06 -0.0522335 0.998635 1.4378
0.59013 -0.806361 -0.0391092 136.637 0.807297 0.589165 0.0340116 86.6439 -0.00438383 -0.0516439 0.998656 1.44248
0.584471 -0.810486 -0.0388011 137.108 0.811391 0.583418 0.0356243 87.3223 -0.00623578 -0.0523043 0.998612 1.45077
0.580572 -0.813298 -0.03851 137.606 0.814188 0.579566 0.0346555 88.0212 -0.00586613 -0.0514744 0.998657 1.4307
0.577337 -0.815376 -0.0429347 138.063 0.816505 0.576492 0.0312443 88.706 -0.000724379 -0.053095 0.998589 1.44084
0.57474 -0.81684 -0.0494602 138.488 0.818321 0.574042 0.0287433 89.3567 0.00491351 -0.0569942 0.998362 1.45236
0.571959 -0.818572 -0.0529446 138.928 0.820236 0.571422 0.0262809 90.0205 0.00874089 -0.0584586 0.998252 1.45624
0.56966 -0.820131 -0.0535977 139.395 0.82187 0.568766 0.0321586 90.7192 0.00411025 -0.0623698 0.998045 1.47614
0.567516 -0.821754 -0.0514367 139.893 0.823355 0.566143 0.0396008 91.4318 -0.00342157 -0.0648248 0.997891 1.49157
0.565056 -0.823612 -0.0487434 140.373 0.824971 0.563182 0.047411 92.1382 -0.0115968 -0.0670018 0.997685 1.49395
0.560661 -0.826675 -0.0476105 140.805 0.827997 0.559082 0.0429857 92.8024 -0.00891703 -0.0635218 0.997941 1.48674
0.555695 -0.830329 -0.0419116 141.276 0.831384 0.554889 0.029969 93.4635 -0.00162784 -0.0514983 0.998672 1.49846
0.550528 -0.833829 -0.0405931 141.714 0.834808 0.550093 0.0222054 94.1688 0.00381451 -0.0461121 0.998929 1.51559
0.544568 -0.837649 -0.0423152 142.149 0.83871 0.544066 0.02359 94.8684 0.00326211 -0.0483365 0.998826 1.51906
0.538756 -0.84132 -0.0438491 142.6 0.842455 0.537814 0.0320209 95.5969 -0.00335714 -0.0541924 0.998525 1.4863
0.53216 -0.84577 -0.0384488 142.993 0.846615 0.531218 0.0324099 96.2388 -0.00698667 -0.0497986 0.998735 1.49441
0.527108 -0.849457 -0.024095 143.452 0.849756 0.526585 0.0249565 96.9359 -0.00851143 -0.0336297 0.999398 1.53756
0.52276 -0.852253 -0.0196794 143.917 0.852437 0.522364 0.0220583 97.6795 -0.00851944 -0.0283066 0.999563 1.55171
0.517274 -0.855687 -0.0150805 144.352 0.855804 0.517076 0.0152135 98.3718 -0.0052202 -0.0207755 0.99977 1.58468
0.511142 -0.85933 -0.0168887 144.772 0.859495 0.511075 0.008395 99.056 0.0014173 -0.0188068 0.999822 1.58866
0.505194 -0.86275 -0.0210305 145.225 0.862983 0.505207 0.0050685 99.7696 0.00625189 -0.0207095 0.999766 1.56176
0.498825 -0.86634 -0.0250684 145.637 0.866697 0.498719 0.0107471 100.518 0.00319147 -0.0270877 0.999628 1.60825
0.494918 -0.868686 -0.0209971 146.029 0.868924 0.49462 0.0179336 101.249 -0.00519308 -0.0271205 0.999619 1.624
0.49021 -0.8714 -0.0188634 146.467 0.871497 0.489694 0.0263134 102.057 -0.0136922 -0.0293385 0.999476 1.64441
0.487225 -0.873185 -0.0126083 146.865 0.873164 0.486879 0.023115 102.778 -0.0140449 -0.0222713 0.999653 1.62697
0.486028 -0.87378 -0.0169023 147.266 0.87393 0.485822 0.0149663 103.506 -0.00486578 -0.0220454 0.999745 1.66784
0.483389 -0.874982 -0.0272173 147.637 0.875395 0.483303 0.0101011 104.243 0.00431587 -0.0287086 0.999578 1.69306
0.481837 -0.875645 -0.0328371 148.027 0.876223 0.481824 0.00883773 104.978 0.008083 -0.033031 0.999422 1.70778
0.479938 -0.876688 -0.0328192 148.45 0.877287 0.479816 0.0120109 105.723 0.0052174 -0.0345564 0.999389 1.70686
0.479155 -0.877252 -0.0289752 148.867 0.87773 0.478887 0.0160428 106.474 -0.000197782 -0.0331194 0.999451 1.70542
0.479049 -0.877431 -0.0250262 149.261 0.877774 0.478689 0.0191978 107.238 -0.00486496 -0.0311641 0.999502 1.71919
0.478271 -0.877979 -0.0202291 149.637 0.878194 0.477986 0.0174556 107.967 -0.00565641 -0.0261135 0.999643 1.72682
0.476052 -0.87905 -0.0253995 150.03 0.879416 0.475807 0.015308 108.705 -0.00137124 -0.0296241 0.99956 1.70145
0.474516 -0.879769 -0.0290033 150.469 0.880209 0.474543 0.0063775 109.444 0.00815259 -0.0285552 0.999559 1.69367
0.472421 -0.880939 -0.0276411 150.87 0.881265 0.472621 -0.000815284 110.209 0.013782 -0.023974 0.999618 1.7009
0.470926 -0.881664 -0.0299419 151.246 0.882089 0.471078 0.00221997 110.984 0.0121477 -0.0274569 0.999549 1.73175
0.469829 -0.88212 -0.0335367 151.621 0.882755 0.469573 0.0156341 111.734 0.00195682 -0.0369501 0.999315 1.71012
0.468828 -0.882915 -0.0257372 152.044 0.883287 0.468558 0.0160473 112.483 -0.00210907 -0.0302568 0.99954 1.74663
0.467906 -0.883591 -0.0181793 152.413 0.883777 0.467837 0.00815787 113.248 0.00129671 -0.0198836 0.999801 1.76531
0.468467 -0.883153 -0.024054 152.796 0.883465 0.46845 0.00671274 113.965 0.00533972 -0.0243956 0.999688 1.78699
0.467965 -0.883106 -0.033654 153.172 0.883717 0.467921 0.00966573 114.699 0.00721153 -0.0342638 0.999387 1.80325
0.467487 -0.883172 -0.0382518 153.538 0.883988 0.467267 0.0150483 115.442 0.00458359 -0.040849 0.999155 1.78245
0.467064 -0.883632 -0.0323236 153.891 0.884221 0.466829 0.0149411 116.193 0.00188716 -0.0355597 0.999366 1.81051
0.466817 -0.883866 -0.029366 154.292 0.884354 0.466585 0.0147468 116.989 0.000667498 -0.032854 0.99946 1.83372
0.466171 -0.88409 -0.0326946 154.657 0.884694 0.465881 0.0164663 117.721 0.000674134 -0.0366009 0.99933 1.83053
0.465427 -0.884558 -0.0305978 155.036 0.885082 0.465254 0.0129663 118.442 0.00276632 -0.0331165 0.999448 1.83897
0.464409 -0.884954 -0.0343474 155.422 0.885591 0.464362 0.00983563 119.184 0.00724552 -0.0349855 0.999362 1.86678
0.46345 -0.885277 -0.0387139 155.807 0.886092 0.463357 0.0118995 119.919 0.00740403 -0.0398189 0.999179 1.8713
0.461661 -0.886341 -0.0356221 156.182 0.887056 0.461305 0.0181392 120.668 0.000355177 -0.039973 0.999201 1.83403
0.460253 -0.887194 -0.0324694 156.573 0.887742 0.459553 0.0269149 121.4 -0.00895734 -0.0412122 0.99911 1.88932
0.460157 -0.887568 -0.0218638 156.9 0.887772 0.459683 0.0235209 122.004 -0.010826 -0.0302334 0.999484 1.91378
0.45898 -0.888204 -0.0207425 157.253 0.888416 0.458647 0.0189559 122.702 -0.0073232 -0.0271284 0.999605 1.95798
0.459924 -0.887363 -0.0325147 157.567 0.887958 0.459643 0.0160863 123.307 0.000670735 -0.0362702 0.999342 1.84504
0.460636 -0.88665 -0.040828 157.908 0.887577 0.460384 0.0159345 123.975 0.00466825 -0.043578 0.999039 1.86779
0.461027 -0.88665 -0.0361456 158.247 0.88735 0.460994 0.00972946 124.606 0.00803629 -0.0365593 0.999299 1.89268
0.463407 -0.885331 -0.0379916 158.542 0.88606 0.463533 0.00596843 125.214 0.0123263 -0.0364286 0.99926 1.91299
0.46747 -0.883261 -0.0363607 158.845 0.883912 0.467633 0.00440344 125.778 0.0131141 -0.0341982 0.999329 1.93837
0.471789 -0.880981 -0.035869 159.151 0.881668 0.471778 0.00932285 126.41 0.00870891 -0.036023 0.999313 1.95826
0.477436 -0.877905 -0.0365733 159.492 0.878664 0.477126 0.0173507 126.997 0.00221774 -0.0404195 0.99918 1.94557
0.482424 -0.875172 -0.0366264 159.777 0.875928 0.4818 0.0248811 127.582 -0.00412862 -0.0440853 0.999019 1.96979
0.488585 -0.87177 -0.0360693 160.123 0.872516 0.488165 0.020265 128.167 -5.86249e-05 -0.0413723 0.999144 1.94921
0.494794 -0.868149 -0.0386796 160.446 0.868983 0.494639 0.0141495 128.754 0.00684859 -0.040613 0.999151 1.95173
0.501002 -0.864417 -0.0421903 160.765 0.865315 0.501179 0.0070429 129.314 0.0150569 -0.0400364 0.999085 1.99646
0.507824 -0.860208 -0.0464355 161.087 0.861202 0.508254 0.00291354 129.89 0.0210948 -0.0414699 0.998917 2.0269
0.513872 -0.856643 -0.0458046 161.382 0.857684 0.514132 0.00682024 130.39 0.0177071 -0.0427906 0.998927 2.07907
0.518582 -0.853862 -0.0446282 161.737 0.85494 0.518569 0.0127856 130.976 0.0122257 -0.0447849 0.998922 2.06991
0.523683 -0.850987 -0.039725 162.097 0.851864 0.523583 0.013712 131.518 0.00913059 -0.0410211 0.999117 2.06067
0.527958 -0.848577 -0.0343145 162.454 0.849238 0.527859 0.0126085 132.05 0.0074139 -0.0357979 0.999332 2.06005
0.531423 -0.846321 -0.0364808 162.8 0.847076 0.531278 0.0143579 132.58 0.00723008 -0.0385321 0.999231 2.09447
0.531632 -0.846132 -0.0377879 163.148 0.846957 0.531381 0.0172485 133.142 0.00548528 -0.0411746 0.999137 2.09817
0.532079 -0.845681 -0.0414324 163.481 0.846683 0.531693 0.0207545 133.699 0.00447762 -0.0461231 0.998926 2.08167
