1 0 0 0 0 1 0 0 0 0 1 0
0.999999 -0.00113532 0.000150804 0.0601407 0.00113531 0.999999 5.73775e-05 0.0421249 -0.000150869 -5.72063e-05 1 0.00426838
1 -0.000545759 8.93638e-05 0.000204382 0.000545754 1 5.94765e-05 0.0149626 -8.93962e-05 -5.94278e-05 1 0.00210588
1 -0.000336981 0.000174686 0.0339975 0.000336984 1 -1.51987e-05 0.0151931 -0.000174681 1.52576e-05 1 0.00481832
1 0.000232485 0.000239102 0.0445238 -0.00023246 1 -0.000106221 0.0234181 -0.000239127 0.000106165 1 0.00790778
1 0.000283514 0.000273798 0.0478858 -0.000283486 1 -0.000101279 0.0132948 -0.000273827 0.000101201 1 0.00820671
1 -0.000266349 0.000345358 0.0431488 0.000266403 1 -0.000157539 0.00970147 -0.000345316 0.000157631 1 0.0113605
1 0.000227189 0.000356013 0.052004 -0.000227113 1 -0.000213206 0.0149665 -0.000356061 0.000213125 1 0.0135036
1 -9.1364e-05 0.000362179 0.0421102 9.14612e-05 1 -0.000268527 0.00258531 -0.000362154 0.00026856 1 0.0143951
1 -7.1088e-05 0.000364534 0.0412435 7.1182e-05 1 -0.000258017 0.00863857 -0.000364516 0.000258043 1 0.0158472
1 0.000115589 0.000335205 0.0479207 -0.000115498 1 -0.000271229 0.0101561 -0.000335236 0.00027119 1 0.0159404
1 0.000520789 0.000382993 0.042976 -0.000520683 1 -0.00027758 0.0130921 -0.000383138 0.000277381 1 0.016314
1 0.000211132 0.000397642 0.0544546 -0.000211015 1 -0.000293589 0.0128316 -0.000397703 0.000293505 1 0.0162823
1 0.00031444 0.000409174 0.0461649 -0.000314303 1 -0.000333495 0.0113316 -0.000409278 0.000333366 1 0.017644
1 0.000704077 0.000422374 0.0453016 -0.000703936 1 -0.000334953 0.0181434 -0.000422609 0.000334656 1 0.0191687
1 0.000627445 0.000428917 0.0348642 -0.000627294 1 -0.000352862 0.0224432 -0.000429138 0.000352593 1 0.0197696
1 0.000323732 0.000427899 0.0369542 -0.00032358 1 -0.000355253 0.0166772 -0.000428014 0.000355114 1 0.0193383
1 0.000133317 0.000380521 0.0275972 -0.00013319 1 -0.000334743 0.00818669 -0.000380565 0.000334692 1 0.0181633
1 0.000738911 0.000357447 0.0389267 -0.000738797 1 -0.000320432 0.0211071 -0.000357684 0.000320168 1 0.0191157
1 0.000297889 0.000385913 0.0368782 -0.000297762 1 -0.000328738 0.0105054 -0.000386011 0.000328623 1 0.0191073
1 0.00014102 0.000426551 0.0370302 -0.000140873 1 -0.000344634 0.0158737 -0.000426599 0.000344574 1 0.0191402
1 0.000323357 0.000393127 0.045615 -0.000323237 1 -0.000305504 0.0247996 -0.000393225 0.000305376 1 0.0188501
1 0.000763671 0.00042625 0.0573258 -0.000763525 1 -0.000343835 0.0273285 -0.000426512 0.000343509 1 0.0199096
1 0.000519202 0.000395594 0.0465236 -0.000519072 1 -0.000329057 0.0298179 -0.000395765 0.000328852 1 0.019728
1 0.000578403 0.000410896 0.0521669 -0.000578273 1 -0.000317295 0.0252715 -0.00041108 0.000317057 1 0.0186141
1 0.00080736 0.000424675 0.0714493 -0.000807224 1 -0.000318851 0.0297541 -0.000424932 0.000318508 1 0.0201123
0.999999 0.000902588 0.000467676 0.048941 -0.000902432 1 -0.00033372 0.0307763 -0.000467977 0.000333298 1 0.0192236
1 0.000714367 0.00042977 0.0452195 -0.000714218 1 -0.000345782 0.0225315 -0.000430017 0.000345475 1 0.0188405
1 0.000565961 0.00041996 0.0454721 -0.00056583 1 -0.000311332 0.0328165 -0.000420136 0.000311095 1 0.0196083
0.999999 0.00089316 0.000475015 0.0516596 -0.000892996 1 -0.000345489 0.0274931 -0.000475324 0.000345065 1 0.020698
0.999999 0.000913609 0.000466398 0.0503661 -0.000913434 1 -0.000374192 0.0294086 -0.000466739 0.000373766 1 0.021833
1 0.000773286 0.000446501 0.0609222 -0.000773129 1 -0.000350399 0.034308 -0.000446772 0.000350054 1 0.0220604
1 0.000355139 0.000454984 0.0439676 -0.000354975 1 -0.000359715 0.0238159 -0.000455112 0.000359554 1 0.0222975
0.999999 0.000963825 0.000460114 0.0661945 -0.000963663 0.999999 -0.000352593 0.0292607 -0.000460453 0.000352149 1 0.02171
0.999999 0.00107261 0.000481688 0.0617535 -0.00107244 0.999999 -0.000366452 0.024273 -0.000482081 0.000365935 1 0.0215661
0.999999 0.000912149 0.000497495 0.0569509 -0.000911961 1 -0.00037829 0.0123716 -0.000497839 0.000377836 1 0.0214797
0.999999 0.00088616 0.000496983 0.057594 -0.000885965 1 -0.00039367 0.0201705 -0.000497332 0.00039323 1 0.0228665
1 0.000822891 0.000476807 0.0577441 -0.000822721 1 -0.000357922 0.0181594 -0.000477101 0.000357529 1 0.0218639
0.999999 0.0011197 0.000474444 0.0583891 -0.00111952 0.999999 -0.000390264 0.0242567 -0.000474881 0.000389732 1 0.0229156
1 -0.000300389 0.000459612 0.0209139 0.000300551 1 -0.000352964 0.00219798 -0.000459506 0.000353102 1 0.0222452
0.999997 -0.00219696 0.000483455 0.0710164 0.00219714 0.999997 -0.000369683 0.00748754 -0.000482642 0.000370745 1 0.0228089
1 -0.000519758 0.00048543 0.112669 0.000519943 1 -0.000381062 0.0588695 -0.000485232 0.000381314 1 0.0252418
1 -0.000409368 0.000488567 0.151634 0.000409561 1 -0.000393859 0.0440673 -0.000488405 0.000394059 1 0.0247516
0.999998 -0.00200461 0.000526617 0.185791 0.00200481 0.999998 -0.00038093 0.0721574 -0.000525852 0.000381985 1 0.0275383
0.999998 -0.00185779 0.000580549 0.261492 0.00185805 0.999998 -0.000435468 0.0648227 -0.000579739 0.000436546 1 0.0296189
0.999995 -0.002948 0.000567143 0.337272 0.00294822 0.999996 -0.000382097 0.0360846 -0.000566014 0.000383767 1 0.0300756
0.999989 -0.00471416 0.000596911 0.410898 0.0047144 0.999989 -0.000401049 0.0170685 -0.000595014 0.000403858 1 0.0279644
0.999988 -0.00487494 0.000583782 0.46551 0.00487516 0.999988 -0.000372407 -0.00799773 -0.00058196 0.000375248 1 0.0262384
0.999979 -0.00637619 0.000615986 0.533305 0.00637644 0.99998 -0.000415261 -0.0230378 -0.000613326 0.00041918 1 0.0282919
0.999968 -0.00793122 0.000619747 0.648285 0.00793153 0.999968 -0.000492235 -0.0349121 -0.000615824 0.000497135 1 0.0305485
0.999963 -0.00855734 0.000630631 0.75766 0.00855761 0.999963 -0.000429372 -0.0115679 -0.000626933 0.000434753 1 0.0322158
0.99996 -0.00886467 0.000655629 0.797057 0.00886497 0.999961 -0.000454707 0.00888029 -0.000651572 0.000460501 1 0.0341458
0.999963 -0.00860462 0.000702212 0.92353 0.00860499 0.999963 -0.00052869 0.0136158 -0.000697637 0.000534713 1 0.0354987
0.999963 -0.00860077 0.000677994 1.04119 0.00860111 0.999963 -0.00051327 0.0478866 -0.000673554 0.000519082 1 0.0361362
0.999949 -0.0100308 0.000773501 1.15863 0.0100313 0.99995 -0.000611355 0.0524336 -0.00076733 0.000619084 1 0.0415705
0.999946 -0.0103914 0.000759438 1.23168 0.0103919 0.999946 -0.000664279 0.0409677 -0.000752494 0.000672135 0.999999 0.0402836
0.999926 -0.0121672 0.000774692 1.27566 0.0121677 0.999926 -0.000578534 0.0177681 -0.000767595 0.000587917 1 0.0399857
0.999923 -0.0123606 0.000752228 1.37526 0.012361 0.999923 -0.000515838 0.0180322 -0.000745794 0.000525096 1 0.0391675
0.999918 -0.0127447 0.000801635 1.51289 0.0127453 0.999919 -0.000648425 0.0309283 -0.000793306 0.00065859 0.999999 0.0419817
0.999923 -0.0124061 0.000779076 1.64514 0.0124066 0.999923 -0.000625907 0.0440085 -0.000771251 0.000635524 1 0.0420815
0.999911 -0.0133348 0.000755614 1.71152 0.0133352 0.999911 -0.000616084 0.0390305 -0.000747331 0.000626105 1 0.0451821
0.999913 -0.0131776 0.000721469 1.81448 0.013178 0.999913 -0.000566829 0.0397944 -0.000713937 0.000576287 1 0.0451791
0.999924 -0.0122978 0.000722152 1.93125 0.0122982 0.999924 -0.000603673 0.0589139 -0.000714674 0.000612508 1 0.0480457
0.999924 -0.0123119 0.00073238 2.02637 0.0123123 0.999924 -0.000534571 0.0546725 -0.000725743 0.000543548 1 0.0465296
0.999911 -0.013286 0.000745678 2.10941 0.0132865 0.999912 -0.000610265 0.0610572 -0.000737504 0.000620118 1 0.0489105
0.999887 -0.0150352 0.000673898 2.22981 0.0150355 0.999887 -0.000539873 0.0662298 -0.000665704 0.000549945 1 0.0490789
0.999864 -0.0164801 0.000663563 2.322 0.0164805 0.999864 -0.000562594 0.0430039 -0.000654201 0.000573453 1 0.0485123
0.999853 -0.0171146 0.000757302 2.45825 0.017115 0.999853 -0.000552968 0.0289272 -0.000747727 0.000565848 1 0.0460669
0.999833 -0.0182326 0.000822564 2.66052 0.0182331 0.999834 -0.000605997 0.00541503 -0.000811378 0.000620894 0.999999 0.0440785
0.999856 -0.0169281 0.000726149 2.73183 0.0169285 0.999857 -0.000576722 0.0228865 -0.000716282 0.000588932 1 0.045387
0.999844 -0.0176275 0.000778842 2.82141 0.017628 0.999844 -0.00061915 0.0295026 -0.000767807 0.000632783 1 0.049043
0.999861 -0.0166476 0.000804181 2.9281 0.0166481 0.999861 -0.000635949 0.0478248 -0.000793482 0.000649249 0.999999 0.0510379
0.999835 -0.018139 0.000764354 3.08618 0.0181395 0.999835 -0.000632254 0.0577121 -0.000752759 0.000646015 1 0.0521916
0.999818 -0.0190735 0.000994088 3.15925 0.0190743 0.999818 -0.00074817 0.0142753 -0.000979637 0.000766995 0.999999 0.0529158
0.999823 -0.0187942 0.00085708 3.22933 0.0187947 0.999823 -0.000654377 0.0231422 -0.00084463 0.00067037 0.999999 0.0522536
0.9998 -0.0199897 0.00082576 3.41766 0.0199902 0.9998 -0.000648263 0.00283756 -0.000812636 0.000664641 0.999999 0.0520141
0.999801 -0.0199416 0.000913021 3.54558 0.0199422 0.999801 -0.000710999 0.0244887 -0.000898661 0.000729066 0.999999 0.0522939
0.999828 -0.0185165 0.000926365 3.69512 0.0185172 0.999828 -0.000734878 0.0294008 -0.000912599 0.000751905 0.999999 0.0531134
0.999809 -0.0195127 0.000718495 3.74176 0.0195132 0.999809 -0.000582839 0.0292537 -0.000706985 0.000596748 1 0.0558676
0.999843 -0.0176831 0.000838352 3.8832 0.0176837 0.999843 -0.00067074 0.0373978 -0.00082636 0.00068546 0.999999 0.0555629
0.999804 -0.0197578 0.000848261 4.00181 0.0197584 0.999805 -0.000667998 0.0489235 -0.000834897 0.000684627 0.999999 0.0587918
0.999804 -0.0197656 0.000753267 4.18887 0.0197661 0.999804 -0.000637974 0.0482825 -0.000740509 0.000652739 1 0.0615931
0.999773 -0.0213143 0.000774058 4.30029 0.0213148 0.999773 -0.000624647 0.0244861 -0.000760569 0.000641004 1 0.0609075
0.99977 -0.0214333 0.000794658 4.36116 0.0214338 0.99977 -0.000635743 0.0354434 -0.000780849 0.000652629 0.999999 0.063073
0.999769 -0.021482 0.000825387 4.49299 0.0214825 0.999769 -0.000608438 0.0422998 -0.000812126 0.000626029 0.999999 0.0613474
0.999765 -0.0216364 0.000973685 4.63847 0.0216371 0.999766 -0.000730126 0.0345124 -0.00095766 0.000751023 0.999999 0.0622216
0.999789 -0.0205222 0.000816068 4.7476 0.0205227 0.999789 -0.00060879 0.0622759 -0.000803403 0.000625409 0.999999 0.0660795
0.999792 -0.0203839 0.000885629 4.91574 0.0203845 0.999792 -0.000624958 0.043508 -0.000872706 0.000642881 0.999999 0.065099
0.999795 -0.0202195 0.000909631 5.07271 0.0202202 0.999795 -0.000764864 0.0474825 -0.00089398 0.000783101 0.999999 0.0703331
0.999814 -0.0192717 0.00093059 5.22254 0.0192724 0.999814 -0.000779673 0.0406437 -0.000915391 0.000797463 0.999999 0.0702165
0.999795 -0.0202279 0.00104059 5.35062 0.0202288 0.999795 -0.000926775 0.0232517 -0.00102163 0.000947635 0.999999 0.0728649
0.999814 -0.0192896 0.000863118 5.44776 0.0192903 0.999814 -0.000842301 0.0250116 -0.000846709 0.000858794 0.999999 0.0703055
0.999822 -0.0188234 0.000885373 5.57682 0.0188241 0.999822 -0.000822636 0.017163 -0.000869731 0.000839157 0.999999 0.0687676
0.999819 -0.0190165 0.000873303 5.72829 0.0190172 0.999819 -0.000876323 0.0189106 -0.00085648 0.000892772 0.999999 0.0691764
0.999836 -0.0180814 0.00093275 5.85089 0.0180823 0.999836 -0.00098056 0.0166961 -0.000914868 0.000997265 0.999999 0.0675597
0.999794 -0.0202824 0.000938135 5.97058 0.0202833 0.999794 -0.000917202 0.0124517 -0.000919339 0.000936041 0.999999 0.0695061
0.999806 -0.0196657 0.000855201 6.1045 0.0196665 0.999806 -0.000916228 0.0298224 -0.000837017 0.000932869 0.999999 0.0714275
0.999831 -0.0183622 0.000961241 6.218 0.0183633 0.999831 -0.00121789 -0.0112923 -0.000938715 0.00123534 0.999999 0.0715734
0.999807 -0.0196269 0.00100423 6.36995 0.0196284 0.999806 -0.00144872 -0.0326099 -0.000975597 0.00146815 0.999998 0.0669186
0.999819 -0.0190277 0.000935857 6.529 0.0190294 0.999817 -0.00183651 -0.0454979 -0.000900741 0.00185398 0.999998 0.0697376
0.999835 -0.0181221 0.000898155 6.67927 0.0181239 0.999834 -0.00206641 -0.0503647 -0.000860558 0.00208235 0.999997 0.0717293
0.999828 -0.0185299 0.000902726 6.80157 0.018532 0.999826 -0.00230376 -0.0540882 -0.00085988 0.00232009 0.999997 0.0719684
0.999823 -0.0188037 0.000819813 6.9273 0.0188056 0.99982 -0.00241037 -0.0495335 -0.000774342 0.00242536 0.999997 0.0759682
0.999814 -0.0192706 0.000920803 7.06878 0.019273 0.999811 -0.00265327 -0.0401928 -0.000869498 0.00267052 0.999996 0.0802988
0.999809 -0.0195357 0.00111497 7.20968 0.0195388 0.999805 -0.00286914 -0.0406346 -0.00105871 0.00289038 0.999995 0.0822358
0.999821 -0.0188918 0.000971451 7.36053 0.0188946 0.999817 -0.00295679 -0.0478565 -0.000915414 0.00297461 0.999995 0.0787658
0.999806 -0.0196631 0.000896706 7.50413 0.0196655 0.999803 -0.00275436 -0.0296975 -0.00084237 0.00277146 0.999996 0.0882155
0.999797 -0.020129 0.00080898 7.61099 0.0201319 0.999791 -0.00367798 -0.0167774 -0.000734777 0.00369352 0.999993 0.0894443
0.999836 -0.0181033 0.000724122 7.73287 0.0181057 0.99983 -0.0034351 0.0196973 -0.000661812 0.00344764 0.999994 0.0849814
0.999817 -0.0191238 0.000607973 7.8877 0.0191261 0.999809 -0.00398847 0.00524995 -0.000531583 0.00399937 0.999992 0.0830272
0.999858 -0.0168098 0.000833189 8.09728 0.0168125 0.999853 -0.00323995 0.0355116 -0.000778604 0.00325349 0.999994 0.089772
0.999872 -0.0159684 0.000844797 8.18152 0.0159711 0.999867 -0.00329083 0.0346122 -0.000792135 0.0033039 0.999994 0.0904079
0.99985 -0.0173302 0.000694945 8.29922 0.0173325 0.999844 -0.00346418 0.0447913 -0.000634802 0.0034757 0.999994 0.0899186
0.99984 -0.0178797 0.000859005 8.43695 0.0178826 0.999834 -0.00349235 0.0408617 -0.00079642 0.00350715 0.999994 0.0889404
0.999845 -0.0175715 0.000634251 8.561 0.0175737 0.999839 -0.0035177 0.0714511 -0.000572337 0.0035283 0.999994 0.092245
0.999872 -0.0159929 0.000631646 8.71926 0.015995 0.999866 -0.00345625 0.0663234 -0.000576286 0.00346591 0.999994 0.0922568
0.999873 -0.015919 0.000582795 8.86324 0.015921 0.999867 -0.00360545 0.0693423 -0.000525323 0.00361427 0.999993 0.0941815
0.99989 -0.014824 0.000399456 8.98303 0.0148253 0.999884 -0.00343785 0.0825261 -0.000348447 0.00344339 0.999994 0.0919704
0.999844 -0.0176657 0.000480542 9.21134 0.0176673 0.999838 -0.00347947 0.0899462 -0.000418996 0.00348742 0.999994 0.0952413
0.999873 -0.0159408 0.000375058 9.28218 0.015942 0.999867 -0.00348615 0.0970459 -0.000319437 0.00349168 0.999994 0.0950718
0.999846 -0.0175657 0.000467345 9.46085 0.0175674 0.999839 -0.00374995 0.0798558 -0.000401399 0.00375758 0.999993 0.0946799
0.999877 -0.015656 0.00028569 9.62687 0.0156569 0.999871 -0.00352769 0.0944851 -0.000230424 0.00353174 0.999994 0.0909687
0.999863 -0.0165694 0.000172789 9.76797 0.0165699 0.999856 -0.00360248 0.0944838 -0.000113073 0.00360485 0.999994 0.0951253
0.999858 -0.0168253 8.24312e-05 10.003 0.0168255 0.999852 -0.00357447 0.0976578 -2.22773e-05 0.00357535 0.999994 0.0952787
0.999855 -0.0170581 -7.43904e-05 10.1046 0.0170578 0.999849 -0.00320207 0.119016 0.000129 0.00320033 0.999995 0.0963179
0.999855 -0.016999 -0.000190284 10.2337 0.0169982 0.999849 -0.00370998 0.113238 0.000253321 0.00370621 0.999993 0.096272
0.999857 -0.0169186 -0.000170668 10.4197 0.0169179 0.99985 -0.00360938 0.1104 0.000231708 0.00360598 0.999993 0.099971
0.999833 -0.0182728 -0.000197677 10.5673 0.0182719 0.999825 -0.00399293 0.111465 0.000270605 0.00398865 0.999992 0.096238
0.999838 -0.0179917 -0.000329891 10.8199 0.0179903 0.999831 -0.00389193 0.128105 0.000399857 0.00388537 0.999992 0.100638
0.999853 -0.0171537 -0.000291627 10.9182 0.0171525 0.999846 -0.00376202 0.146981 0.000356115 0.00375647 0.999993 0.102283
0.999841 -0.0178298 -0.000297122 11.0854 0.0178286 0.999835 -0.00343177 0.142981 0.00035826 0.00342593 0.999994 0.108937
0.999855 -0.0170504 -0.000341602 11.2275 0.0170491 0.999848 -0.00357072 0.1446 0.000402432 0.00356437 0.999994 0.110895
0.999804 -0.0197831 -0.000171834 11.4468 0.0197824 0.999799 -0.00335969 0.12246 0.000238265 0.00335563 0.999994 0.109362
0.999836 -0.0181298 -0.00028745 11.6881 0.0181287 0.99983 -0.00335916 0.148974 0.000348302 0.0033534 0.999994 0.110485
0.999848 -0.0174534 -0.000251492 11.755 0.0174525 0.999843 -0.00312495 0.158288 0.000305993 0.00312008 0.999995 0.11986
0.999831 -0.0183616 -0.000110124 11.9308 0.0183612 0.999827 -0.00308339 0.170595 0.000166721 0.00308084 0.999995 0.120438
0.999826 -0.0186332 -0.000202147 12.0665 0.0186326 0.999822 -0.00281166 0.173957 0.000254501 0.0028074 0.999996 0.127141
0.999862 -0.0166168 -0.000296722 12.3238 0.0166158 0.999857 -0.00316483 0.140021 0.000349269 0.00315946 0.999995 0.127281
0.999847 -0.0174734 -0.000389517 12.4014 0.0174719 0.999841 -0.00346939 0.15633 0.000450077 0.00346205 0.999994 0.129139
0.999834 -0.0182365 -0.000341896 12.5781 0.0182352 0.999827 -0.00356597 0.138502 0.000406868 0.00355915 0.999994 0.129765
0.999833 -0.0182754 -0.000423353 12.745 0.0182738 0.999827 -0.00342973 0.141955 0.000485959 0.00342142 0.999994 0.126762
0.999837 -0.0180445 -0.00038935 12.9215 0.0180431 0.999832 -0.00326954 0.149727 0.000448282 0.00326198 0.999995 0.13332
0.999824 -0.0187837 -9.38969e-05 13.0951 0.0187833 0.999819 -0.00293838 0.155871 0.000149074 0.0029361 0.999996 0.140049
0.999819 -0.0190401 -0.000423192 13.2564 0.0190387 0.999814 -0.00313131 0.151567 0.000482734 0.00312269 0.999995 0.139834
0.999833 -0.0182493 -0.000420088 13.4072 0.0182479 0.999829 -0.00309488 0.14619 0.000476495 0.00308669 0.999995 0.145565
0.999814 -0.0192816 -0.000501734 13.5597 0.0192797 0.999808 -0.00358984 0.135538 0.000570856 0.0035795 0.999993 0.14386
0.999846 -0.0175415 -0.000632355 13.7123 0.0175392 0.99984 -0.00350903 0.14534 0.000693808 0.0034974 0.999994 0.14567
0.999833 -0.0182815 -0.000670788 13.8816 0.0182792 0.999827 -0.0033658 0.16104 0.000732205 0.00335297 0.999994 0.142168
0.999828 -0.0185546 -0.000611792 14.0496 0.0185525 0.999823 -0.00314891 0.181417 0.00067011 0.00313702 0.999995 0.149192
0.99982 -0.0189518 -0.000746685 14.2242 0.0189492 0.999815 -0.00332419 0.163688 0.000809546 0.00330944 0.999994 0.150258
0.999813 -0.0193304 -0.000800429 14.3721 0.0193275 0.999807 -0.00343791 0.181425 0.000866731 0.0034218 0.999994 0.150459
0.999817 -0.0191258 -0.000652109 14.5567 0.0191234 0.999811 -0.00341078 0.180469 0.000717219 0.00339769 0.999994 0.153129
0.999825 -0.0187043 -0.000823585 14.6884 0.0187012 0.999819 -0.00359754 0.183726 0.000890725 0.00358151 0.999993 0.155558
0.999839 -0.0179368 -0.000748947 14.8482 0.0179341 0.999833 -0.00350207 0.185401 0.000811638 0.00348808 0.999994 0.150087
0.999816 -0.0191693 -0.000886289 15.0059 0.0191663 0.999811 -0.00331742 0.203641 0.000949714 0.00329982 0.999994 0.153055
0.99986 -0.0167415 -0.000798749 15.201 0.0167385 0.999853 -0.00363826 0.176318 0.000859542 0.00362438 0.999993 0.165115
0.999852 -0.0172012 -0.000849642 15.352 0.0171979 0.999845 -0.00373035 0.168853 0.000913677 0.00371518 0.999993 0.16039
0.99983 -0.0184023 -0.000910077 15.4938 0.0183988 0.999824 -0.00368298 0.186139 0.000977692 0.00366561 0.999993 0.163598
0.999809 -0.0195167 -0.00101254 15.665 0.0195126 0.999802 -0.00392863 0.191257 0.00108902 0.00390812 0.999992 0.166979
0.999853 -0.0171386 -0.00101655 15.8256 0.0171345 0.999846 -0.00388631 0.202383 0.001083 0.00386832 0.999992 0.163438
0.999855 -0.0169994 -0.000871272 16.0324 0.0169963 0.99985 -0.00344748 0.214666 0.000929746 0.00343217 0.999994 0.168027
0.999839 -0.0179183 -0.000916572 16.1667 0.0179149 0.999833 -0.00359402 0.217346 0.000980818 0.00357703 0.999993 0.1708
0.999841 -0.0177962 -0.000966527 16.3473 0.0177929 0.999836 -0.00335654 0.210468 0.0010261 0.00333881 0.999994 0.17527
0.999835 -0.0181024 -0.00116813 16.4773 0.018098 0.999829 -0.00368451 0.223234 0.00123463 0.00366276 0.999993 0.1745
0.999838 -0.0179603 -0.00109276 16.633 0.0179561 0.999832 -0.00373766 0.197373 0.00115971 0.00371743 0.999992 0.179135
0.999852 -0.0171513 -0.00120977 16.7842 0.0171464 0.999845 -0.00395438 0.206372 0.00127741 0.00393305 0.999991 0.177889
0.99986 -0.0166835 -0.00133479 16.954 0.0166784 0.999854 -0.00375521 0.234476 0.00139724 0.00373242 0.999992 0.178759
0.999813 -0.0192883 -0.00131109 17.1216 0.0192841 0.999809 -0.00319905 0.238397 0.00137255 0.00317317 0.999994 0.18338
0.999838 -0.017939 -0.00156048 17.262 0.0179331 0.999832 -0.00372219 0.209578 0.00162699 0.0036936 0.999992 0.180678
0.999818 -0.0190255 -0.00131203 17.4355 0.0190209 0.999813 -0.00343411 0.228725 0.00137712 0.00340853 0.999993 0.186527
0.999836 -0.0180776 -0.00137088 17.6183 0.0180728 0.999831 -0.00341645 0.225379 0.00143241 0.00339111 0.999993 0.189552
0.999826 -0.0185768 -0.00147224 17.7589 0.0185716 0.999821 -0.00349042 0.240223 0.00153682 0.00346247 0.999993 0.191674
0.999849 -0.0172899 -0.00142602 17.9135 0.0172851 0.999845 -0.00329593 0.248328 0.00148279 0.00327079 0.999994 0.193005
0.999835 -0.0180884 -0.0014821 18.0647 0.0180833 0.999831 -0.00341731 0.247372 0.00154366 0.00338995 0.999993 0.196245
0.999834 -0.0181491 -0.00129331 18.24 0.0181445 0.999829 -0.00347652 0.247833 0.00135618 0.00345248 0.999993 0.197102
0.999827 -0.0185656 -0.0013215 18.3882 0.0185606 0.999821 -0.00367969 0.265279 0.00138958 0.00365452 0.999992 0.199113
0.999817 -0.0190811 -0.00142369 18.5617 0.0190756 0.999811 -0.00372892 0.230779 0.00149457 0.00370108 0.999992 0.203512
0.999849 -0.0173274 -0.00141041 18.7148 0.0173222 0.999844 -0.0035907 0.252036 0.00147241 0.00356573 0.999993 0.200258
0.999841 -0.0177901 -0.00148289 18.8751 0.0177848 0.999836 -0.00354952 0.269494 0.00154579 0.00352259 0.999993 0.204943
0.999853 -0.0170677 -0.00151552 19.0532 0.0170625 0.999849 -0.00342654 0.266941 0.00157377 0.00340018 0.999993 0.204276
0.999835 -0.0180969 -0.00142196 19.2101 0.0180913 0.999829 -0.00385869 0.248572 0.00149154 0.00383233 0.999992 0.208689
0.999842 -0.0177314 -0.00146348 19.382 0.0177257 0.999835 -0.00384705 0.246211 0.00153145 0.0038205 0.999992 0.213078
0.999825 -0.0186385 -0.00162603 19.6088 0.0186318 0.999818 -0.00405603 0.26017 0.00170133 0.00402502 0.99999 0.212219
0.999836 -0.0180315 -0.00170326 19.6904 0.0180247 0.99983 -0.00392617 0.267482 0.00177377 0.00389482 0.999991 0.21408
0.999837 -0.0179622 -0.00182824 19.8504 0.017955 0.999831 -0.0039005 0.27931 0.00189799 0.00386704 0.999991 0.21928
0.999812 -0.0192937 -0.00185549 20.0191 0.0192873 0.999808 -0.00338169 0.29458 0.00192038 0.00334527 0.999993 0.218565
0.999828 -0.0184333 -0.00203836 20.1896 0.0184261 0.999824 -0.00350037 0.272763 0.00210252 0.00346221 0.999992 0.221428
0.999821 -0.0188327 -0.00193101 20.3506 0.0188256 0.999816 -0.00360962 0.300781 0.00199863 0.00357262 0.999992 0.21951
0.999776 -0.0211045 -0.00167564 20.5326 0.0210992 0.999773 -0.00309186 0.296511 0.00174051 0.00305581 0.999994 0.225722
0.999801 -0.0198803 -0.00178064 20.6735 0.019874 0.999796 -0.0034802 0.298345 0.00184946 0.00344412 0.999992 0.229991
0.999816 -0.0191114 -0.00184621 20.8442 0.0191053 0.999812 -0.00328515 0.296842 0.00190864 0.00324928 0.999993 0.229954
0.999796 -0.0200841 -0.00190874 21.016 0.0200786 0.999794 -0.00286156 0.335892 0.00196582 0.00282266 0.999994 0.232091
0.999789 -0.0204966 -0.00113472 21.2184 0.0204948 0.999789 -0.00151122 0.314947 0.00116545 0.00148765 0.999998 0.24271
0.999814 -0.0191446 -0.00219511 21.3511 0.0191376 0.999812 -0.00318146 0.309642 0.00225561 0.00313886 0.999993 0.238732
0.99982 -0.0188819 -0.0020728 21.5295 0.0188747 0.999816 -0.0034476 0.30951 0.00213751 0.00340786 0.999992 0.238333
0.999836 -0.0179607 -0.00245937 21.6752 0.0179531 0.999834 -0.00304687 0.317466 0.00251368 0.00300221 0.999992 0.241658
0.999846 -0.017402 -0.00237653 21.8266 0.0173935 0.999842 -0.00357505 0.305541 0.00243837 0.00353316 0.999991 0.238205
0.999831 -0.0182074 -0.00237844 22.0033 0.018199 0.999828 -0.00348528 0.314196 0.00244149 0.00344141 0.999991 0.237679
0.999829 -0.0183408 -0.00221977 22.2605 0.0183336 0.999827 -0.00322064 0.305774 0.00227846 0.00317939 0.999992 0.249825
0.999815 -0.0191228 -0.00223484 22.3435 0.0191153 0.999812 -0.00334939 0.332273 0.00229847 0.00330605 0.999992 0.249528
0.999819 -0.0188809 -0.00243279 22.5133 0.0188722 0.999816 -0.00354948 0.302774 0.00249936 0.00350292 0.999991 0.252186
0.999818 -0.0189186 -0.00239612 22.6819 0.0189108 0.999816 -0.00326308 0.309934 0.00245742 0.00321717 0.999992 0.252589
0.999826 -0.018438 -0.00297823 22.7945 0.0184272 0.999824 -0.00361924 0.32455 0.00304444 0.00356373 0.999989 0.255166
0.999833 -0.0180965 -0.00261333 23.0001 0.0180879 0.999831 -0.00328086 0.340603 0.00267227 0.00323304 0.999991 0.256009
0.999843 -0.0174799 -0.00273585 23.1681 0.0174717 0.999843 -0.00299611 0.329962 0.00278779 0.00294784 0.999992 0.25961
0.999825 -0.0185093 -0.00268775 23.3217 0.0185 0.999823 -0.00343113 0.325524 0.00275079 0.00338081 0.999991 0.260172
0.99986 -0.0165193 -0.00267147 23.471 0.0165101 0.999858 -0.0034103 0.329152 0.00272742 0.00336571 0.999991 0.261968
0.999838 -0.0178172 -0.00254757 23.641 0.0178085 0.999836 -0.00339086 0.333364 0.00260756 0.00334494 0.999991 0.26278
0.999878 -0.0153852 -0.00252946 23.7831 0.0153761 0.999875 -0.00356572 0.330218 0.002584 0.0035264 0.99999 0.264651
0.99986 -0.0165024 -0.0026885 23.9348 0.0164925 0.999857 -0.00367187 0.354553 0.00274871 0.00362701 0.99999 0.264981
0.999866 -0.0161613 -0.00269481 24.1055 0.0161521 0.999864 -0.0034152 0.326391 0.00274964 0.00337122 0.999991 0.268149
0.999842 -0.0175618 -0.00260338 24.2766 0.0175504 0.999837 -0.00431295 0.328463 0.00267869 0.00426658 0.999987 0.274134
0.999843 -0.017523 -0.00264593 24.4466 0.0175121 0.999838 -0.00409706 0.319485 0.00271729 0.00405008 0.999988 0.275339
0.999855 -0.016772 -0.00288418 24.5867 0.0167595 0.99985 -0.00429613 0.328135 0.0029558 0.00424717 0.999987 0.27678
0.999878 -0.0153356 -0.00297314 24.7775 0.0153255 0.999877 -0.00340008 0.354839 0.00302492 0.0033541 0.99999 0.278649
0.999873 -0.0156519 -0.00296181 24.9246 0.015642 0.999872 -0.00335583 0.362881 0.00301396 0.00330908 0.99999 0.284428
0.999855 -0.0168525 -0.00257344 25.0934 0.0168446 0.999853 -0.00308057 0.368343 0.00262498 0.00303677 0.999992 0.287993
0.999843 -0.0175422 -0.00235449 25.275 0.0175347 0.999841 -0.0031315 0.3604 0.00240905 0.00308973 0.999992 0.286117
0.99984 -0.0177606 -0.00204176 25.42 0.0177548 0.999838 -0.00280448 0.344919 0.00209124 0.00276778 0.999994 0.297024
0.999825 -0.0185674 -0.00231836 25.5685 0.0185601 0.999823 -0.00312277 0.348967 0.00237593 0.00307919 0.999992 0.29803
0.999862 -0.0164617 -0.00237532 25.7306 0.0164549 0.999861 -0.00283137 0.34944 0.0024216 0.00279189 0.999993 0.296209
0.999869 -0.0158924 -0.00295756 25.8959 0.0158832 0.999869 -0.00312081 0.358188 0.00300677 0.00307343 0.999991 0.298915
0.999847 -0.017298 -0.00262223 26.0541 0.0172918 0.999848 -0.00235957 0.373787 0.00266265 0.00231387 0.999994 0.304497
0.999871 -0.0158275 -0.00267905 26.2256 0.0158197 0.999871 -0.00292068 0.367016 0.00272493 0.00287792 0.999992 0.301154
0.999832 -0.0181457 -0.00248855 26.379 0.0181387 0.999831 -0.00281257 0.358702 0.00253917 0.00276696 0.999993 0.308782
0.999857 -0.0166883 -0.00284034 26.5363 0.0166794 0.999856 -0.00314294 0.361078 0.00289238 0.00309511 0.999991 0.303545
0.999875 -0.0155423 -0.0028283 26.6874 0.0155342 0.999875 -0.00287878 0.372048 0.00287269 0.00283448 0.999992 0.311731
0.999895 -0.0142723 -0.0026178 26.8802 0.0142659 0.999895 -0.00244105 0.38057 0.00265237 0.00240345 0.999994 0.316345
0.999881 -0.015224 -0.00262905 27.0216 0.015219 0.999882 -0.00190257 0.376777 0.0026577 0.00186234 0.999995 0.322417
0.999878 -0.0155001 -0.00216219 27.1861 0.0154971 0.999879 -0.00139024 0.37121 0.00218347 0.00135656 0.999997 0.328626
0.99987 -0.0158881 -0.00283526 27.3377 0.0158816 0.999871 -0.00227897 0.371688 0.00287111 0.00223364 0.999993 0.329172
0.999855 -0.0168115 -0.00284544 27.4957 0.0168017 0.999853 -0.00342069 0.366536 0.00290253 0.00337238 0.99999 0.327018
0.999876 -0.0155258 -0.00273577 27.6525 0.0155171 0.999875 -0.00316857 0.364255 0.00278462 0.00312573 0.999991 0.332848
0.99988 -0.0152293 -0.00282196 27.8018 0.0152209 0.99988 -0.00295258 0.372256 0.00286659 0.00290927 0.999992 0.333723
0.999882 -0.0151085 -0.00274769 27.9658 0.0151011 0.999882 -0.0026757 0.387402 0.00278779 0.00263389 0.999993 0.335763
0.999867 -0.0160549 -0.0027545 28.129 0.0160482 0.999868 -0.00244191 0.403725 0.00279334 0.00239739 0.999993 0.338923
0.99986 -0.0164429 -0.00300215 28.2794 0.0164348 0.999861 -0.00272366 0.40065 0.00304652 0.00267394 0.999992 0.337654
0.999862 -0.016493 -0.00221974 28.4724 0.0164876 0.999861 -0.00242429 0.383461 0.00225942 0.00238736 0.999995 0.343977
0.99985 -0.0171134 -0.00255949 28.6048 0.0171074 0.999851 -0.00232257 0.389361 0.00259886 0.00227844 0.999994 0.34764
0.999851 -0.0170655 -0.00265864 28.7702 0.0170586 0.999851 -0.00258261 0.389054 0.00270232 0.00253687 0.999993 0.353615
0.999879 -0.0152122 -0.00317279 28.9132 0.0152055 0.999882 -0.00213929 0.403733 0.00320496 0.00209079 0.999993 0.354806
0.999864 -0.0161089 -0.0034154 29.075 0.0161004 0.999867 -0.0024893 0.433421 0.00345505 0.00243398 0.999991 0.352431
0.99985 -0.0168318 -0.00397411 29.3197 0.0168197 0.999854 -0.00307331 0.432743 0.00402526 0.00300601 0.999987 0.352054
0.99982 -0.0185271 -0.00415055 29.4037 0.0185147 0.999824 -0.00302766 0.426306 0.00420591 0.00295027 0.999987 0.349076
0.999853 -0.0166638 -0.00398483 29.5725 0.0166523 0.999857 -0.00289791 0.420936 0.00403255 0.00283113 0.999988 0.355639
0.999833 -0.0177755 -0.0042017 29.7104 0.0177651 0.999839 -0.00248662 0.446295 0.00424523 0.00241156 0.999988 0.350483
0.999872 -0.0155743 -0.00371356 29.8774 0.015568 0.999877 -0.00173425 0.414685 0.00374011 0.00167622 0.999992 0.356211
0.999932 -0.0107749 -0.00455463 30.0374 0.0107677 0.999941 -0.001588 0.424146 0.00457147 0.00153885 0.999988 0.354915
0.999988 -0.0010121 -0.00477949 30.2429 0.00100369 0.999998 -0.00176299 0.416824 0.00478126 0.00175817 0.999987 0.360342
0.999983 0.00353971 -0.00458561 30.3169 -0.00354707 0.999992 -0.00159794 0.415922 0.00457992 0.00161418 0.999988 0.363295
0.999941 0.00995593 -0.00431929 30.4691 -0.00996407 0.999949 -0.00186586 0.413019 0.00430049 0.00190878 0.999989 0.36874
0.99987 0.0155015 -0.0045431 30.6066 -0.0155113 0.999877 -0.00212373 0.433771 0.00450962 0.00219392 0.999987 0.370557
0.999703 0.0239508 -0.00453042 30.7795 -0.0239583 0.999712 -0.00159155 0.424063 0.004491 0.00169961 0.999988 0.371988
0.999619 0.0272244 -0.00456315 30.9621 -0.0272332 0.999627 -0.0018928 0.412458 0.00450992 0.00201635 0.999988 0.366039
0.999415 0.0339824 -0.00378864 31.142 -0.0339897 0.99942 -0.001865 0.401907 0.00372306 0.00199268 0.999991 0.379069
0.999256 0.0383334 -0.00425487 31.2804 -0.0383402 0.999264 -0.00154153 0.402462 0.00419265 0.00170351 0.99999 0.375082
0.999129 0.0416154 -0.00297148 31.4457 -0.0416176 0.999133 -0.00068685 0.391651 0.00294032 0.000809918 0.999995 0.387388
0.998971 0.0452701 -0.00271061 31.619 -0.0452735 0.998974 -0.00119256 0.367744 0.00265384 0.00131405 0.999996 0.390521
0.998717 0.0505809 -0.00245139 31.8748 -0.050582 0.99872 -0.000392035 0.381512 0.00242842 0.000515529 0.999997 0.394427
0.998622 0.0524043 -0.00277399 31.9273 -0.0524063 0.998626 -0.000654953 0.372591 0.00273586 0.000799425 0.999996 0.394348
0.998654 0.0517743 -0.00304461 32.0642 -0.0517761 0.998659 -0.000508218 0.364053 0.00301422 0.000665173 0.999995 0.39373
0.998658 0.0517202 -0.00259277 32.2607 -0.0517224 0.998661 -0.000804421 0.342649 0.0025477 0.000937446 0.999996 0.403298
0.998598 0.0528801 -0.00255114 32.3946 -0.0528817 0.998601 -0.000556967 0.332354 0.00251812 0.000691095 0.999997 0.406064
0.998711 0.0507252 -0.00174336 32.5707 -0.050727 0.998712 -0.000998892 0.310948 0.00169045 0.00108604 0.999998 0.408838
0.998622 0.05245 -0.00177906 32.7387 -0.0524515 0.998623 -0.0007609 0.306701 0.00173671 0.000853166 0.999998 0.412721
0.998508 0.0545724 -0.0017246 32.8827 -0.054574 0.998509 -0.000851036 0.283612 0.00167559 0.000943885 0.999998 0.415506
0.998467 0.0552979 -0.00257985 32.9962 -0.0553007 0.998469 -0.00103888 0.304812 0.00251845 0.00117995 0.999996 0.412299
0.998525 0.0542057 -0.00316837 33.1674 -0.0542094 0.998529 -0.00111058 0.265911 0.00310351 0.0012807 0.999994 0.407652
0.998543 0.0538034 -0.00417201 33.3061 -0.0538118 0.998549 -0.00192939 0.272621 0.00406215 0.00215108 0.999989 0.410824
0.998536 0.0539056 -0.00456283 33.4626 -0.053918 0.998542 -0.00263378 0.264511 0.0044142 0.00287594 0.999986 0.409361
0.998468 0.0551496 -0.00449235 33.5943 -0.0551614 0.998474 -0.00254429 0.264275 0.00434518 0.00278819 0.999987 0.405948
0.998433 0.0558334 -0.00377723 33.7582 -0.055842 0.998437 -0.0022149 0.234413 0.00364766 0.00242236 0.99999 0.416077
0.998303 0.0580591 -0.00460338 33.8915 -0.0580699 0.99831 -0.00223795 0.246075 0.00446567 0.00250147 0.999987 0.413756
0.998341 0.057431 -0.00409969 34.0649 -0.0574379 0.998348 -0.00157707 0.24472 0.00400234 0.00180993 0.99999 0.419563
0.998397 0.056468 -0.00376898 34.2295 -0.0564757 0.998402 -0.00196526 0.246783 0.00365198 0.00217497 0.999991 0.426391
0.998413 0.0561996 -0.00374482 34.3971 -0.0562081 0.998417 -0.0021949 0.221531 0.00361553 0.00240191 0.999991 0.420035
0.998369 0.0569979 -0.00334791 34.5661 -0.0570051 0.998372 -0.00210679 0.221566 0.00322238 0.0022942 0.999992 0.423679
0.998447 0.0555934 -0.00358693 34.7 -0.0556012 0.998451 -0.00210414 0.219644 0.0034644 0.00230031 0.999991 0.426749
0.998262 0.0587566 -0.00444315 34.8392 -0.0587686 0.998268 -0.00263334 0.208423 0.00428073 0.00288989 0.999987 0.42579
0.998266 0.0587399 -0.00390815 35.0302 -0.058747 0.998271 -0.00170656 0.199278 0.00380115 0.00193319 0.999991 0.434289
0.99835 0.0572807 -0.00394054 35.1828 -0.0572895 0.998355 -0.00216328 0.188164 0.00381014 0.00238546 0.99999 0.435223
0.998556 0.0535955 -0.00373369 35.3375 -0.0536037 0.99856 -0.00215113 0.182132 0.00361302 0.00234816 0.999991 0.43806
0.998918 0.0463915 -0.00333465 35.4642 -0.0463991 0.99892 -0.00225202 0.18044 0.00322657 0.00240431 0.999992 0.446659
0.9992 0.0398389 -0.00350217 35.6048 -0.0398463 0.999204 -0.00206049 0.158002 0.00341729 0.00219839 0.999992 0.45122
0.99922 0.0393062 -0.00376681 35.7374 -0.0393141 0.999225 -0.00205275 0.169904 0.0036832 0.00219923 0.999991 0.449191
0.999229 0.0390193 -0.00429334 35.9012 -0.0390282 0.999236 -0.00199795 0.179941 0.0042121 0.00216397 0.999989 0.448054
0.99927 0.0380086 -0.00380576 36.0543 -0.0380153 0.999276 -0.00171031 0.159957 0.003738 0.00185374 0.999991 0.453044
0.999315 0.0367956 -0.00405709 36.2124 -0.036803 0.999321 -0.00176269 0.157267 0.00398947 0.00191079 0.99999 0.456015
0.9993 0.0371526 -0.00433541 36.3501 -0.0371624 0.999307 -0.00219232 0.144459 0.00425095 0.0023519 0.999988 0.455175
0.99931 0.036871 -0.00458156 36.494 -0.0368797 0.999318 -0.00182344 0.15361 0.00451121 0.00199115 0.999988 0.453377
0.999373 0.0351762 -0.00393225 36.6718 -0.0351844 0.999379 -0.00202669 0.152394 0.00385852 0.00216378 0.99999 0.462299
0.999282 0.0374753 -0.00558785 36.79 -0.0374875 0.999295 -0.00209628 0.142411 0.00550535 0.00230425 0.999982 0.463273
0.999244 0.0386117 -0.00462402 36.9307 -0.0386199 0.999253 -0.00168991 0.137421 0.00455531 0.00186721 0.999988 0.464049
0.999276 0.0377557 -0.0046419 37.1056 -0.0377629 0.999286 -0.00148455 0.147837 0.00458253 0.00165877 0.999988 0.462917
0.999296 0.03731 -0.00386578 37.2612 -0.0373162 0.999302 -0.00153748 0.129641 0.00380572 0.00168066 0.999991 0.468921
0.999279 0.0377302 -0.00432115 37.4002 -0.0377383 0.999286 -0.00179445 0.126269 0.00425036 0.00195623 0.999989 0.471944
0.999302 0.0372651 -0.0024446 37.5769 -0.037269 0.999304 -0.00154899 0.0976828 0.00238517 0.00163901 0.999996 0.479375
0.999224 0.0392752 -0.00284528 37.7216 -0.0392796 0.999227 -0.0015229 0.108204 0.00278327 0.00163348 0.999995 0.483057
0.999227 0.0392734 -0.00163412 37.8991 -0.0392753 0.999228 -0.00118385 0.0952048 0.00158636 0.00124712 0.999998 0.494284
0.999192 0.0401253 -0.00250222 38.049 -0.0401285 0.999194 -0.00122203 0.102565 0.00245117 0.00132146 0.999996 0.492403
0.999249 0.0386858 -0.00236666 38.2162 -0.0386898 0.99925 -0.00169155 0.0729815 0.00229945 0.00178185 0.999996 0.497322
0.999236 0.0388908 -0.00379367 38.344 -0.0388995 0.999241 -0.00224467 0.0900313 0.00370349 0.00239053 0.99999 0.486805
0.999276 0.0378289 -0.00408739 38.4765 -0.0378378 0.999282 -0.00211624 0.0745633 0.0040044 0.00226936 0.999989 0.487345
0.999349 0.0358453 -0.00401357 38.6496 -0.0358556 0.999354 -0.00252784 0.048084 0.00392037 0.00267011 0.999989 0.493034
0.999243 0.0385106 -0.00541991 38.7827 -0.0385218 0.999256 -0.00197678 0.06221 0.00533975 0.00218407 0.999983 0.492038
0.9992 0.0397397 -0.00453273 38.968 -0.0397501 0.999207 -0.00222575 0.0441803 0.00444068 0.00240414 0.999987 0.491931
0.999193 0.039948 -0.00415055 39.1101 -0.0399559 0.9992 -0.00184067 0.0560963 0.0040737 0.00200503 0.99999 0.497514
0.999186 0.0400962 -0.00447956 39.3364 -0.0401057 0.999193 -0.00203576 0.0448256 0.00439432 0.00221375 0.999988 0.502733
0.999207 0.0395875 -0.00427964 39.4067 -0.0395967 0.999214 -0.00208757 0.0437746 0.00419364 0.00225538 0.999989 0.5097
0.999226 0.0391642 -0.00365616 39.5943 -0.0391754 0.999228 -0.00303003 0.023248 0.00353467 0.00317092 0.999989 0.51118
0.9992 0.0397873 -0.00405334 39.7271 -0.0397988 0.999204 -0.00280812 0.0192516 0.00393838 0.00296719 0.999988 0.51083
0.999161 0.0407877 -0.00356253 39.892 -0.0407962 0.999165 -0.0023355 0.0331373 0.0034643 0.00247888 0.999991 0.516546
0.999155 0.0409168 -0.00399687 40.0443 -0.0409256 0.99916 -0.00215935 0.0392682 0.00390516 0.0023211 0.99999 0.516126
0.999191 0.0400646 -0.00349409 40.2129 -0.0400735 0.999194 -0.00252599 0.0130166 0.00339007 0.00266397 0.999991 0.526155
0.99915 0.0410329 -0.0040307 40.3385 -0.0410437 0.999154 -0.00262396 0.00544435 0.00391962 0.00278717 0.999988 0.525724
0.999197 0.0399331 -0.00325218 40.4988 -0.0399417 0.999199 -0.00263413 0.00917668 0.00314438 0.00276191 0.999991 0.532017
0.999195 0.0398999 -0.00418694 40.6469 -0.0399115 0.999199 -0.00273494 -0.00789812 0.00407446 0.00289985 0.999987 0.530577
0.999138 0.0413107 -0.00406817 40.7949 -0.0413226 0.999142 -0.00288195 -0.0177378 0.00394562 0.00304758 0.999988 0.529883
0.999127 0.0415601 -0.00413068 41.0116 -0.0415709 0.999132 -0.00255007 0.0159692 0.00402112 0.00271956 0.999988 0.534651
0.999165 0.0406587 -0.00392431 41.1105 -0.040669 0.999169 -0.00256224 -0.00406796 0.00381688 0.0027197 0.999989 0.538644
0.99912 0.041733 -0.00420289 41.2568 -0.0417445 0.999125 -0.00268752 -0.0255151 0.00408705 0.0028606 0.999988 0.544486
0.999079 0.0427366 -0.0039118 41.4198 -0.0427471 0.999082 -0.00264157 -0.0124351 0.00379531 0.00280636 0.999989 0.542751
0.999122 0.0416729 -0.00421878 41.5442 -0.0416843 0.999127 -0.00265736 -0.0294983 0.00410436 0.00283088 0.999988 0.547559
0.999118 0.0417737 -0.00422743 41.6992 -0.0417847 0.999123 -0.00255147 -0.0283192 0.00411714 0.00272587 0.999988 0.552078
0.999072 0.0428246 -0.0046333 41.8433 -0.0428363 0.999079 -0.00246129 -0.0371105 0.00452363 0.00265748 0.999986 0.548839
0.999085 0.0425659 -0.00414112 42.0069 -0.0425777 0.999089 -0.00279351 -0.0343106 0.00401844 0.00296728 0.999988 0.55445
0.999083 0.0426219 -0.00416731 42.1584 -0.0426326 0.999088 -0.00251321 -0.0571286 0.00405639 0.00268857 0.999988 0.554935
0.999066 0.042942 -0.00470573 42.2977 -0.0429548 0.999074 -0.00265445 -0.0820798 0.00458738 0.0028541 0.999985 0.55595
0.999081 0.0426371 -0.00427883 42.4634 -0.04265 0.999086 -0.00297278 -0.0984744 0.00414816 0.00315254 0.999986 0.559773
0.999058 0.0431547 -0.00456585 42.6208 -0.0431679 0.999064 -0.00284137 -0.0821675 0.00443896 0.00303579 0.999986 0.558517
0.999056 0.0432298 -0.0041935 42.7924 -0.0432417 0.999061 -0.00277784 -0.0917208 0.00406948 0.00295655 0.999987 0.571146
0.999032 0.0437681 -0.00429003 42.9583 -0.0437802 0.999037 -0.00276946 -0.0988124 0.00416468 0.00295459 0.999987 0.571151
0.999064 0.0430456 -0.00431976 43.1204 -0.0430579 0.999069 -0.00279502 -0.108267 0.00419542 0.0029784 0.999987 0.573511
0.999017 0.0441046 -0.00452773 43.2727 -0.0441176 0.999022 -0.00282476 -0.131086 0.00439872 0.00302174 0.999986 0.572857
0.999029 0.0438868 -0.00400713 43.4563 -0.0438985 0.999032 -0.00288452 -0.147392 0.00387666 0.00305763 0.999988 0.579616
0.998992 0.0446927 -0.00414336 43.6109 -0.0447048 0.998996 -0.00286887 -0.142992 0.00401098 0.0030512 0.999987 0.586162
