0.475949 -0.879334 0.0156446 1.10278 0.879472 0.475887 -0.0077492 1.32335 -0.000630922 0.0174472 0.999848 0.789584
0.474573 -0.880123 0.0128152 1.52608 0.880216 0.474523 -0.00688101 2.10291 -2.49515e-05 0.0145457 0.999894 0.790911
0.471355 -0.881841 0.013416 2.81262 0.881921 0.471396 -7.63438e-05 4.48205 -0.00625694 0.0118678 0.99991 0.803232
0.469722 -0.882777 0.00812142 3.35296 0.882805 0.469739 0.000304355 5.51032 -0.00408363 0.00702667 0.999967 0.808569
0.468611 -0.883394 0.00438049 4.12692 0.88338 0.468629 0.00518126 7.02083 -0.00662992 0.00144164 0.999977 0.815548
0.469462 -0.882931 -0.00610906 5.02069 0.882938 0.469404 0.00890486 8.85309 -0.00499476 -0.00957442 0.999942 0.834367
0.471419 -0.881864 -0.00899713 5.36125 0.881868 0.471272 0.0145368 9.59952 -0.00857938 -0.0147872 0.999854 0.847138
0.47406 -0.880472 -0.00606161 5.70657 0.880277 0.473781 0.0253844 10.338 -0.0194784 -0.0173696 0.999659 0.859664
0.476593 -0.879081 -0.00866012 6.20302 0.879 0.476338 0.0214452 11.3743 -0.0147269 -0.0178329 0.999732 0.87396
0.478941 -0.877824 -0.00642987 6.55265 0.877655 0.47867 0.0244142 12.0898 -0.0183535 -0.0173361 0.999681 0.892769
0.48145 -0.876443 -0.00731645 7.04222 0.876403 0.481289 0.0167236 13.081 -0.0111359 -0.0144637 0.999833 0.921797
0.48351 -0.875325 -0.004971 7.49546 0.875325 0.483461 0.00848291 13.9802 -0.00502201 -0.00845281 0.999952 0.963974
0.484427 -0.874832 0.000584926 7.95574 0.874828 0.484427 0.00244934 14.8725 -0.00242611 -0.00067482 0.999997 1.013
0.484716 -0.874414 0.0212196 8.76336 0.874461 0.484989 0.0101788 16.4362 -0.0191918 0.0136218 0.999723 1.07042
0.482924 -0.8752 0.0284474 9.33476 0.875625 0.48295 -0.0064154 17.5002 -0.00812393 0.0280074 0.999575 1.09654
0.480985 -0.876147 0.0319324 9.78407 0.876728 0.480702 -0.0165467 18.3185 -0.000852634 0.0359547 0.999353 1.10818
0.479244 -0.876824 0.0388003 10.1743 0.877645 0.479158 -0.0121085 19.0393 -0.00797447 0.0398558 0.999174 1.11926
0.477005 -0.878224 0.0344791 10.8024 0.878828 0.476092 -0.0315937 20.2259 0.0113311 0.0453715 0.998906 1.15113
0.47524 -0.879147 0.0353236 11.2001 0.879776 0.474271 -0.0325728 20.9681 0.0118833 0.0465567 0.998845 1.15941
0.473523 -0.879708 0.0434619 11.5585 0.880766 0.47323 -0.0174705 21.6456 -0.00519849 0.0465524 0.998902 1.1588
0.471723 -0.880616 0.0446455 12.1337 0.881721 0.471489 -0.0162997 22.7477 -0.0066961 0.0470538 0.99887 1.16668
0.470548 -0.88108 0.04778 12.586 0.882298 0.470529 -0.0123529 23.6119 -0.011598 0.0479688 0.998782 1.16697
0.469584 -0.881754 0.0447326 13.5186 0.882742 0.469825 -0.00562079 25.4198 -0.0160604 0.0421268 0.998983 1.16455
0.468598 -0.882246 0.0453634 13.9697 0.88324 0.468901 -0.00438398 26.2863 -0.0174032 0.0421211 0.998961 1.14121
0.46926 -0.882357 0.0352357 14.5034 0.88306 0.468905 -0.0182621 27.3219 -0.000408498 0.0396849 0.999212 1.11517
0.467786 -0.883113 0.0358839 14.8608 0.883825 0.467642 -0.0128433 28.0229 -0.00543878 0.037723 0.999273 1.09662
0.465046 -0.884281 0.0421873 15.2492 0.885026 0.465537 0.00206676 28.7884 -0.0214673 0.0363757 0.999108 1.08588
0.464022 -0.884969 0.0388971 15.8415 0.885699 0.464245 -0.00365231 29.9407 -0.0148256 0.0361459 0.999237 1.07429
0.462121 -0.885798 0.0424939 16.1677 0.886433 0.462799 0.00725042 30.5788 -0.0260886 0.0343175 0.99907 1.05909
0.461535 -0.886483 0.0336577 16.7273 0.887001 0.461766 -0.00102379 31.6777 -0.0146344 0.0303269 0.999433 1.04815
0.45975 -0.88734 0.0354526 17.0771 0.887739 0.460277 0.00801018 32.3734 -0.0234258 0.0277899 0.999339 1.04901
0.458995 -0.88782 0.0331443 17.614 0.888185 0.459436 0.00677022 33.4248 -0.0212384 0.0263307 0.999428 1.05294
0.457797 -0.888247 0.0379236 17.9947 0.888501 0.458603 0.015805 34.1722 -0.0314306 0.0264596 0.999156 1.05823
0.458428 -0.888201 0.0307032 18.5878 0.888637 0.45861 -0.00125195 35.3332 -0.0129688 0.0278579 0.999528 1.05593
0.458703 -0.888191 0.0266207 18.9816 0.888589 0.458471 -0.0145878 36.1022 0.00075187 0.0303464 0.999539 1.04633
0.457853 -0.888521 0.0300086 19.3296 0.889021 0.45772 -0.0115733 36.7829 -0.00345242 0.0319771 0.999483 1.04224
0.456612 -0.889107 0.0315199 19.7946 0.889652 0.456519 -0.0105213 37.6929 -0.00503483 0.0328459 0.999448 1.03959
0.454884 -0.88973 0.0382345 20.1618 0.890345 0.455282 0.00194875 38.4224 -0.0191413 0.0331554 0.999267 1.04255
0.453728 -0.890193 0.0410829 20.6958 0.890893 0.454206 0.00262645 39.4751 -0.0209982 0.0354088 0.999152 1.04614
0.453211 -0.890568 0.0385792 21.1363 0.891197 0.453613 0.00189265 40.3585 -0.0191856 0.0335239 0.999254 1.04326
0.45178 -0.891171 0.0413347 21.4545 0.891637 0.452585 0.0122381 41.0082 -0.0296137 0.0313267 0.99907 1.03199
0.45098 -0.891993 0.0310679 21.9879 0.892472 0.451085 -0.00395262 42.0773 -0.0104886 0.0295098 0.999509 1.0015
0.450245 -0.892508 0.026624 22.3388 0.892896 0.450172 -0.00900483 42.7929 -0.00394851 0.0278269 0.999605 0.993717
0.449222 -0.893182 0.0206453 22.76 0.893418 0.449147 -0.00840007 43.6639 -0.00176998 0.0222184 0.999752 0.995889
0.447375 -0.894005 0.0246927 23.0883 0.894184 0.44765 0.00669919 44.3405 -0.0170428 0.0190828 0.999673 1.00671
0.446345 -0.894718 0.0160024 23.9696 0.89485 0.446355 -0.00313577 46.1519 -0.00433714 0.0157194 0.999867 1.01443
0.444831 -0.895427 0.018322 24.2746 0.895572 0.444915 0.000588745 46.7676 -0.00867893 0.0161468 0.999832 1.02071
0.442508 -0.89649 0.0221893 24.6299 0.896598 0.442767 0.00829606 47.4887 -0.017262 0.0162238 0.999719 1.02893
0.441387 -0.897068 0.0211554 25.0477 0.897196 0.441592 0.00601906 48.3469 -0.0147415 0.0163238 0.999758 1.03841
0.440292 -0.897593 0.0216533 25.3959 0.89775 0.440481 0.00466502 49.0581 -0.0137252 0.0173853 0.999755 1.04445
0.43883 -0.898281 0.0227856 25.72 0.898394 0.439105 0.00867885 49.7316 -0.0178013 0.0166619 0.999703 1.05023
0.436242 -0.899538 0.0229079 26.4139 0.899487 0.436637 0.016481 51.1831 -0.0248277 0.0134157 0.999602 1.05771
0.436663 -0.899528 0.0132036 26.7941 0.899588 0.436732 0.00272633 51.98 -0.00821884 0.0106873 0.999909 1.05164
0.435724 -0.900016 0.0107143 27.027 0.900063 0.435759 0.00102457 52.488 -0.00559097 0.00919708 0.999942 1.04286
0.436915 -0.899502 -0.00121505 27.425 0.899204 0.436804 -0.0251815 53.3409 0.0231816 0.0099096 0.999682 1.03451
0.435086 -0.900387 0.00187108 27.5967 0.900275 0.434997 -0.0168027 53.7158 0.014315 0.00899511 0.999857 1.04712
0.435266 -0.900302 -0.000897679 27.9767 0.900106 0.435191 -0.0204309 54.5252 0.0187846 0.00808486 0.999791 1.06422
0.433421 -0.901189 0.0022713 28.1945 0.901144 0.433371 -0.0113909 54.9978 0.00928102 0.00698382 0.999933 1.07926
0.430601 -0.902498 0.00899057 28.44 0.902541 0.430597 -0.00245878 55.5158 -0.00165226 0.00917311 0.999957 1.0863
0.428428 -0.903328 0.0211811 28.9912 0.90357 0.428392 -0.00640556 56.6558 -0.00328752 0.021883 0.999755 1.09896
0.431293 -0.901961 0.0212501 29.299 0.90221 0.431128 -0.0120505 57.2939 0.00170754 0.0243693 0.999702 1.11163
0.438731 -0.8984 0.0198047 29.7871 0.898613 0.438696 -0.00631315 58.3156 -0.00301652 0.0205665 0.999784 1.1271
0.441037 -0.897057 0.0278401 29.9996 0.897384 0.441247 0.00158017 58.7197 -0.0137019 0.0242863 0.999611 1.13451
0.448546 -0.893097 0.0344236 30.2884 0.893572 0.448909 0.00323821 59.2814 -0.0183451 0.0293074 0.999402 1.14517
0.456788 -0.888887 0.0349954 30.5201 0.889302 0.45727 0.00681478 59.7471 -0.0220599 0.0280086 0.999364 1.14717
0.469547 -0.882336 0.0317616 30.7751 0.882656 0.469968 0.00698314 60.2244 -0.0210884 0.0247556 0.999471 1.14557
0.489409 -0.871717 0.0242655 31.0613 0.871955 0.489583 0.00146354 60.7274 -0.0131558 0.0204422 0.999704 1.14115
0.499561 -0.865782 0.0293302 31.227 0.86606 0.49991 0.00556259 60.9778 -0.0194784 0.0226228 0.999554 1.13836
0.545084 -0.837648 0.0350566 31.7465 0.83814 0.545454 0.00120016 61.7581 -0.0201271 0.0287281 0.999385 1.13523
0.576276 -0.816599 0.0327227 32.0244 0.817104 0.576476 -0.00389803 62.1387 -0.0156808 0.0289842 0.999457 1.13548
0.603675 -0.796559 0.0327269 32.2663 0.797056 0.603893 -0.00386228 62.4486 -0.016687 0.0284168 0.999457 1.13418
0.644566 -0.763985 0.0293452 32.6017 0.764482 0.644542 -0.0115373 62.8143 -0.0100999 0.0298704 0.999503 1.12535
0.673131 -0.738821 0.0322184 32.8502 0.739433 0.67309 -0.0137183 63.0386 -0.0115505 0.0330576 0.999387 1.11493
0.721802 -0.691633 0.0254259 33.2446 0.69209 0.7215 -0.0211939 63.3757 -0.00368643 0.0328948 0.999452 1.10246
0.75167 -0.659103 0.0239948 33.4943 0.659534 0.751314 -0.0232784 63.5569 -0.00268474 0.0333231 0.999441 1.09774
0.795134 -0.606156 0.0183643 33.8601 0.606429 0.794648 -0.0278991 63.7941 0.00231802 0.0333201 0.999442 1.09012
0.830595 -0.556642 0.0161733 34.1852 0.556865 0.830035 -0.0307077 63.9625 0.00366883 0.034512 0.999398 1.07956
0.896738 -0.442377 0.0127664 34.8961 0.442542 0.896053 -0.035288 64.251 0.00417124 0.0372938 0.999296 1.04732
0.918213 -0.39569 0.0177476 35.1995 0.396074 0.91764 -0.0326036 64.3476 -0.00338496 0.0369664 0.999311 1.0348
0.948051 -0.317746 0.0153971 35.6546 0.318071 0.947636 -0.028567 64.4651 -0.00551383 0.0319803 0.999473 1.02273
0.965824 -0.258626 0.0172176 36.0135 0.258934 0.965707 -0.0190541 64.5564 -0.0116993 0.0228611 0.99967 1.01412
0.977158 -0.21114 0.0241348 36.334 0.211438 0.977335 -0.0104799 64.6324 -0.021375 0.0153436 0.999654 1.0052
0.990611 -0.13444 0.0248115 36.8163 0.134538 0.990906 -0.0023254 64.7077 -0.0242732 0.00564166 0.999689 0.992815
0.995375 -0.0907825 0.0314168 37.1391 0.0907421 0.995871 0.00271284 64.7639 -0.0315333 0.000150533 0.999503 0.987204
0.999025 0.0221772 0.0381671 37.9664 -0.0229532 0.999536 0.0200167 64.8307 -0.0377055 -0.0208732 0.999071 0.978681
0.995999 0.0851967 0.0269711 38.3585 -0.0857889 0.996079 0.0216209 64.7727 -0.0250233 -0.0238482 0.999402 0.974468
0.991214 0.131054 0.0179105 38.6625 -0.131311 0.991242 0.0140464 64.6758 -0.0159128 -0.0162748 0.999741 0.961018
0.98407 0.177372 0.0120883 39.0183 -0.177375 0.984143 -0.000853757 64.5536 -0.012048 -0.00130401 0.999927 0.950102
0.975946 0.217754 0.0105798 39.3802 -0.217631 0.975962 -0.0116089 64.4339 -0.0128534 0.00902717 0.999877 0.945931
0.964796 0.262932 0.00591117 39.815 -0.262915 0.964813 -0.00341727 64.3257 -0.00660168 0.00174283 0.999977 0.946624
0.95827 0.285704 0.00957786 40.0982 -0.285784 0.958258 0.00833627 64.2849 -0.00679635 -0.0107256 0.999919 0.950586
0.947289 0.320214 0.0103382 40.5431 -0.320379 0.946904 0.0270077 64.1942 -0.00114107 -0.0288962 0.999582 0.949621
0.938034 0.346399 0.0100367 40.9364 -0.346531 0.937347 0.0360073 64.1048 0.00306505 -0.0372541 0.999301 0.939763
0.932048 0.36204 0.0146278 41.2506 -0.362334 0.931418 0.0342635 64.0254 -0.00121979 -0.0372354 0.999306 0.904944
0.922634 0.385579 0.00868611 41.7212 -0.385652 0.922089 0.0320106 63.8828 0.00433325 -0.0328839 0.99945 0.841803
0.916955 0.398953 0.00549356 42.0628 -0.398952 0.916587 0.0265681 63.7507 0.00556409 -0.0265534 0.999632 0.812741
0.909717 0.415222 0.00242083 42.4829 -0.415179 0.9095 0.0208804 63.5627 0.00646826 -0.0200003 0.999779 0.816037
0.893239 0.449576 -0.00221117 43.4452 -0.449496 0.893155 0.0150907 63.1069 0.00875933 -0.0124857 0.999884 0.844887
0.88912 0.457673 -0.00104687 43.7725 -0.457663 0.889112 0.00505332 62.9121 0.00324355 -0.00401389 0.999987 0.856838
0.884235 0.467043 0.000463411 44.1987 -0.467032 0.884219 -0.00617183 62.6636 -0.00329226 0.00524092 0.999981 0.85676
0.87944 0.476009 0.000519767 44.6809 -0.475943 0.879334 -0.0158147 62.3831 -0.00798499 0.0136607 0.999875 0.850737
0.87635 0.481651 0.00471426 45.1131 -0.481447 0.876196 -0.022127 62.1443 -0.0147881 0.0171213 0.999744 0.841766
0.873979 0.485851 0.0104823 45.5768 -0.485461 0.873852 -0.0266663 61.8952 -0.0221158 0.018217 0.999589 0.828989
0.871058 0.491127 0.00722117 46.1833 -0.490821 0.87089 -0.0254219 61.5694 -0.0187742 0.0185997 0.999651 0.811042
0.868729 0.495256 0.0056774 46.6759 -0.494971 0.868525 -0.0258314 61.292 -0.0177241 0.0196303 0.99965 0.797754
0.867377 0.497536 0.0107719 47.1333 -0.497046 0.867185 -0.0305656 61.0297 -0.0245487 0.0211577 0.999475 0.787945
0.86543 0.500985 0.00673392 47.7902 -0.500558 0.865119 -0.0317892 60.6484 -0.0217515 0.0241406 0.999472 0.776422
0.864748 0.502103 0.0101333 48.2465 -0.501501 0.864428 -0.0355139 60.3764 -0.0265911 0.0256287 0.999318 0.763175
0.862759 0.505614 0.000621544 48.9782 -0.505329 0.862313 -0.0325311 59.9464 -0.0169842 0.0277524 0.999471 0.745797
0.862446 0.506141 -0.00271616 49.474 -0.505945 0.861936 -0.0329628 59.6573 -0.0143427 0.0298029 0.999453 0.729138
0.863234 0.504803 0.000989275 49.969 -0.504438 0.862683 -0.0363316 59.3726 -0.0191937 0.0308637 0.999339 0.70709
0.864555 0.502523 -0.003872 50.7199 -0.502326 0.86394 -0.0357125 58.9466 -0.0146012 0.0328204 0.999355 0.680643
0.866723 0.498788 -0.00161872 51.2883 -0.498513 0.866128 -0.036153 58.6363 -0.0166306 0.0321416 0.999345 0.660351
0.86934 0.494207 0.00262094 51.8998 -0.493775 0.868779 -0.037541 58.306 -0.02083 0.0313417 0.999292 0.642133
0.872092 0.489332 -0.00313717 52.7012 -0.489149 0.871552 -0.0336265 57.8787 -0.0137203 0.03086 0.99943 0.622784
0.874297 0.485353 -0.00614919 53.3425 -0.485299 0.873812 -0.030622 57.5429 -0.00948923 0.0297569 0.999512 0.60901
0.876619 0.481113 -0.00830889 54.0573 -0.481155 0.87624 -0.0263427 57.1741 -0.00539321 0.0270903 0.999618 0.590571
0.878674 0.477423 0.000307379 54.6196 -0.477226 0.87833 -0.028121 56.8851 -0.0136956 0.0245625 0.999604 0.572676
0.881183 0.47277 -0.00199923 55.4579 -0.47266 0.88087 -0.0257152 56.4514 -0.0103963 0.0236048 0.999667 0.547691
0.882982 0.469375 -0.00536694 56.1457 -0.469354 0.882657 -0.0249813 56.0862 -0.00698846 0.0245771 0.999673 0.530585
0.884164 0.466985 -0.0133953 56.8893 -0.467169 0.883953 -0.0195068 55.6945 0.00273148 0.0235051 0.99972 0.520402
0.88444 0.466146 -0.0217858 57.6258 -0.466489 0.884406 -0.0146197 55.3092 0.0124525 0.0230931 0.999656 0.521187
0.884674 0.465486 -0.0259822 58.3642 -0.465842 0.884816 -0.00955774 54.935 0.0185405 0.0205591 0.999617 0.529288
0.884821 0.465415 -0.021937 59.0561 -0.465682 0.884907 -0.00893662 54.5819 0.0152529 0.018123 0.999719 0.537381
0.884965 0.465396 -0.0155839 59.7021 -0.46559 0.88491 -0.0126839 54.2458 0.00788729 0.0184805 0.999798 0.54386
0.885162 0.4652 -0.00882573 60.4206 -0.465283 0.885017 -0.0160059 53.8689 0.000364987 0.0182743 0.999833 0.549179
0.885652 0.464341 -0.0027202 61.9011 -0.46432 0.885514 -0.0164955 53.1038 -0.00525077 0.0158723 0.99986 0.54852
0.885385 0.464803 0.00721382 62.5648 -0.464615 0.885317 -0.0186398 52.761 -0.0150503 0.0131517 0.9998 0.5489
0.884596 0.466352 0.00244251 63.4581 -0.466297 0.884553 -0.0115356 52.3059 -0.00754019 0.00906543 0.99993 0.548739
0.883186 0.469011 0.00320153 64.1425 -0.468981 0.883179 -0.00724226 51.961 -0.00622422 0.00489481 0.999969 0.552836
0.881188 0.472696 0.00807672 64.8436 -0.472671 0.881225 -0.00493408 51.6092 -0.00944973 0.000530221 0.999955 0.561635
0.878766 0.476805 0.020665 65.4716 -0.476734 0.879006 -0.00855937 51.2842 -0.0222458 -0.00233002 0.99975 0.568657
0.874793 0.484 0.0219293 66.3542 -0.483959 0.875059 -0.00749651 50.8147 -0.0228178 -0.00405501 0.999731 0.576503
0.870962 0.490861 0.0219449 67.0441 -0.490802 0.871231 -0.00833962 50.4314 -0.0232127 -0.0035071 0.999724 0.580419
0.866008 0.499722 0.0175573 67.7746 -0.49965 0.866185 -0.00860409 50.0117 -0.0195075 -0.0013213 0.999809 0.579098
0.861999 0.506387 0.0230193 68.3301 -0.506222 0.862306 -0.0129446 49.6874 -0.0264046 -0.000494661 0.999651 0.577672
0.854936 0.518481 0.0161817 69.1779 -0.518389 0.855089 -0.00978199 49.182 -0.0189086 -2.54512e-05 0.999821 0.579825
0.849234 0.527867 0.0125995 69.8099 -0.527773 0.849325 -0.0101504 48.7829 -0.0160591 0.00197034 0.999869 0.586709
0.844617 0.535044 0.018716 70.3544 -0.534808 0.844816 -0.0163048 48.4281 -0.0245353 0.00376187 0.999692 0.588468
0.836811 0.547322 0.0136214 71.1759 -0.54715 0.836909 -0.014467 47.8872 -0.019318 0.00465322 0.999803 0.585809
0.830968 0.556214 0.0108342 71.7923 -0.556081 0.831025 -0.0131312 47.4661 -0.0163072 0.00488694 0.999855 0.584294
0.826466 0.562748 0.0164215 72.3226 -0.562523 0.826617 -0.0164998 47.0993 -0.0228595 0.00439903 0.999729 0.584524
0.818882 0.573886 0.00927793 73.0903 -0.573807 0.81893 -0.00993933 46.5661 -0.013302 0.0028154 0.999908 0.582795
0.814411 0.580175 0.0114589 73.5681 -0.580104 0.814492 -0.00910419 46.2353 -0.0146152 0.000767204 0.999893 0.578754
0.807276 0.590138 0.00653625 74.2682 -0.590132 0.807301 -0.00293137 45.7341 -0.00700663 -0.00149083 0.999974 0.584078
0.802772 0.596214 0.00926375 74.7715 -0.596194 0.802824 -0.0051195 45.3589 -0.0104895 -0.0014132 0.999944 0.587509
0.797174 0.603689 0.00857731 75.4261 -0.603656 0.79722 -0.00626822 44.8562 -0.010622 -0.000180884 0.999944 0.594874
0.79349 0.608457 0.0123771 75.9604 -0.608376 0.793587 -0.0099387 44.4472 -0.0158696 0.000356314 0.999874 0.594193
0.790033 0.612997 0.00906465 76.5955 -0.612921 0.790082 -0.0098961 43.9508 -0.0132281 0.00226233 0.99991 0.588108
0.787976 0.615655 0.00789776 77.1243 -0.615579 0.788009 -0.0101862 43.5334 -0.0124947 0.0031648 0.999917 0.577139
0.786429 0.617648 0.00639409 77.6908 -0.617598 0.786451 -0.00827486 43.0896 -0.0101396 0.00255861 0.999945 0.562932
0.785585 0.618711 0.00724806 78.204 -0.618671 0.785617 -0.00720101 42.6885 -0.0101495 0.00117284 0.999948 0.547479
0.785534 0.618788 0.0062483 78.7499 -0.618769 0.785558 -0.00476004 42.2668 -0.00785385 -0.000127089 0.999969 0.532723
0.786525 0.61751 0.00771829 79.168 -0.617463 0.786562 -0.00768573 41.9293 -0.0108169 0.00127926 0.999941 0.532737
0.79016 0.612899 0.00161138 79.7374 -0.61289 0.790158 -0.004031 41.4761 -0.00374384 0.00219754 0.999991 0.533
0.795094 0.60648 -0.00266302 80.21 -0.606482 0.795097 3.57945e-05 41.1097 0.00213907 0.00158661 0.999996 0.539422
0.798881 0.601484 0.00246669 80.564 -0.601477 0.798884 -0.00305109 40.8496 -0.00380578 0.000953801 0.999992 0.555215
0.808775 0.588118 -0.00021301 81.1285 -0.588118 0.808775 8.97329e-06 40.443 0.000177557 0.000118017 1 0.574917
0.817684 0.575666 -0.000790991 81.5405 -0.575666 0.817685 0.00080405 40.1597 0.00110965 -0.000202115 0.999999 0.594636
0.825389 0.564557 0.00296545 81.875 -0.564556 0.825394 -0.000934856 39.9422 -0.00297545 -0.000902547 0.999995 0.603094
0.851434 0.524424 0.00621397 82.7574 -0.524453 0.851428 0.00438056 39.4132 -0.00299348 -0.00698869 0.999971 0.61481
0.869116 0.494533 0.00866572 83.2705 -0.494592 0.869097 0.00703548 39.1519 -0.00405207 -0.0104006 0.999938 0.632398
0.886835 0.461855 0.0146048 83.769 -0.46199 0.886852 0.00762794 38.9275 -0.0094293 -0.013512 0.999864 0.649925
0.900557 0.433938 0.0263556 84.1938 -0.434239 0.900772 0.00676829 38.7714 -0.0208033 -0.0175399 0.99963 0.662831
0.922706 0.384239 0.0311992 84.7733 -0.384694 0.92299 0.0099631 38.5806 -0.0249684 -0.0211952 0.999464 0.67024
0.936272 0.349132 0.0387568 85.1689 -0.349843 0.936716 0.0131675 38.4878 -0.0317069 -0.0258871 0.999162 0.667121
0.957263 0.286595 0.0388762 85.7634 -0.287536 0.957536 0.0211688 38.3832 -0.0311585 -0.0314424 0.99902 0.670531
0.970272 0.238823 0.0391972 86.1916 -0.239888 0.970475 0.0251244 38.3403 -0.0320397 -0.0337805 0.998916 0.674155
0.983851 0.175764 0.0338264 86.6973 -0.176646 0.983954 0.025107 38.313 -0.0288707 -0.0306768 0.999112 0.678612
0.991814 0.123684 0.0317252 87.1045 -0.124477 0.991923 0.0243705 38.3183 -0.0284547 -0.02812 0.999199 0.686827
0.998978 0.0412274 0.0185192 87.6715 -0.0416117 0.998916 0.0208742 38.3613 -0.0176385 -0.0216235 0.999611 0.702666
0.999794 -0.0133699 0.0152747 88.0591 0.0130627 0.999714 0.0200371 38.422 -0.0155382 -0.0198334 0.999683 0.717716
0.994847 -0.101261 0.00504305 88.6311 0.101158 0.994714 0.0176241 38.5443 -0.00680104 -0.0170231 0.999832 0.734918
0.986802 -0.161899 0.00313058 89.0448 0.161836 0.986705 0.0149054 38.6583 -0.00550212 -0.014202 0.999884 0.745213
0.974797 -0.223045 0.00464626 89.4708 0.222981 0.974757 0.0113366 38.7949 -0.00705754 -0.0100149 0.999925 0.751812
0.951488 -0.307674 0.00255405 90.0057 0.307667 0.95149 0.00294709 39.007 -0.00333689 -0.00201833 0.999992 0.766648
0.930884 -0.365269 0.0057327 90.3819 0.365266 0.930902 0.00170355 39.1922 -0.00595884 0.000508144 0.999982 0.77486
0.899198 -0.437469 0.00798779 90.8544 0.437481 0.899228 0.000390767 39.4709 -0.00735379 0.00314312 0.999968 0.786268
0.877172 -0.479956 0.0145233 91.1787 0.479968 0.877281 0.00291187 39.6764 -0.0141386 0.00441649 0.99989 0.789965
0.832569 -0.55374 0.0141682 91.6935 0.553831 0.832623 -0.00323146 40.0496 -0.0100073 0.0105372 0.999894 0.805498
0.807721 -0.589417 0.0132037 91.9714 0.589517 0.807738 -0.00539063 40.2721 -0.00748779 0.0121379 0.999898 0.807367
0.781609 -0.623641 0.0126111 92.2786 0.623732 0.781622 -0.00503039 40.5321 -0.00671994 0.0117977 0.999908 0.809091
0.744968 -0.667064 0.00699793 92.7008 0.66707 0.744791 -0.0174238 40.8858 0.00641077 0.0176483 0.999824 0.807569
0.72374 -0.690052 0.00537285 92.9954 0.689967 0.72347 -0.0231836 41.141 0.0121108 0.020486 0.999717 0.803007
0.707288 -0.706862 0.00944031 93.3042 0.706824 0.706897 -0.0263865 41.4237 0.0119783 0.0253355 0.999607 0.802275
0.690648 -0.72304 0.0147824 93.6957 0.723017 0.689889 -0.0360309 41.7903 0.0158536 0.0355726 0.999241 0.81226
0.681027 -0.732024 0.0184974 94.0321 0.732061 0.680041 -0.0403793 42.0933 0.0169796 0.0410406 0.999013 0.829127
0.673323 -0.739142 0.0174843 94.3963 0.739158 0.672424 -0.0386267 42.454 0.0167938 0.0389319 0.999101 0.8448
0.667836 -0.744278 0.00676123 94.7851 0.743905 0.667148 -0.0389764 42.8712 0.0244986 0.0310596 0.999217 0.863014
0.66705 -0.745013 0.000191117 95.0678 0.744578 0.666653 -0.0343085 43.188 0.0254329 0.0230278 0.999411 0.886467
0.667638 -0.744483 0.00228723 95.3456 0.7443 0.667398 -0.0244492 43.4872 0.0166755 0.0180256 0.999698 0.918044
0.669704 -0.742627 0.00144783 95.7803 0.742439 0.669489 -0.0238535 43.9402 0.0167449 0.0170497 0.999714 0.961414
0.67395 -0.738777 -8.87476e-05 96.1693 0.738524 0.673722 -0.0260901 44.3476 0.0193346 0.0175179 0.99966 0.990176
0.677518 -0.735494 0.00432352 96.4838 0.735416 0.677329 -0.0197166 44.6761 0.011573 0.0165379 0.999796 1.00788
0.683647 -0.729808 -0.00261589 97.0065 0.72966 0.683573 -0.0180011 45.2163 0.0149255 0.0103977 0.999835 1.03984
0.687936 -0.725769 0.00188786 97.3455 0.725768 0.687924 -0.00452886 45.5688 0.0019882 0.00448571 0.999988 1.05089
0.692276 -0.721545 0.0112313 97.7448 0.72149 0.692365 0.0090871 45.9676 -0.0143329 0.00181251 0.999896 1.07365
0.697506 -0.71637 0.0173098 98.3034 0.716179 0.697721 0.016535 46.5174 -0.0239226 0.000863682 0.999713 1.10458
0.700378 -0.713312 0.0256391 98.6596 0.712719 0.700844 0.0291525 46.8804 -0.0387638 -0.00214434 0.999246 1.10447
0.704879 -0.708815 0.0269498 99.2045 0.708106 0.705386 0.0318738 47.4088 -0.0416026 -0.00338386 0.999129 1.10623
0.707059 -0.706381 0.0330587 99.6104 0.705413 0.707825 0.0370948 47.8041 -0.0496029 -0.00290817 0.998765 1.08733
0.708669 -0.704983 0.0280566 100.195 0.704275 0.709219 0.0317249 48.3653 -0.0422638 -0.00272289 0.999103 1.07435
0.709477 -0.704207 0.0270996 100.597 0.703419 0.709978 0.0336565 48.7627 -0.0429413 -0.00481616 0.999066 1.0624
0.709015 -0.705054 0.0140391 101.202 0.704504 0.709061 0.0301137 49.3638 -0.0311864 -0.0114605 0.999448 1.05232
0.708502 -0.705542 0.0153476 101.599 0.704774 0.708514 0.0360649 49.7661 -0.0363193 -0.0147355 0.999232 1.04787
0.707643 -0.706329 0.0184758 102.125 0.705268 0.707684 0.042187 50.2949 -0.0428729 -0.0168229 0.998939 1.04778
0.706237 -0.707721 0.0189867 102.719 0.706447 0.706221 0.0467528 50.8899 -0.0464967 -0.0196055 0.998726 1.05973
0.705443 -0.708545 0.0177054 103.178 0.707078 0.705267 0.051377 51.356 -0.0488899 -0.0237245 0.998522 1.06297
0.703502 -0.710693 -0.000624787 103.806 0.709964 0.702741 0.0458932 52.0109 -0.0321769 -0.0327295 0.998946 1.06137
0.702512 -0.711655 -0.00480398 104.2 0.711042 0.701591 0.0467953 52.432 -0.0299317 -0.0362901 0.998893 1.06238
0.699139 -0.714828 -0.0150179 104.824 0.714756 0.698227 0.0400368 53.0911 -0.0181335 -0.0387255 0.999085 1.0595
0.697875 -0.716113 -0.0123722 105.282 0.715888 0.696924 0.0424397 53.5736 -0.0217691 -0.0384747 0.999022 1.06376
0.6946 -0.719258 -0.0141123 105.945 0.7192 0.693819 0.0369632 54.2665 -0.0167947 -0.0358242 0.999217 1.07418
0.694022 -0.719914 -0.00757811 106.404 0.719542 0.693232 0.0410968 54.7478 -0.0243328 -0.0339749 0.999126 1.0837
0.691754 -0.722022 -0.0126717 107.123 0.72199 0.691161 0.0320544 55.5074 -0.0143858 -0.0313226 0.999406 1.09487
0.692264 -0.721638 -0.00315836 107.534 0.721253 0.691737 0.0359589 55.9312 -0.0237646 -0.027171 0.999348 1.10226
0.692006 -0.721888 -0.00230199 108.207 0.721538 0.691564 0.0335141 56.64 -0.0226014 -0.0248529 0.999436 1.10157
0.691879 -0.721951 -0.00947923 108.792 0.721845 0.691374 0.0306977 57.2706 -0.0156085 -0.0280816 0.999484 1.09855
0.692686 -0.721174 -0.00970507 109.25 0.72098 0.692012 0.0361583 57.7668 -0.0193604 -0.0320435 0.999299 1.09656
0.693001 -0.720552 -0.0235601 109.948 0.720899 0.69226 0.0328802 58.528 -0.00738216 -0.0397704 0.999182 1.09631
0.694224 -0.719058 -0.0317582 110.486 0.719755 0.693399 0.0339161 59.1107 -0.00236653 -0.0464035 0.99892 1.09655
0.696487 -0.71706 -0.0270198 110.967 0.717465 0.69525 0.0432662 59.6232 -0.012239 -0.0495201 0.998698 1.09324
0.698747 -0.714576 -0.0336905 111.675 0.715357 0.697688 0.0386705 60.3763 -0.00412751 -0.0511216 0.998684 1.09227
0.700343 -0.713249 -0.0282069 112.147 0.713726 0.699124 0.0426818 60.8708 -0.0107226 -0.0500239 0.99869 1.09806
0.701998 -0.711672 -0.0268543 112.897 0.712166 0.701258 0.0325223 61.644 -0.00431343 -0.0419553 0.99911 1.11476
0.702345 -0.711484 -0.0224213 113.472 0.71183 0.701845 0.026689 62.2261 -0.00325252 -0.034705 0.999392 1.12841
0.702916 -0.711187 -0.0110501 113.975 0.711115 0.702349 0.0319516 62.7337 -0.0149625 -0.0303172 0.999428 1.13726
0.704092 -0.709957 -0.014664 114.723 0.710028 0.703554 0.0295283 63.5004 -0.0106469 -0.0312025 0.999456 1.14952
0.704925 -0.709128 -0.0147948 115.297 0.70915 0.704239 0.0339583 64.0911 -0.0136617 -0.0344298 0.999314 1.15372
0.70574 -0.708342 -0.013511 115.875 0.708189 0.704793 0.0416561 64.69 -0.0199843 -0.0389667 0.999041 1.15345
0.706413 -0.707585 -0.0174504 116.497 0.707631 0.705492 0.0392325 65.33 -0.0154492 -0.0400628 0.999078 1.147
0.706567 -0.707526 -0.0130585 116.978 0.707449 0.705814 0.0366346 65.8067 -0.0167031 -0.035123 0.999243 1.1341
0.705765 -0.708184 -0.0192517 118.308 0.708433 0.705653 0.013248 67.1368 0.00420301 -0.0229885 0.999727 1.14562
0.705039 -0.709157 -0.00399914 118.797 0.708977 0.704707 0.0271937 67.6286 -0.0164664 -0.0220079 0.999622 1.15718
0.703612 -0.710468 0.0128631 119.516 0.709487 0.703416 0.0428143 68.3561 -0.0394663 -0.0209984 0.999 1.16893
0.702692 -0.71139 0.0121272 120.083 0.710382 0.702445 0.0439152 68.9311 -0.0397595 -0.022244 0.998962 1.15567
0.701937 -0.712237 -0.00176682 120.631 0.71181 0.701426 0.0364348 69.504 -0.0247109 -0.0268326 0.999335 1.12632
0.700237 -0.713385 -0.0273906 121.333 0.713834 0.700209 0.0122092 70.2303 0.0104693 -0.0281017 0.99955 1.1039
0.698961 -0.714611 -0.0280289 121.768 0.715038 0.699028 0.00895468 70.6797 0.0131939 -0.0263007 0.999567 1.11161
0.697163 -0.716542 -0.023033 122.331 0.71689 0.697035 0.0145161 71.2671 0.00565345 -0.0266322 0.999629 1.11981
0.694435 -0.719144 -0.0243213 122.92 0.719528 0.694305 0.0148148 71.8941 0.00623245 -0.0277878 0.999594 1.12514
0.691085 -0.722402 -0.023156 123.466 0.722762 0.6909 0.0165028 72.4739 0.00407684 -0.0281411 0.999596 1.13535
0.688695 -0.724819 -0.0183519 123.93 0.725024 0.688228 0.0261316 72.9784 -0.00631041 -0.0313023 0.99949 1.14098
0.6858 -0.727026 -0.033343 124.67 0.727773 0.685373 0.0246911 73.8034 0.00490133 -0.0411993 0.999139 1.14739
0.684968 -0.72811 -0.0259867 125.016 0.728525 0.684078 0.0358821 74.1892 -0.00834921 -0.0435101 0.999018 1.1528
0.683403 -0.729703 -0.0222044 125.668 0.729894 0.68234 0.0408135 74.9059 -0.0146308 -0.044099 0.99892 1.15716
0.68251 -0.730757 -0.0132356 126.157 0.730445 0.681374 0.0466836 75.4307 -0.0250959 -0.0415299 0.998822 1.15784
0.68029 -0.732747 -0.0169486 126.847 0.732777 0.679462 0.0370057 76.182 -0.0155999 -0.0375941 0.999171 1.16534
0.677693 -0.735183 -0.0154088 127.324 0.735221 0.677047 0.0324967 76.7019 -0.0134586 -0.0333517 0.999353 1.17716
0.674095 -0.738572 -0.0103653 127.798 0.738434 0.673501 0.0333357 77.2289 -0.0176398 -0.0301255 0.99939 1.18225
0.666921 -0.744947 -0.0164403 128.493 0.745085 0.666483 0.0254478 78.0257 -0.0080001 -0.0292211 0.999541 1.18537
0.662734 -0.748736 -0.0133752 128.939 0.748745 0.662224 0.0290028 78.545 -0.0128581 -0.0292357 0.99949 1.17729
0.65996 -0.751301 -7.61077e-05 129.375 0.750692 0.659421 0.0403006 79.0386 -0.0302277 -0.0266539 0.999188 1.1795
0.655394 -0.755287 -0.00115559 130.033 0.754592 0.654724 0.0439007 79.8018 -0.032401 -0.0296443 0.999035 1.17318
0.651976 -0.758211 -0.00658912 130.519 0.757761 0.651231 0.0411914 80.3799 -0.0269407 -0.0318488 0.99913 1.1594
0.647134 -0.762269 -0.0127539 131.007 0.762162 0.646466 0.0344976 80.9656 -0.0180515 -0.0320451 0.999323 1.13933
0.641257 -0.767122 -0.0177203 131.533 0.767293 0.640841 0.0241908 81.6107 -0.0072014 -0.0291091 0.99955 1.12952
0.637813 -0.770106 -0.0114795 131.942 0.770016 0.637279 0.0308238 82.1249 -0.016422 -0.0284992 0.999459 1.12823
0.63078 -0.775836 -0.0139887 132.546 0.775718 0.630028 0.0364166 82.9054 -0.0194401 -0.0338221 0.999239 1.11866
0.624884 -0.780509 -0.018057 133.029 0.780438 0.623873 0.0412191 83.5467 -0.0209066 -0.0398496 0.998987 1.10566
0.619049 -0.785148 -0.0179242 133.47 0.784972 0.617877 0.0452401 84.1301 -0.0244452 -0.0420759 0.998815 1.09834
0.602099 -0.798054 -0.0242427 134.567 0.798345 0.601341 0.0321772 85.6074 -0.011101 -0.0387279 0.999188 1.10055
0.597589 -0.80155 -0.0201067 134.955 0.801533 0.59655 0.0408927 86.1545 -0.0207829 -0.0405532 0.998961 1.10424
0.588233 -0.808314 -0.0247234 135.538 0.808498 0.587148 0.0398579 86.9876 -0.0177014 -0.0434346 0.998899 1.10991
0.5823 -0.812651 -0.0229034 135.953 0.812724 0.581193 0.0411605 87.5764 -0.0201378 -0.0425819 0.99889 1.10531
0.575814 -0.817271 -0.0224975 136.447 0.817373 0.57483 0.0383577 88.2808 -0.0184164 -0.0404758 0.999011 1.09571
0.572649 -0.819608 -0.0177631 136.847 0.819428 0.571602 0.0425306 88.8528 -0.024705 -0.0389107 0.998937 1.0814
0.567541 -0.823014 -0.0233299 137.41 0.823223 0.566742 0.0332724 89.673 -0.0141617 -0.0380892 0.999174 1.06972
0.565115 -0.824619 -0.0254828 137.784 0.824888 0.564224 0.0347843 90.2241 -0.0143058 -0.0406776 0.99907 1.06377
0.561062 -0.826997 -0.0358524 138.338 0.827772 0.560629 0.0221229 91.0462 0.00180432 -0.04209 0.999112 1.05599
0.558441 -0.828724 -0.036887 138.769 0.829537 0.558071 0.020613 91.6838 0.00350312 -0.0421103 0.999107 1.06059
0.55728 -0.82976 -0.0306032 139.151 0.830248 0.556352 0.0340736 92.2583 -0.0112467 -0.0443968 0.998951 1.06342
0.554568 -0.831644 -0.0286923 139.707 0.831938 0.553347 0.0410665 93.0996 -0.0182759 -0.0466444 0.998744 1.06538
0.550969 -0.834041 -0.0284473 140.136 0.834333 0.549789 0.0402477 93.7482 -0.0179282 -0.0459097 0.998785 1.0571
0.547683 -0.836373 -0.0228717 140.511 0.836457 0.546689 0.038356 94.3101 -0.0195762 -0.0401381 0.999002 1.03976
0.54145 -0.840443 -0.0220798 141.017 0.840683 0.540945 0.0251045 95.0823 -0.00915491 -0.032155 0.999441 1.02606
0.535256 -0.844258 -0.026999 141.474 0.844676 0.53479 0.0228695 95.8053 -0.00486899 -0.0350464 0.999374 1.01994
0.530501 -0.847356 -0.0235972 141.839 0.847543 0.529697 0.0330418 96.4084 -0.0154988 -0.0375283 0.999175 1.01703
0.522561 -0.852378 -0.0195313 142.361 0.852391 0.521785 0.0342031 97.2699 -0.0189628 -0.0345215 0.999224 1.02239
0.511667 -0.859145 -0.00823647 143.215 0.858958 0.511288 0.0278504 98.6894 -0.0197163 -0.0213249 0.999578 1.00799
0.507864 -0.861435 -0.00196161 143.555 0.861032 0.507554 0.0318163 99.2696 -0.0264121 -0.0178474 0.999492 0.99892
0.500867 -0.86552 -0.00256882 144.043 0.865438 0.500773 0.0156043 100.097 -0.0122194 -0.0100388 0.999875 0.987303
0.496027 -0.868289 0.00557645 144.414 0.86826 0.496057 0.00720006 100.706 -0.00901797 0.00127038 0.999959 0.983924
0.488885 -0.87232 0.00705145 144.911 0.872339 0.488901 0.000764283 101.549 -0.00411416 0.00577761 0.999975 0.985051
0.4839 -0.875117 0.00328052 145.332 0.875053 0.483905 0.0108662 102.309 -0.0110967 -0.00238754 0.999936 0.985741
0.480473 -0.877 0.00415966 145.694 0.876637 0.480402 0.0268746 102.974 -0.0255673 -0.00926599 0.99963 0.983251
0.476949 -0.87892 0.00432164 146.091 0.878258 0.47677 0.0367848 103.721 -0.0343914 -0.013749 0.999314 0.973006
0.474384 -0.880314 -0.00270996 146.535 0.88005 0.474161 0.026135 104.563 -0.0217221 -0.0147829 0.999655 0.940295
0.471977 -0.881395 -0.0195199 146.924 0.881602 0.471754 0.0150585 105.319 -0.00406387 -0.024316 0.999696 0.912574
0.469614 -0.88232 -0.0312213 147.327 0.88276 0.469824 0.000664839 106.112 0.0140819 -0.0278731 0.999512 0.913901
0.468714 -0.883014 -0.0243514 147.605 0.883336 0.468683 0.00731333 106.641 0.00495531 -0.0249383 0.999677 0.930088
0.46828 -0.883476 -0.0135716 147.975 0.883483 0.467946 0.021977 107.338 -0.0130654 -0.0222816 0.999666 0.943592
0.46881 -0.883233 -0.0107944 148.466 0.883062 0.468366 0.0288827 108.281 -0.0204545 -0.0230726 0.999524 0.946095
0.468667 -0.883362 -0.00477543 148.784 0.882708 0.468096 0.0413773 108.898 -0.0343158 -0.0236075 0.999132 0.937139
0.467125 -0.884169 -0.00629347 149.251 0.883778 0.466677 0.033892 109.793 -0.0270293 -0.0213938 0.999406 0.915324
0.465301 -0.885136 -0.0053728 149.661 0.885103 0.465203 0.0134044 110.556 -0.00936526 -0.0109926 0.999896 0.909107
0.463419 -0.886139 -0.0003132 150.073 0.886121 0.463412 -0.00625409 111.306 0.00568714 0.00262073 0.99998 0.924027
0.46247 -0.886634 -0.000901451 150.499 0.886496 0.462415 -0.0172256 112.095 0.0156897 0.0071672 0.999851 0.952273
0.46237 -0.886652 0.00790036 150.748 0.886677 0.462388 0.000625942 112.56 -0.00420803 0.00671564 0.999969 0.957299
0.460918 -0.887374 0.0110644 151.23 0.88725 0.461042 0.0151205 113.488 -0.0185187 0.00284757 0.999824 0.979138
0.459808 -0.887856 0.016953 151.567 0.887402 0.460117 0.0284623 114.16 -0.0330707 0.00195693 0.999451 0.984385
0.459528 -0.888066 0.01316 152.037 0.887783 0.459715 0.0224566 115.098 -0.0259928 0.00136381 0.999661 0.973603
0.459529 -0.888084 0.0118362 152.347 0.887634 0.459674 0.0283829 115.729 -0.0306472 -0.00253659 0.999527 0.973104
0.459619 -0.888108 0.00371147 152.809 0.887801 0.459564 0.0247037 116.657 -0.0236452 -0.00805925 0.999688 0.979208
0.459282 -0.888278 0.00466522 153.107 0.887807 0.459199 0.0305874 117.243 -0.0293124 -0.00990642 0.999521 0.98354
0.458939 -0.888416 -0.00962017 153.95 0.888366 0.458696 0.0200682 118.919 -0.0134162 -0.0177563 0.999752 0.993845
0.458531 -0.888628 -0.00946862 154.235 0.888568 0.458281 0.0206136 119.499 -0.0139785 -0.0178655 0.999743 0.991235
0.457745 -0.88898 -0.0135643 154.614 0.889054 0.457552 0.0151228 120.268 -0.00723751 -0.0189818 0.999794 0.990582
0.456809 -0.889478 -0.0124084 154.931 0.889492 0.456548 0.0191966 120.905 -0.0114099 -0.0198064 0.999739 0.992997
0.45537 -0.890243 -0.0103032 155.327 0.890134 0.455029 0.0246887 121.685 -0.0172907 -0.0204137 0.999642 0.978
0.454787 -0.890547 -0.0097746 155.704 0.890407 0.454432 0.0258367 122.42 -0.0185669 -0.0204536 0.999618 0.980344
0.454667 -0.890597 -0.0107439 156.069 0.890515 0.45434 0.0236171 123.131 -0.0161519 -0.0203055 0.999663 0.995415
0.454911 -0.890445 -0.0127458 156.426 0.890449 0.454618 0.0205865 123.833 -0.0125366 -0.0207145 0.999707 1.01462
0.455546 -0.89007 -0.0159022 156.774 0.890187 0.455326 0.0156587 124.521 -0.00669664 -0.0212892 0.999751 1.02218
0.456538 -0.889458 -0.02094 157.109 0.889703 0.456445 0.0093025 125.193 0.0012838 -0.0228774 0.999737 1.03875
0.457742 -0.888633 -0.0283534 157.424 0.888977 0.457951 -0.00101776 125.829 0.0138889 -0.0247396 0.999597 1.04403
0.459231 -0.887583 -0.0360922 157.725 0.887864 0.459915 -0.0132597 126.436 0.0283685 -0.0259557 0.99926 1.05293
0.461167 -0.886284 -0.042725 158.017 0.886323 0.462392 -0.0249894 127.022 0.0419034 -0.0263439 0.998774 1.06761
0.463626 -0.884768 -0.0472892 158.307 0.884545 0.465279 -0.0330987 127.601 0.0512873 -0.026484 0.998333 1.07424
0.466717 -0.883058 -0.0488259 158.599 0.882614 0.468574 -0.0378277 128.173 0.0562826 -0.0254396 0.998091 1.07446
0.470383 -0.881191 -0.0473489 158.901 0.880696 0.472158 -0.0379589 128.747 0.0558052 -0.0238448 0.998157 1.07527
0.47455 -0.879038 -0.0457593 159.202 0.87857 0.476205 -0.0366554 129.315 0.0540123 -0.0228079 0.99828 1.07219
0.479367 -0.876464 -0.0449253 159.496 0.87601 0.480957 -0.0358764 129.873 0.0530515 -0.022157 0.998346 1.07023
0.484733 -0.873568 -0.0437331 159.79 0.873126 0.486238 -0.0349671 130.427 0.0518109 -0.0212348 0.998431 1.06632
0.491621 -0.86964 -0.0451121 160.126 0.86894 0.493299 -0.0399901 131.043 0.0570307 -0.0195398 0.998181 1.05987
0.495825 -0.867764 -0.033821 160.37 0.867511 0.496712 -0.0264766 131.453 0.0397747 -0.0162124 0.999077 1.05983
0.502685 -0.864221 -0.0207182 160.781 0.86403 0.50305 -0.0198446 132.133 0.0275724 -0.00792555 0.999588 1.07532
0.506034 -0.862508 -0.00310269 161.066 0.862495 0.506043 -0.00485875 132.577 0.0057608 -0.000217367 0.999983 1.08087
0.511698 -0.85906 0.0134816 161.487 0.859142 0.511737 -0.000629369 133.221 -0.00635837 0.0119047 0.999909 1.07822
0.514535 -0.857172 0.0225626 161.793 0.857257 0.514815 0.00873151 133.687 -0.0191 0.0148493 0.999707 1.06601
0.516654 -0.855888 0.0229076 162.186 0.855869 0.517011 0.0137341 134.295 -0.0235983 0.0125101 0.999643 1.04043
0.516854 -0.855702 0.0252091 162.508 0.855418 0.517386 0.0239138 134.807 -0.0335059 0.00920436 0.999396 1.02678
0.516508 -0.856025 0.0209877 162.954 0.855684 0.516908 0.0247143 135.52 -0.0320048 0.00519373 0.999474 1.0085
0.51642 -0.855978 0.0247452 163.207 0.855206 0.517008 0.0364004 135.937 -0.0439514 0.00236433 0.999031 1.00973
0.51658 -0.856122 0.0141715 163.638 0.85536 0.516729 0.0367597 136.645 -0.0387936 -0.00686761 0.999224 0.978973
0.516852 -0.856029 0.00887331 163.904 0.855139 0.516744 0.0413899 137.095 -0.0400162 -0.0138045 0.999104 0.959748
0.51539 -0.856948 -0.00375719 164.307 0.856641 0.515076 0.0293847 137.764 -0.0232459 -0.0183631 0.999561 0.931864
0.513676 -0.857974 -0.00412809 164.59 0.857764 0.51343 0.0250972 138.237 -0.0194132 -0.0164327 0.999676 0.942527
0.508979 -0.860744 -0.00772116 164.998 0.860719 0.508818 0.0163229 138.922 -0.0101212 -0.0149538 0.999837 0.957108
0.505364 -0.862795 -0.0138227 165.303 0.862783 0.504958 0.0249416 139.483 -0.0145396 -0.0245306 0.999593 0.98072
0.501724 -0.864977 -0.00941237 165.647 0.864653 0.501157 0.0348756 140.103 -0.0254495 -0.0256363 0.999347 1.00657
0.498696 -0.866775 0.0019757 165.98 0.865888 0.498287 0.0441436 140.687 -0.039247 -0.0203035 0.999023 1.02173
0.497453 -0.867412 0.0117371 166.277 0.865935 0.497325 0.0531502 141.2 -0.0519402 -0.0162762 0.998518 1.01426
0.494381 -0.869238 0.00350427 166.72 0.868415 0.494081 0.0417038 141.987 -0.037982 -0.0175744 0.999124 0.985778
0.493613 -0.869662 0.00582661 166.97 0.868706 0.493365 0.0440542 142.429 -0.0411869 -0.0166841 0.999012 0.976094
0.490221 -0.871585 0.00478887 167.404 0.871248 0.490173 0.0256255 143.192 -0.0246822 -0.0083899 0.99966 0.951683
0.489589 -0.871871 0.0119462 167.714 0.871617 0.489735 0.0210745 143.731 -0.0242247 9.46969e-05 0.999707 0.955174
0.488834 -0.872091 0.022321 168.062 0.871934 0.489241 0.0193434 144.336 -0.0277895 0.0100068 0.999564 0.966346
0.488297 -0.872112 0.0314162 168.397 0.872005 0.489017 0.0216437 144.913 -0.0342388 0.0168265 0.999272 0.975536
0.487548 -0.872464 0.0332065 168.792 0.872587 0.48821 0.0155975 145.606 -0.02982 0.021371 0.999327 0.967817
0.487038 -0.872858 0.0302295 169.173 0.873314 0.487137 -0.00447888 146.264 -0.0108165 0.0285813 0.999533 0.949395
0.48682 -0.872816 0.0346172 169.475 0.873489 0.486646 -0.0138572 146.771 -0.00475153 0.0369837 0.999305 0.944844
0.486586 -0.872681 0.0407786 169.779 0.873591 0.486488 -0.0129594 147.298 -0.0085289 0.0419297 0.999084 0.951702
0.486443 -0.872795 0.0400307 170.197 0.873705 0.486115 -0.0182213 148.035 -0.00355608 0.0438387 0.999032 0.962994
0.486239 -0.872743 0.0434959 170.497 0.873791 0.486063 -0.0152565 148.556 -0.00782669 0.0454246 0.998937 0.966796
