0.471604 -0.881668 0.0158511 1.08192 0.8818 0.471611 -0.00357085 1.43637 -0.00432726 0.0156616 0.999868 0.925768
0.4698 -0.882633 0.015714 1.49608 0.882765 0.469798 -0.00403214 2.27089 -0.0038235 0.015766 0.999868 0.971289
0.467498 -0.883867 0.0150126 2.36712 0.883993 0.467409 -0.00921044 3.95935 0.00112379 0.0175769 0.999845 1.01676
0.466841 -0.88413 0.0193136 2.7234 0.884319 0.466874 -0.00303795 4.67502 -0.00633105 0.0184976 0.999809 1.03801
0.465208 -0.885006 0.0185757 3.14694 0.885184 0.465228 -0.00348349 5.52795 -0.00555902 0.0180634 0.999821 1.05188
0.464131 -0.885581 0.0181564 3.56045 0.885755 0.464132 -0.004412 6.33124 -0.0045198 0.0181299 0.999825 1.06053
0.462948 -0.886207 0.0177971 4.00132 0.886376 0.462944 -0.0045998 7.17876 -0.00416267 0.0179044 0.999831 1.0767
0.462742 -0.886333 0.0168404 4.43409 0.886471 0.462781 -0.00176272 8.01168 -0.00623104 0.0157442 0.999857 1.09548
0.463405 -0.885962 0.0180959 4.8455 0.886076 0.46353 0.0031776 8.81081 -0.0112032 0.0145618 0.999831 1.10302
0.464383 -0.885423 0.0193627 5.25222 0.885505 0.464578 0.00696284 9.59657 -0.0151605 0.0139124 0.999788 1.10095
0.465885 -0.884633 0.0193552 5.66686 0.884704 0.46609 0.00767538 10.3945 -0.0158112 0.0135478 0.999783 1.09362
0.467895 -0.883566 0.0196113 6.19592 0.883717 0.468018 0.00193214 11.4108 -0.0108856 0.0164268 0.999806 1.0806
0.469119 -0.882928 0.0190876 6.58131 0.883098 0.469187 -0.0010171 12.148 -0.00805764 0.0173334 0.999817 1.07648
0.470136 -0.882483 0.0140198 7.1017 0.882591 0.470115 -0.00499719 13.1397 -0.00218097 0.0147231 0.999889 1.08076
0.471053 -0.882016 0.0125361 7.46986 0.882094 0.471069 -0.00177585 13.8376 -0.00433906 0.0118946 0.99992 1.09067
0.470718 -0.882177 0.0137487 8.00698 0.882264 0.470754 -0.000687077 14.8435 -0.00586614 0.0124534 0.999905 1.11054
0.469762 -0.882539 0.0211742 8.44748 0.882699 0.469927 0.00333762 15.6842 -0.0128959 0.0171225 0.99977 1.11366
0.46857 -0.882812 0.0329425 8.81272 0.883321 0.468764 -0.00204467 16.377 -0.0136372 0.0300569 0.999455 1.10672
0.467382 -0.883255 0.037615 9.37669 0.883995 0.467425 -0.0081831 17.4299 -0.0103544 0.0370761 0.999259 1.09719
0.466215 -0.883963 0.0353813 9.82462 0.884642 0.466153 -0.0105067 18.2508 -0.00720553 0.0361982 0.999319 1.08555
0.464789 -0.885008 0.0270412 10.232 0.885408 0.464734 -0.00867951 19.0219 -0.00488551 0.0279766 0.999597 1.08205
0.463028 -0.885999 0.0247209 11.2118 0.886303 0.463095 -0.00329819 20.8968 -0.00852592 0.0234373 0.999689 1.08623
0.461618 -0.886749 0.0241865 11.721 0.887038 0.461686 -0.0030059 21.899 -0.00850108 0.0228419 0.999703 1.08446
0.46103 -0.886984 0.0266523 12.1302 0.887294 0.461205 0.000445134 22.7111 -0.012687 0.0234431 0.999645 1.07991
0.460575 -0.887193 0.027566 12.5558 0.887479 0.460835 0.00358275 23.5416 -0.015882 0.0228141 0.999614 1.07985
0.459975 -0.887463 0.0288493 13.0358 0.887746 0.460301 0.00549049 24.5028 -0.0181519 0.0230853 0.999569 1.07431
0.459785 -0.887514 0.0302868 13.4373 0.887839 0.460126 0.00505329 25.2922 -0.0184206 0.0245664 0.999528 1.06609
0.460011 -0.88736 0.0313325 13.9876 0.887762 0.460298 0.00224153 26.3538 -0.0164113 0.0267846 0.999506 1.05157
0.460376 -0.887249 0.0290488 14.4473 0.887612 0.46059 0.000796541 27.2504 -0.0140863 0.0254174 0.999578 1.03434
0.459918 -0.887551 0.0269998 14.827 0.887859 0.460114 0.00117669 27.9969 -0.0134673 0.0234308 0.999635 1.02732
0.458242 -0.888345 0.0292779 15.8074 0.888769 0.45834 -0.00363488 29.9229 -0.0101902 0.027687 0.999565 1.0152
0.457671 -0.888466 0.0341408 16.1714 0.888996 0.457913 -0.000793353 30.6234 -0.0149287 0.0307142 0.999417 1.01031
0.457067 -0.889079 0.0250666 16.6853 0.889389 0.457141 -0.00303876 31.6393 -0.00875728 0.0236829 0.999681 1.00706
0.456896 -0.889317 0.0190075 17.1201 0.889499 0.456927 -0.00295324 32.5023 -0.00605869 0.0182565 0.999815 1.0139
0.456646 -0.889437 0.0193869 17.5869 0.889623 0.456691 -0.00233537 33.4132 -0.00677666 0.0183135 0.999809 1.0245
0.456515 -0.889325 0.0263846 17.9893 0.889641 0.456661 -0.000549141 34.1968 -0.0115604 0.0237235 0.999652 1.03604
0.456439 -0.889253 0.0298807 18.4906 0.889642 0.456658 0.00058536 35.1764 -0.0141658 0.0263159 0.999553 1.04064
0.456181 -0.889324 0.0316358 18.8953 0.889777 0.456394 -0.000533477 35.9579 -0.013964 0.0283922 0.999499 1.03825
0.455881 -0.889504 0.03091 19.4003 0.889977 0.455988 -0.00390553 36.9385 -0.0106206 0.0292896 0.999515 1.03785
0.454897 -0.88995 0.0325234 19.7575 0.890457 0.455059 -0.00265231 37.6368 -0.0124396 0.0301672 0.999467 1.04046
0.453524 -0.890434 0.0379896 20.6832 0.891119 0.453762 -0.00261589 39.4713 -0.0149089 0.0350396 0.999275 1.0535
0.452732 -0.890651 0.0421259 21.1021 0.891393 0.453225 0.00245192 40.3188 -0.0212763 0.0364407 0.999109 1.05489
0.451946 -0.891048 0.0421617 21.4508 0.891801 0.452424 0.00204719 41.0328 -0.0208991 0.0366746 0.999109 1.04677
0.449949 -0.892421 0.0336398 22.3172 0.893006 0.449997 -0.00654453 42.7747 -0.00929733 0.0329852 0.999413 1.02455
0.449155 -0.89304 0.0271779 22.7716 0.893437 0.449125 -0.00755168 43.7132 -0.00546232 0.0276736 0.999602 1.01859
0.448378 -0.89349 0.0251423 23.1391 0.893801 0.448455 -0.00281555 44.4565 -0.0087595 0.0237346 0.99968 1.02975
0.446199 -0.894612 0.0240011 23.9307 0.894877 0.446312 -0.000713455 46.0582 -0.0100737 0.0217964 0.999712 1.03426
0.445004 -0.895179 0.0250411 24.2299 0.895464 0.445134 -0.000430187 46.655 -0.0107615 0.0226148 0.999686 1.04437
0.443619 -0.895874 0.0247225 24.6998 0.89616 0.443729 -0.00113624 47.6058 -0.00995216 0.0226594 0.999694 1.0499
0.442297 -0.896563 0.0234091 25.0075 0.896801 0.442433 0.000705895 48.2432 -0.0109898 0.0206811 0.999726 1.0604
0.440112 -0.897645 0.0231341 25.7436 0.897846 0.440297 0.00337415 49.7736 -0.0132147 0.0192859 0.999727 1.07022
0.43869 -0.898354 0.0225935 26.1003 0.898495 0.43893 0.00680114 50.5198 -0.0160268 0.0173165 0.999722 1.06942
0.437296 -0.899068 0.0211873 26.4385 0.899134 0.437562 0.00992301 51.2361 -0.0181922 0.0147109 0.999726 1.06316
0.435519 -0.899871 0.0235464 26.7161 0.900002 0.435803 0.0084412 51.8162 -0.0178576 0.0175155 0.999687 1.05779
0.4348 -0.900187 0.024725 26.9796 0.900456 0.434946 0.00059949 52.3955 -0.0112937 0.0220031 0.999694 1.05487
0.433734 -0.900751 0.0228502 27.3474 0.901032 0.433705 -0.0064737 53.1891 -0.00407905 0.0233966 0.999718 1.0461
0.433358 -0.901063 0.0169091 27.5967 0.901221 0.433308 -0.00670551 53.7328 -0.00128477 0.0181447 0.999835 1.05628
0.432817 -0.901384 0.0132518 27.952 0.901474 0.432827 -0.00226889 54.4788 -0.00369061 0.0129282 0.99991 1.06703
0.431451 -0.902014 0.0148517 28.1996 0.902115 0.431495 -0.000252776 55.0146 -0.00618045 0.013507 0.99989 1.08306
0.430893 -0.902216 0.0183688 28.5248 0.902392 0.430898 -0.00391236 55.693 -0.00438529 0.0182617 0.999824 1.09015
0.43074 -0.902184 0.0229712 28.7799 0.902475 0.430637 -0.00949627 56.2064 -0.00132488 0.0248214 0.999691 1.0915
0.431889 -0.901621 0.0234855 29.0152 0.901921 0.431647 -0.0148275 56.6844 0.00323137 0.0275859 0.999614 1.09624
0.434366 -0.900499 0.0206702 29.3137 0.900716 0.434088 -0.016674 57.3084 0.00604221 0.0258606 0.999647 1.10494
0.442316 -0.89673 0.0152468 29.8006 0.896859 0.442235 -0.00846164 58.3343 0.000845151 0.0174169 0.999848 1.12085
0.447005 -0.894288 0.0208576 29.9982 0.894516 0.447012 -0.00457965 58.7038 -0.00522806 0.0207046 0.999772 1.12886
0.454017 -0.890627 0.025542 30.3103 0.890964 0.454048 -0.00488894 59.3202 -0.00724308 0.0249767 0.999662 1.14437
0.46295 -0.885915 0.0288293 30.4767 0.886316 0.463073 -0.00264409 59.674 -0.0110076 0.0267759 0.999581 1.14558
0.476085 -0.879074 0.0238974 30.7769 0.879333 0.476208 -0.000625246 60.2263 -0.0108305 0.0213114 0.999714 1.14451
0.491496 -0.870666 0.0193176 31.0264 0.870814 0.491611 0.0014285 60.6493 -0.0107405 0.0161199 0.999812 1.13994
0.512293 -0.85859 0.0194808 31.2725 0.858727 0.512428 0.00234109 61.0211 -0.0119926 0.0155294 0.999807 1.13516
0.538548 -0.84225 0.0241241 31.5666 0.842503 0.538691 -0.000638407 61.4579 -0.0124577 0.0206684 0.999709 1.13224
0.564237 -0.825125 0.0283853 31.7498 0.825436 0.564494 0.00126898 61.7235 -0.0170704 0.0227143 0.999596 1.13088
0.591478 -0.805819 0.0284526 32.0317 0.806113 0.591759 0.00186602 62.1222 -0.0183408 0.0218323 0.999593 1.13646
0.620544 -0.783629 0.0291567 32.2325 0.783866 0.620911 0.00481149 62.3904 -0.0218742 0.0198692 0.999563 1.13436
0.656905 -0.753453 0.0280108 32.5682 0.753652 0.657256 0.00477485 62.7486 -0.0220079 0.0179737 0.999596 1.12729
0.692151 -0.721241 0.02719 32.8414 0.72138 0.692513 0.00604628 62.9878 -0.0231902 0.0154294 0.999612 1.11335
0.764248 -0.644415 0.0255809 33.4971 0.644521 0.76457 0.00495024 63.5252 -0.0227484 0.0127042 0.99966 1.09583
0.800488 -0.598871 0.0239051 33.8579 0.598966 0.800766 0.00377735 63.7607 -0.0214045 0.0112946 0.999707 1.09897
0.836021 -0.54814 0.0247093 34.161 0.548218 0.836325 0.00411324 63.9155 -0.0229197 0.0101073 0.999686 1.08751
0.89996 -0.435254 0.0250323 34.8869 0.435349 0.90026 0.00181683 64.2266 -0.0233264 0.00926271 0.999685 1.06011
0.926581 -0.375323 0.0240806 35.2232 0.375448 0.926843 -0.000720286 64.3544 -0.0220486 0.00970841 0.99971 1.04549
0.966379 -0.255656 0.0274315 36.0127 0.255711 0.966752 0.00152482 64.6167 -0.0269093 0.00554098 0.999622 1.03966
0.980444 -0.194621 0.029189 36.4182 0.194625 0.980874 0.00273314 64.7304 -0.0291627 0.00300123 0.99957 1.04095
0.990444 -0.134566 0.0302235 36.7686 0.134594 0.9909 0.00112198 64.8025 -0.0300995 0.00295663 0.999543 1.0317
0.996691 -0.0757637 0.0294294 37.2258 0.0758712 0.997114 -0.00255187 64.8765 -0.0291511 0.00477626 0.999564 1.03031
0.999362 -0.0199842 0.0295967 37.5743 0.0201368 0.999785 -0.00486779 64.9239 -0.0294931 0.00546067 0.99955 1.02615
0.996206 0.0824772 0.0277561 38.2903 -0.0825473 0.996586 0.00138831 64.7832 -0.0275469 -0.00367424 0.999614 1.0001
0.991538 0.127322 0.0253094 38.5964 -0.127276 0.991861 -0.00342142 64.6061 -0.025539 0.000171191 0.999674 0.968978
0.985179 0.169648 0.025342 38.9506 -0.1694 0.985478 -0.0116578 64.4666 -0.0269517 0.00719204 0.999611 0.952414
0.978021 0.206674 0.0275886 39.3312 -0.206242 0.978341 -0.0177109 64.3685 -0.0306514 0.0116317 0.999462 0.951114
0.970281 0.240302 0.0284684 39.7547 -0.239922 0.970658 -0.0161479 64.3244 -0.0315134 0.00883776 0.999464 0.96127
0.96194 0.271715 0.0290281 40.073 -0.271449 0.962367 -0.0128397 64.3199 -0.0314244 0.00447137 0.999496 0.969338
0.953907 0.299018 0.0254763 40.5312 -0.299059 0.954232 -0.00226599 64.2613 -0.0249879 -0.00545739 0.999673 0.972714
0.945763 0.324161 0.0212484 40.9327 -0.32429 0.945954 0.00283833 64.1792 -0.0191799 -0.00957502 0.99977 0.967309
0.937769 0.3468 0.0178363 41.2785 -0.346902 0.937897 0.00284286 64.0791 -0.0157427 -0.00885337 0.999837 0.936303
0.93002 0.367283 0.012852 41.7541 -0.367341 0.930083 0.00240692 63.9216 -0.0110694 -0.00695956 0.999914 0.882915
0.923295 0.384034 0.00656112 42.1019 -0.384046 0.923314 0.000609542 63.7563 -0.00582388 -0.00308256 0.999978 0.847062
0.916218 0.400678 0.00142478 42.5176 -0.400673 0.916216 -0.0030662 63.5345 -0.00253396 0.00223844 0.999994 0.835751
0.903454 0.428588 0.00913557 43.3715 -0.428564 0.9035 -0.00447401 63.0601 -0.0101715 0.000126884 0.999948 0.851784
0.897591 0.440542 0.015934 43.7254 -0.440517 0.897729 -0.00524041 62.8574 -0.016613 -0.00231546 0.999859 0.854695
0.892123 0.451595 0.0133712 44.2307 -0.45151 0.892221 -0.00900433 62.5628 -0.0159964 0.00199575 0.99987 0.855083
0.887179 0.461275 0.0117864 44.6736 -0.461134 0.887237 -0.0128917 62.3143 -0.016404 0.00600214 0.999847 0.847837
0.88266 0.469913 0.00960704 45.1498 -0.469764 0.882674 -0.0144374 62.0767 -0.0152642 0.00823028 0.99985 0.839247
0.879052 0.47665 0.00852235 45.664 -0.476532 0.879063 -0.012849 61.8254 -0.0136162 0.00723378 0.999881 0.830962
0.876412 0.481485 0.00865949 46.0907 -0.481398 0.876441 -0.0103324 61.6152 -0.0125644 0.00488673 0.999909 0.814362
0.874039 0.485799 0.00742155 46.6962 -0.485719 0.874053 -0.0103933 61.2801 -0.0115359 0.00547932 0.999918 0.801617
0.872161 0.489144 0.00861433 47.1682 -0.489058 0.87219 -0.0103386 61.0082 -0.0125704 0.00480405 0.999909 0.78605
0.870532 0.492037 0.00855584 47.7766 -0.491953 0.870561 -0.0102535 60.6517 -0.0124935 0.00471688 0.999911 0.776218
0.867904 0.49669 0.0064567 48.8988 -0.496629 0.867916 -0.00904852 59.9822 -0.0100982 0.00464667 0.999938 0.764055
0.867309 0.497705 0.00808316 49.3904 -0.497623 0.867332 -0.010288 59.6982 -0.0121312 0.00490054 0.999914 0.741135
0.868712 0.495317 0.000375796 50.6844 -0.495195 0.868516 -0.0214854 58.9761 -0.0109685 0.0184786 0.999769 0.712704
0.870372 0.492393 -0.00163796 51.2896 -0.492266 0.870061 -0.0258433 58.6562 -0.0112999 0.0232996 0.999665 0.68536
0.872329 0.488911 -0.00288784 52.0318 -0.488829 0.872038 -0.0243978 58.2596 -0.00941004 0.0226946 0.999698 0.679235
0.874547 0.484939 -0.00125962 52.5749 -0.484819 0.874266 -0.0246956 57.9726 -0.0108746 0.0222082 0.999694 0.655586
0.876736 0.480972 -0.000886267 53.3412 -0.480858 0.876486 -0.0234009 57.5655 -0.0104784 0.0209426 0.999726 0.64452
0.878885 0.477028 0.00217264 54.0022 -0.476871 0.878696 -0.0220791 57.2182 -0.0124414 0.0183689 0.999754 0.62744
0.880958 0.473175 0.00427108 54.6491 -0.473 0.88082 -0.0206814 56.8779 -0.013548 0.0161992 0.999777 0.600189
0.882732 0.469859 0.00420422 55.4609 -0.469703 0.882612 -0.0193473 56.4454 -0.0128012 0.0151037 0.999804 0.58072
0.884441 0.466646 0.00212242 56.1334 -0.466485 0.884238 -0.0226961 56.0736 -0.0124678 0.0190833 0.99974 0.563098
0.885592 0.464464 0.000578558 56.8536 -0.464359 0.885417 -0.0202025 55.6823 -0.00989561 0.0176225 0.999796 0.550723
0.88596 0.46376 0.000896035 57.5711 -0.463705 0.885881 -0.0138787 55.3018 -0.00723019 0.0118805 0.999903 0.545978
0.88552 0.464589 0.00333727 58.276 -0.464551 0.885507 -0.00832363 54.9539 -0.00682224 0.00582041 0.99996 0.544935
0.884952 0.465633 0.00683542 58.9803 -0.465622 0.884978 -0.00317069 54.6011 -0.00752556 -0.000376811 0.999972 0.543683
0.884965 0.465617 0.00617485 59.794 -0.465607 0.884986 -0.00315437 54.1817 -0.00693339 -8.35462e-05 0.999976 0.54695
0.885163 0.465208 0.00823677 60.4044 -0.465206 0.885199 -0.00217085 53.8587 -0.00830107 -0.00191025 0.999964 0.546543
0.885621 0.464389 0.00419111 61.9804 -0.464397 0.885627 0.000987641 53.0447 -0.0032531 -0.00282101 0.999991 0.54189
0.885255 0.465046 0.00750476 62.5614 -0.465051 0.885283 -0.00106709 52.7495 -0.00714008 -0.00254546 0.999971 0.53905
0.88442 0.46665 0.00626966 63.4589 -0.466673 0.884425 0.00292331 52.301 -0.00418088 -0.00551131 0.999976 0.538531
0.88274 0.469737 0.0107921 63.9727 -0.469803 0.882759 0.00466066 52.0485 -0.00733755 -0.00918433 0.999931 0.5378
0.880264 0.474262 0.014477 64.8566 -0.474407 0.88026 0.00891263 51.613 -0.00851664 -0.0147135 0.999855 0.541281
0.876959 0.480245 0.0175286 65.526 -0.48045 0.876963 0.0101617 51.2637 -0.0104918 -0.017333 0.999795 0.544897
0.873352 0.486814 0.0163794 66.4182 -0.486984 0.873369 0.00856991 50.7835 -0.0101333 -0.0154611 0.999829 0.548173
0.868951 0.494617 0.0166597 67.0696 -0.49475 0.869022 0.00483721 50.41 -0.0120851 -0.0124457 0.999849 0.549213
0.863869 0.503451 0.0163848 67.6458 -0.503571 0.863945 0.00400353 50.069 -0.0121399 -0.0117094 0.999858 0.549287
0.858606 0.512406 0.0153813 68.4587 -0.512534 0.858647 0.00578039 49.5966 -0.0102452 -0.0128465 0.999865 0.546214
0.852758 0.522 0.0178729 69.0406 -0.522186 0.852796 0.00776323 49.2464 -0.0111896 -0.0159532 0.99981 0.549045
0.846438 0.532191 0.0177533 69.8238 -0.532383 0.846461 0.00847488 48.7528 -0.0105172 -0.016625 0.999806 0.55119
0.840386 0.541674 0.018445 70.383 -0.541839 0.840466 0.00516683 48.387 -0.0127036 -0.0143363 0.999817 0.555207
0.834522 0.550702 0.0173233 71.1714 -0.550846 0.834594 0.00462563 47.8698 -0.0119105 -0.0134026 0.999839 0.550941
0.829147 0.55869 0.019509 71.7747 -0.558887 0.829219 0.00632462 47.4612 -0.0126437 -0.0161474 0.99979 0.549439
0.823504 0.566945 0.0203314 72.334 -0.567182 0.82355 0.00830926 47.0806 -0.012033 -0.0183743 0.999759 0.552996
0.817215 0.576089 0.0167629 73.0741 -0.576263 0.817222 0.00829267 46.5827 -0.0089217 -0.0164368 0.999825 0.54844
0.811392 0.584289 0.0158107 73.5677 -0.584436 0.81141 0.00688499 46.2517 -0.00880611 -0.0148267 0.999851 0.549367
0.806007 0.591747 0.013725 74.2924 -0.59188 0.80597 0.00945573 45.7417 -0.00546657 -0.015745 0.999861 0.546137
0.800729 0.598821 0.0157029 74.7251 -0.598978 0.800722 0.00830098 45.4097 -0.00760284 -0.0160525 0.999842 0.554407
0.795887 0.605289 0.0137399 75.4469 -0.605398 0.795903 0.0056359 44.8469 -0.00752428 -0.0128036 0.99989 0.558793
0.792285 0.609958 0.0153111 76.0005 -0.610061 0.79235 0.00271035 44.4241 -0.0104785 -0.0114881 0.999879 0.562163
0.789903 0.613006 0.0166376 76.5468 -0.61308 0.79002 -0.000764518 43.9981 -0.0136127 -0.00959629 0.999861 0.562925
0.787656 0.615863 0.0176023 77.0943 -0.615901 0.787814 -0.00379512 43.5669 -0.0162046 -0.00785202 0.999838 0.56134
0.786241 0.617648 0.0183297 77.6715 -0.617669 0.786421 -0.00515022 43.1198 -0.0175959 -0.0072724 0.999819 0.555746
0.785514 0.618613 0.0169148 78.1997 -0.618585 0.785683 -0.00745869 42.7105 -0.0179037 -0.00460436 0.999829 0.549483
0.785644 0.618509 0.0144898 78.7314 -0.618462 0.785773 -0.00808794 42.3061 -0.0163882 -0.00260715 0.999862 0.54314
0.788129 0.615366 0.013344 79.1773 -0.615345 0.788234 -0.00606104 41.9366 -0.0142479 -0.00343426 0.999893 0.545606
0.791775 0.610749 0.00878692 79.7391 -0.610712 0.791824 -0.00672175 41.4826 -0.011063 -4.41638e-05 0.999939 0.542988
0.795828 0.605496 0.00569253 80.1989 -0.605433 0.795836 -0.00977051 41.123 -0.0104463 0.00432919 0.999936 0.541999
0.801619 0.597833 0.00181012 80.5777 -0.597746 0.801547 -0.0149288 40.8472 -0.0103758 0.0108853 0.999887 0.551023
0.808891 0.587945 -0.00403429 81.1159 -0.587895 0.808682 -0.0203211 40.4634 -0.00868523 0.0188093 0.999785 0.55848
0.818495 0.574473 -0.00677059 81.505 -0.574465 0.818218 -0.0225521 40.1945 -0.00741576 0.0223483 0.999723 0.570985
0.831051 0.556144 -0.0076878 81.9982 -0.556186 0.830869 -0.0176975 39.8719 -0.00345482 0.0189834 0.999814 0.570549
0.858144 0.513375 -0.00593138 82.7952 -0.513408 0.858069 -0.0113432 39.4162 -0.000733793 0.0127793 0.999918 0.572168
0.873202 0.487329 -0.00527195 83.3029 -0.487358 0.873158 -0.00875667 39.1665 0.000335868 0.0102157 0.999948 0.582049
0.88914 0.457597 -0.00588573 83.8069 -0.457635 0.889082 -0.0101766 38.9454 0.000576099 0.011742 0.999931 0.593706
0.906965 0.421189 -0.00379063 84.2627 -0.421203 0.906888 -0.0119409 38.7849 -0.00159171 0.0124266 0.999922 0.600549
0.925826 0.377951 2.03289e-05 84.8195 -0.377921 0.925754 -0.0124899 38.6081 -0.00473938 0.0115558 0.999922 0.613554
0.943201 0.332175 0.00565508 85.2149 -0.332092 0.94317 -0.0120227 38.518 -0.00932735 0.00946182 0.999912 0.615631
0.959361 0.282105 0.00653531 85.7758 -0.282026 0.959345 -0.0108545 38.4291 -0.00933171 0.00857021 0.99992 0.623776
0.973476 0.228695 0.00654527 86.2347 -0.228609 0.973448 -0.0117317 38.3798 -0.00905446 0.00992425 0.99991 0.63281
0.985352 0.170463 0.0048624 86.607 -0.170382 0.985281 -0.0138267 38.355 -0.00714776 0.0127957 0.999893 0.635026
0.994305 0.106571 0.000553342 87.1706 -0.106546 0.994167 -0.0167547 38.3464 -0.00233567 0.0166003 0.99986 0.645534
0.999274 0.03788 -0.00411425 87.5661 -0.037951 0.999102 -0.0188506 38.3694 0.00339649 0.0189931 0.999814 0.65562
0.999371 -0.0341404 -0.00962393 88.1325 0.0339478 0.999233 -0.0195091 38.4376 0.0102826 0.0191701 0.999763 0.671855
0.994288 -0.106001 -0.0124887 88.5791 0.105766 0.994226 -0.0181339 38.5218 0.0143388 0.0167094 0.999758 0.688195
0.983917 -0.177979 -0.0151905 89.0654 0.177707 0.983925 -0.0176765 38.6435 0.0180924 0.0146928 0.999728 0.704057
0.968815 -0.247344 -0.0147931 89.4468 0.247052 0.968814 -0.0190992 38.7587 0.0190558 0.0148489 0.999708 0.714308
0.949248 -0.314282 -0.0124793 89.9812 0.314024 0.949224 -0.0190364 38.9592 0.0178285 0.0141515 0.999741 0.733598
0.925902 -0.377722 -0.0056188 90.3856 0.377594 0.925829 -0.0162491 39.1646 0.0113397 0.0129234 0.999852 0.745589
0.898492 -0.438988 0.00115798 90.8221 0.438969 0.898422 -0.0120369 39.4314 0.00424371 0.0113234 0.999927 0.756077
0.868887 -0.494981 0.00552974 91.1758 0.495011 0.868832 -0.00974845 39.6557 2.08821e-05 0.0112076 0.999937 0.7674
0.836778 -0.547485 0.00797907 91.6554 0.547533 0.836761 -0.0061997 39.9917 -0.00328233 0.00955657 0.999949 0.782852
0.805972 -0.591864 0.0102757 91.9336 0.591899 0.806012 -0.000414374 40.2133 -0.00803712 0.00641616 0.999947 0.789391
0.77597 -0.630704 0.00912912 92.3227 0.63069 0.776021 0.00471846 40.5379 -0.0100603 0.00209625 0.999947 0.794138
0.752439 -0.658635 0.00592879 92.6584 0.658585 0.752458 0.00853546 40.7778 -0.0100829 -0.0025178 0.999946 0.79719
0.73731 -0.675543 0.00390734 92.9659 0.675494 0.737309 0.00909996 41.0424 -0.00902834 -0.00407011 0.999951 0.798553
0.722879 -0.690962 0.00418501 93.2977 0.690925 0.722886 0.00756966 41.3521 -0.00825563 -0.00258042 0.999963 0.804454
0.711011 -0.703129 0.00858436 93.6999 0.703108 0.71106 0.0057131 41.7255 -0.010121 0.00197366 0.999947 0.817453
0.702251 -0.711878 0.00852809 94.0669 0.711864 0.702299 0.00517197 42.0517 -0.00967108 0.00243882 0.99995 0.83444
0.696101 -0.717936 0.00334206 94.3824 0.717893 0.696099 0.00871426 42.3769 -0.00858269 -0.00366677 0.999956 0.847745
0.691572 -0.722306 -0.00131537 94.7606 0.722254 0.691498 0.0134108 42.8132 -0.00877715 -0.0102246 0.999909 0.858315
0.688154 -0.725548 -0.00493349 95.0634 0.725525 0.68803 0.015091 43.1803 -0.00755489 -0.0139643 0.999874 0.872761
0.686597 -0.726999 -0.00752935 95.4661 0.727033 0.686519 0.0106496 43.632 -0.00257323 -0.0127861 0.999915 0.902323
0.687802 -0.725875 -0.00575219 95.8002 0.725898 0.687775 0.00615704 43.9828 -0.000513033 -0.00841033 0.999964 0.934025
0.691609 -0.722248 -0.00588549 96.1773 0.722264 0.691616 0.00101761 44.386 0.00333553 -0.00495467 0.999982 0.958193
0.695211 -0.718758 -0.00835603 96.5112 0.718768 0.695246 -0.0022078 44.7351 0.00739637 -0.00447116 0.999963 0.970589
0.69881 -0.715179 -0.01353 96.9801 0.715241 0.698877 -0.000341598 45.23 0.00970011 -0.0094385 0.999908 0.996023
0.702076 -0.711872 -0.0181053 97.3647 0.712064 0.702074 0.00756247 45.6253 0.00732777 -0.0182016 0.999807 1.00981
0.70519 -0.708875 -0.0142833 97.8756 0.70901 0.705138 0.00922393 46.1307 0.00353309 -0.0166316 0.999855 1.04691
0.708355 -0.705742 -0.0126918 98.3223 0.705851 0.708166 0.0165879 46.5746 -0.00271889 -0.0207087 0.999782 1.07776
0.712246 -0.701836 -0.0114521 98.6886 0.701834 0.711785 0.0281304 46.9514 -0.0115915 -0.0280732 0.999539 1.08373
0.71478 -0.699253 -0.0116003 99.229 0.699207 0.714202 0.0320118 47.4756 -0.0140994 -0.0309924 0.99942 1.10473
0.715631 -0.698399 -0.0105285 99.6537 0.698347 0.715124 0.0301548 47.8851 -0.0135309 -0.0289323 0.99949 1.09885
0.715216 -0.698762 -0.0141007 100.108 0.698876 0.714862 0.0233218 48.3189 -0.0062163 -0.0265347 0.999629 1.09015
0.714321 -0.699614 -0.0169039 100.677 0.699818 0.714146 0.0158239 48.8772 0.00100124 -0.023133 0.999732 1.08983
0.712486 -0.701411 -0.0196309 101.17 0.701663 0.712412 0.0117806 49.3739 0.00572221 -0.0221678 0.999738 1.09002
0.710446 -0.703493 -0.0190883 101.588 0.703736 0.71035 0.0125775 49.7964 0.00471118 -0.0223687 0.999739 1.08748
0.708702 -0.705326 -0.0160442 102.119 0.705508 0.708505 0.0167173 50.3327 -0.000423705 -0.0231669 0.999732 1.09473
0.706765 -0.707318 -0.013586 102.702 0.70741 0.706393 0.0241009 50.9117 -0.00745001 -0.0266446 0.999617 1.11466
0.705173 -0.708949 -0.0110861 103.167 0.708933 0.704719 0.028031 51.3782 -0.01206 -0.027626 0.999546 1.12
0.704329 -0.709675 -0.0168012 103.755 0.709835 0.703846 0.0271059 51.9956 -0.00741093 -0.0310175 0.999491 1.12411
0.702304 -0.711616 -0.0192759 104.167 0.711865 0.701878 0.0248087 52.434 -0.00412496 -0.0311451 0.999506 1.11974
0.699464 -0.71423 -0.0249984 104.758 0.714667 0.699053 0.0239905 53.0593 0.000340404 -0.034646 0.9994 1.11761
0.696156 -0.717301 -0.0290768 105.35 0.717885 0.695734 0.0243905 53.6769 0.00273439 -0.0378534 0.99928 1.1268
0.693571 -0.719903 -0.0264534 105.887 0.720388 0.693116 0.0251144 54.2236 0.000255386 -0.0364754 0.999335 1.13721
0.691228 -0.722251 -0.0236135 106.392 0.722629 0.690699 0.0272285 54.7421 -0.00335595 -0.0358849 0.99935 1.14375
0.689721 -0.723758 -0.0214356 107.096 0.724058 0.689202 0.0272059 55.4758 -0.00491705 -0.0342851 0.9994 1.16043
0.689309 -0.724345 -0.0133268 107.545 0.724418 0.688929 0.0243999 55.9335 -0.00849273 -0.0264732 0.999613 1.16277
0.689494 -0.724176 -0.0129002 108.217 0.724236 0.689113 0.024589 56.64 -0.00891703 -0.0262968 0.999614 1.16758
0.689632 -0.724059 -0.012067 108.783 0.724112 0.6893 0.0229698 57.2582 -0.00831372 -0.0245786 0.999663 1.16645
0.690141 -0.723501 -0.0158364 109.259 0.72364 0.689729 0.0248788 57.778 -0.00707706 -0.0286297 0.999565 1.16198
0.690861 -0.722634 -0.0225987 109.954 0.722984 0.690421 0.024748 58.5403 -0.00228112 -0.0334359 0.999438 1.1607
0.692103 -0.721259 -0.027908 110.378 0.721781 0.6913 0.0337133 58.9967 -0.00502327 -0.0434766 0.999042 1.15853
0.69384 -0.719393 -0.0325567 111.085 0.720109 0.692772 0.038853 59.7469 -0.00539618 -0.0504021 0.998714 1.16473
0.696391 -0.716893 -0.0332322 111.558 0.717635 0.695209 0.041048 60.2425 -0.00632366 -0.052434 0.998604 1.16272
0.698185 -0.715144 -0.0332718 112.257 0.715908 0.697176 0.037711 60.9759 -0.00377246 -0.0501488 0.998735 1.16638
0.699926 -0.713653 -0.0283365 112.799 0.714204 0.699139 0.033421 61.5279 -0.00403987 -0.0436303 0.99904 1.17054
0.699478 -0.71423 -0.0246132 113.522 0.714648 0.698915 0.0282002 62.2607 -0.00293892 -0.0373152 0.999299 1.184
0.699704 -0.714099 -0.0218388 114.038 0.714418 0.699161 0.0279521 62.7838 -0.00469175 -0.0351603 0.999371 1.18895
0.701248 -0.712531 -0.0234783 114.748 0.712899 0.700606 0.0304409 63.5148 -0.00524103 -0.0380843 0.999261 1.20011
0.702402 -0.711418 -0.0227208 115.327 0.711696 0.701469 0.0378143 64.1146 -0.0109638 -0.0427311 0.999026 1.20415
0.703172 -0.710673 -0.0222295 115.794 0.710829 0.701914 0.0451448 64.6045 -0.01648 -0.0475459 0.998733 1.20539
0.703299 -0.710544 -0.0223152 116.51 0.710779 0.702273 0.0400736 65.3468 -0.0128027 -0.0440449 0.998948 1.20313
0.704002 -0.709771 -0.0245948 117.007 0.710195 0.703498 0.0267099 65.8345 -0.00165553 -0.0362709 0.999341 1.19543
0.702574 -0.711001 -0.0294449 118.308 0.711536 0.702498 0.0146159 67.1246 0.0102931 -0.0312199 0.99946 1.2044
0.701699 -0.712233 -0.0185043 118.792 0.712427 0.701123 0.0295487 67.6141 -0.00807173 -0.0339173 0.999392 1.21691
0.699974 -0.714168 -0.000245128 119.536 0.713524 0.699328 0.0426983 68.373 -0.0303223 -0.0300626 0.999088 1.23768
0.699512 -0.714621 -3.85065e-05 120.017 0.714038 0.698939 0.0404267 68.8622 -0.0288628 -0.0283064 0.999183 1.23119
0.69893 -0.715079 -0.0125945 120.651 0.715009 0.698248 0.0348062 69.5365 -0.0160951 -0.0333323 0.999315 1.19824
0.696885 -0.716685 -0.0267121 121.767 0.717166 0.696642 0.0190712 70.6939 0.00494072 -0.0324475 0.999461 1.17618
0.694809 -0.718779 -0.0244456 122.35 0.719195 0.69441 0.0235323 71.2997 6.07129e-05 -0.0339316 0.999424 1.18181
0.691473 -0.722198 -0.0172039 122.921 0.722392 0.691141 0.0217543 71.9165 -0.00382056 -0.0274705 0.999615 1.18233
0.689054 -0.724568 -0.0143885 123.474 0.724699 0.688797 0.0192248 72.5012 -0.00401895 -0.0236743 0.999712 1.18518
0.68658 -0.726836 -0.0177926 123.962 0.727048 0.686272 0.0207632 73.0322 -0.00288091 -0.0271917 0.999626 1.18684
0.684175 -0.729013 -0.0210685 124.614 0.729316 0.683823 0.022007 73.768 -0.00163625 -0.0304222 0.999536 1.18608
0.682729 -0.730371 -0.0209726 125.127 0.730656 0.682242 0.0262355 74.3367 -0.00485322 -0.0332355 0.999436 1.18569
0.681632 -0.731403 -0.0206949 125.619 0.731643 0.680969 0.0313031 74.8677 -0.00880254 -0.0364785 0.999296 1.18907
0.681216 -0.731818 -0.0196921 126.278 0.732022 0.680568 0.0311676 75.562 -0.00940721 -0.0356469 0.99932 1.18509
0.679225 -0.733677 -0.0193007 126.744 0.733901 0.678727 0.0267979 76.0624 -0.00656107 -0.0323666 0.999455 1.18782
0.676211 -0.736419 -0.0206143 127.386 0.736707 0.675933 0.0194126 76.7616 -0.000361928 -0.0283138 0.999599 1.18794
0.671413 -0.740806 -0.0202984 127.894 0.741083 0.671187 0.0174048 77.3358 0.000730464 -0.0267287 0.999642 1.18489
0.665389 -0.746282 -0.0179101 128.308 0.746492 0.66511 0.0194273 77.8254 -0.00258607 -0.0262964 0.999651 1.18703
0.660655 -0.750554 -0.0142674 128.94 0.750616 0.660206 0.0265108 78.5621 -0.0104783 -0.0282239 0.999547 1.18336
0.657238 -0.753662 -0.00561338 129.407 0.753333 0.656688 0.0353662 79.077 -0.0229679 -0.0274728 0.999359 1.18841
0.654331 -0.756197 -0.0041464 130.022 0.755729 0.653712 0.03917 79.7793 -0.0269097 -0.0287637 0.999224 1.18128
0.650847 -0.759187 -0.00579023 130.55 0.758814 0.650243 0.0372266 80.4091 -0.0244969 -0.0286225 0.99929 1.15859
0.645869 -0.763414 -0.00725935 130.929 0.763221 0.645416 0.0305436 80.8757 -0.0186321 -0.0252677 0.999507 1.14713
0.640079 -0.768216 -0.0119445 131.554 0.768294 0.639893 0.0161698 81.6508 -0.00477873 -0.0195269 0.999798 1.12137
0.634559 -0.77271 -0.0159515 131.946 0.772866 0.634322 0.0176884 82.1495 -0.0035496 -0.0235527 0.999716 1.12218
0.628883 -0.777335 -0.0160123 132.544 0.777459 0.628504 0.0232439 82.9319 -0.00800452 -0.0270666 0.999602 1.11481
0.622706 -0.782305 -0.015361 133.044 0.782394 0.622288 0.0248487 83.5965 -0.00988034 -0.0274918 0.999573 1.10418
0.615067 -0.788236 -0.0194098 133.464 0.788445 0.614643 0.0238344 84.1431 -0.0068571 -0.0299633 0.999528 1.1009
0.60065 -0.799164 -0.0235878 134.545 0.799512 0.600403 0.0172207 85.5754 0.000400019 -0.0292023 0.999573 1.09483
0.595007 -0.803368 -0.0237929 134.959 0.803683 0.59443 0.0273302 86.1591 -0.00781298 -0.0353836 0.999343 1.10159
0.588206 -0.808333 -0.024737 135.524 0.808634 0.58745 0.0318396 86.9619 -0.0112052 -0.0387313 0.999187 1.09961
0.581681 -0.813159 -0.0204645 135.885 0.81318 0.580722 0.0387245 87.4693 -0.019605 -0.0391666 0.99904 1.1015
0.576231 -0.817089 -0.0179667 136.458 0.816973 0.575261 0.0403738 88.2786 -0.0226535 -0.0379429 0.999023 1.0881
0.569095 -0.821975 -0.0221185 137.34 0.822056 0.568122 0.0382395 89.5461 -0.0188659 -0.0399446 0.999024 1.07628
0.563627 -0.825167 -0.0377365 138.315 0.826029 0.562987 0.026871 90.9786 -0.000927889 -0.0463166 0.998926 1.04219
0.561163 -0.826828 -0.0380919 138.689 0.827693 0.560302 0.0314048 91.5383 -0.00462337 -0.0491516 0.998781 1.05023
0.558989 -0.828388 -0.0361194 139.237 0.829085 0.557753 0.0391172 92.3771 -0.0122585 -0.0518121 0.998582 1.0498
0.556528 -0.830233 -0.0314568 139.625 0.830466 0.554766 0.0506059 92.9762 -0.0245635 -0.0542874 0.998223 1.05394
0.552291 -0.833223 -0.0267322 140.147 0.833225 0.550698 0.0496807 93.7775 -0.0266737 -0.0497122 0.998407 1.0457
0.54794 -0.836213 -0.0225678 140.527 0.836165 0.546725 0.0438184 94.3503 -0.0243031 -0.0428803 0.998785 1.03175
0.541737 -0.840188 -0.0245882 141.051 0.840471 0.54106 0.0293703 95.1652 -0.0113729 -0.0365766 0.999266 1.00623
0.536509 -0.843432 -0.0279467 141.429 0.843823 0.535735 0.0308421 95.7716 -0.0110412 -0.0401291 0.999134 0.999533
0.530017 -0.847412 -0.0312188 141.82 0.847877 0.528995 0.0356227 96.4222 -0.0136725 -0.0453503 0.998878 1.00031
0.523471 -0.851802 -0.0203047 142.34 0.851792 0.522588 0.0367724 97.2849 -0.0207118 -0.0365447 0.999117 1.00317
0.512744 -0.858539 0.00196139 143.192 0.858146 0.512576 0.0291782 98.6841 -0.026056 -0.0132778 0.999572 0.988879
0.507462 -0.861651 0.006288 143.56 0.861372 0.507464 0.0227733 99.2956 -0.0228136 -0.00614027 0.999721 0.98585
0.497124 -0.867649 0.00733622 144.46 0.867664 0.497148 0.00184871 100.755 -0.00525122 0.00544634 0.999971 0.967452
0.491151 -0.871067 -0.00365001 144.91 0.871059 0.491113 0.00806512 101.515 -0.00523269 -0.00714057 0.999961 0.972257
0.486476 -0.873679 -0.00509236 145.277 0.873467 0.486208 0.0256495 102.195 -0.0199335 -0.0169258 0.999658 0.975581
0.481347 -0.87653 -0.000519034 145.74 0.876021 0.481047 0.0343637 103.059 -0.0298712 -0.0169956 0.999409 0.981093
0.477519 -0.878612 0.0039377 146.077 0.877977 0.477336 0.0361471 103.714 -0.0336389 -0.0138037 0.999339 0.976313
0.475799 -0.879551 -0.00223918 146.542 0.879281 0.475586 0.0261227 104.613 -0.0219113 -0.014398 0.999656 0.947653
0.474778 -0.880033 -0.0113454 146.824 0.880013 0.4745 0.0206736 105.167 -0.01281 -0.0197995 0.999722 0.932116
0.473163 -0.880779 -0.0185554 147.283 0.88097 0.472987 0.0132527 106.079 -0.0028962 -0.0226174 0.99974 0.926164
0.471948 -0.881502 -0.0148217 147.577 0.881604 0.471749 0.0150844 106.626 -0.00630479 -0.0201859 0.999776 0.939542
0.471328 -0.881879 -0.0118172 148.069 0.881877 0.47106 0.019904 107.536 -0.0119863 -0.0198027 0.999732 0.958129
0.471054 -0.882057 -0.00909532 148.401 0.881845 0.470642 0.0290729 108.162 -0.0213633 -0.0217156 0.999536 0.957999
0.469811 -0.88276 -0.00348224 148.87 0.882398 0.469497 0.0307758 109.075 -0.0255328 -0.0175315 0.99952 0.950759
0.467584 -0.883945 0.00259323 149.242 0.883717 0.467527 0.0215224 109.784 -0.020237 -0.00777186 0.999765 0.929745
0.466345 -0.884581 0.00628179 149.663 0.884586 0.466368 0.0029363 110.55 -0.00552703 0.00418745 0.999976 0.918436
0.465573 -0.884945 0.0106684 150.024 0.885008 0.465518 -0.00725858 111.195 0.00145709 0.0128211 0.999917 0.926507
0.465299 -0.885118 0.00795998 150.391 0.885146 0.465239 -0.00829482 111.863 0.0036386 0.0109053 0.999934 0.940732
0.46423 -0.885711 0.00269986 150.907 0.885714 0.464231 -0.000102139 112.829 -0.0011629 0.00243871 0.999996 0.957454
0.46146 -0.887134 0.00696584 151.23 0.887043 0.461512 0.0126822 113.469 -0.0144656 0.000326665 0.999895 0.967524
0.459225 -0.888205 0.0142986 151.586 0.888161 0.459388 0.011546 114.209 -0.0168238 0.00739725 0.999831 0.974487
0.45988 -0.887913 0.0110527 152.042 0.887939 0.459943 0.00398432 115.142 -0.00862134 0.0079818 0.999931 0.963511
0.460696 -0.887542 0.00529798 152.357 0.887538 0.460717 0.00390782 115.792 -0.00590923 0.00290184 0.999978 0.964468
0.460795 -0.887506 9.39332e-06 152.807 0.887504 0.460794 0.00227507 116.696 -0.00202347 -0.00104001 0.999997 0.965377
0.460415 -0.887704 -4.90919e-05 153.155 0.887679 0.460401 0.00757926 117.365 -0.00670554 -0.00353319 0.999971 0.969246
0.459012 -0.888428 -0.00198214 153.431 0.888315 0.458916 0.0171252 117.894 -0.0143049 -0.00962146 0.999851 0.973971
0.458154 -0.888872 -0.00138502 153.892 0.888742 0.45806 0.0178409 118.817 -0.0152239 -0.00940483 0.99984 0.975001
0.457364 -0.889278 0.00177431 154.214 0.889174 0.45734 0.0144854 119.48 -0.013693 -0.00504743 0.999893 0.97674
0.457129 -0.889397 0.00247718 154.543 0.889373 0.457135 0.00652703 120.156 -0.00693752 -0.000780556 0.999976 0.979079
0.456893 -0.889515 -0.00339798 154.981 0.889518 0.456877 0.00455915 121.035 -0.00250297 -0.00510561 0.999984 0.979767
0.455764 -0.890047 -0.00975459 155.315 0.890055 0.455602 0.0151242 121.675 -0.00901709 -0.0155752 0.999838 0.975608
0.453535 -0.891235 -0.00238081 155.707 0.890976 0.453334 0.0255057 122.427 -0.0216522 -0.0136889 0.999672 0.984461
0.452121 -0.891934 0.00637593 156.07 0.891573 0.452125 0.0260852 123.131 -0.026149 -0.00610908 0.999639 1.00335
0.451727 -0.892129 0.00700072 156.42 0.891901 0.451772 0.0203559 123.827 -0.0213228 -0.00295137 0.999768 1.02862
0.452364 -0.891829 0.00263379 156.762 0.891726 0.452354 0.0141708 124.505 -0.0138293 -0.00406175 0.999896 1.05134
0.453352 -0.891329 -0.00219833 157.09 0.891298 0.453312 0.00981525 125.17 -0.00775209 -0.00640913 0.999949 1.08251
0.454305 -0.890791 -0.00990285 157.4 0.890836 0.454217 0.00994135 125.795 -0.00435763 -0.0133382 0.999902 1.1113
0.456646 -0.88958 -0.0110742 157.698 0.889647 0.45659 0.00733647 126.395 -0.00147002 -0.0132023 0.999912 1.14535
0.460242 -0.88772 -0.0114235 157.991 0.887794 0.4602 0.0061768 126.98 -0.000226196 -0.0129845 0.999916 1.1856
0.465137 -0.885179 -0.0102398 158.284 0.885231 0.465054 0.00951464 127.564 -0.00366011 -0.0134902 0.999902 1.22547
0.470655 -0.882289 -0.00709996 158.583 0.882251 0.470506 0.0160455 128.145 -0.0108162 -0.0138158 0.999846 1.26532
0.475731 -0.879566 -0.00664609 158.894 0.879402 0.47546 0.0242842 128.732 -0.0181996 -0.0173974 0.999683 1.30787
0.481053 -0.87665 -0.00850914 159.203 0.876508 0.480731 0.0251462 129.313 -0.0179538 -0.019555 0.999648 1.35117
0.487105 -0.873285 -0.0100853 159.503 0.873277 0.486893 0.0179406 129.883 -0.0107568 -0.0175462 0.999788 1.39689
0.493594 -0.869603 -0.0125198 159.801 0.869691 0.493517 0.00883744 130.449 -0.00150634 -0.0152505 0.999883 1.44341
0.500245 -0.865695 -0.0181191 160.141 0.865867 0.500258 0.0040916 131.077 0.00552216 -0.0177355 0.999827 1.50771
0.506712 -0.861914 -0.0186267 160.387 0.862106 0.50669 0.00626269 131.493 0.00404007 -0.0192316 0.999807 1.52351
0.51228 -0.85871 -0.0136589 160.803 0.858818 0.512222 0.00775104 132.184 0.000340462 -0.0157012 0.999877 1.60865
0.517565 -0.855599 -0.00876374 161.107 0.85563 0.517471 0.0109673 132.638 -0.00484863 -0.0131748 0.999901 1.63123
0.522724 -0.852499 -0.00222501 161.553 0.852464 0.522674 0.010803 133.282 -0.00804659 -0.00754373 0.999939 1.69425
0.526151 -0.85039 -0.00138967 161.873 0.850326 0.52609 0.0132189 133.752 -0.0105101 -0.00813683 0.999912 1.70263
0.526236 -0.850332 -0.00323805 162.58 0.850248 0.526121 0.0166166 134.896 -0.012426 -0.0114974 0.999857 1.78837
0.526169 -0.85038 -0.000443749 162.912 0.850274 0.526095 0.0161013 135.548 -0.0134588 -0.00884932 0.99987 1.80803
0.526404 -0.850235 0.000353759 163.156 0.850077 0.526314 0.0190524 135.981 -0.0163852 -0.00972853 0.999818 1.75951
0.525209 -0.850844 -0.0148461 163.87 0.850964 0.52504 0.0139277 137.232 -0.00405553 -0.0199485 0.999793 1.78284
0.523637 -0.851744 -0.0183392 164.168 0.851938 0.523572 0.00857696 137.704 0.00229653 -0.0201151 0.999795 1.71798
0.520292 -0.853851 -0.0153261 164.547 0.853952 0.520351 0.000143586 138.312 0.00785238 -0.0131625 0.999883 1.67768
0.516598 -0.856087 -0.0155334 164.891 0.856208 0.516626 0.00246631 138.875 0.00591358 -0.0145739 0.999876 1.63996
0.512931 -0.858303 -0.0147507 165.214 0.858421 0.512773 0.013293 139.47 -0.00384563 -0.0194807 0.999803 1.60534
0.509553 -0.860427 -0.00454271 165.545 0.860219 0.509295 0.0253387 140.06 -0.0194886 -0.0168191 0.999669 1.57372
0.506128 -0.862442 0.0053019 165.889 0.861891 0.506009 0.0331428 140.649 -0.0312666 -0.0122049 0.999437 1.53521
0.503779 -0.863821 0.00444891 166.25 0.863328 0.503655 0.0315688 141.256 -0.0295105 -0.0120629 0.999492 1.48059
0.499366 -0.866388 -0.00245111 166.991 0.866231 0.499217 0.0206287 142.545 -0.0166488 -0.0124245 0.999784 1.40075
0.496917 -0.867796 -0.00179388 167.396 0.867753 0.496869 0.0112105 143.21 -0.0088371 -0.00712733 0.999936 1.31907
0.495116 -0.868661 0.0169799 168.039 0.868667 0.495305 0.00949331 144.297 -0.0166567 0.0100496 0.999811 1.26156
0.494162 -0.869099 0.0216972 168.424 0.869154 0.494442 0.0099342 144.945 -0.0193618 0.0139491 0.999715 1.21729
0.493185 -0.86961 0.0233909 168.769 0.869692 0.493496 0.00984967 145.547 -0.0201087 0.0154852 0.999678 1.16832
0.492483 -0.869948 0.0255019 169.114 0.870152 0.492754 0.00530468 146.136 -0.017181 0.0195781 0.999661 1.11679
0.491899 -0.870125 0.0302865 169.436 0.870533 0.492109 -0.000601637 146.678 -0.0143808 0.0266614 0.999541 1.08005
0.491399 -0.870405 0.0303803 169.862 0.870869 0.491492 -0.00485179 147.425 -0.0107086 0.0288414 0.999527 1.04122
0.490324 -0.870806 0.0357603 170.147 0.871378 0.490612 -0.000826949 147.938 -0.0168243 0.0315662 0.99936 1.02527
0.489861 -0.870972 0.0379997 170.487 0.87153 0.49033 0.00356564 148.532 -0.0217379 0.0313712 0.999271 1.00482
0.489686 -0.871116 0.0369538 170.851 0.871612 0.490172 0.00490262 149.171 -0.0223845 0.0298086 0.999305 0.975533
0.490229 -0.870932 0.0339596 171.134 0.871448 0.490488 -0.000817504 149.671 -0.0159448 0.0299948 0.999423 0.954522
0.489708 -0.87138 0.0297234 171.479 0.871851 0.48971 -0.00770163 150.317 -0.0078448 0.0296859 0.999528 0.921452
0.489407 -0.871709 0.0245716 171.8 0.872055 0.489256 -0.0122217 150.926 -0.00136804 0.0274091 0.999623 0.895842
0.489351 -0.871848 0.0204092 172.101 0.872086 0.48926 -0.00956377 151.512 -0.00164726 0.0224786 0.999746 0.877281
0.489345 -0.871879 0.0191856 172.447 0.872082 0.489316 -0.00647949 152.159 -0.00373849 0.0199021 0.999795 0.861004
