0.49631 -0.867614 0.0303774 0.702898 0.867966 0.496615 0.00296635 0.545579 -0.0176595 0.0248943 0.999534 0.777115
0.49316 -0.869435 0.0296249 0.825342 0.869757 0.493468 0.00368203 0.826675 -0.0178202 0.0239506 0.999555 0.767689
0.489712 -0.871421 0.0284546 1.04447 0.87169 0.490032 0.00517925 1.2528 -0.018457 0.0222673 0.999582 0.752461
0.48526 -0.873901 0.0286585 1.45755 0.874136 0.485629 0.0072959 1.95623 -0.0202933 0.021511 0.999564 0.735863
0.481385 -0.876008 0.0297072 1.8898 0.876234 0.481808 0.00885489 2.68616 -0.0220701 0.0217678 0.999521 0.717606
0.478322 -0.877644 0.0308761 2.31337 0.877886 0.478783 0.00937916 3.4268 -0.0230145 0.0226194 0.999481 0.702491
0.475736 -0.879014 0.0318357 2.72482 0.879286 0.476213 0.00915458 4.15233 -0.0232076 0.0236374 0.999453 0.686329
0.474001 -0.87994 0.0321513 3.13482 0.880232 0.474472 0.0086178 4.88688 -0.0228381 0.0242157 0.999449 0.673523
0.472244 -0.880879 0.0323232 3.53551 0.881181 0.472713 0.00840157 5.62674 -0.0226804 0.0245149 0.999446 0.660872
0.470883 -0.881563 0.0334956 3.93799 0.881906 0.471368 0.00800169 6.37351 -0.0228427 0.0257719 0.999411 0.643507
0.469611 -0.882228 0.03385 4.34099 0.882605 0.470075 0.00690633 7.13557 -0.022005 0.0266327 0.999408 0.633013
0.468533 -0.882836 0.0329475 4.7433 0.883225 0.468931 0.00521968 7.90818 -0.0200582 0.0266543 0.999449 0.621802
0.467394 -0.883546 0.0299653 5.14192 0.883874 0.467716 0.00448751 8.69796 -0.0179802 0.024388 0.999547 0.616058
0.46629 -0.884234 0.0267131 5.54462 0.884486 0.466559 0.00461973 9.49933 -0.0165482 0.0214731 0.999639 0.604212
0.465139 -0.88489 0.0250398 5.95379 0.885094 0.465397 0.00550144 10.3144 -0.0165216 0.0196035 0.999679 0.589613
0.463983 -0.8855 0.0249504 6.37301 0.885679 0.464266 0.00689359 11.1393 -0.0176879 0.0188994 0.999674 0.575364
0.462847 -0.886081 0.0254612 6.79049 0.886248 0.463161 0.00810069 11.9645 -0.0189705 0.0188155 0.999653 0.562404
0.461651 -0.886672 0.0266169 7.20972 0.886858 0.461991 0.00829628 12.7884 -0.0196528 0.0197753 0.999622 0.545265
0.46046 -0.887258 0.0277488 7.63324 0.887477 0.460811 0.00785596 13.6081 -0.0197572 0.021009 0.999596 0.531217
0.459451 -0.887761 0.0283922 8.06106 0.888 0.459809 0.00758373 14.4248 -0.0197875 0.0217277 0.999582 0.523368
0.458802 -0.888086 0.0287688 8.49274 0.888308 0.459193 0.00884865 15.2428 -0.0210688 0.0214956 0.999562 0.517479
0.458872 -0.888016 0.0298205 8.92984 0.888198 0.459346 0.0116191 16.0664 -0.0240159 0.0211547 0.999503 0.495336
0.459797 -0.8875 0.0309508 9.37978 0.88762 0.460369 0.0149531 16.8987 -0.0275196 0.020597 0.999426 0.477564
0.461357 -0.886627 0.0327501 9.82945 0.886726 0.462022 0.0169246 17.7418 -0.0301371 0.0212319 0.999338 0.452217
0.463221 -0.885609 0.0339881 10.2574 0.885744 0.463915 0.0165932 18.5816 -0.0304627 0.0224183 0.999303 0.433796
0.465094 -0.884626 0.0340361 10.6772 0.884847 0.465721 0.0136445 19.4339 -0.0279216 0.0237706 0.999347 0.417359
0.466884 -0.883724 0.0329684 11.1034 0.884018 0.467391 0.00984702 20.2878 -0.0241112 0.024547 0.999429 0.402254
0.468186 -0.883122 0.0306181 11.5397 0.883406 0.468588 0.00775808 21.1491 -0.0211987 0.0234158 0.999523 0.392471
0.4689 -0.882778 0.029658 11.9834 0.883022 0.4693 0.00856353 22.0223 -0.0214782 0.0221731 0.999547 0.378247
0.468783 -0.882793 0.0310571 12.4417 0.883002 0.469279 0.0114633 22.8995 -0.0246941 0.0220496 0.999477 0.355186
0.468076 -0.88297 0.0363133 12.9123 0.883283 0.468729 0.0123076 23.7658 -0.0278883 0.0263138 0.999291 0.326665
0.466775 -0.883375 0.0426708 13.3867 0.883942 0.46754 0.0100414 24.6399 -0.0288207 0.0330311 0.999066 0.315118
0.465152 -0.883988 0.0474623 13.8561 0.884841 0.465908 0.0060871 25.5109 -0.0274941 0.0391646 0.998883 0.305815
0.46321 -0.884924 0.0490184 14.3169 0.885941 0.463849 0.00229032 26.3903 -0.0247641 0.0423658 0.998825 0.289121
0.461517 -0.885833 0.0486072 14.783 0.886878 0.462061 0.000381564 27.2726 -0.0227978 0.0429319 0.998849 0.262457
0.460053 -0.886697 0.0467268 15.2487 0.887644 0.460588 0.00123135 28.1684 -0.0226138 0.0409097 0.998939 0.234251
0.458878 -0.887443 0.0440883 15.7042 0.888228 0.459448 0.00373062 29.066 -0.0235672 0.0374483 0.999054 0.220069
0.458055 -0.887967 0.0420941 16.1641 0.888593 0.458701 0.00728953 29.9694 -0.0257815 0.0340655 0.999122 0.204836
0.457447 -0.888292 0.0418907 16.6309 0.888806 0.458214 0.0111402 30.8622 -0.0290905 0.0321367 0.999097 0.187167
0.457052 -0.888472 0.0423991 17.0954 0.888888 0.457952 0.0148505 31.7485 -0.0326108 0.030901 0.999028 0.160663
0.456954 -0.888517 0.0425692 17.5474 0.888839 0.457945 0.0177084 32.6425 -0.0352282 0.0297458 0.998976 0.139679
0.457212 -0.888404 0.0422038 18.0043 0.888682 0.458216 0.0186127 33.5387 -0.0358736 0.0289965 0.998976 0.127558
0.457519 -0.888294 0.0412104 18.4584 0.888568 0.458467 0.0179427 34.4318 -0.0348316 0.0284099 0.999031 0.105725
0.457552 -0.888361 0.0394123 18.8944 0.888637 0.458394 0.0163706 35.3184 -0.032609 0.0275337 0.999132 0.0844425
0.456983 -0.888676 0.0389421 19.3334 0.888986 0.457769 0.0148953 36.2092 -0.0310633 0.027813 0.999175 0.0580475
0.456046 -0.889124 0.0397289 19.7832 0.889479 0.456835 0.0142044 37.103 -0.0307788 0.0288611 0.999155 0.0222044
0.455052 -0.889591 0.0407175 20.2331 0.88999 0.455855 0.0137154 37.9886 -0.0307621 0.029998 0.999124 0.00625808
0.454342 -0.889997 0.0398071 20.6822 0.890406 0.45508 0.0124882 38.8742 -0.0292297 0.0297716 0.999178 -0.0041563
0.454018 -0.89024 0.0380906 21.1274 0.890645 0.454658 0.0108274 39.7633 -0.026957 0.0290105 0.999266 -0.0203585
0.453914 -0.890381 0.03601 21.5723 0.890737 0.454487 0.0104556 40.6434 -0.0256755 0.0273309 0.999349 -0.0330678
0.454012 -0.89034 0.0358419 22.0154 0.890664 0.454607 0.0114496 41.5223 -0.0264878 0.0267264 0.999345 -0.0521746
0.453858 -0.890335 0.0378902 22.4449 0.890682 0.454541 0.0126819 42.3963 -0.0285136 0.0279939 0.999257 -0.0769961
0.453891 -0.890214 0.0403101 22.8852 0.890606 0.454667 0.0134815 43.2591 -0.0303289 0.0297831 0.999153 -0.0927157
0.453759 -0.890188 0.0423711 23.3289 0.890656 0.454584 0.0130445 44.1158 -0.0308731 0.0318207 0.999075 -0.099429
0.453241 -0.890399 0.0435018 23.7696 0.890912 0.454092 0.012823 44.9749 -0.0311713 0.0329462 0.999031 -0.111689
0.452381 -0.89074 0.045458 24.2071 0.891315 0.453297 0.0129585 45.8353 -0.0321486 0.034657 0.998943 -0.132025
0.451199 -0.891135 0.0493489 24.6368 0.891769 0.452331 0.0153238 46.6917 -0.0359775 0.0370957 0.998726 -0.140798
0.450049 -0.891558 0.0521643 25.0642 0.892198 0.451387 0.0180015 47.5489 -0.0395954 0.0384414 0.99854 -0.172585
0.448872 -0.892034 0.0541762 25.4886 0.892719 0.450323 0.0188548 48.4059 -0.0412156 0.039903 0.998418 -0.200483
0.447897 -0.892665 0.051849 25.8968 0.893465 0.449038 0.0134292 49.2367 -0.0352699 0.0403125 0.99863 -0.209216
0.447167 -0.893253 0.0479168 26.3037 0.894069 0.447967 0.00806272 50.0577 -0.0286674 0.0392375 0.998885 -0.218859
0.446374 -0.893942 0.0421842 26.7101 0.894616 0.446918 0.00526116 50.8799 -0.0235563 0.0353924 0.999163 -0.233935
0.445632 -0.894532 0.0372986 27.1183 0.895023 0.446093 0.00618464 51.7148 -0.0221711 0.0306297 0.999354 -0.252105
0.444847 -0.895015 0.0350926 27.5225 0.895369 0.445348 0.00938501 52.5397 -0.024028 0.0272491 0.99941 -0.270334
0.443947 -0.895492 0.0343956 27.9179 0.895747 0.444513 0.012557 53.3459 -0.0265336 0.0252386 0.999401 -0.28418
0.442712 -0.896091 0.0348177 28.3033 0.896288 0.44335 0.0150259 54.1413 -0.0289003 0.0245585 0.999354 -0.293442
0.441236 -0.896786 0.0357225 28.6684 0.896959 0.441939 0.0166123 54.9042 -0.0306841 0.0247158 0.999299 -0.308418
0.439869 -0.897428 0.0365416 29.0292 0.897595 0.440618 0.0174967 55.6392 -0.031802 0.0251076 0.999256 -0.321151
0.438516 -0.898075 0.0370134 29.3869 0.89824 0.43929 0.017948 56.3605 -0.0323772 0.0253809 0.999233 -0.333078
0.437312 -0.898677 0.0367626 29.7324 0.898809 0.438097 0.0187481 57.0905 -0.0329529 0.0248485 0.99923 -0.350591
0.436249 -0.899229 0.0359836 30.0695 0.899265 0.437062 0.0210381 57.8224 -0.0346437 0.0231861 0.999214 -0.364903
0.43508 -0.899811 0.0357207 30.4006 0.899738 0.435947 0.0239119 58.5354 -0.0370867 0.0217412 0.999161 -0.391964
0.433885 -0.900437 0.0346046 30.7257 0.900264 0.434751 0.0259359 59.2334 -0.0383958 0.019906 0.999152 -0.406861
0.432711 -0.901134 0.0311322 31.044 0.900934 0.433428 0.0249254 59.9118 -0.0359524 0.0172689 0.999294 -0.400158
0.431419 -0.901888 0.0271193 31.3594 0.901732 0.431948 0.0216568 60.5685 -0.031244 0.0151176 0.999489 -0.411826
0.430706 -0.902355 0.0227158 31.667 0.902251 0.431053 0.0176542 61.2113 -0.0257202 0.0128982 0.99968 -0.425181
0.430315 -0.902624 0.0194173 31.971 0.902542 0.430552 0.0150226 61.8439 -0.0219182 0.0110672 0.999794 -0.445264
0.429756 -0.902913 0.0186053 32.2606 0.902829 0.42997 0.0146373 62.4639 -0.0212143 0.010514 0.999818 -0.462337
0.428787 -0.903373 0.0189297 32.5375 0.903285 0.42901 0.0148749 63.0644 -0.0215568 0.0107281 0.99981 -0.455524
0.428128 -0.903621 0.0220173 32.8047 0.903609 0.428395 0.013137 63.645 -0.0213014 0.0142779 0.999773 -0.439316
0.428917 -0.903167 0.0252857 33.0769 0.903295 0.429175 0.00878392 64.1793 -0.0187844 0.0190798 0.999746 -0.42925
0.430896 -0.902204 0.026246 33.3369 0.902406 0.431106 0.00551759 64.7 -0.0162922 0.0213137 0.999746 -0.424861
0.434301 -0.900644 0.0238091 33.5828 0.900794 0.434473 0.0055285 65.2152 -0.015323 0.0190531 0.999809 -0.429202
0.438682 -0.898547 0.0229733 33.8288 0.898659 0.438864 0.00677234 65.7209 -0.0161666 0.0176818 0.999823 -0.443248
0.44361 -0.896076 0.0250303 34.0702 0.896177 0.443874 0.00931491 66.2208 -0.019456 0.0183074 0.999756 -0.452484
0.449863 -0.892802 0.0301633 34.3208 0.892934 0.4503 0.0123095 66.697 -0.0245709 0.0214046 0.999583 -0.456948
0.45783 -0.888619 0.0338221 34.5742 0.888751 0.458428 0.0150432 67.1551 -0.0288706 0.0231809 0.999431 -0.454402
0.470459 -0.882111 0.0309437 34.8151 0.882095 0.471027 0.0176193 67.5836 -0.030115 0.0190156 0.999484 -0.449373
0.485718 -0.873972 0.0259881 35.0515 0.873778 0.48618 0.020466 68.0036 -0.0305184 0.0127776 0.999573 -0.444256
0.503022 -0.86424 0.0223191 35.3085 0.863927 0.50339 0.022667 68.405 -0.0308212 0.00789138 0.999616 -0.452647
0.523393 -0.852079 0.0218149 35.5678 0.851729 0.523745 0.0233102 68.799 -0.0312835 0.00639191 0.999614 -0.477317
0.547561 -0.836685 0.0246016 35.8393 0.836352 0.547992 0.0228631 69.1738 -0.0326066 0.0080689 0.999562 -0.496493
0.573254 -0.819217 0.0274001 36.1267 0.818893 0.57377 0.0227036 69.5384 -0.0343162 0.00943543 0.999494 -0.499691
0.60142 -0.798687 0.0299223 36.4255 0.798355 0.602019 0.0229003 69.889 -0.0362993 0.0101289 0.99942 -0.496088
0.635215 -0.772076 0.0303049 36.7051 0.771665 0.635829 0.0242186 70.221 -0.037962 0.00801491 0.999379 -0.503507
0.669974 -0.74212 0.0304192 36.9797 0.741639 0.670584 0.0251507 70.5382 -0.0390578 0.00572416 0.999355 -0.518814
0.705891 -0.70807 0.030013 37.2486 0.707526 0.70647 0.0257785 70.8381 -0.03945 0.00305322 0.999353 -0.530118
0.742279 -0.669862 0.0294636 37.5526 0.669282 0.742814 0.0257306 71.1088 -0.0391154 0.000635899 0.999373 -0.533255
0.780667 -0.624765 0.028308 37.8792 0.624179 0.781132 0.0249274 71.3429 -0.0376795 -0.00177451 0.999429 -0.540855
0.817695 -0.575511 0.0273325 38.2104 0.57493 0.818101 0.0239492 71.5401 -0.0361373 -0.00385224 0.999483 -0.551747
0.852636 -0.522392 0.0267256 38.5329 0.521816 0.852999 0.0229611 71.706 -0.0347851 -0.00561452 0.999525 -0.573376
0.884707 -0.466046 0.0264125 38.8837 0.465491 0.885043 0.0215302 71.8469 -0.033404 -0.00673565 0.999567 -0.588278
0.913271 -0.407247 0.0263729 39.2534 0.406703 0.91359 0.020366 71.966 -0.0323819 -0.00785593 0.999595 -0.592952
0.937864 -0.346804 0.0274693 39.6284 0.346245 0.9382 0.019743 72.0631 -0.0326124 -0.0089868 0.99958 -0.591236
0.958236 -0.285552 0.029392 39.9976 0.284922 0.958603 0.0204556 72.1512 -0.0340097 -0.0112079 0.999513 -0.594095
0.974447 -0.223836 0.0312239 40.3835 0.223126 0.974836 0.0212942 72.2129 -0.0351975 -0.0137634 0.999442 -0.606041
0.986464 -0.162648 0.0326118 40.7771 0.161892 0.98687 0.0212214 72.2434 -0.035628 -0.0156341 0.999402 -0.627651
0.994359 -0.103967 0.0327802 41.1708 0.103289 0.994786 0.0181647 72.2442 -0.034491 -0.0146559 0.999458 -0.642381
0.998709 -0.0467433 0.0321579 41.5569 0.0461402 0.999128 0.0154178 72.2247 -0.0328442 -0.0138938 0.999527 -0.635079
0.999802 0.00877745 0.0310195 41.936 -0.00939386 1.00016 0.01565 72.194 -0.030881 -0.0159177 0.999561 -0.617372
0.997933 0.0622607 0.0300297 42.3189 -0.0629185 0.998212 0.0170146 72.1576 -0.0289107 -0.0188478 0.999571 -0.619504
0.993551 0.112438 0.0294637 42.6903 -0.113102 0.993787 0.017164 72.1085 -0.027345 -0.0203646 0.999588 -0.65206
0.987381 0.157614 0.029957 42.973 -0.158092 0.987744 0.00963495 72.0694 -0.0280665 -0.014229 0.999676 -0.694647
0.979712 0.199733 0.0306755 43.2321 -0.199976 0.980182 0.000599906 72.0249 -0.0299439 -0.00670291 0.999703 -0.706567
0.97114 0.237963 0.0306381 43.5016 -0.238029 0.971636 -0.00575416 71.986 -0.0311351 -0.00168639 0.99969 -0.689076
0.962128 0.272262 0.0295274 43.7964 -0.272337 0.962594 -0.00595521 71.9476 -0.0300412 -0.00229364 0.999724 -0.659996
0.952775 0.303539 0.0280243 44.1377 -0.303716 0.953184 -0.00268509 71.9006 -0.0275244 -0.00593486 0.999784 -0.648405
0.943622 0.331008 0.026928 44.521 -0.33131 0.94396 0.00206464 71.8327 -0.0247326 -0.010851 0.999817 -0.66795
0.935033 0.354643 0.0258918 44.9343 -0.35503 0.935291 0.00594182 71.7393 -0.0221063 -0.014729 0.999831 -0.706803
0.927381 0.374412 0.0228783 45.379 -0.374794 0.927543 0.00781562 71.6091 -0.0182922 -0.0158039 0.999894 -0.731255
0.920521 0.391282 0.0173106 45.8206 -0.39159 0.920584 0.00836747 71.4388 -0.012661 -0.0144633 1 -0.748914
0.913536 0.407519 0.0125954 46.2598 -0.407772 0.91353 0.00952843 71.2587 -0.00762366 -0.0138237 1.00007 -0.771735
0.906996 0.421852 0.0139862 46.7198 -0.422129 0.90699 0.0100371 71.0599 -0.00845171 -0.0149904 1.00004 -0.799604
0.900544 0.435373 0.0169167 47.1643 -0.435687 0.900573 0.0093601 70.8438 -0.01116 -0.015782 1.00001 -0.825772
0.89428 0.448011 0.0195617 47.6126 -0.448352 0.894357 0.0081795 70.611 -0.0138311 -0.0160674 0.999974 -0.832458
0.888416 0.459463 0.0215256 48.0576 -0.459808 0.888547 0.0063009 70.3726 -0.0162319 -0.0154776 0.99995 -0.824384
0.882882 0.470027 0.0216028 48.5053 -0.470321 0.883054 0.00324019 70.138 -0.0175543 -0.0130037 0.999966 -0.815598
0.878147 0.478895 0.0202328 48.9502 -0.479115 0.878329 -0.000198265 69.8952 -0.0178674 -0.00950355 1 -0.808849
0.874549 0.485534 0.0182627 49.4151 -0.485684 0.874717 -0.00327083 69.648 -0.0175649 -0.00599446 1.00004 -0.815762
0.871963 0.490265 0.015937 49.911 -0.490372 0.872098 -0.00521443 69.3905 -0.0164578 -0.00325448 1.00007 -0.818155
0.869936 0.49391 0.0147824 50.4143 -0.494021 0.870048 -0.00470012 69.1194 -0.015186 -0.00320071 1.00009 -0.818721
0.867876 0.497566 0.013973 50.9236 -0.497686 0.86797 -0.00387922 68.8264 -0.014062 -0.00357455 1.00011 -0.822785
0.86599 0.500883 0.0131472 51.4524 -0.500998 0.866071 -0.00406795 68.5112 -0.013428 -0.00305151 1.00012 -0.832307
0.864152 0.504084 0.0125816 52.0063 -0.504186 0.864224 -0.0048311 68.1727 -0.0133131 -0.00215691 1.00013 -0.841527
0.862881 0.50629 0.012063 52.5731 -0.506368 0.862945 -0.00657945 67.8274 -0.0137457 -0.000420117 1.00013 -0.855265
0.862178 0.507529 0.0111334 53.1581 -0.507562 0.862222 -0.0097816 67.4696 -0.0145693 0.00279215 1.00012 -0.869905
0.862125 0.50765 0.0107309 53.756 -0.507656 0.862152 -0.0116943 67.1112 -0.0151941 0.0046429 1.0001 -0.879345
0.86311 0.506012 0.00996207 54.3651 -0.50599 0.863109 -0.0137333 66.7481 -0.0155537 0.00682004 1.00009 -0.88905
0.864949 0.502914 0.0084148 54.9952 -0.502862 0.864895 -0.01651 66.3806 -0.0155878 0.0100547 1.00006 -0.901003
0.867183 0.499092 0.00741859 55.634 -0.499019 0.867086 -0.0184911 66.0034 -0.0156685 0.0123376 1.00003 -0.913634
0.869733 0.494661 0.00724272 56.2857 -0.494571 0.869613 -0.0196959 65.6319 -0.0160487 0.0135517 1.00001 -0.929574
0.872264 0.490199 0.00782851 56.9525 -0.490092 0.872141 -0.0202548 65.2522 -0.0167641 0.0138337 1 -0.942362
0.874704 0.485832 0.00923832 57.6412 -0.485702 0.874598 -0.0204046 64.883 -0.0180008 0.0133634 0.999987 -0.966566
0.876932 0.481768 0.0118227 58.3414 -0.481641 0.87689 -0.0185621 64.5136 -0.0193174 0.0105862 0.999998 -0.989815
0.878996 0.477954 0.0141214 59.0512 -0.47784 0.87901 -0.0168041 64.1372 -0.020452 0.0080262 1 -0.99532
0.880683 0.474828 0.0152711 59.7665 -0.474764 0.880734 -0.0139242 63.7694 -0.0200689 0.00501638 1.00003 -0.982634
0.882019 0.472377 0.014955 60.4882 -0.472409 0.882074 -0.00879285 63.3847 -0.0173527 0.000695202 1.00009 -0.966005
0.882932 0.470722 0.0140363 61.2089 -0.47084 0.88296 -0.00311565 62.9933 -0.0138682 -0.00385231 1.00014 -0.965536
0.883437 0.469823 0.0132235 61.931 -0.469996 0.883423 0.00158883 62.5873 -0.0109441 -0.00761213 1.00016 -0.977578
0.883632 0.469508 0.0122497 62.66 -0.469691 0.88359 0.00345016 62.1803 -0.00921298 -0.0087957 1.00017 -0.989681
0.883704 0.46941 0.0118193 63.3946 -0.469586 0.883656 0.00316291 61.7667 -0.00896909 -0.00833916 1.00018 -1.00034
0.883817 0.469189 0.0131404 64.1353 -0.469383 0.883771 0.0037796 61.3684 -0.00984957 -0.009502 1.00016 -1.00799
0.883766 0.469245 0.0152638 64.8843 -0.469472 0.883728 0.004819 60.9852 -0.0112376 -0.0114178 1.00013 -1.01482
0.8837 0.469329 0.0171811 65.6321 -0.469592 0.883668 0.00584058 60.6152 -0.0124513 -0.0132219 1.00009 -1.00912
0.883467 0.469723 0.0190355 66.3735 -0.470036 0.883428 0.00761994 60.2501 -0.0132474 -0.015671 1.00005 -0.997468
0.882937 0.470701 0.0200857 67.0963 -0.47105 0.882884 0.00904301 59.8783 -0.0134872 -0.0174368 1.00002 -0.992415
0.881853 0.472737 0.0204581 67.8125 -0.4731 0.881794 0.00944246 59.4955 -0.0135867 -0.0179964 1.00001 -0.993784
0.880176 0.475827 0.0216174 68.5347 -0.476223 0.880113 0.0102617 59.0975 -0.0141538 -0.0193172 0.999976 -1.00607
0.877712 0.480282 0.0237157 69.2619 -0.480737 0.877654 0.0112727 58.6789 -0.0154111 -0.0212847 0.999919 -1.02006
0.874567 0.485942 0.0250618 69.9927 -0.486438 0.874511 0.0118665 58.2636 -0.0161614 -0.0225579 0.999881 -1.0172
0.87015 0.493839 0.0248765 70.7419 -0.494327 0.870092 0.0115638 57.8364 -0.0159456 -0.0223484 0.999891 -1.01346
0.865213 0.502491 0.024264 71.4794 -0.502953 0.86516 0.0105454 57.413 -0.0157049 -0.0213171 0.999919 -1.00421
0.859956 0.51145 0.0244415 72.2137 -0.511912 0.859906 0.0101854 56.9948 -0.01582 -0.0212604 0.999921 -1.00783
0.854282 0.520865 0.025062 72.9281 -0.521347 0.854231 0.0103525 56.591 -0.0160286 -0.0218991 0.999906 -1.01496
0.848226 0.53067 0.0255033 73.6254 -0.531155 0.848189 0.0097454 56.1853 -0.0164723 -0.0218018 0.999904 -1.01683
0.841982 0.540543 0.0255378 74.3144 -0.541023 0.841948 0.00925085 55.7743 -0.0165135 -0.021595 0.999911 -1.01394
0.835425 0.55064 0.0256002 74.979 -0.551124 0.835387 0.00918527 55.3513 -0.016341 -0.0217718 0.999913 -1.01347
0.828903 0.560426 0.0256883 75.6292 -0.560922 0.828851 0.00955604 54.9162 -0.0159492 -0.0223192 0.99991 -1.01551
0.822558 0.569746 0.0250885 76.2617 -0.570234 0.822484 0.00973163 54.4803 -0.0151035 -0.0223003 0.999927 -1.0142
0.816447 0.578516 0.0244422 76.874 -0.57899 0.816361 0.00951896 54.0431 -0.0144602 -0.0219128 0.999948 -1.01662
0.810799 0.586436 0.0241845 77.472 -0.586916 0.810688 0.0101751 53.6095 -0.0136528 -0.0224334 0.999951 -1.02313
0.805611 0.593611 0.0230146 78.0612 -0.594053 0.805499 0.00909598 53.166 -0.0131528 -0.0209897 0.999993 -1.02837
0.800421 0.600624 0.0227079 78.6405 -0.601057 0.800306 0.00871744 52.7185 -0.0129516 -0.0206165 1.00001 -1.02831
0.795389 0.607299 0.022532 79.2219 -0.607712 0.795294 0.00731277 52.2678 -0.013493 -0.0195003 1.00003 -1.02878
0.790649 0.613461 0.0229978 79.8142 -0.613861 0.790586 0.0055998 51.8173 -0.0147611 -0.0185364 1.00003 -1.02394
0.786869 0.61825 0.0249058 80.4111 -0.61867 0.786851 0.00449246 51.3684 -0.0168343 -0.0189348 0.999996 -1.02087
0.785211 0.620369 0.0251292 80.9856 -0.620728 0.785254 0.000858943 50.9198 -0.0192145 -0.0162659 1 -1.02978
0.784128 0.621749 0.0254278 81.5449 -0.622061 0.784211 -0.00167775 50.4774 -0.0209984 -0.0144963 1 -1.03841
0.783821 0.622164 0.0253524 82.0924 -0.622462 0.783905 -0.00229031 50.0475 -0.0213133 -0.0139805 1.00001 -1.05321
0.784117 0.621872 0.0239271 82.6292 -0.622129 0.784179 -0.00333825 49.6291 -0.0208537 -0.0122642 1.00004 -1.05651
0.785503 0.620232 0.0215554 83.1596 -0.620445 0.785521 -0.00411571 49.2135 -0.0194996 -0.0101385 1.0001 -1.05146
0.788162 0.616915 0.0204229 83.674 -0.617128 0.788145 -0.0034344 48.807 -0.0182298 -0.00989458 1.00013 -1.06068
0.791914 0.612146 0.0195571 84.1852 -0.612362 0.791868 -0.00259811 48.4203 -0.0170921 -0.0099167 1.00016 -1.0679
0.7972 0.605286 0.0191738 84.68 -0.605512 0.797131 -0.00159298 48.0637 -0.0162635 -0.0103382 1.00017 -1.07604
0.804284 0.595847 0.0199029 85.1686 -0.596105 0.804201 0.000150388 47.7308 -0.0159318 -0.0119826 1.00016 -1.07644
0.812613 0.584463 0.0200977 85.6489 -0.584743 0.812507 0.0017292 47.4117 -0.0153346 -0.0131541 1.00016 -1.07226
0.822771 0.570148 0.0189634 86.1227 -0.570428 0.822622 0.00330901 47.116 -0.0137292 -0.0135366 1.00019 -1.06538
0.836123 0.550508 0.0162085 86.5934 -0.550766 0.83591 0.00516784 46.8335 -0.0107205 -0.0132451 1.00023 -1.05481
0.850307 0.528433 0.0142506 87.067 -0.528677 0.850043 0.00716616 46.5599 -0.00834382 -0.0136243 1.00026 -1.04417
0.865654 0.502966 0.0133969 87.5415 -0.503199 0.865364 0.00816648 46.2969 -0.00750317 -0.0138075 1.00027 -1.04934
0.882288 0.473208 0.0141544 88.0134 -0.473443 0.881998 0.00822438 46.0619 -0.00861009 -0.0139546 1.00026 -1.06532
0.899398 0.439818 0.0157631 88.502 -0.440056 0.899131 0.00738096 45.8514 -0.0109447 -0.0135726 1.00025 -1.0768
0.916871 0.402042 0.0190931 88.9867 -0.402301 0.916656 0.00655034 45.6641 -0.0148862 -0.0136847 1.0002 -1.08094
0.934359 0.359356 0.0232299 89.4699 -0.359646 0.934221 0.00612753 45.5341 -0.0195177 -0.0140776 1.00012 -1.09068
0.950678 0.313394 0.0273126 89.9585 -0.313735 0.950621 0.00684971 45.4357 -0.0238349 -0.015078 1.00002 -1.08762
0.965835 0.262806 0.0298492 90.4503 -0.263185 0.965833 0.00808029 45.3624 -0.0267232 -0.015657 0.999945 -1.08931
0.979297 0.207163 0.0300106 90.9442 -0.207524 0.979303 0.00866157 45.3307 -0.0276124 -0.0147078 0.999941 -1.09091
0.990894 0.142716 0.0253759 91.4156 -0.142925 0.990818 0.00656019 45.3364 -0.0242241 -0.0101283 1.00009 -1.08346
0.998393 0.0756609 0.0201768 91.8819 -0.0757449 0.998225 0.00442188 45.3479 -0.0198242 -0.00594716 1.00023 -1.07209
1.00133 0.00722822 0.0154954 92.3573 -0.00724849 1.00108 0.00389744 45.3825 -0.0155023 -0.00402042 1.00032 -1.06517
0.99947 -0.0624356 0.0116989 92.8363 0.0624461 0.999174 0.00476304 45.4481 -0.0120055 -0.00403534 1.00037 -1.07767
0.992653 -0.132485 0.00903367 93.3117 0.132519 0.992328 0.00584576 45.5463 -0.00975841 -0.00461048 1.0004 -1.1066
0.980948 -0.201723 0.00732664 93.7799 0.201793 0.980617 0.00515086 45.6625 -0.00824383 -0.0035798 1.00043 -1.13512
0.964595 -0.269259 0.00811112 94.2344 0.26936 0.964281 0.00385024 45.7973 -0.00887864 -0.00153628 1.00043 -1.13781
0.943772 -0.334905 0.0119088 94.684 0.335043 0.943506 0.00260513 45.961 -0.0121291 0.00152157 1.0004 -1.13742
0.918807 -0.398104 0.0176677 95.1163 0.398267 0.918637 0.00363436 46.1575 -0.0176974 0.00368557 1.00032 -1.12869
0.890241 -0.458166 0.0234938 95.5253 0.458344 0.890211 0.00575359 46.3771 -0.0235704 0.00563289 1.0002 -1.12739
0.860065 -0.512318 0.0284202 95.9185 0.51243 0.860205 0.0106899 46.6044 -0.029943 0.00535628 1.00004 -1.11966
0.827808 -0.562781 0.0315114 96.2908 0.562783 0.828094 0.0158794 46.8499 -0.0350494 0.00457671 0.99988 -1.11701
0.794066 -0.609436 0.0319264 96.6454 0.609236 0.794417 0.0226761 47.1326 -0.0392002 0.00143502 0.999741 -1.12014
0.763616 -0.647321 0.0289018 97.0134 0.646964 0.76388 0.0276371 47.4198 -0.0399848 -0.00241142 0.999714 -1.1279
0.73442 -0.6804 0.0255631 97.3762 0.679966 0.734577 0.0306362 47.7359 -0.0396399 -0.0051207 0.999724 -1.16656
0.709183 -0.706698 0.0247555 97.7066 0.706447 0.709353 0.0264253 48.0704 -0.0362524 -0.00125775 0.99987 -1.22878
0.687416 -0.727879 0.0252182 98.0547 0.727802 0.687618 0.021972 48.4095 -0.0333511 0.00324043 0.999972 -1.27931
0.668355 -0.745427 0.0252675 98.4044 0.745405 0.668568 0.0207213 48.7782 -0.0323568 0.00497467 1 -1.30673
0.652505 -0.75935 0.0252937 98.7611 0.759315 0.652735 0.0214401 49.1459 -0.0328079 0.00520549 0.999994 -1.31734
0.641231 -0.768981 0.0229527 99.1254 0.76889 0.641401 0.0230686 49.5295 -0.0324783 0.00284761 1.00002 -1.31035
0.634639 -0.77457 0.0183622 99.5088 0.774408 0.63467 0.0252718 49.9286 -0.0312458 -0.00182237 1.00007 -1.28965
0.632727 -0.77626 0.0130766 99.9083 0.776083 0.632598 0.0263911 50.3453 -0.0287758 -0.00654886 1.00013 -1.28345
0.633947 -0.775302 0.0120885 100.295 0.775223 0.633812 0.0228043 50.7464 -0.02536 -0.00508532 1.00023 -1.29425
0.636425 -0.773277 0.0128876 100.674 0.773334 0.636326 0.0166847 51.1471 -0.0211216 -0.000655612 1.00035 -1.3091
0.639816 -0.770497 0.0128348 101.04 0.770653 0.63971 0.0111899 51.558 -0.0168526 0.00272553 1.00043 -1.3314
0.643491 -0.767497 0.00981041 101.397 0.767657 0.643336 0.0103134 51.9815 -0.0142479 0.000890255 1.00048 -1.34166
0.647769 -0.763944 0.00685734 101.765 0.764062 0.647568 0.0131652 52.438 -0.0145192 -0.00328862 1.00048 -1.34726
0.652395 -0.760041 0.00396162 102.151 0.760089 0.652115 0.0184635 52.9239 -0.016637 -0.00902856 1.00042 -1.36555
0.656889 -0.756186 0.00336673 102.543 0.756124 0.656529 0.0244644 53.4164 -0.0207293 -0.0135141 1.0003 -1.38069
0.66035 -0.753168 0.00634865 102.946 0.752947 0.65999 0.0293174 53.9232 -0.0262886 -0.014567 1.00016 -1.40882
0.66282 -0.750941 0.0124124 103.373 0.750586 0.662612 0.0310841 54.4422 -0.031583 -0.0112762 1.00006 -1.43594
0.664135 -0.749642 0.019734 103.797 0.749309 0.664187 0.0286029 54.9618 -0.0345642 -0.00420465 1.00002 -1.44699
0.664682 -0.748989 0.0259157 104.221 0.748919 0.664938 0.0207759 55.4812 -0.0328091 0.00559542 1.00008 -1.43218
0.664618 -0.749001 0.0277078 104.64 0.749246 0.66483 0.0106383 56.0069 -0.0264073 0.0136781 1.00019 -1.40498
0.663539 -0.750015 0.0266505 105.053 0.750424 0.663601 0.00264294 56.5448 -0.0196883 0.0182297 1.00028 -1.39452
0.661814 -0.751701 0.0222423 105.474 0.752079 0.661751 -0.000190825 57.0896 -0.014598 0.0168395 1.0004 -1.40834
0.660053 -0.753446 0.0150684 105.929 0.753664 0.659951 0.00460567 57.6408 -0.0134374 0.00830975 1.00053 -1.44492
0.658204 -0.755157 0.0106274 106.4 0.755258 0.65807 0.0112 58.1867 -0.0154733 0.000655338 1.00054 -1.47416
0.65648 -0.756687 0.00991323 106.891 0.756685 0.656326 0.0169382 58.7417 -0.0193437 -0.00361299 1.00047 -1.48318
0.654439 -0.758485 0.0089247 107.393 0.758392 0.654242 0.0214857 59.3099 -0.0221548 -0.00728314 1.0004 -1.49833
0.651927 -0.760691 0.00638485 107.902 0.760546 0.651645 0.0247385 59.895 -0.0229978 -0.0112578 1.00035 -1.5114
0.648756 -0.763423 0.00559211 108.417 0.763286 0.64846 0.024667 60.4927 -0.0224766 -0.0117194 1.00036 -1.5331
0.645474 -0.766224 0.00496708 108.935 0.76612 0.645183 0.0233522 61.1046 -0.0211173 -0.0112526 1.0004 -1.56423
0.642017 -0.76914 0.00542706 109.452 0.769067 0.641757 0.021494 61.7234 -0.020035 -0.00961139 1.00045 -1.60995
0.63928 -0.771426 0.00669132 109.97 0.771369 0.639061 0.0200317 62.3548 -0.0197497 -0.00763133 1.00048 -1.64121
0.637544 -0.77287 0.00806238 110.5 0.772809 0.637357 0.0196102 62.995 -0.0203152 -0.00625929 1.00048 -1.66391
0.636775 -0.773497 0.0104291 111.052 0.773413 0.636638 0.0199509 63.6369 -0.0220913 -0.00462677 1.00046 -1.67127
0.636531 -0.773704 0.0114299 111.6 0.773577 0.636412 0.0215188 64.2857 -0.0239423 -0.00484313 1.00042 -1.68508
0.636916 -0.773411 0.0113323 112.148 0.773243 0.636788 0.0230479 64.9297 -0.0250601 -0.005903 1.0004 -1.68728
0.637896 -0.772652 0.00942836 112.671 0.77246 0.637712 0.0244166 65.575 -0.0248963 -0.00827537 1.00039 -1.67505
0.638806 -0.771957 0.00621466 113.19 0.771763 0.638532 0.025619 66.2296 -0.0237634 -0.0115486 1.00039 -1.6756
0.640211 -0.770838 0.00186701 113.715 0.770662 0.639814 0.0273394 66.8896 -0.0222877 -0.0160384 1.00037 -1.68673
0.642059 -0.769322 -0.00257842 114.246 0.769164 0.641513 0.0301106 67.5594 -0.0215296 -0.0212843 1.00029 -1.70932
0.644037 -0.767673 -0.00571243 114.793 0.767536 0.643371 0.0324438 68.2448 -0.0212499 -0.0252429 1.00022 -1.72952
0.645971 -0.766057 -0.00741811 115.349 0.765938 0.645241 0.0335377 68.929 -0.0209242 -0.0273065 1.00017 -1.75242
0.647849 -0.764507 -0.00577322 115.923 0.764376 0.647197 0.0319314 69.6041 -0.0206946 -0.025061 1.00024 -1.76759
0.648579 -0.763934 0.000618637 116.518 0.763792 0.648184 0.0258323 70.263 -0.0201553 -0.0162508 1.00044 -1.7601
0.649401 -0.763243 0.00488963 117.096 0.763119 0.649146 0.0219387 70.9335 -0.0199394 -0.0104897 1.00053 -1.74973
0.650463 -0.762357 0.0056046 117.673 0.762223 0.650224 0.0218886 71.616 -0.0203519 -0.00993965 1.00054 -1.75803
0.651511 -0.761492 0.00468624 118.25 0.761293 0.651216 0.0252167 72.2952 -0.0222735 -0.0128315 1.00047 -1.76781
0.652523 -0.760653 0.00413511 118.817 0.760338 0.652141 0.030271 72.9717 -0.0257395 -0.0165739 1.00034 -1.79201
0.6535 -0.759839 0.00389741 119.376 0.759453 0.653066 0.0329612 73.6294 -0.0276061 -0.0185427 1.00026 -1.81415
0.653981 -0.759455 0.00273064 119.907 0.759284 0.653656 0.024647 74.2489 -0.0205235 -0.014012 1.00051 -1.81348
0.654126 -0.759358 0.000821613 120.431 0.75937 0.653891 0.0142926 74.867 -0.011417 -0.00869715 1.00072 -1.82704
0.653824 -0.759642 0.000243555 120.955 0.759695 0.653616 0.0102539 75.5082 -0.00797778 -0.006493 1.00078 -1.83061
0.653521 -0.759919 0.00328963 121.504 0.759946 0.65334 0.0107947 76.1596 -0.0103806 -0.00452968 1.00078 -1.85344
0.652653 -0.760548 0.0149444 122.104 0.760375 0.652651 0.0198956 76.8382 -0.0249042 -0.00159803 1.00054 -1.87903
0.650998 -0.761796 0.0226481 122.668 0.761298 0.651221 0.0297862 77.5087 -0.0374506 -0.00212346 1.00016 -1.91445
0.649183 -0.763466 0.018984 123.196 0.762828 0.649252 0.0338949 78.1548 -0.0382124 -0.00749108 1.00011 -1.92729
0.647706 -0.76486 0.0134306 123.728 0.764268 0.647576 0.0339922 78.7879 -0.0347079 -0.0117162 1.0002 -1.93801
0.647177 -0.765401 0.0085513 124.268 0.76503 0.646962 0.0286321 79.4068 -0.0274636 -0.0119516 1.00043 -1.96157
0.646004 -0.766449 0.00432658 124.8 0.766252 0.645754 0.0233053 80.0315 -0.0206774 -0.0117037 1.00061 -1.98175
0.64403 -0.768142 -0.000200634 125.311 0.768064 0.643749 0.0195618 80.6684 -0.0149227 -0.0127148 1.0007 -1.98729
0.640972 -0.770711 -0.00322118 125.818 0.77071 0.640699 0.0161761 81.3235 -0.0104326 -0.0128129 1.00076 -1.98379
0.637516 -0.773574 -0.00639949 126.327 0.773628 0.637241 0.0144317 81.9834 -0.00711812 -0.0141113 1.00078 -1.97602
0.634429 -0.776096 -0.00959336 126.825 0.776193 0.63413 0.0148417 82.6336 -0.00546888 -0.0168189 1.00076 -1.96702
0.632241 -0.777883 -0.0109816 127.341 0.777994 0.631917 0.0159669 83.2788 -0.00551501 -0.0185925 1.00073 -1.9493
0.630598 -0.779242 -0.0105834 127.872 0.77933 0.630245 0.0177842 83.9239 -0.00722129 -0.0194146 1.00071 -1.9437
0.629482 -0.780185 -0.00902959 128.405 0.780224 0.629108 0.0196437 84.5645 -0.00967689 -0.0193614 1.0007 -1.94655
0.628164 -0.781288 -0.00720513 128.927 0.78127 0.627781 0.0213305 85.2052 -0.0121721 -0.0189784 1.00069 -1.94219
0.626448 -0.782709 -0.00416723 129.441 0.782637 0.626112 0.0210365 85.854 -0.0138856 -0.0163917 1.00072 -1.93001
0.623336 -0.78522 -0.0016538 129.944 0.785134 0.623065 0.0192023 86.513 -0.0140773 -0.0132224 1.00077 -1.91014
0.618574 -0.789 0.000135257 130.43 0.788903 0.618344 0.01825 87.1669 -0.0145126 -0.0111382 1.0008 -1.90948
0.613005 -0.793354 0.00224529 130.912 0.793226 0.612806 0.0186117 87.8166 -0.0161704 -0.00958479 1.00079 -1.93049
0.607324 -0.797726 0.0037674 131.393 0.797525 0.607127 0.0217029 88.452 -0.0196262 -0.0101313 1.00073 -1.96867
0.602312 -0.801531 0.00520561 131.877 0.801211 0.6021 0.0262971 89.081 -0.0242341 -0.0116208 1.00062 -2.0043
0.598149 -0.804658 0.00597882 132.357 0.804229 0.597916 0.0300311 89.7139 -0.0277582 -0.0131047 1.00052 -2.01531
0.594061 -0.807697 0.00673487 132.839 0.807218 0.593838 0.0313179 90.3582 -0.0293119 -0.0131172 1.00048 -2.00662
0.589363 -0.811138 0.00827125 133.316 0.810723 0.589223 0.0283719 91.0005 -0.0279057 -0.0099674 1.00057 -1.98499
0.584309 -0.814813 0.00777838 133.793 0.814465 0.584183 0.0259361 91.6611 -0.0256976 -0.00877197 1.00064 -1.97988
0.578666 -0.81887 0.005537 134.272 0.818567 0.5785 0.0248667 92.3376 -0.0235882 -0.00980797 1.00069 -1.98547
0.572605 -0.823158 0.00184324 134.738 0.822891 0.572359 0.0249819 93.0295 -0.0216431 -0.0127351 1.00071 -2.00066
0.565441 -0.828113 -0.00309086 135.192 0.827907 0.565093 0.0253858 93.7424 -0.0193017 -0.0168551 1.0007 -2.01626
0.558028 -0.833128 -0.00661909 135.644 0.832998 0.557638 0.0243896 94.4479 -0.0166572 -0.0190626 1.00072 -2.03266
0.550595 -0.838065 -0.00834721 136.099 0.837997 0.550226 0.022113 95.167 -0.0139707 -0.0191083 1.00076 -2.05174
0.543458 -0.842716 -0.00985193 136.545 0.842685 0.543092 0.0211237 95.8869 -0.0124839 -0.0197184 1.00078 -2.07981
0.536755 -0.847001 -0.0116287 136.997 0.846976 0.536328 0.0230486 96.6153 -0.0133178 -0.0221533 1.00073 -2.10499
0.529896 -0.851325 -0.012041 137.437 0.851268 0.529409 0.0255564 97.3448 -0.0154126 -0.0237219 1.00067 -2.12213
0.523707 -0.85518 -0.0111794 137.882 0.855041 0.523161 0.0287336 98.0786 -0.0187509 -0.0245341 1.0006 -2.12804
0.518558 -0.85835 -0.00981875 138.321 0.858116 0.517977 0.0314731 98.8029 -0.021953 -0.024672 1.00054 -2.13137
0.514366 -0.860891 -0.00985115 138.756 0.860596 0.513726 0.0339123 99.5296 -0.0241555 -0.0258442 1.00047 -2.1244
0.510921 -0.862932 -0.0122425 139.177 0.862658 0.510185 0.0354742 100.253 -0.0243869 -0.0286043 1.00039 -2.11444
0.508387 -0.86439 -0.0159502 139.58 0.864227 0.507575 0.0352279 100.969 -0.0223775 -0.0316081 1.00036 -2.12473
0.506119 -0.865672 -0.0194116 139.979 0.865612 0.505227 0.0354904 101.681 -0.0209401 -0.0346747 1.00029 -2.13638
0.504151 -0.866778 -0.022141 140.383 0.866791 0.503172 0.036407 102.405 -0.0204407 -0.037451 1.00021 -2.13327
0.502039 -0.868013 -0.0226459 140.786 0.86798 0.500946 0.039173 103.138 -0.0226804 -0.0392236 1.0001 -2.1291
0.499136 -0.86976 -0.0206178 141.194 0.869594 0.498021 0.0410648 103.871 -0.0254673 -0.0383262 1.00008 -2.13357
0.495322 -0.872045 -0.0166586 141.601 0.871746 0.49434 0.0403697 104.587 -0.0269865 -0.0344209 1.00019 -2.16127
0.4898 -0.875276 -0.0105895 141.997 0.874891 0.48911 0.0362984 105.287 -0.0266099 -0.0269535 1.00043 -2.20163
0.48344 -0.878867 -0.00649599 142.391 0.878461 0.482942 0.0330382 105.989 -0.0259184 -0.0215933 1.00059 -2.25236
0.476656 -0.882593 -0.00583909 142.774 0.882193 0.476203 0.0319687 106.698 -0.0254546 -0.0203045 1.00064 -2.29957
0.469861 -0.886253 -0.00575348 143.152 0.885848 0.469418 0.0318208 107.417 -0.0255202 -0.0199626 1.00065 -2.31938
0.46314 -0.889812 -0.00485851 143.524 0.889377 0.462722 0.0320526 108.154 -0.0262914 -0.0190803 1.00065 -2.31909
0.456953 -0.893039 -0.00203492 143.904 0.892554 0.456621 0.0318337 108.9 -0.0275169 -0.0162793 1.00068 -2.30072
0.451667 -0.895748 0.00135707 144.293 0.895245 0.451453 0.0305425 109.655 -0.0279879 -0.0125001 1.00073 -2.29622
0.446142 -0.898508 0.00719346 144.693 0.898085 0.446134 0.0255685 110.42 -0.0262022 -0.00487485 1.00085 -2.288
0.440649 -0.901178 0.0125634 145.08 0.900926 0.440781 0.018137 111.182 -0.0219076 0.00338939 1.00097 -2.2839
0.434896 -0.903972 0.0139401 145.461 0.903809 0.435039 0.0139835 111.966 -0.0187347 0.006577 1.00102 -2.29534
0.429132 -0.906753 0.0135153 145.829 0.906578 0.429272 0.0142466 112.761 -0.0187494 0.00619886 1.00103 -2.31171
0.424207 -0.909093 0.0133573 146.195 0.908832 0.424369 0.0182803 113.573 -0.0223118 0.00444732 1.00098 -2.33373
0.420431 -0.910855 0.0142795 146.557 0.910469 0.420639 0.023331 114.373 -0.027276 0.00325637 1.00087 -2.34443
0.417993 -0.91198 0.0154885 146.922 0.9115 0.418251 0.0265616 115.167 -0.0307153 0.00308034 1.00078 -2.36345
0.416743 -0.912666 0.00885368 147.258 0.912214 0.416813 0.02536 115.936 -0.0268537 -0.00242039 1.0009 -2.38589
0.415412 -0.913337 0.00228327 147.566 0.912984 0.415342 0.0223462 116.694 -0.0213831 -0.00712074 1.00101 -2.41939
0.414086 -0.913966 0.000504105 147.894 0.9137 0.414016 0.0181387 117.453 -0.0168183 -0.00697257 1.00111 -2.44834
0.413149 -0.914413 0.000712196 148.228 0.914188 0.413105 0.0151523 118.214 -0.014185 -0.0055324 1.00116 -2.45106
0.412655 -0.914637 0.00645838 148.569 0.914367 0.412702 0.0165418 118.99 -0.0178259 -0.000848709 1.00113 -2.43728
0.411623 -0.91512 0.00719028 148.923 0.914753 0.411682 0.0211137 119.787 -0.0223063 -0.00203943 1.00105 -2.40214
0.41018 -0.915793 0.007156 149.275 0.915336 0.410231 0.0246612 120.58 -0.0255401 -0.00348881 1.00097 -2.39878
0.408345 -0.916632 0.00760033 149.637 0.916254 0.408421 0.0211225 121.338 -0.02249 -0.00158668 1.00106 -2.43046
0.406512 -0.917454 0.00942583 150.006 0.917201 0.406623 0.0146176 122.11 -0.0172758 0.002773 1.00117 -2.45633
0.404963 -0.918177 0.0080363 150.333 0.917974 0.405046 0.0106894 122.887 -0.0131082 0.00311793 1.00124 -2.50717
0.403513 -0.91883 0.00910358 150.648 0.918651 0.403605 0.00863819 123.69 -0.0116522 0.00494516 1.00126 -2.5178
0.40241 -0.919295 0.0126917 150.979 0.919152 0.402537 0.00716446 124.504 -0.0117364 0.008846 1.00124 -2.50314
0.401401 -0.919719 0.015403 151.313 0.919601 0.401562 0.00689955 125.296 -0.0125714 0.0114557 1.00121 -2.47772
0.401118 -0.919854 0.0161063 151.65 0.919737 0.401295 0.00708924 126.072 -0.0130246 0.0120299 1.00121 -2.44152
0.401004 -0.919964 0.0139591 151.98 0.919801 0.40117 0.00838017 126.87 -0.0133493 0.00954218 1.00124 -2.41751
0.400886 -0.920072 0.0116553 152.3 0.91987 0.401034 0.00949218 127.66 -0.0134476 0.00698244 1.00126 -2.39908
0.400309 -0.920374 0.00939295 152.619 0.920128 0.40044 0.0113232 128.448 -0.0142217 0.00417996 1.00128 -2.39809
0.399853 -0.920611 0.00797364 152.948 0.920322 0.399973 0.0134869 129.234 -0.0156423 0.00201857 1.00127 -2.41421
0.399096 -0.920968 0.00753608 153.278 0.920646 0.399215 0.0151438 130.016 -0.0169903 0.000969004 1.00126 -2.42917
0.398392 -0.921291 0.00820534 153.616 0.920961 0.398528 0.0153727 130.79 -0.0174671 0.001507 1.00126 -2.41826
0.397631 -0.921654 0.00712103 153.951 0.921334 0.39775 0.0143138 131.549 -0.0160615 0.000944896 1.00129 -2.39412
0.396845 -0.922033 0.00467002 154.266 0.921722 0.396932 0.0134312 132.304 -0.0142775 -0.000947279 1.00133 -2.3869
0.395507 -0.922642 0.00258038 154.573 0.922313 0.395565 0.0145363 133.059 -0.0144721 -0.00328754 1.00133 -2.41869
0.394147 -0.923246 0.00334544 154.885 0.922864 0.394211 0.0173232 133.809 -0.0173475 -0.00365762 1.00129 -2.47256
0.392743 -0.923846 0.00736842 155.2 0.923384 0.392882 0.0206134 134.538 -0.021966 -0.00121125 1.00121 -2.52746
0.391597 -0.924308 0.0119734 155.51 0.923798 0.39185 0.0225229 135.252 -0.0255313 0.00231805 1.00114 -2.54169
0.391372 -0.924402 0.0138053 155.812 0.923892 0.391677 0.0225518 135.94 -0.0262742 0.00400378 1.00112 -2.51196
0.391934 -0.924187 0.0139565 156.113 0.923723 0.392238 0.020523 136.61 -0.0244645 0.00492283 1.00117 -2.46735
0.392745 -0.923877 0.0133305 156.412 0.923507 0.393013 0.0158669 137.272 -0.0199291 0.00615238 1.00127 -2.42825
0.39445 -0.923176 0.0132365 156.695 0.922901 0.394678 0.00995291 137.92 -0.0144533 0.0083608 1.00136 -2.40304
0.397966 -0.921706 0.0121122 156.966 0.921479 0.398138 0.00458709 138.555 -0.00910091 0.00940522 1.00142 -2.40651
0.40321 -0.919471 0.0101989 157.221 0.919247 0.403341 0.000956953 139.193 -0.00505192 0.00905964 1.00146 -2.42708
0.409399 -0.916753 0.0104333 157.478 0.916523 0.409542 0.00144494 139.822 -0.00565541 0.00904121 1.00147 -2.45312
0.415886 -0.913828 0.012376 157.732 0.913577 0.416088 0.00557889 140.442 -0.0102976 0.00905685 1.00144 -2.47151
0.422043 -0.911007 0.0136359 157.988 0.910688 0.422314 0.0111925 141.044 -0.0159949 0.00776677 1.00138 -2.47955
0.42823 -0.908114 0.0151355 158.25 0.907724 0.428565 0.0153844 141.633 -0.020489 0.00722414 1.00132 -2.47347
0.434782 -0.905056 0.0128054 158.527 0.904702 0.435058 0.0123306 142.2 -0.0167696 0.00629856 1.0014 -2.42941
