0.35254 -0.935777 0.00599026 0 0.935644 0.352591 0.0158112 0 -0.0169078 3.06723e-05 0.999857 0
0.352511 -0.935789 0.00597442 0.00113162 0.935655 0.352562 0.0158257 0.000996638 -0.0169158 1.12677e-05 0.999857 -0.0041
0.352519 -0.935785 0.00598006 0.00174888 0.935652 0.35257 0.0158229 -0.000332213 -0.0169152 1.73693e-05 0.999857 -0.0049
0.35257 -0.935766 0.00597287 0.001646 0.935632 0.352621 0.0158273 -0.0017718 -0.0169168 8.17387e-06 0.999857 -0.0094
0.352542 -0.935777 0.00596987 0.00349775 0.935644 0.352593 0.015792 -0.00199328 -0.0168827 1.83231e-05 0.999857 -0.0089
0.352525 -0.935784 0.00588188 0.004115 0.935651 0.352574 0.0157772 -0.000553688 -0.0168379 -5.84902e-05 0.999858 -0.0098
0.352503 -0.935792 0.0058572 0.00349775 0.935659 0.352552 0.0157793 -0.000332212 -0.0168312 -8.19252e-05 0.999858 -0.0104
0.352502 -0.935793 0.00583667 0.00298338 0.93566 0.35255 0.0157922 -0.00254696 -0.0168359 -0.000105644 0.999858 -0.0003
0.352436 -0.935818 0.00581217 0.001646 0.935685 0.352484 0.0157836 -0.00298991 -0.0168193 -0.000124359 0.999859 -0.000199999
0.352421 -0.935823 0.00580172 0.0061725 0.93569 0.352469 0.0157979 -0.00298991 -0.0168289 -0.000138893 0.999858 0.0011
0.352388 -0.935836 0.00579231 0.00812712 0.935703 0.352436 0.0157715 0.00188254 -0.0168009 -0.000137802 0.999859 -0.0063
0.352453 -0.935812 0.00576947 0.00843575 0.935678 0.3525 0.0158077 0.00132885 -0.0168267 -0.000173097 0.999858 -0.0088
0.352434 -0.935819 0.00577023 0.00668687 0.935685 0.352481 0.0158212 -0.00243623 -0.0168396 -0.000176796 0.999858 -0.0112
0.35237 -0.935843 0.0057388 0.0108019 0.935709 0.352417 0.0158281 -0.00188254 -0.0168351 -0.000207505 0.999858 -0.0079
0.352361 -0.935847 0.00574386 0.00895012 0.935712 0.352408 0.0158584 0.000110737 -0.0168652 -0.000213267 0.999858 -0.0134
0.35235 -0.935851 0.00573692 0.00565812 0.935716 0.352396 0.0158733 -0.00155033 -0.0168767 -0.000224807 0.999858 -0.0041
0.352234 -0.935895 0.00572658 0.00473225 0.93576 0.35228 0.0158905 -0.000664425 -0.0168892 -0.00023848 0.999857 -0.0036
0.352322 -0.935861 0.00571348 0.005761 0.935727 0.352368 0.0158845 -0.00210401 -0.016879 -0.000250207 0.999857 -0.0033
0.352335 -0.935856 0.00571827 0.00545238 0.935721 0.352382 0.0159129 -0.00476171 -0.0169072 -0.000255976 0.999857 -0.0041
0.352382 -0.935839 0.00574238 0.005761 0.935703 0.352429 0.0159287 -0.00365434 -0.0169305 -0.000239844 0.999857 -0.0068
0.352348 -0.935851 0.00575621 0.0101846 0.935716 0.352395 0.0159173 0.0008859 -0.0169247 -0.000222265 0.999857 -0.0084
0.352347 -0.935852 0.00576862 0.00606963 0.935717 0.352394 0.0158872 -0.000775162 -0.0169009 -0.000199996 0.999857 -0.0105
0.35233 -0.935857 0.00586109 0.00678975 0.935722 0.352379 0.0159195 -0.0017718 -0.0169637 -0.00012457 0.999856 -0.0083
0.352432 -0.935819 0.00590067 0.00596675 0.935684 0.352481 0.015901 -0.00254696 -0.0169604 -8.28763e-05 0.999856 -0.0128
0.352413 -0.935826 0.00592569 0.00360062 0.935691 0.352463 0.0158693 -0.00232549 -0.0169395 -4.79479e-05 0.999857 -0.0086
0.352371 -0.935841 0.00594599 0.00565812 0.935707 0.352421 0.0158693 -0.000664425 -0.0169466 -2.81678e-05 0.999856 -0.0062
0.352357 -0.935846 0.00598841 0.00432075 0.935712 0.352408 0.0158546 -0.00454024 -0.0169478 1.69557e-05 0.999856 -0.0052
0.35237 -0.935842 0.00598771 0.00267475 0.935707 0.352421 0.0158661 -0.00254696 -0.0169584 1.19923e-05 0.999856 -0.0056
0.352385 -0.935836 0.00599845 0.00853863 0.935702 0.352436 0.0158631 -0.00287918 -0.0169593 2.28438e-05 0.999856 -0.0078
0.352409 -0.935827 0.006029 0.00596675 0.935692 0.35246 0.0158636 -0.0026577 -0.0169706 5.08109e-05 0.999856 -0.0144
0.352355 -0.935847 0.00608716 0.00596675 0.935713 0.352407 0.0158504 -0.00343286 -0.0169787 0.000110881 0.999856 -0.0115
0.352347 -0.935849 0.00612677 0.0053495 0.935715 0.352401 0.0158633 -0.00431876 -0.0170047 0.000143528 0.999855 -0.0065
0.35231 -0.935863 0.00611927 0.006584 0.935729 0.352364 0.0158667 -0.00387581 -0.0170052 0.000135979 0.999855 -0.007
0.352319 -0.93586 0.00611704 0.00678975 0.935726 0.352372 0.0158395 -0.00609056 -0.016979 0.000143309 0.999856 -0.0075
0.352248 -0.935887 0.00612353 0.00884725 0.935753 0.352301 0.0158066 -0.00465098 -0.0169505 0.000162251 0.999856 -0.011
0.352255 -0.935884 0.00615141 0.013168 0.93575 0.352309 0.0158024 -0.00476171 -0.0169564 0.000189713 0.999856 -0.0111
0.352254 -0.935884 0.00616055 0.0128594 0.93575 0.352308 0.0158166 -0.0026577 -0.0169729 0.000193284 0.999856 -0.0097
0.352266 -0.93588 0.00613901 0.013991 0.935746 0.352319 0.0158107 -0.00841605 -0.0169598 0.000174993 0.999856 -0.009
0.352245 -0.935887 0.00615272 0.0133738 0.935755 0.352299 0.0157638 -0.00221475 -0.0169208 0.0002047 0.999857 -0.0058
0.350751 -0.936452 0.00553374 0.0121393 0.936315 0.350795 0.016024 -0.00232549 -0.0169469 -0.000439112 0.999856 -0.0032
0.350329 -0.936606 0.00625322 0.0259245 0.936478 0.350384 0.0154708 0.0269092 -0.0166811 0.000436118 0.999861 0.0067
0.350838 -0.936415 0.0063142 0.0348746 0.936275 0.350895 0.0161575 0.0709828 -0.0173458 0.00024314 0.999849 0.015
0.350596 -0.93651 0.00566879 0.047734 0.936358 0.350641 0.0168728 0.112177 -0.0177893 -0.00060753 0.999842 0.0122
0.349708 -0.93684 0.00601876 0.066663 0.936669 0.349759 0.0178595 0.167546 -0.0188366 -0.00060801 0.999822 0.016
0.349882 -0.936772 0.00636158 0.0933076 0.936613 0.34994 0.0172616 0.233103 -0.0183964 -8.11996e-05 0.999831 0.0125
0.349033 -0.937085 0.00692692 0.124787 0.936942 0.349101 0.0163758 0.305968 -0.0177637 0.000774445 0.999842 0.012
0.348449 -0.937301 0.00701209 0.160485 0.937169 0.348518 0.0157817 0.386695 -0.017236 0.0010724 0.999851 0.0122
0.34771 -0.937582 0.00619352 0.194742 0.937458 0.347765 0.015242 0.4775 -0.0164445 0.000506353 0.999865 0.00859998
0.34675 -0.937936 0.00635945 0.230543 0.937817 0.346807 0.0149691 0.569855 -0.0162455 0.000773481 0.999868 0.00639997
0.345729 -0.938309 0.00693903 0.263257 0.938205 0.345794 0.014055 0.669962 -0.0155874 0.00165101 0.999877 0.0167
0.345018 -0.938568 0.0072047 0.300704 0.938456 0.345089 0.0145962 0.763646 -0.0161858 0.00172536 0.999867 0.0306999
0.345093 -0.938544 0.0067262 0.334447 0.938411 0.345158 0.0158593 0.869843 -0.0172063 0.000838994 0.999852 0.0295999
0.344823 -0.938634 0.00790036 0.377037 0.938489 0.34491 0.0165987 0.968511 -0.018305 0.0016908 0.999831 0.0215999
0.344907 -0.938594 0.00893391 0.417158 0.938434 0.345014 0.017496 1.06751 -0.019504 0.0023494 0.999807 0.0014999
0.343863 -0.938959 0.0106504 0.45409 0.938799 0.344006 0.0177826 1.16496 -0.020361 0.0038838 0.999785 0.00639988
0.343344 -0.939159 0.00974106 0.492154 0.939001 0.343468 0.0175312 1.25798 -0.0198103 0.00312763 0.999799 0.0222999
0.342231 -0.939568 0.00944322 0.515712 0.939412 0.342349 0.0173659 1.35044 -0.0195494 0.0029279 0.999805 0.0114998
0.342665 -0.939417 0.00878654 0.560772 0.939232 0.342773 0.0187032 1.45432 -0.0205818 0.00184368 0.999786 0.0146998
0.341117 -0.939978 0.0090213 0.594 0.939823 0.341226 0.0172279 1.55797 -0.0192721 0.00260171 0.999811 0.0311998
0.341596 -0.939811 0.00816797 0.638236 0.939654 0.341689 0.0173041 1.66372 -0.0190535 0.00176405 0.999817 0.0259997
0.34096 -0.940034 0.00905835 0.670745 0.939859 0.341072 0.0182917 1.7594 -0.0202844 0.00227682 0.999792 0.0176997
0.341419 -0.939873 0.00845336 0.715804 0.939695 0.341519 0.018386 1.86382 -0.0201675 0.00166626 0.999795 0.0205997
0.341048 -0.939995 0.0097493 0.757263 0.939804 0.341177 0.019161 1.96681 -0.0213375 0.00262762 0.999769 0.0355996
0.340759 -0.940106 0.00919061 0.804791 0.939906 0.340877 0.0195012 2.06991 -0.0214661 0.00199308 0.999768 0.0284996
0.339848 -0.940446 0.00805547 0.835962 0.940235 0.339943 0.0199174 2.17035 -0.0214696 0.000805157 0.999769 0.0403996
0.339494 -0.94057 0.0084719 0.880095 0.940362 0.339597 0.019837 2.27865 -0.0215351 0.00123213 0.999767 0.0407995
0.339088 -0.940723 0.00770771 0.930196 0.940525 0.339175 0.0193107 2.39038 -0.0207803 0.000701251 0.999784 0.0485995
0.337916 -0.941131 0.00918419 0.97937 0.940981 0.338029 0.0170686 2.50112 -0.0191683 0.0028744 0.999812 0.0303994
0.337608 -0.941248 0.00856647 1.02463 0.941111 0.337707 0.0162732 2.62083 -0.0182101 0.00256804 0.999831 0.0420994
0.338068 -0.941064 0.0103778 1.0627 0.940919 0.338203 0.0170136 2.72425 -0.0195207 0.00401288 0.999801 0.0334993
0.338293 -0.940985 0.0102705 1.10776 0.940839 0.338426 0.0170136 2.83765 -0.0194854 0.00390728 0.999803 0.0579993
0.338086 -0.941058 0.0103533 1.14911 0.940901 0.338223 0.0176264 2.94584 -0.0200892 0.00378222 0.999791 0.0711992
0.337468 -0.941271 0.0111561 1.19572 0.941087 0.337628 0.0190273 3.06079 -0.0216765 0.0040778 0.999757 0.0636991
0.33697 -0.94145 0.0110633 1.23481 0.941319 0.337116 0.0164614 3.17617 -0.0192272 0.00486714 0.999803 0.0454991
0.336431 -0.941658 0.0097543 1.28059 0.941519 0.336553 0.0165404 3.29655 -0.0188582 0.00361917 0.999816 0.058899
0.336051 -0.941777 0.0112361 1.32308 0.941662 0.336197 0.0156277 3.40274 -0.0184953 0.00532896 0.999815 0.0742989
0.335586 -0.941937 0.0116836 1.36083 0.94184 0.335735 0.0148396 3.51647 -0.0179006 0.00602408 0.999822 0.0718989
0.336124 -0.941778 0.00866402 1.39848 0.941667 0.33622 0.0148077 3.63717 -0.0168586 0.00318139 0.999853 0.0564988
0.337103 -0.941412 0.0102225 1.45445 0.941271 0.337234 0.0168081 3.74426 -0.0192707 0.00395611 0.999806 0.0448987
0.33692 -0.941465 0.0113505 1.49272 0.941331 0.337073 0.0166913 3.86795 -0.0195402 0.0050609 0.999796 0.0709986
0.336454 -0.941622 0.0120624 1.53716 0.94146 0.33663 0.0182729 3.98522 -0.0212667 0.00520828 0.99976 0.0829986
0.336238 -0.941694 0.0124929 1.58623 0.941566 0.336413 0.0167057 4.1046 -0.0199344 0.00614584 0.999782 0.0683985
0.335021 -0.942143 0.0112748 1.63695 0.942026 0.335168 0.0157706 4.22309 -0.0186372 0.00533769 0.999812 0.0798984
0.334642 -0.942265 0.0123212 1.68653 0.94214 0.334813 0.0164865 4.349 -0.01966 0.00609122 0.999788 0.0933983
0.334418 -0.942346 0.0121662 1.73159 0.942254 0.334576 0.0147319 4.46449 -0.0179531 0.00653708 0.999817 0.0927982
0.334792 -0.942204 0.0128827 1.78221 0.942103 0.334968 0.0154512 4.58564 -0.0188735 0.00696389 0.999798 0.0971981
0.335696 -0.941885 0.0127022 1.82665 0.941766 0.335874 0.01632 4.70712 -0.0196379 0.00648397 0.999786 0.072498
0.336294 -0.941672 0.0126633 1.87479 0.941584 0.336459 0.0146547 4.8296 -0.0180606 0.0069953 0.999812 0.0648979
0.336369 -0.94159 0.0162503 1.91625 0.941535 0.3366 0.0145381 4.96957 -0.0191587 0.0104101 0.999762 0.0601978
0.336467 -0.941549 0.0166259 1.9644 0.941553 0.336671 0.0114447 5.09149 -0.0163732 0.0118034 0.999796 0.0522977
0.336252 -0.941625 0.0166523 2.02242 0.941634 0.336452 0.0111641 5.21087 -0.0161151 0.0119264 0.999799 0.0396975
0.336224 -0.941657 0.0153222 2.07046 0.94169 0.336374 0.00849971 5.33655 -0.0131578 0.011571 0.999846 0.0644974
0.335506 -0.941939 0.0136505 2.1183 0.94195 0.335637 0.00879326 5.44917 -0.0128643 0.00990788 0.999868 0.0710973
0.33664 -0.941549 0.0126335 2.16531 0.941571 0.336742 0.00696624 5.5773 -0.0108133 0.00955017 0.999896 0.0677972
0.337384 -0.941278 0.0129413 2.22148 0.941311 0.337483 0.00628218 5.71295 -0.0102807 0.0100622 0.999897 0.050097
0.336573 -0.941598 0.0106234 2.26634 0.941633 0.336624 0.00337403 5.83686 -0.00675307 0.00886773 0.999938 0.0497969
0.336116 -0.941755 0.0111433 2.30728 0.94179 0.336177 0.00405746 5.96565 -0.00756726 0.00913088 0.99993 0.0592968
0.337042 -0.941439 0.00981231 2.36221 0.94148 0.337066 0.000952756 6.09023 -0.00420436 0.00891697 0.999951 0.0650966
0.337532 -0.941272 0.00892532 2.41067 0.941312 0.337536 -0.00108678 6.22057 -0.00198966 0.00876833 0.99996 0.0639965
0.33685 -0.94152 0.00852289 2.46704 0.941558 0.336825 -0.00429817 6.35888 0.0011761 0.00947263 0.999954 0.0482963
0.337415 -0.941322 0.00798801 2.51642 0.941353 0.337381 -0.0053678 6.48158 0.00235782 0.00933072 0.999954 0.0597962
0.337429 -0.941326 0.00683288 2.5622 0.941344 0.337389 -0.00638537 6.6014 0.00370537 0.00858669 0.999956 0.064096
0.337244 -0.941384 0.00792907 2.60953 0.941409 0.337193 -0.00709348 6.73517 0.00400406 0.00985673 0.999943 0.0796959
0.336752 -0.941551 0.00895429 2.66436 0.941578 0.336678 -0.00888933 6.8654 0.00535505 0.0114247 0.99992 0.0620957
0.336436 -0.941637 0.0113775 2.70942 0.941674 0.336301 -0.0122817 6.99429 0.00773863 0.0148459 0.99986 0.0732956
0.336812 -0.941539 0.00782538 2.7733 0.941516 0.33669 -0.0137035 7.13382 0.0102676 0.0119832 0.999875 0.0740954
0.336113 -0.941764 0.0104556 2.81497 0.94177 0.335958 -0.014167 7.25486 0.00982935 0.0146085 0.999845 0.0659952
0.335249 -0.942118 0.00475883 2.86188 0.942001 0.335115 -0.0182547 7.38143 0.0156034 0.0106027 0.999822 0.0515951
0.337497 -0.941304 0.00647378 2.90858 0.941266 0.337389 -0.0136903 7.50579 0.0107026 0.010714 0.999885 0.0680949
0.337867 -0.941185 0.00400923 2.95457 0.94109 0.337763 -0.0163149 7.62262 0.0140011 0.00928529 0.999859 0.0765947
0.339612 -0.940529 0.00830816 3.0165 0.940524 0.339501 -0.0123892 7.75838 0.0088318 0.0120216 0.999889 0.0569945
0.33909 -0.940714 0.00863978 3.06434 0.940693 0.338949 -0.014482 7.89171 0.0106949 0.0130381 0.999858 0.0690944
0.338952 -0.940774 0.00748434 3.10487 0.940743 0.338829 -0.0140801 8.01175 0.0107103 0.0118133 0.999873 0.0643942
0.338849 -0.9408 0.00877011 3.14869 0.940773 0.338698 -0.0151276 8.13954 0.0112616 0.0133767 0.999847 0.085194
0.338904 -0.940794 0.00710158 3.19416 0.940758 0.338785 -0.0141021 8.27542 0.0108612 0.0114601 0.999875 0.0890938
0.339805 -0.940467 0.00740365 3.2491 0.94044 0.339688 -0.013619 8.39867 0.0102933 0.0115905 0.99988 0.0802936
0.339471 -0.940596 0.00617838 3.30126 0.940553 0.339365 -0.013815 8.52923 0.0108976 0.0105009 0.999885 0.0815934
0.340163 -0.940355 0.00458313 3.34385 0.940329 0.340101 -0.0106279 8.66377 0.00843524 0.00792486 0.999933 0.0812932
0.338255 -0.941021 0.00792774 3.40763 0.941018 0.338156 -0.0116739 8.80452 0.00830461 0.0114089 0.9999 0.089293
0.33861 -0.940907 0.00610071 3.47234 0.94088 0.338521 -0.0121516 8.94571 0.00936828 0.00985468 0.999908 0.0729927
0.339203 -0.940678 0.00816854 3.52048 0.940643 0.339059 -0.0151548 9.10152 0.0114861 0.0128242 0.999852 0.0672925
0.338937 -0.940785 0.00675265 3.59445 0.940758 0.338836 -0.0128148 9.25223 0.00976789 0.010696 0.999895 0.0597922
0.339305 -0.940663 0.00507866 3.64846 0.940628 0.339228 -0.0119616 9.4025 0.009529 0.00883575 0.999916 0.055692
0.339675 -0.940535 0.0037326 3.69805 0.940503 0.339622 -0.0105403 9.55521 0.00864582 0.00709079 0.999937 0.0674917
0.338809 -0.940849 0.00341562 3.76224 0.940825 0.338767 -0.00925023 9.70692 0.00754597 0.00634757 0.999951 0.0818915
0.338589 -0.940934 0.000798082 3.81234 0.940887 0.338563 -0.0103018 9.85919 0.00942311 0.00423898 0.999947 0.0810912
0.338754 -0.940872 0.0021273 3.88157 0.940815 0.338707 -0.0120013 10.0129 0.0105712 0.00606689 0.999926 0.0739909
0.338575 -0.940939 0.00115048 3.94114 0.940882 0.338541 -0.0114927 10.1711 0.0104244 0.0049736 0.999933 0.0756906
0.338904 -0.94082 0.00138623 3.99525 0.940772 0.338871 -0.0106748 10.3236 0.00957335 0.00492188 0.999942 0.0970903
0.339686 -0.940537 0.00191867 4.06798 0.94049 0.339647 -0.0109167 10.4908 0.00961588 0.00551274 0.999939 0.09179
0.338956 -0.940795 0.0036743 4.11685 0.940757 0.338899 -0.0111146 10.6518 0.0092113 0.00722397 0.999931 0.0955897
0.339138 -0.940729 0.00387722 4.17724 0.940685 0.339073 -0.0118893 10.8012 0.00986998 0.00767937 0.999922 0.0916894
0.338308 -0.941017 0.00589419 4.23896 0.940964 0.338199 -0.0143964 10.9638 0.0115539 0.0104167 0.999879 0.108389
0.338645 -0.940895 0.00601819 4.30202 0.94085 0.33854 -0.0138503 11.1155 0.0109943 0.0103525 0.999886 0.108489
0.339937 -0.940423 0.00680316 4.36663 0.940403 0.339841 -0.0122313 11.2688 0.00919065 0.0105556 0.999902 0.104488
0.340335 -0.940271 0.00796411 4.4192 0.940256 0.34022 -0.0130033 11.4339 0.00951711 0.0119138 0.999884 0.0964882
0.340947 -0.940041 0.00883027 4.48113 0.940051 0.340843 -0.0114078 11.5854 0.00771404 0.0121903 0.999896 0.108188
0.341207 -0.939941 0.00939758 4.54265 0.939931 0.341059 -0.0144455 11.7345 0.0103728 0.013762 0.999852 0.101688
0.341023 -0.940031 0.00678727 4.60931 0.939982 0.340897 -0.01494 11.8968 0.0117303 0.0114748 0.999865 0.0979872
0.339953 -0.940417 0.00692761 4.66229 0.940357 0.339814 -0.0160087 12.047 0.0127007 0.0119566 0.999848 0.0983869
0.34055 -0.940209 0.0057773 4.72062 0.940152 0.340439 -0.0146775 12.199 0.0118331 0.01043 0.999876 0.0994865
0.341492 -0.939846 0.00856917 4.78523 0.939817 0.341344 -0.0151376 12.3622 0.011302 0.0132228 0.999849 0.0926862
0.340734 -0.940097 0.0108355 4.83749 0.940098 0.340556 -0.015417 12.5215 0.0108034 0.0154396 0.999822 0.0933858
0.341145 -0.939971 0.00864445 4.90096 0.939939 0.340991 -0.0154659 12.6642 0.0115898 0.0134014 0.999843 0.0990855
0.340942 -0.94003 0.0101444 4.96155 0.940007 0.340755 -0.0164948 12.8158 0.0120489 0.0151595 0.999812 0.0837851
0.340247 -0.940312 0.00675758 5.03449 0.94022 0.340084 -0.0181597 12.9613 0.0147777 0.0125324 0.999812 0.0811848
0.341477 -0.93987 0.00617787 5.07585 0.939784 0.341333 -0.017241 13.1202 0.0140956 0.0116933 0.999832 0.107684
0.341931 -0.939706 0.0060351 5.14107 0.939643 0.341809 -0.0154075 13.272 0.0124157 0.0109391 0.999863 0.091884
0.341011 -0.940023 0.00826787 5.20722 0.939985 0.340861 -0.015532 13.4298 0.0117823 0.0130683 0.999845 0.0880837
0.34103 -0.940029 0.00665474 5.26689 0.939946 0.340876 -0.0174888 13.5781 0.0141716 0.0122193 0.999825 0.104483
0.34132 -0.939916 0.00761055 5.32655 0.939853 0.341159 -0.0169638 13.7318 0.0133481 0.0129429 0.999827 0.102783
0.341333 -0.939908 0.00801385 5.37984 0.939846 0.341163 -0.0172287 13.8788 0.0134593 0.0134125 0.999819 0.101183
0.341869 -0.939719 0.00734037 5.44363 0.939653 0.341713 -0.0168746 14.03 0.0133491 0.0126663 0.999831 0.108082
0.342419 -0.939527 0.00626654 5.50257 0.939461 0.342289 -0.0158541 14.1805 0.0127503 0.0113159 0.999855 0.121482
0.342247 -0.939581 0.00734673 5.56265 0.93953 0.342106 -0.0157325 14.3237 0.0122686 0.0122869 0.999849 0.106781
0.343435 -0.939148 0.00729052 5.63343 0.939049 0.343249 -0.0191758 14.4844 0.0155065 0.0134318 0.99979 0.111081
0.343685 -0.939059 0.00702238 5.67551 0.93896 0.343508 -0.0188714 14.6443 0.0153091 0.0130796 0.999797 0.107281
0.342322 -0.939567 0.00545898 5.73486 0.939456 0.342175 -0.0183787 14.7917 0.0154001 0.0114199 0.999816 0.11508
0.342141 -0.939642 0.00347549 5.78939 0.939487 0.342011 -0.0198181 14.9315 0.0174333 0.0100458 0.999798 0.11018
0.343997 -0.938959 0.00475415 5.85389 0.938837 0.343859 -0.0185873 15.0941 0.0158179 0.0108573 0.999816 0.102979
0.345121 -0.938513 0.00917381 5.9116 0.938459 0.344926 -0.0178868 15.258 0.0136227 0.0147823 0.999798 0.0948789
0.344343 -0.938811 0.00784574 5.9686 0.93872 0.34415 -0.0191255 15.4017 0.0152551 0.0139507 0.999786 0.0900785
0.344432 -0.938783 0.00734549 6.02898 0.938685 0.344246 -0.0191269 15.554 0.0154273 0.013483 0.99979 0.102778
0.343826 -0.939018 0.00538907 6.09235 0.938906 0.343679 -0.0184541 15.7069 0.0154766 0.0114048 0.999815 0.0845776
0.343583 -0.939105 0.00560572 6.15552 0.938952 0.343402 -0.0210716 15.8565 0.0178634 0.0125033 0.999762 0.0813772
0.345744 -0.938324 0.00297636 6.20593 0.938182 0.345632 -0.0188123 16.0067 0.0166233 0.00929661 0.999819 0.0787768
0.345774 -0.938303 0.00534115 6.27403 0.938205 0.345638 -0.0175081 16.1699 0.0145818 0.0110649 0.999832 0.0814763
0.344497 -0.938762 0.00688475 6.32794 0.938671 0.34433 -0.0182756 16.3166 0.0147858 0.0127584 0.999809 0.0848759
0.34456 -0.938762 0.00227305 6.39758 0.938593 0.34445 -0.0199344 16.4694 0.0179307 0.00900206 0.999799 0.0877754
0.344234 -0.938858 0.00701219 6.44717 0.938733 0.344035 -0.0204988 16.6282 0.016833 0.013639 0.999765 0.093875
0.344016 -0.938943 0.00632282 6.50015 0.938816 0.343834 -0.0200863 16.7753 0.0166859 0.012846 0.999778 0.0983745
0.34481 -0.938659 0.00504406 6.56167 0.938523 0.344654 -0.0197074 16.9215 0.0167601 0.0115293 0.999793 0.0860741
0.345698 -0.938322 0.00666744 6.61887 0.938219 0.345526 -0.0188815 17.0803 0.0154132 0.0127828 0.999799 0.0889736
0.345278 -0.938484 0.00558892 6.68769 0.938368 0.345124 -0.0188262 17.2293 0.0157392 0.0117448 0.999807 0.0870731
0.345949 -0.938217 0.00824286 6.73903 0.938138 0.345755 -0.0187179 17.3789 0.0147114 0.0142084 0.999791 0.0876726
0.346527 -0.938013 0.0071563 6.79931 0.937899 0.346332 -0.0199894 17.5383 0.0162719 0.0136387 0.999775 0.0864721
0.345289 -0.938481 0.00542358 6.87009 0.938314 0.345102 -0.021695 17.68 0.0184886 0.0125801 0.99975 0.0850717
0.346839 -0.93792 0.00307644 6.92183 0.937772 0.346721 -0.0191947 17.8348 0.0169364 0.00954246 0.999811 0.0745712
0.347245 -0.937761 0.00507422 6.96967 0.937649 0.347105 -0.0182552 17.9941 0.0153577 0.0110969 0.99982 0.0859707
0.347363 -0.937717 0.00510488 7.03222 0.937574 0.3472 -0.0201873 18.1352 0.0171576 0.0117985 0.999783 0.0946702
0.347198 -0.937776 0.00548209 7.09672 0.937599 0.347001 -0.0223428 18.2925 0.0190502 0.0128974 0.999735 0.0843697
0.347329 -0.937725 0.00593965 7.1675 0.937555 0.347125 -0.0222604 18.4418 0.0188123 0.0133004 0.999735 0.0890692
0.346618 -0.938001 0.00301718 7.21688 0.937801 0.346473 -0.0220264 18.5952 0.0196154 0.0104643 0.999753 0.0858687
0.346704 -0.937971 0.00244444 7.28406 0.937782 0.346579 -0.0211417 18.742 0.0189831 0.00962227 0.999774 0.107368
0.347668 -0.937616 0.00205025 7.34681 0.93744 0.347558 -0.020221 18.8996 0.018247 0.00895218 0.999793 0.103968
0.346633 -0.937988 0.00500342 7.40545 0.93788 0.346498 -0.0178814 19.0482 0.0150389 0.0108909 0.999828 0.0968671
0.347362 -0.937728 0.00237865 7.46861 0.937568 0.347254 -0.0195201 19.1905 0.0174786 0.00901071 0.999807 0.118467
0.347471 -0.937684 0.0036234 7.52293 0.937533 0.347339 -0.0197072 19.3574 0.0172206 0.0102447 0.999799 0.115366
0.346052 -0.938187 0.00726815 7.56748 0.938076 0.345857 -0.0199346 19.5043 0.0161887 0.0137165 0.999775 0.125866
0.3466 -0.937989 0.00666746 7.63784 0.937862 0.346408 -0.0204134 19.6498 0.0168379 0.0133284 0.999769 0.130265
0.347472 -0.937673 0.00568051 7.69823 0.937543 0.347304 -0.0198431 19.8165 0.0166335 0.0122206 0.999787 0.117564
0.347978 -0.937475 0.00722413 7.7615 0.937397 0.347813 -0.017716 19.9784 0.0140957 0.0129367 0.999817 0.117464
0.346852 -0.937831 0.0129087 7.8117 0.937834 0.346601 -0.0183232 20.1272 0.0127099 0.0184617 0.999749 0.112263
0.348262 -0.937394 0.00240506 7.87682 0.937237 0.348154 -0.0193806 20.2681 0.0173299 0.00900363 0.999809 0.0948628
0.349084 -0.937074 0.00577945 7.94451 0.936904 0.348884 -0.0221484 20.4288 0.0187383 0.0131464 0.999738 0.111162
0.349127 -0.937074 0.00156741 7.98875 0.936977 0.349066 -0.0150344 20.5842 0.0135412 0.00671754 0.999886 0.106062
0.349237 -0.937033 0.00188177 8.05274 0.936887 0.349145 -0.018471 20.7415 0.0166509 0.00821376 0.999828 0.102061
0.348603 -0.937267 0.00272824 8.11076 0.937134 0.348501 -0.0180661 20.8942 0.0159819 0.00885461 0.999833 0.0971604
0.349061 -0.937089 0.00446169 8.16343 0.936977 0.348935 -0.0178263 21.0392 0.015148 0.010403 0.999831 0.0968599
0.348484 -0.937298 0.00552327 8.22402 0.937167 0.348319 -0.0197838 21.1938 0.0166194 0.0120706 0.999789 0.0996593
0.348733 -0.937213 0.00413181 8.28935 0.937056 0.348584 -0.0203784 21.3468 0.0176586 0.0109783 0.999784 0.108659
0.348601 -0.937259 0.00482978 8.34243 0.937124 0.348451 -0.0195049 21.4957 0.0165982 0.0113255 0.999798 0.109758
0.349631 -0.936887 6.28927e-06 8.40374 0.936737 0.349575 -0.017907 21.6442 0.0167747 0.00626674 0.99984 0.0954575
0.349892 -0.936784 0.00340579 8.46958 0.936679 0.349792 -0.0166725 21.8097 0.0144272 0.0090237 0.999855 0.0985569
0.349878 -0.936791 0.00281346 8.52863 0.936667 0.349778 -0.017633 21.959 0.0155343 0.00880466 0.999841 0.117156
0.349986 -0.936751 0.00260348 8.58635 0.936612 0.349883 -0.0184529 22.1174 0.0163748 0.00889669 0.999826 0.110956
0.350628 -0.936509 0.0032789 8.64715 0.936364 0.350507 -0.0191885 22.2604 0.0168209 0.00979826 0.999811 0.103255
0.350544 -0.936525 0.0063467 8.70825 0.936386 0.350351 -0.0208537 22.4142 0.0173064 0.0132531 0.999762 0.113854
0.352011 -0.935987 0.00407206 8.76401 0.935838 0.351868 -0.0199259 22.5613 0.0172175 0.0108249 0.999793 0.110054
0.352643 -0.935753 0.00321905 8.81411 0.935607 0.352522 -0.0192001 22.7256 0.0168317 0.00978252 0.99981 0.100953
0.351359 -0.936235 0.00321494 8.87254 0.936123 0.351258 -0.017077 22.8766 0.0148588 0.00900973 0.999849 0.111853
0.351041 -0.936351 0.00417289 8.93386 0.936176 0.35088 -0.0213899 23.0312 0.0185642 0.0114153 0.999762 0.109752
0.351128 -0.936319 0.00390839 8.99538 0.936144 0.350974 -0.0212773 23.1727 0.0185506 0.0111299 0.999766 0.0979513
0.351601 -0.93615 0.000616566 9.06502 0.935938 0.351507 -0.0215029 23.3261 0.0199132 0.0081375 0.999769 0.0869507
0.352297 -0.935885 0.00246206 9.11234 0.935751 0.352198 -0.0180747 23.4902 0.0160487 0.00867154 0.999834 0.11515
0.353609 -0.935391 0.0019947 9.1787 0.93526 0.353522 -0.0176315 23.6262 0.0157871 0.0081002 0.999843 0.105049
0.352631 -0.935736 0.00703702 9.23919 0.935651 0.352463 -0.0180907 23.7849 0.0144478 0.0129635 0.999812 0.0944487
0.352482 -0.935794 0.00685259 9.30421 0.935697 0.352308 -0.0187242 23.9313 0.0151078 0.0130119 0.999801 0.0974481
0.352392 -0.935814 0.0085048 9.36068 0.935708 0.352163 -0.0207839 24.0825 0.0164548 0.0152821 0.999748 0.103547
0.352797 -0.935674 0.00693265 9.42344 0.935544 0.352594 -0.0208387 24.228 0.0170538 0.0138376 0.999759 0.100747
0.353676 -0.935353 0.0053556 9.47477 0.935236 0.353524 -0.0187955 24.3804 0.0156871 0.0116563 0.999809 0.117146
0.354028 -0.93523 0.00308805 9.53187 0.935104 0.353921 -0.0178692 24.5378 0.0156189 0.00921386 0.999836 0.120145
0.353643 -0.935355 0.00687973 9.59287 0.935278 0.353486 -0.0173873 24.6935 0.0138314 0.0125833 0.999825 0.122845
0.353419 -0.935455 0.00430067 9.65038 0.935333 0.353288 -0.0184294 24.8403 0.0157205 0.0105359 0.999821 0.114944
0.353511 -0.935397 0.00786328 9.71066 0.935306 0.353314 -0.0192992 24.9978 0.0152742 0.0141771 0.999783 0.117743
0.353489 -0.935431 0.00391755 9.77177 0.935323 0.353376 -0.0172261 25.1348 0.0147294 0.0097534 0.999844 0.117843
0.355167 -0.934789 0.00511008 9.84049 0.934692 0.355035 -0.0173555 25.2864 0.0144095 0.0109404 0.999836 0.116542
0.356009 -0.934457 0.00693345 9.89491 0.934384 0.355854 -0.0171487 25.438 0.0135574 0.0125836 0.999829 0.116441
0.355721 -0.934564 0.00728488 9.95767 0.934504 0.35557 -0.0164935 25.5958 0.0128239 0.0126748 0.999837 0.101541
0.354879 -0.934879 0.0078814 10.0152 0.934803 0.354695 -0.0183039 25.7437 0.0143165 0.0138632 0.999801 0.0926399
0.354908 -0.934889 0.00480171 10.0725 0.934774 0.354771 -0.0182918 25.8913 0.0153973 0.0109804 0.999821 0.0857392
0.353846 -0.935297 0.00344225 10.1405 0.935151 0.35372 -0.0193579 26.034 0.0168878 0.0100687 0.999807 0.0898385
0.35468 -0.934977 0.00457658 10.1915 0.934836 0.35453 -0.0197343 26.1819 0.0168286 0.0112777 0.999795 0.0959378
0.355721 -0.934578 0.005191 10.2527 0.934456 0.35557 -0.0190174 26.3257 0.0159274 0.0116156 0.999806 0.0996372
0.356492 -0.934279 0.00597066 10.3071 0.93417 0.35633 -0.0188739 26.4742 0.015506 0.012306 0.999804 0.0975364
0.355726 -0.934567 0.00662436 10.375 0.934482 0.355569 -0.017714 26.6256 0.0141995 0.0124917 0.999821 0.107836
0.355499 -0.934664 0.00491531 10.4298 0.934544 0.355354 -0.0187295 26.7739 0.0157591 0.0112519 0.999812 0.107835
0.354548 -0.935003 0.00812958 10.4808 0.934878 0.354313 -0.0215829 26.9176 0.0172997 0.0152523 0.999734 0.112434
0.354733 -0.934944 0.00665288 10.5304 0.93483 0.35455 -0.019701 27.0634 0.0160605 0.0132079 0.999784 0.107634
0.355824 -0.934534 0.00585852 10.5881 0.934409 0.355653 -0.0197768 27.2113 0.0163985 0.0125113 0.999787 0.110533
0.356473 -0.934296 0.00425107 10.6452 0.934197 0.356359 -0.0168782 27.3595 0.0142543 0.00998795 0.999849 0.125932
0.356546 -0.934274 0.00253242 10.7007 0.934179 0.356468 -0.0154812 27.5141 0.0135609 0.0078855 0.999877 0.118731
0.355063 -0.934842 0.000204631 10.7617 0.934718 0.355012 -0.0163828 27.6594 0.0152427 0.00600818 0.999866 0.116231
0.354435 -0.93508 0.000758172 10.826 0.93496 0.354376 -0.0163641 27.8107 0.0150331 0.00650889 0.999866 0.11483
0.354498 -0.935056 0.00109852 10.8775 0.934938 0.354434 -0.0163561 27.9586 0.0149045 0.00682525 0.999866 0.118829
0.355408 -0.934707 0.0027211 10.9294 0.934622 0.355332 -0.0148728 28.1111 0.0129348 0.0078291 0.999886 0.125628
0.355754 -0.934577 0.00228115 10.9891 0.934495 0.355688 -0.01429 28.2598 0.0125437 0.00721544 0.999895 0.111928
0.361165 -0.9325 0.00212474 11.0542 0.932433 0.361109 -0.0129746 28.4107 0.0113316 0.00666715 0.999914 0.115927
0.366713 -0.930331 0.00247035 11.1172 0.930274 0.366658 -0.0123311 28.5536 0.0105662 0.00682009 0.999921 0.110426
0.375287 -0.926906 0.00216297 11.1784 0.926827 0.375222 -0.014109 28.71 0.0122661 0.00729963 0.999898 0.103025
0.38108 -0.924542 0.00114208 11.2437 0.924444 0.381021 -0.0150356 28.8487 0.0134659 0.00678554 0.999886 0.121825
0.387626 -0.921816 0.00136663 11.3009 0.921748 0.387578 -0.0128044 28.9899 0.0112736 0.00622301 0.999917 0.115624
0.393826 -0.919183 0.0019921 11.377 0.91912 0.393771 -0.0127717 29.1329 0.0109551 0.00686083 0.999916 0.115223
0.398037 -0.917365 0.00293687 11.4415 0.917303 0.397967 -0.0133191 29.2797 0.0110497 0.00799548 0.999907 0.122322
0.402915 -0.915223 0.00515609 11.5046 0.915162 0.402802 -0.015158 29.4273 0.0117961 0.010826 0.999872 0.122521
0.408021 -0.912966 0.00352309 11.5751 0.912914 0.407948 -0.012905 29.5712 0.0103446 0.00848177 0.999911 0.126121
0.411415 -0.911402 0.0091259 11.6454 0.911393 0.411259 -0.0151203 29.7205 0.0100276 0.014538 0.999844 0.12322
0.414215 -0.910134 0.00900392 11.7154 0.910113 0.414045 -0.0161599 29.8531 0.0109797 0.0148883 0.999829 0.125819
0.417398 -0.908654 0.0112839 11.7869 0.908672 0.417209 -0.0158628 29.9984 0.00970608 0.0168744 0.999811 0.113618
0.419709 -0.907612 0.00920245 11.8419 0.907619 0.419574 -0.0136094 30.1382 0.00849094 0.0140643 0.999865 0.111817
0.420628 -0.9072 0.00775471 11.9084 0.907195 0.420517 -0.0127699 30.2904 0.00832386 0.0124064 0.999888 0.109917
0.419495 -0.9077 0.0101895 11.9809 0.907703 0.41932 -0.0156996 30.4255 0.0099779 0.0158349 0.999825 0.121416
0.421093 -0.906953 0.0107731 12.0521 0.906959 0.420903 -0.0163055 30.5668 0.0102539 0.0166369 0.999809 0.126815
0.419975 -0.907454 0.0122018 12.1201 0.907452 0.419716 -0.0192102 30.7165 0.012311 0.0191404 0.999741 0.119514
0.421515 -0.906734 0.0125797 12.1872 0.906739 0.42125 -0.0192881 30.8597 0.01219 0.0195367 0.999735 0.118713
0.422941 -0.906087 0.0112994 12.2558 0.90608 0.422709 -0.0183398 30.9941 0.011841 0.0179948 0.999768 0.108113
0.424384 -0.905438 0.00893337 12.3249 0.905417 0.424213 -0.0162398 31.1303 0.0109145 0.0149803 0.999828 0.109712
0.423044 -0.9061 0.00403379 12.3961 0.906024 0.422939 -0.015581 31.2684 0.0124119 0.0102461 0.99987 0.126411
0.423236 -0.906019 0.000345091 12.4679 0.905882 0.423165 -0.0175879 31.4043 0.015789 0.00775647 0.999845 0.13381
0.423577 -0.90586 -0.000458042 12.5316 0.905715 0.423518 -0.017702 31.5348 0.0162296 0.00708331 0.999843 0.127909
0.424374 -0.905486 -0.00148828 12.5907 0.905322 0.424328 -0.0183831 31.6802 0.0172772 0.00645395 0.99983 0.130108
0.4243 -0.905518 0.00239339 12.6599 0.905365 0.424176 -0.0197245 31.8188 0.0168457 0.010536 0.999803 0.130908
0.427766 -0.90389 0.000197265 12.7285 0.903773 0.427707 -0.0161347 31.9638 0.0144996 0.00708015 0.99987 0.112607
0.426487 -0.904489 0.00291015 12.7899 0.904404 0.426397 -0.0154278 32.1055 0.0127134 0.00921173 0.999877 0.107206
0.426427 -0.904513 0.00395847 12.8673 0.904402 0.426294 -0.0181745 32.2444 0.0147516 0.0113301 0.999827 0.120505
0.426417 -0.904521 0.00315194 12.9338 0.904386 0.426286 -0.0191504 32.3845 0.0159783 0.0110166 0.999812 0.113604
0.426996 -0.904241 0.00471834 12.9979 0.904118 0.426836 -0.0195425 32.53 0.0156572 0.0126105 0.999798 0.119003
0.42577 -0.904823 0.00384363 13.0719 0.904703 0.425634 -0.0186539 32.6708 0.0152425 0.0114196 0.999819 0.128503
0.428716 -0.903439 1.2835e-05 13.1361 0.903312 0.428656 -0.0168063 32.8105 0.015178 0.00721674 0.999859 0.137002
0.42774 -0.903894 0.0037181 13.1995 0.903788 0.427617 -0.0176167 32.9557 0.0143337 0.0108957 0.999838 0.130901
0.427449 -0.904028 0.00458697 13.273 0.903908 0.427296 -0.0191808 33.0965 0.01538 0.012345 0.999806 0.1458
0.425089 -0.905139 0.00484863 13.3303 0.905018 0.424928 -0.0194558 33.2296 0.0155499 0.0126585 0.999799 0.130999
0.417799 -0.908525 0.00504664 13.3886 0.908401 0.417632 -0.0197737 33.3617 0.0158573 0.0128458 0.999792 0.120298
0.412026 -0.91116 0.00468405 13.4622 0.911024 0.411861 -0.0201405 33.4967 0.016422 0.0125657 0.999786 0.115797
0.412305 -0.911033 0.00489472 13.5115 0.91094 0.412169 -0.0174397 33.6187 0.0138707 0.0116493 0.999836 0.118697
0.411418 -0.911441 0.0030774 13.5771 0.911348 0.411321 -0.0161282 33.7758 0.0134341 0.00944001 0.999865 0.117896
0.410706 -0.911756 0.00474594 13.6384 0.911694 0.410601 -0.014867 33.9144 0.0116064 0.0104328 0.999878 0.111695
0.41041 -0.91189 0.00455134 13.7049 0.911809 0.410292 -0.0162894 34.0496 0.0129867 0.0108353 0.999857 0.127694
0.410221 -0.911983 0.00257104 13.7583 0.911871 0.410123 -0.0170513 34.1797 0.0144961 0.00933926 0.999851 0.119493
0.410038 -0.912067 0.00138089 13.8267 0.911951 0.409961 -0.0166265 34.3272 0.0145984 0.0080768 0.999861 0.123492
0.409018 -0.912516 0.00438321 13.885 0.912412 0.408886 -0.0177851 34.4618 0.014437 0.0112737 0.999832 0.127591
0.410439 -0.911888 0.000276467 13.9445 0.911814 0.410401 -0.0129034 34.5856 0.011653 0.00554816 0.999917 0.12879
0.411763 -0.911283 0.00376268 14.0135 0.911218 0.411674 -0.0143277 34.7332 0.0115076 0.00932822 0.99989 0.12649
0.411735 -0.911291 0.00472317 14.0794 0.91124 0.411639 -0.0139852 34.8806 0.0108004 0.0100622 0.999891 0.126789
0.411076 -0.911576 0.00677652 14.1386 0.911524 0.410934 -0.0160209 35.014 0.0118195 0.0127628 0.999849 0.125688
0.412065 -0.91114 0.00518271 14.2028 0.911054 0.411929 -0.0171878 35.1461 0.0135256 0.0118042 0.999839 0.127987
0.411371 -0.911385 0.0123348 14.276 0.911364 0.411082 -0.0206813 35.2879 0.013778 0.0197492 0.99971 0.117786
0.412622 -0.910855 0.00929688 14.3372 0.910815 0.41242 -0.0180418 35.4235 0.0125993 0.0159122 0.999794 0.114385
0.414387 -0.909986 0.0144823 14.4015 0.910015 0.414076 -0.0203445 35.5753 0.0125165 0.0216096 0.999688 0.113684
0.414707 -0.909895 0.0104614 14.4659 0.909888 0.414509 -0.0169398 35.7221 0.0110771 0.0165437 0.999802 0.111483
0.413133 -0.910608 0.0106601 14.5315 0.910575 0.412892 -0.0193233 35.8552 0.0131945 0.0176899 0.999756 0.127182
0.413238 -0.910617 0.00340851 14.5878 0.910501 0.413119 -0.0178787 35.9701 0.0148725 0.0104916 0.999834 0.122781
0.413708 -0.910407 0.00219871 14.6599 0.91026 0.413595 -0.019101 36.1286 0.0164803 0.00990363 0.999815 0.11118
0.411934 -0.911209 0.00283019 14.7122 0.911064 0.411808 -0.0193858 36.2613 0.016499 0.0105642 0.999808 0.131379
0.413909 -0.910318 0.000168694 14.7775 0.910204 0.413854 -0.0158848 36.4117 0.0143904 0.00672841 0.999874 0.121078
0.415337 -0.909663 0.00291671 14.8371 0.909533 0.415219 -0.0185332 36.5738 0.0156479 0.0103504 0.999824 0.130677
0.415232 -0.909705 0.00434027 14.9145 0.909611 0.415107 -0.0171149 36.6916 0.0137678 0.0110546 0.999844 0.126976
0.415149 -0.909748 0.00317019 14.9865 0.909642 0.415042 -0.0170536 36.8165 0.0141987 0.00996353 0.99985 0.114876
0.415946 -0.909382 0.00354702 15.0507 0.90925 0.415812 -0.0190978 36.9663 0.0158923 0.0111688 0.999811 0.108075
0.415234 -0.909702 0.00477264 15.1148 0.90953 0.415039 -0.022333 37.102 0.0183355 0.0136143 0.999739 0.103574
0.416214 -0.90926 0.0034974 15.1769 0.909113 0.41607 -0.0199729 37.2466 0.0167054 0.0114925 0.999794 0.122473
0.417816 -0.908515 0.00553259 15.2443 0.908422 0.417664 -0.0180446 37.3949 0.0140831 0.0125653 0.999822 0.126772
0.418049 -0.908411 0.00487381 15.3098 0.908324 0.417917 -0.017107 37.5401 0.0135033 0.0115786 0.999842 0.129871
0.416478 -0.909127 0.0058741 15.3794 0.909009 0.416294 -0.0200587 37.6686 0.0157906 0.0136936 0.999782 0.12607
0.418216 -0.90834 0.00376801 15.4455 0.908202 0.418071 -0.0196502 37.816 0.0162737 0.0116401 0.9998 0.136969
0.418188 -0.908335 0.00679877 15.5094 0.908206 0.417968 -0.0215446 37.9519 0.016728 0.0151844 0.999745 0.138768
0.417914 -0.908485 0.00186094 15.576 0.908319 0.417797 -0.0200675 38.0842 0.0174535 0.0100768 0.999797 0.135967
0.418619 -0.908159 0.00235086 15.6356 0.908004 0.418497 -0.0197438 38.2292 0.0169467 0.0103997 0.999802 0.139366
0.420108 -0.907472 0.00208817 15.7088 0.907346 0.420008 -0.0178027 38.364 0.0152784 0.00937374 0.999839 0.142165
0.419412 -0.907781 0.00512061 15.757 0.907669 0.419253 -0.0190954 38.5187 0.0151876 0.0126567 0.999805 0.129164
0.420399 -0.90733 0.0040553 15.8161 0.907214 0.420262 -0.0185163 38.644 0.0150961 0.0114633 0.99982 0.128863
0.421065 -0.907018 0.00478951 15.9021 0.906899 0.420908 -0.0192711 38.7918 0.0154633 0.012458 0.999803 0.141362
0.420376 -0.907344 0.00337888 15.9537 0.907202 0.420237 -0.0196518 38.9136 0.016411 0.0113265 0.999801 0.151561
0.420652 -0.907212 0.00415992 16.0249 0.907082 0.420502 -0.0195176 39.0737 0.0159573 0.0119835 0.999801 0.13976
0.422214 -0.906495 0.00127571 16.0758 0.906378 0.422136 -0.0167413 39.2343 0.0146374 0.0082247 0.999859 0.128358
0.422565 -0.90632 0.00481578 16.1463 0.906213 0.422416 -0.0185298 39.3769 0.0147596 0.0121941 0.999817 0.144057
0.42202 -0.906574 0.00474588 16.2169 0.906477 0.421882 -0.0177599 39.5072 0.0140984 0.011797 0.999831 0.146856
0.422476 -0.906374 0.00105033 16.2804 0.906221 0.422383 -0.0188808 39.6541 0.0166695 0.00892853 0.999821 0.143155
0.422696 -0.906269 0.00201156 16.3424 0.90609 0.422565 -0.0209711 39.7921 0.0181555 0.010687 0.999778 0.155154
0.423399 -0.905941 0.00201728 16.4116 0.905789 0.423284 -0.0194126 39.9481 0.0167328 0.0100465 0.99981 0.165153
0.423662 -0.905809 0.00463408 16.4748 0.905682 0.423502 -0.0196578 40.1033 0.0158437 0.0125253 0.999796 0.170252
0.42445 -0.905449 0.00230068 16.545 0.905311 0.424337 -0.0187135 40.2405 0.0159678 0.0100258 0.999822 0.166951
0.424331 -0.905499 0.0037554 16.6033 0.905374 0.424194 -0.0189272 40.3912 0.0155455 0.0114314 0.999814 0.16815
0.424831 -0.905271 0.00181752 16.6704 0.905102 0.424712 -0.0202507 40.524 0.0175604 0.0102482 0.999793 0.168949
0.425 -0.90518 0.00494021 16.7383 0.904997 0.424789 -0.0231151 40.6727 0.0188248 0.0142948 0.999721 0.174548
0.425392 -0.905004 0.0031182 16.8037 0.90481 0.425224 -0.0224544 40.821 0.0189954 0.0123733 0.999743 0.180847
0.425123 -0.905133 0.00227781 16.8737 0.904925 0.424968 -0.0226547 40.965 0.0195375 0.0116923 0.999741 0.182045
0.427294 -0.904112 -0.0005534 16.9623 0.903933 0.427222 -0.0196766 41.0916 0.0180263 0.00790749 0.999806 0.150344
0.425845 -0.904795 0.00168612 17.0266 0.904624 0.425727 -0.0203009 41.2317 0.0176503 0.0101703 0.999793 0.139243
0.426749 -0.90437 -0.000411877 17.0963 0.904161 0.42666 -0.0212899 41.3679 0.0194297 0.00871305 0.999773 0.147742
0.426845 -0.904324 -0.00122727 17.1759 0.904088 0.426763 -0.0223235 41.5379 0.0207115 0.00841912 0.99975 0.144141
0.42618 -0.904634 -0.00269917 17.2447 0.904392 0.426132 -0.0220548 41.6932 0.0211017 0.00695821 0.999753 0.15374
0.427401 -0.904062 -0.000510738 17.3332 0.90384 0.427308 -0.0219212 41.8599 0.0200364 0.00890752 0.99976 0.155938
0.428823 -0.903387 0.00156759 17.4195 0.90318 0.428686 -0.0222163 42.0342 0.0193979 0.0109427 0.999752 0.157237
0.428194 -0.903681 0.00330549 17.4913 0.903486 0.428019 -0.0226659 42.2145 0.0190679 0.0126919 0.999738 0.165436
0.428696 -0.903448 0.00114365 17.5737 0.903208 0.428553 -0.0236036 42.3805 0.0208345 0.0111517 0.999721 0.158134
0.428489 -0.903544 -0.00243022 17.6636 0.903336 0.428446 -0.0204418 42.551 0.0195113 0.00656377 0.999788 0.159933
0.427825 -0.90381 -0.00967219 17.7453 0.90365 0.427932 -0.0170791 42.7167 0.0195753 -0.00143341 0.999807 0.150232
0.430031 -0.902709 -0.0137836 17.8275 0.902618 0.430206 -0.0143105 42.8914 0.0188481 -0.00628738 0.999803 0.17233
0.429743 -0.902935 -0.00546886 17.9075 0.902792 0.429773 -0.0161893 43.0934 0.0169683 0.00202 0.999854 0.174229
0.429964 -0.902832 0.00492042 17.9895 0.902665 0.429763 -0.0223623 43.2909 0.0180748 0.0140565 0.999738 0.172427
0.428993 -0.90321 0.01329 18.0951 0.903088 0.428518 -0.0283621 43.4786 0.019922 0.0241692 0.999509 0.166825
