0.35254 -0.935777 0.00599026 0 0.935644 0.352591 0.0158112 0 -0.0169078 3.06723e-05 0.999857 0
0.352475 -0.935795 0.00698218 -0.0091087 0.935658 0.352543 0.0160637 0.00820905 -0.0174939 0.000870877 0.999847 0.00143594
0.352249 -0.935884 0.0064591 -0.00744566 0.935748 0.352308 0.0159513 0.00428088 -0.0172041 0.000425282 0.999852 -0.000413635
0.352366 -0.935836 0.00704345 -0.0123233 0.935697 0.352435 0.0161221 -0.00625855 -0.01757 0.000909653 0.999845 0.00201744
0.352719 -0.935708 0.0063809 -0.00706896 0.935572 0.352776 0.0159474 -3.46545e-06 -0.0171732 0.000344831 0.999852 -0.000253769
0.352367 -0.935836 0.00694809 -0.00923161 0.9357 0.352435 0.0160022 -6.81403e-05 -0.0174242 0.00086267 0.999848 0.00201061
0.354237 -0.935138 0.0056957 -0.00761549 0.934997 0.354282 0.0162593 0.00473404 -0.0172226 -0.000434186 0.999852 -0.00193823
0.351758 -0.936061 0.00746807 -0.00726115 0.935937 0.351834 0.015303 -0.000186144 -0.016952 0.00160669 0.999855 0.00195282
0.353171 -0.935541 0.00580752 -0.00696018 0.935405 0.353219 0.0159225 -0.00164925 -0.0169474 -0.000190977 0.999856 0.00109837
0.352584 -0.935755 0.00687251 -0.0126025 0.935624 0.35265 0.0156935 0.00341196 -0.0171089 0.000896795 0.999853 0.00388913
0.352785 -0.93568 0.00676213 -0.00894269 0.93554 0.35285 0.0161732 0.00359354 -0.0175189 0.00062059 0.999846 0.00307587
0.352377 -0.935833 0.00681458 -0.00653278 0.935686 0.352443 0.0166134 0.00826021 -0.0179492 0.00052211 0.999839 0.00426786
0.353707 -0.935332 0.00682626 -0.0126081 0.935205 0.353771 0.0153827 0.0165457 -0.0168028 0.000943006 0.999858 0.000857165
0.352086 -0.935945 0.0065466 -0.00513256 0.935808 0.352147 0.0159908 0.00257903 -0.0172719 0.000496217 0.999851 -3.91716e-05
0.352749 -0.935694 0.0066279 -0.00853442 0.935556 0.352811 0.0161229 0.00360384 -0.0174245 0.000513439 0.999848 0.00196039
0.350772 -0.936434 0.00713262 -0.0110314 0.936306 0.350843 0.0154885 0.00302503 -0.0170064 0.00124539 0.999855 0.00132001
0.352324 -0.935858 0.00613653 -0.00493988 0.935722 0.352377 0.0159663 -0.00463075 -0.0171046 0.000116779 0.999854 0.000657312
0.352639 -0.935738 0.00635229 -0.00939923 0.935605 0.352696 0.0157563 0.00720692 -0.0169842 0.000386961 0.999856 0.00122648
0.351652 -0.936107 0.00671182 -0.00655403 0.935975 0.351716 0.0157131 0.00211146 -0.0170698 0.000756557 0.999854 0.0025738
0.354622 -0.93499 0.00614583 -0.00992068 0.934851 0.354675 0.0161265 0.00600187 -0.0172579 2.66214e-05 0.999851 0.00213649
0.349437 -0.936934 0.00697503 -0.0094909 0.936805 0.349505 0.0156096 -0.000891172 -0.017063 0.00107968 0.999854 0.00130282
0.352865 -0.935651 0.00659214 -0.00837013 0.935514 0.352926 0.0160118 -0.00450081 -0.017308 0.000517047 0.99985 0.000796173
0.35183 -0.936038 0.00696692 -0.0103973 0.935901 0.351898 0.0160122 0.00253242 -0.0174397 0.000886779 0.999848 0.00263784
0.354193 -0.935152 0.00610697 -0.00627927 0.935021 0.354246 0.0156705 0.000188972 -0.0168176 0.000159769 0.999859 -0.000461245
0.352276 -0.935873 0.00663195 -0.0114231 0.935742 0.352337 0.0156854 0.00133873 -0.0170163 0.000680199 0.999855 0.000365858
0.352224 -0.935895 0.00624572 -0.00631355 0.935766 0.352279 0.0155258 0.00203858 -0.0167307 0.000375997 0.99986 -0.00140468
0.352529 -0.935774 0.00705633 -0.0117485 0.935641 0.352598 0.0158134 0.00675508 -0.0172858 0.00102751 0.99985 0.000630158
0.352353 -0.935849 0.00580799 -0.00709668 0.935712 0.352401 0.0160197 0.00391023 -0.0170388 -0.000209996 0.999855 -0.000926586
0.351789 -0.936042 0.00839739 -0.00894998 0.935911 0.351882 0.0158051 0.00370705 -0.0177492 0.00229914 0.99984 0.00330719
0.352678 -0.935729 0.0054034 -0.00219344 0.935585 0.352719 0.0164369 0.00571629 -0.0172864 -0.000741608 0.99985 -0.000386061
0.351 -0.936345 0.00756653 -0.00862674 0.936211 0.351078 0.0158844 0.00447275 -0.0175297 0.00150846 0.999845 0.0011033
0.352383 -0.935834 0.00645791 -0.00479583 0.935698 0.352441 0.0159534 0.00817784 -0.0172058 0.000420955 0.999852 -0.000389675
0.351322 -0.93623 0.00675235 -0.00775227 0.936094 0.351386 0.0159808 0.000803162 -0.0173344 0.000706441 0.999849 0.00104519
0.352598 -0.935757 0.00580704 -0.00296158 0.935624 0.352646 0.0157949 0.00158251 -0.016828 -0.000136055 0.999858 -0.000901139
0.351369 -0.93621 0.00715312 -0.00942186 0.936081 0.351439 0.0155619 0.00532425 -0.0170831 0.00122794 0.999853 0.000167017
0.352416 -0.935822 0.00630247 -0.00584154 0.935686 0.352472 0.0159825 0.00201907 -0.0171782 0.00026464 0.999852 -0.0010692
0.349166 -0.937035 0.00700149 -0.0102192 0.936903 0.349234 0.0157729 0.00233646 -0.0172249 0.00105237 0.999851 -3.4426e-05
0.352307 -0.935861 0.00665866 -0.00694351 0.935728 0.352369 0.015792 0.0104447 -0.0171254 0.000667067 0.999853 -0.000115274
0.35214 -0.935925 0.00646149 -0.00929525 0.935791 0.352198 0.015844 0.00622899 -0.0171045 0.000467313 0.999854 0.00036384
0.351781 -0.936059 0.00658332 -0.0130988 0.935922 0.351842 0.0160249 -0.0261315 -0.0173165 0.000524226 0.99985 -2.77006e-05
0.349611 -0.936871 0.00665746 -0.00141181 0.936737 0.349674 0.015884 0.0084243 -0.0172092 0.000683072 0.999852 0.00122064
0.353842 -0.935281 0.00677929 0.0127285 0.935137 0.353906 0.0164153 0.0512842 -0.0177522 0.000531135 0.999842 -0.00151014
0.352065 -0.935953 0.0064479 9.0558e-05 0.935813 0.352124 0.0161889 0.0622027 -0.0174225 0.000334469 0.999848 0.000847232
0.350825 -0.936418 0.00656567 -0.0101155 0.936277 0.350886 0.0162278 0.103184 -0.0174998 0.000454184 0.999847 0.00488541
0.351205 -0.936271 0.00718245 0.00891612 0.936132 0.351277 0.0161335 0.159292 -0.0176284 0.00105754 0.999844 0.00375454
0.350746 -0.936445 0.00689468 0.0495295 0.936304 0.350813 0.0162747 0.230913 -0.0176591 0.000747237 0.999844 0.00333798
0.34984 -0.936782 0.00714263 0.0899423 0.93664 0.349911 0.0163717 0.285494 -0.017836 0.000962608 0.99984 0.00457585
0.348484 -0.937288 0.00708518 0.155689 0.937146 0.348554 0.0163202 0.336642 -0.0177663 0.000952523 0.999842 0.00201793
0.34716 -0.937782 0.00665675 0.193057 0.937643 0.347224 0.0161527 0.402662 -0.0174591 0.000634091 0.999847 0.00238861
0.347278 -0.937738 0.00674329 0.243174 0.937603 0.347342 0.0159183 0.558987 -0.0172695 0.000794454 0.999851 0.00279938
0.345868 -0.938262 0.00624572 0.277595 0.938118 0.345925 0.0164288 0.669684 -0.017575 0.000177041 0.999846 -0.00105593
0.345342 -0.938454 0.00656234 0.267731 0.938324 0.345404 0.0156218 0.76553 -0.016927 0.000762732 0.999856 0.00374065
0.346446 -0.938051 0.00597536 0.297579 0.937925 0.346497 0.0153735 0.882451 -0.0164915 0.000278377 0.999864 -0.000691587
0.345982 -0.938226 0.00539315 0.33769 0.938091 0.346024 0.0159049 0.952047 -0.0167885 -0.00044353 0.999859 -0.00501068
0.344325 -0.938837 0.00499357 0.381027 0.938679 0.344359 0.0172594 1.07262 -0.0179233 -0.00125548 0.999839 -0.00931075
0.345405 -0.938441 0.00485791 0.419925 0.938298 0.345438 0.0164017 1.204 -0.0170701 -0.00110707 0.999854 -0.0069111
0.343702 -0.939065 0.00511301 0.465405 0.938928 0.343739 0.0160315 1.29769 -0.0168121 -0.00070929 0.999858 -0.00843323
0.342839 -0.939382 0.00476159 0.490744 0.939259 0.342871 0.0152141 1.41685 -0.0159244 -0.00074361 0.999873 -0.0138587
0.342042 -0.939675 0.00434579 0.552713 0.939562 0.342069 0.0145488 1.54822 -0.0151577 -0.000893144 0.999885 -0.00869627
0.342951 -0.939343 0.00435628 0.586556 0.939235 0.342978 0.0142536 1.65795 -0.0148832 -0.000796719 0.999889 -0.00910788
0.343135 -0.939277 0.00405922 0.614583 0.939171 0.343158 0.01418 1.72925 -0.0147119 -0.00105335 0.999891 -0.00854492
0.342919 -0.939357 0.00395002 0.645916 0.939251 0.34294 0.0141008 1.82234 -0.0146003 -0.00112539 0.999893 -0.00781723
0.343131 -0.939282 0.00314322 0.687984 0.93918 0.343141 0.0139698 1.93115 -0.0142001 -0.00184141 0.999897 -0.00989661
0.342515 -0.939508 0.00296989 0.712644 0.939408 0.342522 0.0138329 2.02816 -0.0140134 -0.00194805 0.9999 -0.0119965
0.342086 -0.939664 0.00296512 0.747147 0.939567 0.342094 0.0136546 2.1342 -0.0138451 -0.00188513 0.999902 -0.0124803
0.341774 -0.939778 0.00282231 0.784684 0.939683 0.34178 0.0134618 2.25265 -0.0136157 -0.0019488 0.999905 -0.0152346
0.341196 -0.939988 0.00283256 0.836485 0.9399 0.341204 0.012968 2.36991 -0.0131563 -0.00176232 0.999912 -0.0109721
0.339637 -0.940547 0.00413789 0.884053 0.940448 0.339662 0.0136765 2.48008 -0.0142689 -0.000753571 0.999898 -0.0149936
0.339501 -0.940598 0.00376167 0.913644 0.940504 0.33952 0.0133556 2.58713 -0.0138394 -0.000996384 0.999904 -0.0132223
0.338634 -0.940913 0.00308504 0.979957 0.940819 0.338644 0.0134391 2.71097 -0.0136898 -0.00164846 0.999905 -0.0193242
0.339403 -0.940636 0.00319805 1.0191 0.940545 0.339415 0.0131542 2.84188 -0.0134588 -0.00145667 0.999908 -0.0122358
0.33956 -0.94058 0.00263467 1.0664 0.940489 0.339565 0.0132796 2.9446 -0.0133852 -0.00203136 0.999908 -0.0165064
0.33876 -0.940869 0.00279656 1.10058 0.940778 0.338766 0.0131776 3.07173 -0.0133458 -0.00183309 0.999909 -0.0190431
0.338242 -0.941055 0.00286141 1.14929 0.940965 0.338249 0.0131263 3.1768 -0.0133205 -0.00174739 0.99991 -0.0195012
0.337461 -0.941336 0.00271693 1.17935 0.941245 0.337467 0.013159 3.24994 -0.0133039 -0.00188335 0.99991 -0.0228933
0.336702 -0.941607 0.00276938 1.24504 0.941516 0.336708 0.0132591 3.35052 -0.0134174 -0.00185695 0.999908 -0.0256586
0.336413 -0.94171 0.00296417 1.28429 0.941618 0.336422 0.0132706 3.47673 -0.0134942 -0.00167327 0.999908 -0.0236468
0.33742 -0.94135 0.00295916 1.31759 0.941263 0.337429 0.0128581 3.58098 -0.0131025 -0.00155324 0.999913 -0.0269768
0.338126 -0.941097 0.00263277 1.3483 0.941009 0.338131 0.0130403 3.71656 -0.0131624 -0.0019318 0.999911 -0.0232364
0.338478 -0.940971 0.00250164 1.39753 0.940886 0.338481 0.0128224 3.83846 -0.0129123 -0.00198634 0.999915 -0.0228568
0.337932 -0.941167 0.00240317 1.42935 0.941081 0.337934 0.0129554 3.99601 -0.0130053 -0.00211647 0.999913 -0.0219939
0.337604 -0.941285 0.00245705 1.48622 0.941201 0.337607 0.012748 4.10248 -0.012829 -0.00199119 0.999916 -0.0219433
0.33613 -0.941811 0.0030314 1.51903 0.941725 0.33614 0.0127601 4.24119 -0.0130366 -0.00143431 0.999914 -0.0244893
0.335691 -0.941967 0.00307789 1.56532 0.941881 0.335702 0.0127818 4.34981 -0.0130733 -0.00139174 0.999914 -0.0217055
0.33536 -0.942085 0.00295225 1.59588 0.942002 0.33537 0.0126336 4.46463 -0.012892 -0.00145577 0.999916 -0.026685
0.335688 -0.941967 0.00347104 1.64485 0.94188 0.335704 0.0128102 4.60389 -0.013232 -0.00103092 0.999912 -0.0260823
0.336948 -0.941519 0.00286975 1.67475 0.941436 0.336957 0.0125485 4.72069 -0.0127816 -0.00152649 0.999917 -0.0264359
0.337629 -0.941275 0.0027627 1.73914 0.941191 0.337636 0.0127246 4.85505 -0.0129102 -0.00169597 0.999915 -0.0292024
0.337622 -0.941278 0.00268498 1.77685 0.941192 0.337628 0.0128729 4.98068 -0.0130235 -0.0018191 0.999914 -0.0326801
0.338095 -0.941106 0.00339356 1.83789 0.941016 0.33811 0.0130486 5.10797 -0.0134275 -0.00121827 0.999909 -0.030042
0.337339 -0.941376 0.00370779 1.87967 0.941289 0.337359 0.0127821 5.23126 -0.0132836 -0.000821786 0.999911 -0.0255718
0.337243 -0.941409 0.00397815 1.93052 0.941325 0.337267 0.0125756 5.33796 -0.0131805 -0.000496297 0.999913 -0.0330969
0.337609 -0.941276 0.00430407 1.98889 0.941188 0.337637 0.0128824 5.46348 -0.0135791 -0.000298273 0.999908 -0.0336252
0.338038 -0.941114 0.0059191 2.03152 0.941029 0.338088 0.0126711 5.60687 -0.0139261 0.00128674 0.999902 -0.0310178
0.338526 -0.940936 0.00621711 2.07789 0.940851 0.33858 0.0127476 5.73403 -0.0140996 0.001534 0.999899 -0.0336186
0.337567 -0.941262 0.00859575 2.13308 0.941193 0.337653 0.0121151 5.86179 -0.0143059 0.00400059 0.99989 -0.0218808
0.338108 -0.941077 0.00748523 2.1751 0.940997 0.33818 0.012592 5.98081 -0.0143814 0.00278612 0.999893 -0.0292645
0.339218 -0.940642 0.0111088 2.23228 0.94059 0.339338 0.011808 6.12071 -0.0148768 0.00644334 0.999869 -0.0123543
0.339637 -0.940452 0.014028 2.28226 0.940432 0.339797 0.0112183 6.24849 -0.015317 0.00938223 0.999839 -0.0135825
0.339005 -0.940623 0.0174217 2.33076 0.940646 0.339214 0.010884 6.38452 -0.0161474 0.0126979 0.999789 -0.0072687
0.339769 -0.940322 0.0187562 2.3833 0.940364 0.339999 0.0107834 6.51635 -0.0165169 0.0139738 0.999766 -0.0125663
0.339198 -0.940487 0.0207215 2.42533 0.940563 0.339457 0.0104893 6.63328 -0.0168991 0.0159319 0.99973 -0.0148989
0.338923 -0.940564 0.0216688 2.46041 0.940656 0.339198 0.0105051 6.77407 -0.0172307 0.0168225 0.99971 -0.0143154
0.338424 -0.940688 0.0239763 2.50299 0.940819 0.338742 0.0106368 6.89719 -0.0181277 0.0189576 0.999656 -0.00872043
0.338486 -0.940538 0.028554 2.55142 0.94074 0.338919 0.0118885 7.02197 -0.0208591 0.0228378 0.999521 -0.0146995
0.338546 -0.940443 0.0308826 2.60452 0.940703 0.339026 0.01177 7.16139 -0.021539 0.0250667 0.999454 -0.0164964
0.337912 -0.940707 0.0297723 2.64693 0.940928 0.338382 0.0123316 7.28353 -0.0216748 0.0238466 0.999481 -0.00965784
0.337073 -0.940879 0.033592 2.68835 0.94128 0.337519 0.00847534 7.40893 -0.0193122 0.0287627 0.9994 -0.0109133
0.339046 -0.940283 0.0302761 2.73076 0.94059 0.339435 0.00863089 7.53584 -0.0183922 0.0255511 0.999504 -0.014811
0.339047 -0.940218 0.0322116 2.80753 0.940615 0.339413 0.00648887 7.67175 -0.017034 0.0280987 0.99946 -0.0221551
0.341365 -0.939501 0.028423 2.83354 0.939766 0.341715 0.008389 7.81237 -0.017594 0.0238472 0.999561 -0.0159464
0.340667 -0.93971 0.0298455 2.88204 0.940005 0.341049 0.00867938 7.96242 -0.0183349 0.0250981 0.999517 -0.0137569
0.340092 -0.939908 0.0301791 2.91185 0.940222 0.340466 0.00807257 8.07211 -0.0178624 0.0256297 0.999512 -0.0198095
0.339707 -0.940004 0.0314805 2.95674 0.940348 0.340111 0.00837083 8.19174 -0.0185755 0.026759 0.999469 -0.0223568
0.340321 -0.939876 0.0285235 3.00505 0.940157 0.340656 0.00767522 8.31232 -0.0169305 0.0242046 0.999564 -0.020773
0.34192 -0.939257 0.0297804 3.06008 0.939571 0.342271 0.00745689 8.43879 -0.0171969 0.0254312 0.999529 -0.0177376
0.341494 -0.939402 0.0300838 3.11278 0.939724 0.341851 0.00752522 8.56423 -0.0173534 0.0257006 0.999519 -0.0151415
0.341517 -0.939482 0.0271887 3.14964 0.939745 0.341809 0.0068092 8.71471 -0.0156905 0.023225 0.999607 -0.0255974
0.340396 -0.939864 0.0280426 3.20662 0.940127 0.34073 0.00803066 8.85273 -0.0171027 0.02363 0.999574 -0.0163983
0.339742 -0.94013 0.0270226 3.24874 0.940386 0.340036 0.00698654 8.98131 -0.0157569 0.023038 0.99961 -0.0226265
0.33984 -0.940001 0.0300979 3.31222 0.940332 0.340186 0.00706767 9.14146 -0.0168825 0.0259001 0.999522 -0.0217993
0.340299 -0.939925 0.0271644 3.36558 0.94019 0.340586 0.00660925 9.29556 -0.015464 0.0232905 0.999609 -0.0319631
0.339942 -0.940035 0.0278155 3.41025 0.940323 0.340228 0.00612129 9.44699 -0.0152178 0.0240747 0.999594 -0.0247177
0.340569 -0.939855 0.0261579 3.47553 0.94011 0.340822 0.00576692 9.59413 -0.0143353 0.0226273 0.999641 -0.0412743
0.339394 -0.940308 0.0251364 3.52741 0.94054 0.339633 0.00581045 9.76761 -0.0140008 0.0216697 0.999667 -0.0336696
0.339784 -0.940141 0.0261105 3.58561 0.94041 0.34001 0.00464676 9.89481 -0.0132464 0.0229756 0.999648 -0.0374869
0.339474 -0.940216 0.0274287 3.6474 0.940513 0.339723 0.00485084 10.0521 -0.013879 0.0241503 0.999612 -0.0302625
0.339156 -0.94035 0.0267332 3.69669 0.94064 0.339379 0.00416311 10.1924 -0.0129875 0.0237344 0.999634 -0.0352227
0.339715 -0.940161 0.0262668 3.76143 0.940436 0.33994 0.00449468 10.3543 -0.0131549 0.0231753 0.999645 -0.0359433
0.340259 -0.939974 0.0259362 3.80646 0.940241 0.34048 0.0045412 10.5326 -0.0130994 0.0228411 0.999653 -0.0331162
0.339038 -0.940409 0.0261667 3.86347 0.940678 0.339268 0.0047969 10.6949 -0.0133886 0.0229881 0.999646 -0.0251796
0.34111 -0.939651 0.0264656 3.92213 0.939924 0.341348 0.00489029 10.8575 -0.0136291 0.0232075 0.999638 -0.0288903
0.337879 -0.940772 0.0280216 3.9953 0.94108 0.338145 0.00521253 11.0511 -0.0143792 0.0246094 0.999594 -0.0211427
0.338152 -0.940682 0.0277538 4.04453 0.940984 0.338412 0.00512963 11.1877 -0.0142176 0.0243812 0.999602 -0.0233197
0.340421 -0.939879 0.0272247 4.09605 0.940162 0.340683 0.00549935 11.3373 -0.0144437 0.0237235 0.999614 -0.0195716
0.338341 -0.940605 0.0280714 4.15252 0.940899 0.338631 0.00615127 11.4875 -0.0152918 0.0243312 0.999587 -0.0180011
0.34076 -0.939764 0.0269349 4.1983 0.940033 0.34103 0.00603373 11.645 -0.0148559 0.0232636 0.999619 -0.0143993
0.341044 -0.939574 0.0298219 4.27178 0.939912 0.341362 0.00615596 11.8145 -0.0159641 0.0259305 0.999536 -0.0158985
0.340627 -0.939727 0.0297657 4.32871 0.940079 0.340917 0.00513982 11.9506 -0.0149777 0.0262313 0.999544 -0.0230759
0.33993 -0.939956 0.0305147 4.39402 0.940321 0.340242 0.00555626 12.1193 -0.015605 0.0268049 0.999519 -0.0221144
0.339455 -0.940129 0.0304629 4.43709 0.940498 0.339759 0.00525625 12.2794 -0.0152916 0.0268661 0.999522 -0.0302959
0.340248 -0.939821 0.0310992 4.49417 0.940202 0.340571 0.0056124 12.4448 -0.0158662 0.0273299 0.999501 -0.0202887
0.339605 -0.940064 0.030799 4.55262 0.940423 0.339945 0.00641386 12.5977 -0.0164994 0.0267859 0.999505 -0.0118822
0.339546 -0.940034 0.0323272 4.6073 0.940456 0.339876 0.00515562 12.7442 -0.0158337 0.0286517 0.999464 -0.0196331
0.34076 -0.939608 0.0319211 4.66573 0.940007 0.341105 0.0058882 12.8985 -0.016421 0.0279996 0.999473 -0.0163013
0.338753 -0.940302 0.0328457 4.71967 0.940745 0.33908 0.00480787 13.0511 -0.0156582 0.0292708 0.999449 -0.0161022
0.34069 -0.939653 0.0313549 4.78286 0.940053 0.340995 0.00481525 13.196 -0.0152165 0.0278348 0.999497 -0.0241458
0.340006 -0.939924 0.0306448 4.83735 0.940307 0.340295 0.00460231 13.3738 -0.0147541 0.0272507 0.99952 -0.0237162
0.339436 -0.940111 0.0312184 4.88334 0.940501 0.33975 0.00521228 13.5268 -0.0155066 0.0275917 0.999499 -0.0143258
0.339922 -0.939895 0.0324065 4.942 0.94033 0.340234 0.00447814 13.6746 -0.0152348 0.0289506 0.999465 -0.0172039
0.338621 -0.940356 0.0326608 4.9822 0.940797 0.33894 0.00459439 13.8215 -0.0153904 0.0291714 0.999456 -0.0187565
0.339121 -0.940176 0.0326486 5.05115 0.940613 0.339447 0.0048496 13.9778 -0.015642 0.0290651 0.999455 -0.0191096
0.33842 -0.940525 0.0297275 5.11362 0.940889 0.338687 0.00430074 14.1086 -0.0141133 0.0265148 0.999549 0.0484688
0.337726 -0.940796 0.0290531 5.15728 0.94115 0.337969 0.00376104 14.2898 -0.0133574 0.0260731 0.999571 0.0727045
0.337084 -0.941047 0.0283672 5.2124 0.941359 0.337361 0.00547654 14.4364 -0.0147237 0.0248577 0.999582 0.047845
0.341196 -0.939482 0.0309593 5.26803 0.939883 0.341474 0.00403654 14.6036 -0.0143641 0.0277209 0.999512 0.0799276
0.342138 -0.939175 0.0298591 5.33214 0.939534 0.342422 0.00481904 14.7176 -0.0147503 0.0264048 0.999542 0.0876178
0.340492 -0.939821 0.028295 5.40384 0.940154 0.340729 0.00385263 14.8918 -0.0132617 0.0252898 0.999592 0.106085
0.338528 -0.940504 0.0291801 5.46938 0.94088 0.338733 0.00224581 15.0694 -0.0119965 0.0266947 0.999572 0.0929468
0.340271 -0.93985 0.0299425 5.50483 0.940253 0.340472 0.00172886 15.2338 -0.0118195 0.0275652 0.99955 0.066847
0.343147 -0.938789 0.0304201 5.54559 0.939169 0.343428 0.00437119 15.3792 -0.0145507 0.0270696 0.999528 0.0777336
0.341269 -0.939412 0.032265 5.58511 0.939816 0.341627 0.00612356 15.5278 -0.0167751 0.0282334 0.999461 0.0831994
0.338755 -0.940197 0.03571 5.62568 0.940701 0.339177 0.00633252 15.6683 -0.0180658 0.0314473 0.999342 0.076154
0.338155 -0.940453 0.0346245 5.66945 0.940947 0.338516 0.00498033 15.8308 -0.0164047 0.0308957 0.999388 0.0864368
0.338033 -0.940463 0.0355437 5.72442 0.940976 0.338428 0.00555296 15.9714 -0.0172513 0.0315687 0.999353 0.0757651
0.339355 -0.94003 0.0343819 5.78856 0.940514 0.339716 0.00509284 16.1051 -0.0164675 0.0306084 0.999396 0.0863596
0.339711 -0.939943 0.0332296 5.86001 0.940419 0.340002 0.00337429 16.2579 -0.0144698 0.0301034 0.999442 0.0926792
0.338967 -0.940194 0.0337252 5.90779 0.940671 0.339294 0.00430639 16.4311 -0.0154916 0.0302646 0.999422 0.100873
0.338604 -0.940263 0.035401 5.96732 0.940822 0.338894 0.00234114 16.5298 -0.0141985 0.0325133 0.99937 0.090548
0.337548 -0.940659 0.0349488 6.01144 0.94119 0.337861 0.00329856 16.6828 -0.0149107 0.03178 0.999384 0.0874797
0.337674 -0.940638 0.034283 6.07966 0.941162 0.337948 0.00235362 16.8904 -0.0137998 0.0314711 0.999409 0.0886774
0.337805 -0.94057 0.0348618 6.15827 0.941104 0.338104 0.00290828 17.0693 -0.0145224 0.0318262 0.999388 0.0743896
0.339522 -0.939979 0.0341353 6.18775 0.940466 0.33986 0.00446573 17.1605 -0.0157989 0.0305869 0.999407 0.0739347
0.33759 -0.940649 0.0348113 6.24451 0.941178 0.337896 0.00313893 17.2988 -0.0147152 0.031704 0.999389 0.0687396
0.338113 -0.940502 0.0336909 6.3036 0.940974 0.338448 0.00462092 17.4588 -0.0157486 0.0301399 0.999422 0.0587892
0.338348 -0.940422 0.0335732 6.33935 0.940898 0.338665 0.00405717 17.6282 -0.0151855 0.0302162 0.999428 0.0875518
0.3386 -0.940276 0.0350815 6.4368 0.940813 0.338912 0.00317083 17.8251 -0.014871 0.0319315 0.999379 0.0677329
0.339539 -0.93995 0.0347586 6.47643 0.940487 0.339821 0.00237551 17.9719 -0.0140446 0.0318835 0.999393 0.0591732
0.33959 -0.939952 0.0341944 6.53172 0.940477 0.339851 0.00195714 18.116 -0.0134606 0.0314944 0.999413 0.0625785
0.339633 -0.939886 0.0355585 6.60121 0.940462 0.339897 0.0014786 18.2606 -0.0134759 0.0329392 0.999367 0.0562679
0.338173 -0.940304 0.038292 6.64488 0.940972 0.338481 0.00165523 18.4239 -0.0145175 0.035472 0.999265 0.0510397
0.339653 -0.939762 0.0385157 6.69492 0.940418 0.340009 0.00290932 18.5875 -0.0158298 0.0352327 0.999254 0.0513068
0.337561 -0.940553 0.0375849 6.72661 0.941204 0.337838 0.00108776 18.74 -0.0137207 0.0350079 0.999293 0.065658
0.338361 -0.940304 0.0366192 6.80662 0.940928 0.338607 0.000561672 18.8434 -0.0129277 0.034266 0.999329 0.0734789
0.338849 -0.940204 0.0346164 6.87358 0.940774 0.339034 -0.000540973 19.0463 -0.0112275 0.0327495 0.999401 0.0975326
0.33848 -0.940407 0.0326455 6.94281 0.940881 0.338731 0.00231409 19.2405 -0.0132342 0.0299323 0.999464 0.0678997
0.337897 -0.940585 0.0335394 6.98184 0.941103 0.338119 0.00100452 19.4041 -0.0122851 0.0312246 0.999437 0.0723681
0.339152 -0.940098 0.03453 7.04573 0.940648 0.339382 0.00085021 19.5312 -0.0125181 0.0321922 0.999403 0.0805693
0.337323 -0.940732 0.0351489 7.0825 0.94127 0.337638 0.00326613 19.6715 -0.0149402 0.0319829 0.999377 0.0751439
0.338813 -0.940202 0.0350112 7.14603 0.940748 0.339099 0.00240289 19.7787 -0.0141315 0.0321226 0.999384 0.0944797
0.338489 -0.940272 0.0362306 7.16703 0.940853 0.338803 0.00273015 19.9317 -0.0148422 0.0331636 0.99934 0.081474
0.338307 -0.94043 0.0337524 7.23576 0.940916 0.338618 0.00380242 20.0678 -0.0150051 0.0304718 0.999423 0.069514
0.337745 -0.940632 0.0337636 7.31109 0.941068 0.338149 0.00687813 20.2273 -0.0178869 0.0294508 0.999406 0.0464093
0.338555 -0.940259 0.0359621 7.39016 0.940825 0.338879 0.00315524 20.4158 -0.0151536 0.0327658 0.999348 0.0410016
0.339868 -0.939647 0.0394089 7.43508 0.940341 0.340224 0.00249291 20.5947 -0.0157503 0.0362106 0.99922 0.0432068
0.3396 -0.939959 0.0339089 7.47491 0.940487 0.339828 0.00103953 20.7245 -0.0125003 0.0315379 0.999424 0.0515166
0.339663 -0.93995 0.0335095 7.52474 0.940471 0.339873 0.000616623 20.8566 -0.0119686 0.0313053 0.999438 0.0678987
0.339105 -0.940148 0.0336137 7.59852 0.940672 0.339318 0.00067092 21.0526 -0.0120365 0.0313919 0.999435 0.0578278
0.339615 -0.940086 0.030004 7.66252 0.940482 0.339835 0.00238207 21.1589 -0.0124357 0.0274092 0.999547 0.0324144
0.340276 -0.939797 0.0315265 7.73217 0.940212 0.340565 0.0041611 21.2861 -0.0146474 0.0282257 0.999494 0.0138225
0.340946 -0.939419 0.0353183 7.75739 0.939992 0.341195 0.00110096 21.5023 -0.0130847 0.0328236 0.999376 0.0544866
0.340625 -0.939566 0.0344847 7.80789 0.940093 0.340908 0.0024982 21.6154 -0.0141033 0.0315679 0.999402 0.0461969
0.337984 -0.94053 0.0342073 7.84713 0.941101 0.338121 -0.00187415 21.8314 -0.00980349 0.0328259 0.999413 0.0622825
0.34029 -0.939745 0.0329036 7.87555 0.940261 0.340453 -0.000694438 21.9437 -0.0105496 0.0311743 0.999458 0.0584554
0.340651 -0.939651 0.0318108 7.96655 0.94013 0.340816 -0.000246726 22.0553 -0.0106098 0.0299903 0.999494 0.066769
0.339863 -0.93992 0.0322895 8.00895 0.940421 0.340012 -0.000915614 22.2252 -0.0101182 0.0306769 0.999478 0.0769373
0.341403 -0.939382 0.0317269 8.07446 0.939866 0.341543 -0.0010606 22.3691 -0.0098398 0.0301812 0.999496 0.0860344
0.339933 -0.9399 0.0321571 8.14944 0.940383 0.340118 0.000296526 22.5333 -0.0112159 0.0301392 0.999483 0.0713496
0.3425 -0.938989 0.0315265 8.20579 0.939444 0.342702 0.00107179 22.6815 -0.0118106 0.0292503 0.999502 0.0583568
0.340952 -0.93951 0.0327523 8.27505 0.940015 0.341134 -4.27414e-05 22.8352 -0.0111328 0.0308022 0.999463 0.0480174
0.341487 -0.939328 0.0324053 8.31751 0.939831 0.34164 -0.000863408 22.9896 -0.0102599 0.0307503 0.999474 0.0512845
0.340486 -0.939676 0.0328324 8.38071 0.940194 0.340637 -0.00106001 23.1424 -0.0101879 0.0312297 0.99946 0.0656071
0.340956 -0.939436 0.0347885 8.43887 0.940017 0.341125 -0.00111529 23.2761 -0.0108195 0.0330821 0.999394 0.056095
0.341047 -0.939379 0.035403 8.48246 0.940005 0.341145 -0.00344105 23.4258 -0.00884509 0.0344525 0.999367 0.0656762
0.342828 -0.938836 0.0325103 8.52957 0.939346 0.342968 -0.00133358 23.5938 -0.00989798 0.0309956 0.999471 0.0529931
0.343393 -0.938673 0.0312072 8.58062 0.939148 0.343507 -0.00180475 23.7394 -0.0090258 0.0299279 0.999511 0.0624878
0.342806 -0.938873 0.0316602 8.64618 0.939337 0.342996 0.00062441 23.8815 -0.0114456 0.0295255 0.999498 0.051369
0.342059 -0.939101 0.0329405 8.71594 0.939596 0.342284 0.00127333 24.0332 -0.0124708 0.0305152 0.999456 0.0645325
0.341042 -0.939316 0.0370982 8.75838 0.939921 0.341378 0.0029445 24.2172 -0.0154303 0.0338651 0.999307 0.0582212
0.340257 -0.939597 0.0371877 8.79119 0.940221 0.340561 0.00196503 24.3595 -0.014511 0.0342961 0.999306 0.058831
0.341979 -0.93899 0.0367281 8.82938 0.939611 0.342243 0.000979628 24.4975 -0.0134898 0.0341751 0.999325 0.0622553
0.342663 -0.938827 0.0344367 8.94379 0.939391 0.342846 -0.000631472 24.6261 -0.0112136 0.0325659 0.999407 0.050044
0.341842 -0.93921 0.0320676 8.99413 0.939674 0.342067 0.0016285 24.8311 -0.0124988 0.0295764 0.999484 0.0560037
0.343007 -0.938739 0.0334057 9.04676 0.939255 0.34322 0.000671401 24.9988 -0.0120958 0.0311461 0.999442 0.054826
0.342111 -0.939029 0.0344338 9.09398 0.939539 0.342425 0.00350864 25.1528 -0.0150857 0.0311515 0.999401 0.0651258
0.343205 -0.938663 0.03349 9.1372 0.939175 0.343437 0.00125019 25.2823 -0.0126752 0.0310239 0.999438 0.0627955
0.343777 -0.938484 0.0326483 9.20806 0.938972 0.343991 0.00101108 25.4403 -0.0121796 0.0303083 0.999466 0.0518971
0.344597 -0.938184 0.0326155 9.23664 0.938652 0.344858 0.00257084 25.5837 -0.0136596 0.0297287 0.999465 0.0357337
0.342906 -0.938775 0.0334083 9.26613 0.93927 0.343171 0.00236609 25.7322 -0.013686 0.0305681 0.999439 0.0518137
0.341593 -0.93918 0.0354277 9.32929 0.939723 0.341921 0.00344932 25.8816 -0.015353 0.0321139 0.999366 0.078689
0.341854 -0.939179 0.0328247 9.40404 0.939653 0.34212 0.00266137 26.023 -0.0137295 0.029934 0.999458 0.0716907
0.341691 -0.939228 0.0331412 9.48057 0.939723 0.341933 0.00177897 26.1796 -0.0130029 0.0305357 0.999449 0.0563078
0.342617 -0.938833 0.0347391 9.5272 0.939386 0.342859 0.00109335 26.3276 -0.0129371 0.0322588 0.999396 0.0960437
0.34286 -0.938724 0.035284 9.56092 0.9393 0.343097 0.000698997 26.4682 -0.012762 0.0329026 0.999377 0.0962166
0.344139 -0.938255 0.0352883 9.611 0.938831 0.344377 0.000728781 26.64 -0.0128363 0.032879 0.999377 0.0849254
0.343557 -0.938454 0.0356822 9.66413 0.939045 0.343793 0.000505276 26.7795 -0.0127415 0.0333336 0.999363 0.101496
0.341877 -0.939056 0.0359762 9.70388 0.939665 0.342097 -4.01158e-05 26.8865 -0.0122697 0.0338193 0.999353 0.0862599
0.341496 -0.939219 0.0353207 9.78622 0.939777 0.34178 0.00216809 27.0502 -0.0141082 0.0324532 0.999374 0.123276
0.34161 -0.93926 0.033069 9.84064 0.939753 0.341849 0.00168961 27.1842 -0.0128916 0.0304995 0.999452 0.119196
0.341922 -0.939144 0.0331266 9.88945 0.939643 0.342153 0.00140629 27.3518 -0.0126551 0.0306464 0.99945 0.0957246
0.343593 -0.938519 0.0335448 9.94064 0.939059 0.343754 -0.00102161 27.5092 -0.0105724 0.0318516 0.999437 0.0993299
0.342954 -0.938822 0.031562 9.98681 0.9393 0.343095 -0.000997597 27.6576 -0.00989218 0.0299883 0.999501 0.0811211
0.342207 -0.93913 0.0304698 10.0803 0.939572 0.342352 -0.000480841 27.8238 -0.00997983 0.0287931 0.999536 0.0574939
0.341247 -0.939455 0.0312374 10.1579 0.939921 0.341391 -0.000745258 28.0004 -0.00996405 0.029615 0.999512 0.0490899
0.341945 -0.939216 0.0307771 10.1698 0.939673 0.342072 -0.00120553 28.102 -0.00939575 0.0293326 0.999526 0.0515334
0.34209 -0.9392 0.0296414 10.2265 0.939624 0.342207 -0.00117923 28.2096 -0.00903596 0.0282552 0.99956 0.0615832
0.343692 -0.938557 0.0314164 10.2957 0.939034 0.343821 -0.00134123 28.3866 -0.0095428 0.029962 0.999505 0.0628991
0.348342 -0.936888 0.0299783 10.3559 0.93733 0.348434 -0.00225415 28.5383 -0.00833358 0.0288848 0.999548 0.0562629
0.354082 -0.934746 0.0295835 10.4199 0.935174 0.354184 -0.00187819 28.6997 -0.00872239 0.0283307 0.99956 0.0475545
0.36097 -0.932121 0.02918 10.4799 0.932539 0.361064 -0.00218733 28.8721 -0.00849699 0.0280011 0.999572 0.0489211
0.367775 -0.929371 0.0318108 10.5037 0.929864 0.367898 -0.00210999 28.9878 -0.00974217 0.0303557 0.999492 0.0685065
0.373461 -0.927219 0.0281478 10.5872 0.927605 0.373558 -0.00195571 29.1581 -0.00870145 0.0268404 0.999602 0.0635606
0.380409 -0.924387 0.0282485 10.6507 0.924776 0.380508 -0.00201148 29.289 -0.0088894 0.0268888 0.999599 0.0703803
0.383675 -0.923026 0.0285734 10.7269 0.923428 0.383765 -0.00247433 29.4587 -0.00868162 0.0273348 0.999589 0.0738365
0.390294 -0.920196 0.0301631 10.7785 0.920634 0.390424 -0.00170088 29.625 -0.0102112 0.028433 0.999544 0.0921616
0.394935 -0.918175 0.0313317 10.852 0.918646 0.395079 -0.00171444 29.8032 -0.0108043 0.0294598 0.999508 0.0897834
0.397869 -0.916928 0.0306997 10.8909 0.917338 0.398106 0.00174897 29.8816 -0.0138254 0.0274662 0.999527 0.089256
0.401718 -0.915225 0.0313847 10.9668 0.915623 0.402021 0.00374171 30.0321 -0.0160418 0.0272334 0.9995 0.0732237
0.403821 -0.914232 0.033303 11.0334 0.914611 0.404265 0.00758831 30.2055 -0.0204007 0.0273949 0.999416 0.0576717
0.407305 -0.912689 0.0331817 11.097 0.913088 0.407713 0.00630638 30.3355 -0.0192844 0.0277292 0.999429 0.0307047
0.406763 -0.912976 0.031924 11.1669 0.913423 0.407009 0.00133604 30.4991 -0.0142131 0.0286166 0.999489 0.0500171
0.406646 -0.913032 0.0318082 11.222 0.913442 0.406953 0.00355373 30.639 -0.0161891 0.0276099 0.999488 0.0383561
0.406011 -0.913334 0.0312482 11.2903 0.913712 0.406336 0.00458626 30.7839 -0.016886 0.0266898 0.999501 0.0475966
0.404389 -0.914003 0.032666 11.3577 0.914375 0.404807 0.00709212 30.9402 -0.0197056 0.027001 0.999441 0.0729686
0.404669 -0.913855 0.0333382 11.4049 0.91418 0.405182 0.0101062 31.0642 -0.0227436 0.0263875 0.999393 0.0369665
0.407346 -0.912653 0.0336621 11.4909 0.913021 0.407823 0.00847913 31.2034 -0.0214667 0.0272803 0.999397 0.033894
0.409735 -0.911611 0.0328998 11.5444 0.912036 0.410086 0.00443923 31.3059 -0.0175386 0.0281869 0.999449 0.0308013
0.409599 -0.911734 0.0311323 11.6423 0.912166 0.409821 0.000815385 31.4458 -0.0135021 0.0280639 0.999515 0.0199179
0.408835 -0.912098 0.0305079 11.72 0.91253 0.409009 -0.000575605 31.6519 -0.011953 0.0280747 0.999534 -0.00388512
0.40994 -0.911612 0.0301937 11.8124 0.91205 0.410073 -0.00192388 31.8183 -0.0106278 0.0283269 0.999542 0.0274782
0.410672 -0.911329 0.0287818 11.8306 0.911722 0.410806 -0.00134903 31.9417 -0.0105943 0.026795 0.999585 0.0251063
0.410236 -0.911486 0.0299867 11.9137 0.911916 0.410373 -0.00170332 32.0347 -0.0107532 0.0280441 0.999549 0.050643
0.413351 -0.910115 0.0288291 11.9692 0.910514 0.413475 -0.00179979 32.1964 -0.0102821 0.0269932 0.999583 0.0242833
0.413659 -0.909947 0.0297184 12.0029 0.910357 0.413823 -0.000676829 32.3397 -0.0116823 0.0273343 0.999558 0.0336244
0.412487 -0.91045 0.0305759 12.0641 0.910873 0.412686 0.000229402 32.4752 -0.0128271 0.0277562 0.999532 0.0598732
0.412027 -0.91058 0.0328326 12.1682 0.911086 0.412215 -0.00113625 32.5993 -0.0124995 0.0303815 0.99946 0.055278
0.413265 -0.909956 0.0345322 12.1883 0.910509 0.413489 -0.000737982 32.7643 -0.0136071 0.0317468 0.999403 0.0568343
0.413128 -0.910107 0.0321119 12.2464 0.910605 0.413271 -0.00236334 32.9304 -0.01112 0.0302176 0.999481 0.0589729
0.412419 -0.910544 0.0286255 12.3281 0.910936 0.412544 -0.00168515 33.0584 -0.0102749 0.026771 0.999589 0.0614217
0.414656 -0.909476 0.0302457 12.4083 0.90991 0.414804 -0.00147936 33.2109 -0.0112006 0.0281343 0.999541 0.0691145
0.412825 -0.910249 0.0319566 12.4617 0.910751 0.412944 -0.00308457 33.3468 -0.0103886 0.0303779 0.999484 0.0565374
0.41085 -0.911134 0.0321972 12.5264 0.911619 0.411036 -0.000928172 33.486 -0.0123885 0.0297329 0.999481 0.0553102
0.403535 -0.914338 0.0338317 12.5397 0.914853 0.403786 0.000626356 33.5666 -0.0142335 0.0306983 0.999427 0.0656294
0.396273 -0.917519 0.0335691 12.6112 0.918047 0.396469 -0.000873875 33.6758 -0.0125073 0.0311644 0.999436 0.0845304
0.396027 -0.917679 0.0320689 12.6692 0.91817 0.396183 -0.00161723 33.8628 -0.0112211 0.0300852 0.999484 0.0763966
0.395132 -0.918162 0.0291469 12.7593 0.918581 0.395223 -0.00280406 34.0098 -0.00894495 0.0278818 0.999571 0.0670128
0.395159 -0.918171 0.0284735 12.8065 0.918552 0.395301 -0.000722726 34.1587 -0.010592 0.02644 0.999594 0.0760239
0.394777 -0.918299 0.0296134 12.88 0.918719 0.39491 -0.00148454 34.2735 -0.0103314 0.0277924 0.99956 0.069197
0.39408 -0.918551 0.0310722 12.9253 0.91903 0.394174 -0.00328736 34.429 -0.00922825 0.0298518 0.999512 0.0705763
0.393788 -0.91872 0.0297449 12.973 0.919158 0.393877 -0.00306634 34.5456 -0.00889872 0.0285478 0.999553 0.0654214
0.39213 -0.919403 0.0305136 13.0374 0.919847 0.392274 -0.00137968 34.689 -0.0107012 0.0286089 0.999533 0.0865252
0.394041 -0.918633 0.0290648 13.0928 0.919059 0.3941 -0.00390873 34.7824 -0.00786373 0.0282524 0.99957 0.0768795
0.39504 -0.918222 0.0284907 13.1819 0.918615 0.395149 -0.00194873 34.9546 -0.00946869 0.0269418 0.999592 0.094356
0.395322 -0.918099 0.0285483 13.2304 0.918494 0.395429 -0.0020375 35.1225 -0.0094182 0.0270269 0.99959 0.0715026
0.39405 -0.918659 0.0280978 13.2863 0.919024 0.394203 -0.000118203 35.2214 -0.0109676 0.0258691 0.999605 0.0817965
0.395525 -0.917969 0.029887 13.3167 0.918395 0.395662 -0.00143496 35.362 -0.0105079 0.0280156 0.999552 0.0812014
0.392037 -0.919242 0.0360663 13.3611 0.919777 0.392421 0.00396077 35.502 -0.0177941 0.0316202 0.999342 0.116504
0.394109 -0.918309 0.0372423 13.4238 0.918899 0.394481 0.0029228 35.683 -0.0173754 0.03307 0.999302 0.10764
0.394493 -0.918062 0.0392052 13.4982 0.918654 0.395014 0.00624688 35.8294 -0.0212216 0.0335517 0.999212 0.100304
0.395277 -0.917845 0.0362962 13.5734 0.918293 0.395809 0.00858675 35.9204 -0.0222477 0.0299364 0.999304 0.0716037
0.393781 -0.918359 0.0394053 13.62 0.91891 0.394378 0.00839754 36.0662 -0.0232525 0.0329031 0.999188 0.0660554
0.394655 -0.918364 0.0292464 13.7038 0.918787 0.394742 -0.00299191 36.2288 -0.0087971 0.028052 0.999568 0.0723463
0.394162 -0.918664 0.0263305 13.7751 0.919021 0.394181 -0.0046811 36.3674 -0.00607864 0.0260434 0.999642 0.0713856
0.392403 -0.919269 0.0310405 13.8427 0.919763 0.392441 -0.00510586 36.5164 -0.0074879 0.0305534 0.999505 0.102225
0.394648 -0.918366 0.0292766 13.8797 0.918811 0.394658 -0.0056743 36.6183 -0.00634315 0.029139 0.999555 0.101503
0.396898 -0.917345 0.0308151 13.9644 0.917828 0.396952 -0.00462486 36.799 -0.0079895 0.0301185 0.999514 0.0993289
0.397251 -0.917176 0.0312964 14.0295 0.917663 0.397345 -0.00343904 36.9475 -0.00928125 0.0300857 0.999504 0.102583
0.397457 -0.917097 0.030986 14.0774 0.91758 0.397529 -0.00404728 37.0638 -0.00860607 0.0300407 0.999512 0.101266
0.396856 -0.917342 0.0314608 14.1318 0.917848 0.396897 -0.00517699 37.1928 -0.00773763 0.0309307 0.999492 0.120344
0.394486 -0.918184 0.0363231 14.2097 0.918836 0.394622 -0.00362788 37.3653 -0.0110029 0.0348061 0.999334 0.102627
0.395263 -0.917826 0.0369087 14.2436 0.918491 0.395431 -0.00294787 37.4965 -0.0118892 0.0350655 0.999314 0.101936
0.395826 -0.917695 0.0340241 14.299 0.91825 0.395996 -0.00186273 37.6637 -0.011764 0.0319799 0.999419 0.10511
0.39509 -0.918123 0.0308973 14.3497 0.918593 0.395193 -0.0029614 37.7886 -0.00949148 0.0295521 0.999518 0.109564
0.394953 -0.918199 0.0303681 14.4256 0.918618 0.395146 0.000409849 37.9476 -0.0123762 0.0277348 0.999539 0.0762886
0.395951 -0.917694 0.0325805 14.5002 0.918192 0.396135 -0.000871998 38.063 -0.012106 0.0302604 0.999469 0.0697115
0.395865 -0.917661 0.0344708 14.556 0.918192 0.396134 0.00104847 38.2062 -0.0146172 0.0312358 0.999405 0.0822131
0.395676 -0.917748 0.034339 14.595 0.918315 0.395845 -0.00202116 38.3357 -0.011738 0.0323338 0.999408 0.101337
0.396535 -0.917386 0.0341123 14.6817 0.917962 0.396653 -0.00354375 38.4689 -0.0102798 0.0327191 0.999412 0.0908182
0.398026 -0.916899 0.0295234 14.7486 0.917334 0.398105 -0.00342662 38.6338 -0.00861153 0.0284467 0.999558 0.102079
0.396234 -0.917616 0.0312835 14.8198 0.918073 0.396411 -0.000595493 38.8117 -0.0118547 0.0289565 0.99951 0.114262
0.396353 -0.917468 0.0340019 14.8561 0.918009 0.396559 -0.000746383 38.9298 -0.012799 0.0315098 0.999421 0.113524
0.397315 -0.917055 0.0339158 14.8866 0.917584 0.397542 -6.15669e-05 39.0514 -0.0134265 0.0311451 0.999425 0.102398
0.397532 -0.917057 0.0312393 14.9523 0.917517 0.397696 -0.00102693 39.1627 -0.011482 0.0290709 0.999511 0.0970268
0.396915 -0.91734 0.0307478 15.0456 0.917788 0.397069 -0.00117402 39.3056 -0.011132 0.028686 0.999526 0.129287
0.399034 -0.916445 0.0300162 15.11 0.916896 0.399109 -0.00369174 39.4654 -0.00859645 0.0289948 0.999543 0.101909
0.398824 -0.91652 0.0304891 15.1864 0.916965 0.398965 -0.0015914 39.6199 -0.0107055 0.0285921 0.999534 0.118431
0.400084 -0.915977 0.0303188 15.2697 0.916417 0.400221 -0.00167135 39.7956 -0.0106033 0.0284533 0.999539 0.114857
0.400179 -0.915917 0.0308652 15.3379 0.916406 0.400215 -0.00526976 39.911 -0.00752604 0.0303939 0.99951 0.11982
0.398959 -0.916485 0.0297992 15.3869 0.916925 0.399047 -0.0031646 40.069 -0.00899099 0.0285862 0.999551 0.136236
0.399576 -0.916196 0.0303889 15.4406 0.916661 0.399647 -0.0039773 40.2169 -0.00850083 0.0294455 0.99953 0.106622
0.398888 -0.916494 0.0304518 15.5141 0.916945 0.399008 -0.00230572 40.3615 -0.0100373 0.0288423 0.999534 0.132459
0.400157 -0.915956 0.029966 15.5833 0.916399 0.400256 -0.00288806 40.4957 -0.00934875 0.0286165 0.999547 0.140953
0.399351 -0.916299 0.0302585 15.6513 0.916766 0.399396 -0.00479486 40.6351 -0.00769158 0.0296548 0.999531 0.147803
0.40032 -0.915877 0.0302209 15.712 0.916346 0.400354 -0.00520683 40.7892 -0.00733025 0.0297772 0.99953 0.13014
0.400639 -0.915653 0.0326904 15.8032 0.916171 0.40078 -0.00240744 40.9302 -0.0108973 0.0309145 0.999463 0.177709
0.400362 -0.915752 0.0332963 15.8217 0.916283 0.400526 -0.00187445 41.0972 -0.0116195 0.0312593 0.999444 0.171534
0.399425 -0.916203 0.0321214 15.8821 0.916701 0.399568 -0.00214224 41.2622 -0.0108719 0.0303014 0.999482 0.157086
0.400683 -0.91569 0.0310722 15.9072 0.916191 0.400696 -0.00610106 41.4101 -0.0068638 0.0309126 0.999498 0.124017
0.399853 -0.916059 0.0308841 16.0021 0.916542 0.399915 -0.00441683 41.5665 -0.00830496 0.0300727 0.999513 0.164601
0.400404 -0.915751 0.0327978 16.0737 0.916303 0.400447 -0.00555027 41.7058 -0.00805109 0.032275 0.999447 0.161013
0.400841 -0.915511 0.0341576 16.1219 0.916112 0.400877 -0.006105 41.8517 -0.00810379 0.0337393 0.999398 0.152101
0.400084 -0.915899 0.0325911 16.1825 0.916449 0.400103 -0.00622566 42.0373 -0.00733774 0.0323589 0.999449 0.168523
0.400466 -0.915738 0.0324036 16.2595 0.916274 0.40052 -0.00512115 42.1939 -0.00828865 0.0317414 0.999462 0.169732
0.401896 -0.915136 0.0317241 16.3355 0.915636 0.401992 -0.00356125 42.3486 -0.00949381 0.030479 0.99949 0.144497
0.400415 -0.915737 0.0330627 16.407 0.916273 0.400544 -0.00292523 42.4913 -0.0105643 0.0314658 0.999449 0.170276
0.401421 -0.915194 0.0358067 16.5211 0.915842 0.401508 -0.00502083 42.6798 -0.00978167 0.0348087 0.999346 0.175731
0.401564 -0.915278 0.0318325 16.6088 0.915803 0.401579 -0.00620592 42.882 -0.0071031 0.0316444 0.999474 0.182355
