0.473732 -0.880533 0.0154963 1.08204 0.88066 0.473732 -0.00385802 1.43554 -0.00394397 0.0154746 0.999873 0.925839
0.471616 -0.881706 0.0131868 1.49753 0.88178 0.471661 0.000370513 2.26088 -0.0065464 0.0114531 0.999913 0.972042
0.467321 -0.884085 -0.00195657 2.43233 0.883747 0.467202 -0.0267032 4.03305 0.024522 0.0107499 0.999641 1.01673
0.466879 -0.884321 -0.000563305 2.79933 0.884041 0.466748 -0.0248624 4.765 0.0222492 0.0111097 0.999691 1.0423
0.4672 -0.8841 0.00956007 3.10788 0.884148 0.467202 -0.00214382 5.39218 -0.00257113 0.00945411 0.999952 1.05467
0.465726 -0.884874 0.00992632 3.62936 0.884904 0.465598 -0.0127689 6.42528 0.00667722 0.0147307 0.999869 1.06901
0.46545 -0.884902 0.0174256 3.9401 0.885032 0.465531 0.000618961 7.03801 -0.00865985 0.0151341 0.999848 1.08299
0.464611 -0.885404 0.0139926 4.49373 0.885493 0.46443 -0.0144028 8.12875 0.00625374 0.0190821 0.999798 1.10916
0.464839 -0.885147 0.0209568 4.76787 0.8853 0.465006 0.00369869 8.66568 -0.0130189 0.0168338 0.999774 1.10877
0.465494 -0.884734 0.0237001 5.27885 0.884885 0.465759 0.00692516 9.66277 -0.0171654 0.0177482 0.999695 1.10473
0.466439 -0.884124 0.0275646 5.66475 0.88415 0.466941 0.0156513 10.4065 -0.0267088 0.0170709 0.999498 1.09273
0.467711 -0.883566 0.023605 6.18656 0.883749 0.467936 0.00483114 11.4091 -0.0153143 0.0186013 0.99971 1.06979
0.469028 -0.882851 0.0242503 6.56444 0.883013 0.469299 0.00674148 12.1292 -0.0173324 0.0182514 0.999683 1.06838
0.470246 -0.882339 0.0186238 7.07176 0.882521 0.470252 -0.0043156 13.0941 -0.00495007 0.0184653 0.999817 1.07353
0.471077 -0.881963 0.0151148 7.53026 0.882085 0.470938 -0.0119505 13.9607 0.00342179 0.0189622 0.999814 1.09205
0.47104 -0.881972 0.0157225 7.99248 0.882103 0.47088 -0.0129341 14.8228 0.00400414 0.0199613 0.999793 1.10925
0.470477 -0.882129 0.0223317 8.40143 0.882367 0.470558 -0.00181774 15.5969 -0.00890487 0.0205599 0.999749 1.10227
0.469465 -0.882338 0.0329094 8.83326 0.882725 0.469862 0.00510894 16.4103 -0.0199707 0.0266515 0.999445 1.09594
0.467937 -0.883005 0.0365637 9.37254 0.88367 0.468085 -0.00491608 17.4148 -0.012774 0.0346106 0.999319 1.08112
0.466686 -0.88359 0.0383922 9.79216 0.884322 0.46685 -0.00511652 18.1874 -0.0134025 0.0363388 0.99925 1.06693
0.463452 -0.885807 0.0236371 10.7977 0.886077 0.462997 -0.0223749 20.0882 0.00887587 0.031314 0.99947 1.07396
0.463115 -0.885892 0.0268176 11.1783 0.886277 0.463099 -0.00719635 20.8235 -0.006044 0.0271005 0.999614 1.07705
0.461762 -0.886699 0.0232714 11.7078 0.886991 0.46174 -0.0066421 21.857 -0.00485579 0.0237086 0.999707 1.07538
0.460826 -0.887281 0.0192893 12.1932 0.887489 0.46068 -0.0116991 22.8141 0.00149415 0.0225103 0.999745 1.07071
0.459771 -0.887537 0.0298243 12.9951 0.887617 0.460327 0.0153044 24.4074 -0.0273122 0.019436 0.999438 1.06706
0.459744 -0.887587 0.0287147 13.5141 0.887706 0.460226 0.0130183 25.4349 -0.0247701 0.0195052 0.999503 1.05626
0.460059 -0.887504 0.0261127 14.0106 0.887813 0.460204 -0.000527721 26.3961 -0.0115488 0.023426 0.999659 1.04467
0.459924 -0.887447 0.0301309 14.3658 0.887739 0.4603 0.00663805 27.0917 -0.0197602 0.0236954 0.999524 1.03041
0.459952 -0.887568 0.0258261 14.9005 0.887874 0.460086 -0.000822205 28.144 -0.0111525 0.0233085 0.999666 1.02105
0.458827 -0.888007 0.0303656 15.2807 0.888308 0.459203 0.00646017 28.8984 -0.0196807 0.0240099 0.999518 1.02495
0.458252 -0.888365 0.0285164 15.8176 0.888763 0.458357 -0.00312918 29.9512 -0.0102908 0.0267783 0.999588 1.02352
0.457781 -0.888522 0.0310699 16.216 0.888975 0.457952 -0.00178326 30.7219 -0.012644 0.0284367 0.999516 1.01661
0.457216 -0.888848 0.0300474 16.6368 0.88923 0.457458 0.00132355 31.5489 -0.0149218 0.0261139 0.999548 1.023
0.457174 -0.889055 0.0239407 17.141 0.889349 0.457209 -0.00429495 32.5421 -0.00712747 0.0232552 0.999704 1.04048
0.457089 -0.889161 0.0215298 17.6019 0.889413 0.457052 -0.00687763 33.4397 -0.00372492 0.0222926 0.999745 1.05808
0.45664 -0.889218 0.0277713 17.9887 0.889532 0.456868 0.00212134 34.192 -0.0145741 0.0237347 0.999612 1.07012
0.45682 -0.889143 0.0272299 18.5124 0.889516 0.456885 -0.00413256 35.2142 -0.0087665 0.0261093 0.999621 1.07085
0.456747 -0.889125 0.0289718 18.9245 0.889575 0.456722 -0.00783898 36.0118 -0.00626225 0.029353 0.999549 1.05795
0.456398 -0.889267 0.030088 19.3702 0.889769 0.456268 -0.0114499 36.8774 -0.00354614 0.0319971 0.999482 1.05445
0.454922 -0.889817 0.0356679 19.733 0.890398 0.455182 -0.000933211 37.5856 -0.015405 0.0321831 0.999363 1.05498
0.454319 -0.890163 0.0346995 20.261 0.890774 0.454411 -0.00562786 38.6304 -0.0107581 0.0334663 0.999382 1.06374
0.453483 -0.89042 0.0387883 20.6703 0.891121 0.453763 -0.00175847 39.4404 -0.0160349 0.0353625 0.999246 1.073
0.452609 -0.890743 0.0414905 21.0866 0.891409 0.453174 0.00486739 40.2758 -0.023138 0.034782 0.999127 1.07139
0.451809 -0.891249 0.0392839 21.5191 0.891882 0.452258 0.00290812 41.1571 -0.0203583 0.0337227 0.999224 1.05026
0.450072 -0.892052 0.0409799 21.8636 0.892659 0.450684 0.00664579 41.8419 -0.0243974 0.03359 0.999138 1.02243
0.447663 -0.89358 0.0333445 22.7244 0.893942 0.448121 0.00741714 43.6026 -0.0215702 0.0264877 0.999416 1.01618
0.448021 -0.893685 0.0245718 23.199 0.893973 0.448116 -0.00177413 44.5753 -0.00942552 0.0227614 0.999696 1.03366
0.445157 -0.895141 0.0236129 24.2999 0.89541 0.445239 -0.00198322 46.8093 -0.00873812 0.0220261 0.999719 1.04604
0.445125 -0.895303 0.0171958 24.7288 0.895444 0.444892 -0.0158268 47.6754 0.00651949 0.0224428 0.999727 1.05332
0.44305 -0.89624 0.0214413 25.0114 0.896485 0.443038 -0.00555649 48.2575 -0.00451938 0.0216836 0.999755 1.06093
0.442184 -0.896697 0.0201983 25.4219 0.896924 0.442091 -0.00913884 49.0966 -0.000734698 0.0221573 0.999754 1.06557
0.43838 -0.898455 0.024541 26.064 0.898603 0.438683 0.00842842 50.436 -0.0183383 0.0183577 0.999663 1.0688
0.437256 -0.899051 0.0226905 26.4257 0.899125 0.437561 0.0106838 51.2003 -0.0195338 0.01573 0.999686 1.07097
0.43555 -0.899897 0.0219542 26.7272 0.899939 0.435857 0.0117299 51.8352 -0.0201246 0.0146485 0.99969 1.06
0.435797 -0.899918 0.0151454 27.07 0.900036 0.435805 -0.00293424 52.585 -0.00395988 0.0149102 0.999881 1.04046
0.435068 -0.90029 0.0139453 27.3614 0.900381 0.434915 -0.0127575 53.2142 0.0054204 0.0181065 0.999821 1.03423
0.432937 -0.90127 0.0166521 27.5953 0.90142 0.432916 -0.00503939 53.7223 -0.00266711 0.0171923 0.999849 1.05261
0.432874 -0.901331 0.0149401 27.9571 0.901453 0.432843 -0.00539834 54.4863 -0.00160103 0.0158046 0.999874 1.07468
0.431598 -0.901927 0.0158154 28.2167 0.902041 0.43165 -0.000156092 55.0499 -0.00668594 0.0143335 0.999875 1.09117
0.430025 -0.902605 0.0195722 28.4837 0.902777 0.43011 0.000140081 55.6101 -0.00854462 0.0176091 0.999808 1.09269
0.429424 -0.902746 0.0253877 28.7522 0.903077 0.429455 -0.00448671 56.1571 -0.00685253 0.0248538 0.999668 1.09439
0.429191 -0.902729 0.0295935 28.9918 0.90318 0.429229 -0.0053826 56.6459 -0.00784335 0.0290384 0.999547 1.09766
0.432703 -0.901153 0.0262876 29.3045 0.901537 0.432523 -0.0124792 57.2948 -0.000124338 0.029099 0.999577 1.11308
0.441036 -0.897269 0.0198958 29.7956 0.897489 0.440959 -0.00832576 58.3268 -0.00130278 0.0215282 0.999767 1.12221
0.444511 -0.895416 0.0253104 30.0134 0.89572 0.444615 -0.00168878 58.7406 -0.00974122 0.0234217 0.999678 1.12829
0.452648 -0.891235 0.0284548 30.3 0.89163 0.452757 -0.00286192 59.3031 -0.0103325 0.0266666 0.999591 1.13428
0.464328 -0.885359 0.0232058 30.5628 0.885657 0.464261 -0.00853835 59.8409 -0.00321404 0.024517 0.999694 1.13214
0.473017 -0.880723 0.0241387 30.7449 0.881004 0.473104 -0.00230535 60.1733 -0.00938977 0.0223568 0.999706 1.13037
0.487056 -0.87307 0.0229353 30.9893 0.873261 0.487243 0.00306129 60.6011 -0.0138478 0.0185375 0.999732 1.12634
0.510151 -0.859832 0.0208637 31.3003 0.860033 0.510237 -0.00136546 61.0897 -0.00947136 0.0186401 0.999781 1.12356
0.530024 -0.847637 0.024205 31.5116 0.847905 0.530145 -0.00163781 61.3986 -0.0114439 0.0213916 0.999706 1.12027
0.560335 -0.827917 0.0240305 31.7885 0.828227 0.560353 -0.00661274 61.7945 -0.00799077 0.0236081 0.999689 1.11752
0.585531 -0.810253 0.0253702 32.0039 0.810571 0.585624 -0.00437002 62.0927 -0.0113166 0.0231231 0.999669 1.12106
0.620116 -0.784138 0.0241504 32.2939 0.784419 0.620219 -0.00385016 62.4685 -0.0119595 0.0213316 0.999701 1.12306
0.652944 -0.756958 0.026053 32.5635 0.757271 0.653091 -0.00355252 62.7517 -0.0143259 0.0220488 0.999654 1.1165
0.729267 -0.683767 0.0251469 33.202 0.684087 0.729373 -0.00637241 63.3162 -0.0139842 0.0218498 0.999663 1.09571
0.761807 -0.647276 0.0261551 33.4844 0.647546 0.762022 -0.00258128 63.5189 -0.0182599 0.0189031 0.999655 1.09569
0.800262 -0.599123 0.0251505 33.825 0.599327 0.800504 -0.000747397 63.7379 -0.0196853 0.0156715 0.999683 1.09363
0.834714 -0.550042 0.0265637 34.1601 0.550215 0.835022 0.000947485 63.9141 -0.0227024 0.0138249 0.999647 1.08552
0.899331 -0.436361 0.0281494 34.8809 0.43647 0.899715 0.00249445 64.2164 -0.0264149 0.010043 0.999601 1.05377
0.921564 -0.386911 0.031949 35.2004 0.386969 0.922081 0.00458357 64.3326 -0.031233 0.00813923 0.999479 1.03961
0.950104 -0.310756 0.0270585 35.6534 0.310714 0.950485 0.00586466 64.4672 -0.0275412 0.00283541 0.999617 1.02714
0.965924 -0.257153 0.029388 35.9922 0.256939 0.966366 0.0109068 64.5727 -0.0312042 -0.00298422 0.999509 1.01831
0.980868 -0.192366 0.0298899 36.4001 0.191995 0.981283 0.0148612 64.6789 -0.0321892 -0.00883814 0.999443 1.0072
0.989443 -0.14097 0.0336109 36.749 0.140557 0.989968 0.014359 64.7574 -0.0352979 -0.00948315 0.999332 0.997888
0.997119 -0.0696502 0.0300382 37.2289 0.0693548 0.997534 0.0107677 64.8406 -0.0307141 -0.00865343 0.999491 0.988875
0.999211 -0.0235359 0.0319833 37.5719 0.0232584 0.999689 0.00902169 64.8975 -0.0321857 -0.0082707 0.999448 0.986526
0.998731 0.0433437 0.0256475 38.0513 -0.0436472 0.998982 0.0113939 64.9547 -0.0251275 -0.0124989 0.999606 0.985189
0.995533 0.0929865 0.0163502 38.3607 -0.0929814 0.995667 -0.00107333 64.861 -0.0163791 -0.000451722 0.999866 0.981423
0.991209 0.131503 0.014539 38.6271 -0.1313 0.991242 -0.0141113 64.7317 -0.0162674 0.0120782 0.999795 0.964709
0.984418 0.175151 0.0155781 38.9812 -0.174648 0.984196 -0.0292809 64.577 -0.0204605 0.026104 0.99945 0.950892
0.976884 0.212819 0.0201609 39.3453 -0.212028 0.976618 -0.0355316 64.4359 -0.0272513 0.0304356 0.999165 0.947103
0.967307 0.252851 0.019564 39.7722 -0.252402 0.967354 -0.0227932 64.3277 -0.0246886 0.01711 0.999549 0.952639
0.961231 0.274554 0.0256117 40.0697 -0.274386 0.961568 -0.00992741 64.2941 -0.027353 0.00251506 0.999623 0.960097
0.951668 0.306029 0.025958 40.5192 -0.306299 0.951909 0.00708219 64.2135 -0.0225423 -0.0146908 0.999638 0.958175
0.943683 0.32999 0.0238531 40.9183 -0.330349 0.94377 0.0129834 64.1342 -0.0182275 -0.020132 0.999631 0.93814
0.937878 0.345978 0.0261487 41.2504 -0.346309 0.938074 0.00930155 64.0545 -0.0213113 -0.0177793 0.999615 0.883087
0.929883 0.36735 0.0192773 41.7064 -0.367498 0.930012 0.00469197 63.9242 -0.0162046 -0.0114474 0.999803 0.79455
0.923443 0.383562 0.0115455 42.092 -0.383577 0.923508 -0.000950758 63.7671 -0.011027 -0.00355062 0.999933 0.76826
0.916017 0.401115 0.00442688 42.5123 -0.401087 0.91602 -0.00600496 63.5586 -0.00646379 0.00372508 0.999972 0.800052
0.901497 0.432785 -0.000516852 43.4055 -0.432757 0.901424 -0.0124959 63.092 -0.00494214 0.0114887 0.999922 0.863437
0.897119 0.441717 0.00801621 43.7455 -0.441561 0.89709 -0.0159123 62.8871 -0.01422 0.0107356 0.999841 0.880652
0.890112 0.455736 0.0022641 44.2837 -0.455643 0.890013 -0.0163174 62.5682 -0.00945147 0.0134927 0.999864 0.883323
0.887398 0.460885 0.0104931 44.6133 -0.460613 0.887352 -0.0210385 62.3712 -0.0190074 0.0138362 0.999724 0.874112
0.882954 0.469305 0.0120407 45.1503 -0.469031 0.882953 -0.0200709 62.0786 -0.0200507 0.0120742 0.999726 0.86129
0.880119 0.474533 0.0144672 45.6135 -0.474274 0.880191 -0.0180933 61.8396 -0.0213198 0.0090628 0.999732 0.843041
0.876777 0.480839 0.00748343 46.2006 -0.480756 0.87679 -0.0105927 61.5358 -0.0116548 0.00568974 0.999916 0.817744
0.874484 0.484989 0.00791889 46.6528 -0.484904 0.874503 -0.0105738 61.2869 -0.0120532 0.00540668 0.999913 0.801163
0.871863 0.489729 0.00454012 47.2397 -0.489671 0.871852 -0.00984944 60.9556 -0.00878187 0.0063642 0.999941 0.788638
0.870473 0.492191 0.00490802 47.7528 -0.492118 0.870456 -0.0112383 60.6584 -0.00980358 0.00736728 0.999925 0.778434
0.869476 0.493853 0.0109566 48.2225 -0.493687 0.869513 -0.0148514 60.3794 -0.0168613 0.0075038 0.99983 0.76205
0.867732 0.497021 0.00327717 48.9357 -0.496963 0.867704 -0.0108607 59.963 -0.00824163 0.00779559 0.999936 0.738846
0.867386 0.497618 0.00419838 49.4348 -0.49754 0.867353 -0.0123485 59.6762 -0.0097863 0.00862205 0.999915 0.717286
0.867747 0.496917 0.00943245 49.9456 -0.496741 0.867747 -0.0162145 59.387 -0.0162422 0.00938455 0.999824 0.690103
0.868971 0.494846 0.00404981 50.6937 -0.494708 0.868876 -0.0178623 58.9707 -0.0123578 0.0135183 0.999832 0.657916
0.870755 0.49171 0.00260499 51.3099 -0.491561 0.8706 -0.0205625 58.6392 -0.0123787 0.0166244 0.999785 0.637121
0.872877 0.487939 -0.000850836 51.9828 -0.487847 0.872677 -0.0209989 58.2799 -0.00950364 0.0187445 0.999779 0.62058
0.874655 0.484714 0.00555976 52.5304 -0.484441 0.874455 -0.0254262 57.9917 -0.0171862 0.0195458 0.999661 0.609477
0.877052 0.480389 -0.00253846 53.3651 -0.48032 0.876809 -0.0223324 57.5528 -0.0085025 0.020806 0.999747 0.594089
0.878675 0.477387 0.00556189 53.9114 -0.477123 0.87848 -0.0250528 57.2679 -0.0168459 0.0193596 0.999671 0.581251
0.881035 0.473045 0.00246332 54.7524 -0.472887 0.880854 -0.0217845 56.8313 -0.0124749 0.018028 0.99976 0.559992
0.882549 0.470157 0.00769402 55.3515 -0.469877 0.882412 -0.0237459 56.5116 -0.0179536 0.0173417 0.999688 0.54474
0.88454 0.466454 -0.00308952 56.1994 -0.466415 0.884332 -0.020342 56.053 -0.00675643 0.0194343 0.999788 0.53051
0.885351 0.464923 -0.000269243 56.7754 -0.464826 0.885153 -0.0210261 55.7371 -0.0095372 0.0187406 0.999779 0.53472
0.88566 0.46422 -0.0103433 57.6365 -0.464322 0.885582 -0.0122262 55.2792 0.00348421 0.0156309 0.999872 0.547847
0.885649 0.464296 -0.00746538 58.3161 -0.464345 0.885624 -0.00735338 54.9352 0.00319738 0.00997902 0.999945 0.564227
0.885399 0.46483 0.00145526 59.0249 -0.464815 0.885388 -0.00582826 54.5742 -0.00399762 0.00448391 0.999982 0.574088
0.885219 0.465167 0.00281857 59.7695 -0.465151 0.885218 -0.00476043 54.1871 -0.00470944 0.00290296 0.999985 0.582603
0.885135 0.465147 0.013187 60.3653 -0.465081 0.885233 -0.00792607 53.8729 -0.0153604 0.000882609 0.999882 0.584519
0.885546 0.464542 0.00297354 61.9835 -0.46455 0.885541 0.00319265 53.035 -0.00115007 -0.0042086 0.999991 0.58011
0.885264 0.464855 0.0147601 62.5408 -0.464891 0.885367 -0.00113426 52.7536 -0.0135954 -0.00585773 0.99989 0.571164
0.884385 0.466666 0.00927911 63.4281 -0.466725 0.884385 0.00566515 52.3071 -0.00556257 -0.00934096 0.999941 0.563862
0.882948 0.469245 0.0145766 64.0781 -0.469367 0.882981 0.00629959 51.9858 -0.00991484 -0.012404 0.999874 0.563707
0.880642 0.473454 0.0176417 64.849 -0.47365 0.880666 0.00913177 51.6046 -0.011213 -0.0163978 0.999803 0.571848
0.877901 0.47807 0.0271888 65.4947 -0.478382 0.878131 0.00604192 51.2716 -0.0209869 -0.0183108 0.999612 0.5778
0.873762 0.485818 0.0228164 66.3721 -0.486088 0.873874 0.00796034 50.804 -0.0160713 -0.0180462 0.999708 0.584295
0.8699 0.49269 0.0230487 67.0183 -0.492911 0.870066 0.0048093 50.4401 -0.0176844 -0.0155446 0.999723 0.586701
0.865183 0.500933 0.0228869 67.6953 -0.501102 0.865386 0.00190861 50.0466 -0.0188499 -0.0131199 0.999736 0.581553
0.858796 0.512179 0.0119546 68.4984 -0.512273 0.858796 0.00674761 49.5772 -0.0068106 -0.0119188 0.999906 0.577146
0.853981 0.520073 0.015524 69.0578 -0.520198 0.854029 0.00528366 49.2379 -0.0105101 -0.0125877 0.999865 0.575759
0.845432 0.534082 0.00074048 69.9041 -0.534042 0.84535 0.01352 48.7012 0.00659481 -0.0118257 0.999908 0.587547
0.841245 0.540561 0.0100012 70.3785 -0.540634 0.841229 0.00697594 48.3871 -0.00464235 -0.0112754 0.999926 0.589522
0.834728 0.550462 0.014841 71.084 -0.55057 0.834779 0.00415527 47.9192 -0.0101017 -0.0116395 0.999881 0.582089
0.828574 0.559653 0.0159389 71.759 -0.559786 0.82862 0.00534447 47.4601 -0.0102162 -0.0133507 0.999859 0.578617
0.823855 0.566305 0.023697 72.3067 -0.566516 0.824046 0.00278611 47.0855 -0.0179496 -0.0157201 0.999715 0.579675
0.816614 0.576946 0.0165769 73.0617 -0.577133 0.816585 0.0102646 46.5689 -0.00761433 -0.0179493 0.99981 0.574111
0.812008 0.58332 0.019493 73.5514 -0.583551 0.812026 0.00907063 46.2392 -0.0105378 -0.0187406 0.999769 0.567048
0.805336 0.592639 0.0145781 74.2434 -0.592805 0.805241 0.0130257 45.7515 -0.00401934 -0.019132 0.999809 0.573803
0.800802 0.598654 0.0181472 74.7583 -0.598852 0.800817 0.00825145 45.3691 -0.0095928 -0.0174753 0.999801 0.578978
0.795166 0.606232 0.013936 75.4452 -0.606354 0.795164 0.00705528 44.8411 -0.00680424 -0.0140603 0.999878 0.588786
0.79145 0.611114 0.0121182 76.0299 -0.611205 0.79145 0.00592834 44.3954 -0.00596803 -0.0120987 0.999909 0.584134
0.78913 0.614093 0.0127586 76.5576 -0.614162 0.789178 0.00196605 43.9839 -0.00886143 -0.00938729 0.999917 0.570425
0.785551 0.618277 0.0253381 77.5893 -0.618239 0.785923 -0.0102758 43.177 -0.0262671 -0.00759287 0.999626 0.543363
0.785329 0.618852 0.0167344 78.253 -0.618874 0.785478 -0.00449903 42.6581 -0.0159288 -0.00682328 0.99985 0.519631
0.785011 0.6191 0.0217343 78.6625 -0.619058 0.785289 -0.00944741 42.3457 -0.0229166 -0.00603847 0.999719 0.510577
0.790935 0.611865 0.00654538 79.7249 -0.611842 0.790962 -0.00534224 41.4925 -0.00844587 0.00022063 0.999964 0.522109
0.796337 0.604853 -0.00097415 80.2104 -0.604853 0.796334 -0.00229412 41.113 -0.000611851 0.00241611 0.999997 0.546947
0.801258 0.598317 0.00161959 80.6095 -0.598296 0.801248 -0.00664162 40.8218 -0.00527148 0.00435266 0.999977 0.576225
0.806514 0.591178 0.00662307 81.0002 -0.591047 0.806501 -0.0148386 40.5448 -0.0141137 0.00805295 0.999868 0.604399
0.818017 0.575194 0.000871068 81.5502 -0.575116 0.817929 -0.0153253 40.1615 -0.00952749 0.0120354 0.999882 0.636103
0.827016 0.562177 0.00127681 81.8947 -0.562082 0.826914 -0.0166304 39.9385 -0.010405 0.0130359 0.999861 0.639747
0.841893 0.539634 -0.00349757 82.3729 -0.539634 0.841816 -0.0118534 39.6485 -0.0034522 0.0118667 0.999924 0.641555
0.857322 0.514735 -0.00686129 82.825 -0.514777 0.857288 -0.00780884 39.396 0.00186263 0.0102267 0.999946 0.642867
0.875966 0.482251 -0.0107998 83.3372 -0.482312 0.875991 -0.00383849 39.1384 0.00760944 0.00857128 0.999934 0.659573
0.887489 0.460829 -0.000371363 83.7088 -0.460817 0.887459 -0.00801423 38.9769 -0.00336361 0.00728367 0.999968 0.669883
0.907372 0.420296 0.00520009 84.2776 -0.420246 0.90737 -0.0085805 38.7648 -0.00832475 0.00560039 0.99995 0.682812
0.92603 0.377386 0.00692127 84.7795 -0.37733 0.926043 -0.0080896 38.6086 -0.00946229 0.00487961 0.999943 0.676676
0.938968 0.343711 0.0142056 85.1548 -0.34363 0.939072 -0.00786019 38.5226 -0.0160418 0.00249899 0.999868 0.663907
0.959467 0.281568 0.0119795 85.7594 -0.28154 0.959541 -0.00396216 38.4213 -0.0126105 0.000428832 0.99992 0.661327
0.973409 0.2289 0.00892018 86.2239 -0.228868 0.973447 -0.00447554 38.3741 -0.00970778 0.00231498 0.99995 0.66596
0.983572 0.180287 0.00908808 86.6328 -0.180218 0.983595 -0.00790509 38.352 -0.0103642 0.00613738 0.999927 0.671697
0.995308 0.0965726 -0.00602454 87.2312 -0.0966483 0.995222 -0.0138959 38.355 0.0046538 0.0144129 0.999885 0.687342
0.998749 0.0497082 -0.00534542 87.571 -0.0497918 0.998618 -0.01684 38.3839 0.00450095 0.0170851 0.999844 0.709758
0.999377 -0.0328004 -0.0130103 88.1221 0.0325297 0.999261 -0.0204951 38.4619 0.013673 0.0200591 0.999705 0.736792
0.995575 -0.0931954 -0.0120201 88.5351 0.0929418 0.995467 -0.0201683 38.5437 0.0138452 0.0189619 0.999724 0.755603
0.984761 -0.173256 -0.0151082 89.0642 0.172904 0.984691 -0.0220977 38.6785 0.0187054 0.0191486 0.999642 0.767969
0.971243 -0.237695 -0.0137352 89.4898 0.237334 0.971138 -0.0237316 38.8059 0.0189797 0.0197893 0.999624 0.767964
0.947011 -0.320774 -0.0165734 90.0042 0.32024 0.946907 -0.028506 38.9998 0.0248375 0.021688 0.999456 0.772453
0.923939 -0.382359 -0.0117798 90.3964 0.381979 0.923813 -0.0257179 39.1917 0.0207158 0.0192621 0.9996 0.773112
0.895469 -0.445101 -0.00457489 90.8232 0.444929 0.895333 -0.0203947 39.4453 0.0131737 0.0162273 0.999782 0.775617
0.872463 -0.488648 0.00571308 91.1597 0.488678 0.872354 -0.0138814 39.6561 0.0017993 0.0149029 0.999887 0.776602
0.834677 -0.550645 0.0102383 91.6229 0.550735 0.834603 -0.0113576 39.983 -0.00229091 0.0151185 0.999883 0.785624
0.804083 -0.594436 0.00988379 91.9662 0.594512 0.804035 -0.00906838 40.2551 -0.00255635 0.0131678 0.99991 0.786931
0.777625 -0.628644 0.0103003 92.2713 0.628703 0.777636 -0.00378555 40.5081 -0.00563016 0.0094196 0.99994 0.788257
0.744063 -0.668094 0.004615 92.6819 0.668105 0.744015 -0.00880234 40.8279 0.00244716 0.00963279 0.999951 0.783762
0.727147 -0.686467 0.00448361 92.9794 0.686481 0.727128 -0.00524261 41.0784 0.000338714 0.00689007 0.999976 0.781261
0.71406 -0.700027 0.00898163 93.2971 0.700063 0.71408 -0.00122645 41.3667 -0.00555506 0.00716346 0.999959 0.78389
0.700769 -0.713287 0.0120348 93.7102 0.71337 0.700771 -0.00476402 41.7457 -0.00503551 0.0119237 0.999916 0.799534
0.695242 -0.718622 0.014877 94.0275 0.718716 0.695302 -0.00145281 42.0242 -0.00929998 0.0117024 0.999888 0.825834
0.690096 -0.723623 0.0117108 94.4012 0.723602 0.690185 0.00668182 42.3991 -0.0129177 0.00386285 0.999909 0.852328
0.687504 -0.726163 0.00517068 94.732 0.726023 0.687485 0.0159923 42.7703 -0.0151677 -0.00724071 0.999859 0.879254
0.686435 -0.727191 -0.000523767 95.0436 0.727008 0.686246 0.0229133 43.1353 -0.0163029 -0.0161092 0.999737 0.911012
0.68622 -0.727358 -0.00726604 95.4447 0.72732 0.685973 0.0211519 43.5803 -0.0104007 -0.0197996 0.99975 0.961724
0.687792 -0.725883 -0.00589451 95.7731 0.725848 0.68761 0.0183682 43.9317 -0.00928006 -0.016912 0.999814 1.00419
0.691666 -0.722159 -0.00919499 96.2015 0.722218 0.691613 0.00857907 44.391 0.000163916 -0.0125746 0.999921 1.03823
0.695504 -0.718418 -0.0122282 96.5969 0.718479 0.695548 0.000852452 44.8079 0.00789292 -0.00937862 0.999925 1.05409
0.699049 -0.714967 -0.012347 96.9552 0.715053 0.699056 0.0044565 45.1867 0.00544499 -0.0119441 0.999914 1.06197
0.707284 -0.70686 -0.00993125 97.8491 0.706922 0.707141 0.0146006 46.0905 -0.00329779 -0.0173474 0.999844 1.10021
0.709853 -0.704329 -0.0054478 98.2894 0.704269 0.709634 0.0206048 46.5293 -0.0106466 -0.0184631 0.999773 1.10002
0.712318 -0.701856 -0.00118081 98.6939 0.701554 0.711961 0.0305448 46.941 -0.0205973 -0.022586 0.999533 1.08484
0.715043 -0.699072 -0.00338818 99.201 0.698812 0.714625 0.0312076 47.431 -0.0193951 -0.0246825 0.999507 1.06658
0.716095 -0.697977 -0.00604622 99.6976 0.697835 0.715705 0.0281465 47.9091 -0.0153183 -0.0243748 0.999586 1.03279
0.716089 -0.697976 -0.00684187 100.13 0.69787 0.715715 0.0270103 48.3219 -0.0139557 -0.0241165 0.999612 1.01563
0.714642 -0.699183 -0.0207326 100.72 0.699474 0.714514 0.0143347 48.898 0.00479119 -0.0247461 0.999682 1.00337
0.712482 -0.701104 -0.0286801 101.2 0.701547 0.712567 0.00890348 49.3788 0.0141943 -0.026464 0.999549 1.00337
0.71179 -0.702079 -0.0209753 101.569 0.702384 0.711608 0.0164694 49.7521 0.00336337 -0.0264555 0.999644 1.0099
0.710316 -0.703736 -0.0143834 102.104 0.703861 0.70998 0.0225345 50.2905 -0.00564638 -0.0261306 0.999643 1.01529
0.708146 -0.705972 -0.0114942 102.7 0.705989 0.707735 0.0263055 50.8853 -0.0104361 -0.0267429 0.999588 1.03637
0.706681 -0.707461 -0.010002 103.167 0.707374 0.706154 0.0311137 51.3581 -0.0149488 -0.0290627 0.999466 1.04881
0.704547 -0.709356 -0.0206711 103.753 0.709639 0.704018 0.0277841 51.9721 -0.00515595 -0.0342442 0.9994 1.0576
0.702938 -0.710885 -0.022813 104.201 0.711241 0.702397 0.0278344 52.4497 -0.00376327 -0.0357914 0.999352 1.06781
0.699147 -0.714334 -0.0303277 104.815 0.714948 0.698876 0.0205551 53.099 0.00651209 -0.0360538 0.999329 1.072
0.697389 -0.716206 -0.0263962 105.282 0.716692 0.69696 0.0244902 53.5879 0.000857043 -0.0359972 0.999352 1.07968
0.69311 -0.720212 -0.0298885 105.966 0.720774 0.692983 0.0161116 54.2969 0.00910849 -0.03271 0.999423 1.09393
0.690522 -0.723013 -0.0207515 107.036 0.723311 0.690216 0.0205948 55.4109 -0.00056728 -0.029231 0.999573 1.11144
0.690703 -0.723093 -0.00813163 107.538 0.72298 0.690273 0.02869 55.9229 -0.0151325 -0.0256953 0.999555 1.11984
0.689674 -0.724023 -0.0118508 108.244 0.724069 0.689338 0.0231829 56.6602 -0.00861574 -0.0245695 0.999661 1.11215
0.690028 -0.723726 -0.00906555 108.699 0.723622 0.689557 0.0296999 57.1512 -0.0152434 -0.0270538 0.999518 1.10475
0.68992 -0.723595 -0.0205138 109.363 0.723872 0.689456 0.0256797 57.874 -0.00443828 -0.0325663 0.99946 1.10069
0.69023 -0.722993 -0.0293898 109.939 0.723585 0.689815 0.0241066 58.5029 0.00284461 -0.0379051 0.999277 1.10186
0.691666 -0.721425 -0.0338216 110.477 0.722212 0.691074 0.028733 59.086 0.00264454 -0.0443 0.999015 1.09956
0.694053 -0.719352 -0.0286997 110.975 0.719866 0.692935 0.0404388 59.6144 -0.0092027 -0.0487266 0.99877 1.09196
0.696174 -0.717005 -0.0353012 111.678 0.717871 0.695201 0.0368247 60.3586 -0.00186206 -0.0509782 0.998698 1.08699
0.697997 -0.715458 -0.0303329 112.164 0.71605 0.696815 0.0414948 60.8686 -0.00855138 -0.0506831 0.998678 1.09734
0.699732 -0.713782 -0.0298318 112.911 0.714404 0.69903 0.0313745 61.6357 -0.00154126 -0.0432657 0.999062 1.11982
0.700014 -0.713684 -0.0252023 113.487 0.714127 0.699493 0.0270597 62.2176 -0.00168327 -0.0369398 0.999316 1.13501
0.700525 -0.713446 -0.0161241 114.004 0.713532 0.699883 0.0321754 62.7421 -0.0116704 -0.0340448 0.999352 1.14349
0.701336 -0.712218 -0.0295527 114.802 0.712814 0.700999 0.0222887 63.56 0.00484206 -0.0366975 0.999315 1.15436
0.702257 -0.711491 -0.0248033 115.275 0.711899 0.701516 0.032784 64.0481 -0.00592563 -0.0406802 0.999155 1.15269
0.703117 -0.710567 -0.0268511 115.926 0.711016 0.702076 0.0393241 64.7254 -0.00909088 -0.046741 0.998866 1.14526
0.703549 -0.710248 -0.023801 116.453 0.710527 0.702418 0.0419596 65.2699 -0.0130835 -0.0464319 0.998836 1.13331
0.703804 -0.710153 -0.0185097 116.961 0.710242 0.702873 0.0390566 65.7742 -0.0147262 -0.0406346 0.999066 1.11749
0.702683 -0.711038 -0.0257446 118.303 0.711476 0.702512 0.0166912 67.1125 0.00621779 -0.0300453 0.999529 1.13543
0.702316 -0.711766 -0.0119027 118.811 0.711716 0.701727 0.0322463 67.6273 -0.0145993 -0.0311184 0.999409 1.14824
0.700642 -0.713513 -0.000514245 119.566 0.712857 0.699966 0.0433771 68.3932 -0.0305902 -0.0307584 0.999059 1.15292
0.699911 -0.714222 0.00332532 120.031 0.713307 0.699236 0.0475688 68.8637 -0.0362998 -0.030922 0.998862 1.14025
0.698788 -0.71512 -0.0173089 120.687 0.715234 0.698094 0.0332408 69.5519 -0.0116878 -0.0356082 0.999297 1.11061
0.697393 -0.715929 -0.0329952 121.279 0.716588 0.697327 0.0153483 70.1659 0.0120202 -0.0343478 0.999338 1.10596
0.696914 -0.716663 -0.0265482 121.685 0.717142 0.696644 0.0198843 70.5895 0.00424429 -0.0328964 0.99945 1.11958
0.694938 -0.718667 -0.0240588 122.374 0.719069 0.694586 0.0221286 71.3082 0.000807798 -0.0326779 0.999466 1.13058
0.692169 -0.721298 -0.025129 122.944 0.721728 0.6919 0.0195618 71.9221 0.00327683 -0.0316764 0.999493 1.13929
0.689114 -0.724332 -0.0215582 123.482 0.724652 0.688841 0.0194019 72.4968 0.000796754 -0.0289923 0.999579 1.15565
0.686905 -0.726545 -0.0171337 123.952 0.726709 0.68644 0.0263447 73.0094 -0.00737938 -0.0305475 0.999506 1.16111
0.684259 -0.728704 -0.0279301 124.638 0.729236 0.683867 0.0232435 73.7814 0.00216288 -0.0362722 0.99934 1.17292
0.683031 -0.729951 -0.0252993 125.111 0.730385 0.682496 0.0271473 74.3073 -0.00254947 -0.0370207 0.999311 1.17634
0.682049 -0.731121 -0.0164611 125.595 0.731145 0.681253 0.0363403 74.8352 -0.0153549 -0.0368213 0.999204 1.17358
0.680837 -0.732262 -0.0159161 126.268 0.732333 0.680219 0.0314658 75.5519 -0.0122148 -0.0330789 0.999378 1.16757
0.679599 -0.733484 -0.0120969 126.731 0.733411 0.678988 0.032928 76.0493 -0.0159385 -0.0312498 0.999385 1.17593
0.676199 -0.736482 -0.0187018 127.392 0.736718 0.675936 0.0189128 76.7667 -0.00128776 -0.0265668 0.999646 1.19348
0.671802 -0.740438 -0.0208321 127.89 0.740719 0.671686 0.0131645 77.3226 0.00424514 -0.0242747 0.999696 1.19836
0.667357 -0.744578 -0.0154214 128.334 0.744716 0.667039 0.0213645 77.8408 -0.00562085 -0.0257423 0.999653 1.19438
0.661342 -0.749972 -0.0130006 128.943 0.750007 0.660926 0.0258139 78.5449 -0.0107673 -0.0268224 0.999582 1.17378
0.657802 -0.753186 -0.00277827 129.432 0.752781 0.657318 0.0354125 79.0941 -0.024846 -0.0253859 0.999369 1.17408
0.652905 -0.757364 -0.0106938 130.093 0.757257 0.652372 0.0311922 79.8555 -0.0166475 -0.0284635 0.999456 1.1643
0.649704 -0.760034 -0.0152583 130.545 0.760097 0.649186 0.0284593 80.3952 -0.0117246 -0.0300879 0.999479 1.15078
0.64654 -0.762802 -0.010944 130.919 0.762674 0.645965 0.0325142 80.8519 -0.0177325 -0.0293684 0.999411 1.13641
0.640199 -0.768085 -0.0137727 131.51 0.768164 0.639866 0.0222674 81.5814 -0.00829057 -0.0248353 0.999657 1.13253
0.635262 -0.772201 -0.0121205 132.014 0.772239 0.634945 0.0221839 82.219 -0.00943462 -0.0234525 0.99968 1.13481
0.629607 -0.776813 -0.0124872 132.516 0.776765 0.629091 0.0296561 82.8761 -0.0151817 -0.0283713 0.999482 1.11991
0.623907 -0.781381 -0.0135756 132.995 0.78126 0.623193 0.0355331 83.5105 -0.0193046 -0.0327754 0.999276 1.10147
0.615141 -0.788118 -0.0217146 133.551 0.788372 0.614576 0.027696 84.2454 -0.00848247 -0.0341561 0.999381 1.09346
0.599286 -0.800025 -0.0285888 134.565 0.800489 0.599253 0.0106424 85.6045 0.0086178 -0.0292629 0.999535 1.1127
0.595129 -0.80329 -0.0233849 134.958 0.803615 0.594682 0.0235907 86.1603 -0.00504356 -0.032832 0.999448 1.11384
0.587363 -0.808927 -0.0253379 135.504 0.809289 0.58676 0.0276337 86.9378 -0.00748637 -0.0367367 0.999297 1.11951
0.580355 -0.813982 -0.0249323 135.983 0.81432 0.579734 0.0281395 87.6151 -0.00845094 -0.0366338 0.999293 1.111
0.576377 -0.816986 -0.0179785 136.375 0.816935 0.57552 0.0373301 88.1674 -0.0201512 -0.0362035 0.999141 1.09971
0.570822 -0.82083 -0.0200256 136.941 0.820941 0.570122 0.0318875 88.9772 -0.0147572 -0.0346419 0.999291 1.07593
0.568585 -0.822428 -0.0179484 137.322 0.822358 0.56771 0.0378578 89.525 -0.0209459 -0.0362854 0.999122 1.07527
0.564391 -0.824868 -0.0324928 137.878 0.825498 0.563754 0.0271194 90.3466 -0.00405203 -0.0421287 0.999104 1.06858
0.56315 -0.825735 -0.0319976 138.234 0.826316 0.56233 0.031406 90.8708 -0.00793985 -0.0441264 0.998994 1.07099
0.560632 -0.827378 -0.0337299 138.751 0.828027 0.559751 0.0324111 91.6383 -0.00793589 -0.0461 0.998905 1.07646
0.558379 -0.828815 -0.0357406 139.25 0.829522 0.557284 0.0364323 92.3946 -0.010278 -0.0499907 0.998697 1.07756
0.557152 -0.829934 -0.0281434 139.617 0.829939 0.555373 0.0525509 92.9556 -0.0279837 -0.0526362 0.998222 1.07442
0.552927 -0.832808 -0.0264885 140.124 0.832668 0.551109 0.0542479 93.7299 -0.03058 -0.0520513 0.998176 1.06343
0.548817 -0.835632 -0.022766 140.54 0.835503 0.547443 0.0473352 94.3557 -0.0270917 -0.0449994 0.99862 1.03965
0.541867 -0.840047 -0.0264932 141.054 0.840426 0.541272 0.0266249 95.1513 -0.00802618 -0.0366927 0.999294 1.03177
0.537284 -0.843018 -0.0254396 141.413 0.843299 0.536503 0.0318024 95.7252 -0.0131615 -0.0385401 0.99917 1.03106
0.529423 -0.847788 -0.0310946 141.924 0.848304 0.528621 0.0306608 96.5726 -0.00955666 -0.0426102 0.999046 1.02056
0.523367 -0.851763 -0.0242249 142.333 0.851948 0.522508 0.0341934 97.2509 -0.016467 -0.038534 0.999122 1.02136
0.512638 -0.85859 -0.00496579 143.187 0.858294 0.512288 0.029888 98.6675 -0.0231177 -0.0195839 0.999541 0.996506
0.508478 -0.861063 0.00444485 143.544 0.860546 0.50834 0.0324319 99.2683 -0.0301855 -0.0126659 0.999464 0.987047
0.501278 -0.865278 0.00380438 144.055 0.865234 0.501291 0.00881271 100.125 -0.00953255 -0.00112594 0.999954 0.977312
0.49649 -0.867969 0.0113297 144.437 0.868029 0.496513 -0.000854027 100.743 -0.00488408 0.0102585 0.999935 0.979163
0.490199 -0.871577 0.00764201 144.904 0.871608 0.490201 -0.00170845 101.53 -0.00225708 0.00749831 0.999969 0.982218
0.486079 -0.873906 0.00386314 145.299 0.873742 0.486066 0.017723 102.243 -0.017366 -0.00523941 0.999835 0.978724
0.481944 -0.876195 0.00361941 145.699 0.87558 0.481753 0.0356858 102.979 -0.0330114 -0.0140295 0.999357 0.972451
0.478717 -0.877939 0.00731017 146.049 0.876795 0.478491 0.0477068 103.644 -0.0453815 -0.0164286 0.998835 0.962729
0.475897 -0.8795 0.00108105 146.512 0.878865 0.4756 0.0374243 104.527 -0.0334288 -0.01686 0.999299 0.928437
0.473643 -0.880594 -0.0147167 146.908 0.880598 0.473238 0.0243372 105.302 -0.0144667 -0.0244866 0.999595 0.901787
0.472664 -0.881044 -0.0187178 147.228 0.881163 0.472229 0.023476 105.94 -0.0118443 -0.0275897 0.999549 0.914136
0.470395 -0.882398 -0.0101032 148.053 0.882315 0.470085 0.0232249 107.494 -0.0157443 -0.0198391 0.999679 0.944583
0.470394 -0.882377 -0.0118645 148.494 0.882356 0.470095 0.0214109 108.337 -0.013315 -0.0205403 0.9997 0.94259
0.469644 -0.882801 -0.00982608 148.869 0.882696 0.469318 0.0242669 109.061 -0.0168113 -0.0200702 0.999657 0.925308
0.468164 -0.883626 -0.0052161 149.225 0.883464 0.467944 0.0228018 109.739 -0.0177074 -0.0152832 0.999726 0.895116
0.465962 -0.884794 -0.00433907 149.688 0.884781 0.46598 -0.00508692 110.593 0.0065228 -0.00146882 0.999978 0.892476
0.464731 -0.885443 0.00384811 150.06 0.88534 0.464599 -0.0179182 111.263 0.0140777 0.011734 0.999832 0.921447
0.464401 -0.885558 0.0109552 150.4 0.885614 0.464296 -0.0108515 111.882 0.00452319 0.0147416 0.999881 0.953265
0.463847 -0.885871 0.00889594 150.877 0.885914 0.463838 -0.00321316 112.771 -0.00127983 0.00937145 0.999955 0.964033
0.462309 -0.886631 0.0124356 151.208 0.886507 0.46246 0.015346 113.415 -0.0193572 0.00392969 0.999805 0.974492
0.460823 -0.88744 0.00962489 151.675 0.887339 0.460918 0.0135556 114.355 -0.016466 0.00229382 0.999862 0.979269
0.459925 -0.887889 0.0110881 151.981 0.88774 0.460053 0.0164292 114.981 -0.0196884 0.00228721 0.999804 0.95819
0.46024 -0.887785 0.00412087 152.397 0.887706 0.460255 0.0119942 115.832 -0.0125449 -0.00186208 0.99992 0.957264
0.460198 -0.887815 0.0015719 152.749 0.887715 0.460172 0.0142762 116.544 -0.0133979 -0.00517446 0.999897 0.959152
0.460025 -0.887903 -0.00235683 153.163 0.887873 0.459983 0.00983764 117.364 -0.00765076 -0.00661813 0.999949 0.965456
0.459476 -0.888186 -0.0027351 153.502 0.888113 0.459393 0.0145783 118.027 -0.0116918 -0.00912746 0.99989 0.969143
0.458869 -0.888455 -0.00930057 153.925 0.888499 0.458805 0.00819857 118.88 -0.00301692 -0.0120256 0.999923 0.97119
0.458201 -0.888813 -0.00794717 154.254 0.888847 0.458166 0.00590281 119.552 -0.00160537 -0.0097685 0.999951 0.971694
0.457332 -0.889288 -0.00383864 154.555 0.889268 0.457278 0.00994992 120.172 -0.00709302 -0.007964 0.999943 0.975664
0.456653 -0.889621 -0.00649304 154.982 0.889645 0.456644 0.00285564 121.029 0.000424573 -0.00708054 0.999975 0.985325
0.455179 -0.890394 -0.00337191 155.302 0.890337 0.455098 0.0136116 121.653 -0.0105852 -0.00919787 0.999902 0.96227
0.454069 -0.890965 -0.00139084 155.686 0.890798 0.453952 0.0201609 122.396 -0.0173313 -0.0103934 0.999796 0.963191
0.453408 -0.891303 0.000481892 156.054 0.89109 0.453312 0.0216174 123.11 -0.0194861 -0.00937211 0.999766 0.97997
0.453125 -0.891447 0.000899298 156.412 0.891256 0.453048 0.0202545 123.815 -0.0184632 -0.00837632 0.999794 0.998291
0.4533 -0.891357 -0.000910765 156.759 0.89125 0.453229 0.0159991 124.502 -0.0138481 -0.00806412 0.999872 0.992914
0.453967 -0.891005 -0.00481683 157.088 0.890988 0.453901 0.0106793 125.171 -0.00732897 -0.0091398 0.999931 1.00103
0.454893 -0.890477 -0.0110901 157.395 0.890545 0.454877 0.00407382 125.795 0.00141699 -0.0117294 0.99993 0.989367
0.456482 -0.889593 -0.0157401 157.687 0.889685 0.456569 -0.00228231 126.388 0.00921677 -0.0129619 0.999874 0.985702
0.459033 -0.888235 -0.0180908 157.974 0.88831 0.459201 -0.00632529 126.962 0.0139257 -0.0131667 0.999816 0.993972
0.46261 -0.88638 -0.0179832 158.261 0.886461 0.462768 -0.00568813 127.537 0.0133639 -0.0133101 0.999822 0.991723
0.467068 -0.88409 -0.0152667 158.557 0.884181 0.467142 -0.00146761 128.111 0.00842919 -0.012813 0.999882 0.983598
0.47192 -0.881564 -0.0116685 158.868 0.881641 0.471877 0.00634306 128.694 -8.57266e-05 -0.0132808 0.999912 0.981515
0.477255 -0.878706 -0.0101477 159.178 0.878743 0.477131 0.0125038 129.274 -0.00614543 -0.0148848 0.99987 0.977926
0.48329 -0.875396 -0.0105855 159.479 0.875431 0.483139 0.0140524 129.843 -0.00718718 -0.0160583 0.999845 0.9802
0.489853 -0.871726 -0.0117495 159.78 0.871791 0.489725 0.0122349 130.408 -0.00491144 -0.0162364 0.999856 0.982542
0.497816 -0.867134 -0.0160327 160.121 0.867275 0.497802 0.00513666 131.026 0.00352694 -0.0164619 0.999858 0.981527
0.502804 -0.864329 -0.0110883 160.379 0.864386 0.50268 0.0122326 131.457 -0.00499909 -0.0157352 0.999864 0.99747
0.510538 -0.859841 -0.00500568 160.801 0.859807 0.510439 0.0135632 132.145 -0.00910713 -0.0112285 0.999896 1.026
0.514704 -0.857357 0.00433767 161.097 0.857129 0.514674 0.02101 132.603 -0.0202455 -0.00709599 0.99977 1.04379
0.521346 -0.853268 0.0114758 161.525 0.853068 0.521472 0.0184671 133.25 -0.0217417 0.000161866 0.999764 1.05069
0.524744 -0.85117 0.0123725 161.833 0.850907 0.52489 0.0211827 133.721 -0.0245243 -0.000587685 0.999699 1.04714
0.526973 -0.849872 0.0041253 162.24 0.849707 0.526956 0.0177422 134.355 -0.0172525 -0.00584437 0.999834 1.03082
0.526787 -0.849995 -0.00188983 162.938 0.849848 0.526651 0.0199367 135.489 -0.0159509 -0.0121085 0.999799 1.02374
0.52662 -0.850095 0.00324774 163.206 0.849655 0.526464 0.0303827 135.943 -0.027538 -0.0132407 0.999533 1.03522
0.526717 -0.850025 -0.00512378 163.613 0.849748 0.526368 0.0294008 136.623 -0.0222944 -0.0198398 0.999555 1.01775
0.526359 -0.850173 -0.0123056 163.914 0.850071 0.525879 0.0288109 137.133 -0.018023 -0.0256255 0.999509 0.996887
0.524691 -0.851019 -0.0215833 164.286 0.851292 0.524475 0.0151251 137.76 -0.00155185 -0.0263097 0.999653 0.982866
0.521256 -0.853043 -0.0247186 164.648 0.853243 0.521497 -0.00410416 138.363 0.0163917 -0.0189516 0.999686 1.00214
0.518804 -0.854673 -0.0194214 164.912 0.85484 0.518891 0.000636806 138.813 0.00953333 -0.0169326 0.999811 1.03458
0.51495 -0.856982 -0.020191 165.271 0.85722 0.514802 0.0123568 139.468 -0.000195216 -0.0236713 0.99972 1.06476
0.511942 -0.858952 -0.0108114 165.588 0.858835 0.511531 0.0271707 140.039 -0.017808 -0.0231951 0.999572 1.09171
0.507394 -0.861712 0.00197164 165.996 0.861236 0.507188 0.032137 140.751 -0.0286928 -0.0146081 0.999482 1.10914
0.504965 -0.863095 0.0088187 166.293 0.862394 0.504927 0.0364039 141.255 -0.0358728 -0.0107775 0.999298 1.0892
0.501907 -0.864921 -8.85036e-05 166.72 0.864706 0.50178 0.0223916 142.006 -0.0193226 -0.011315 0.999749 1.06013
0.50022 -0.865898 0.00060755 166.975 0.86564 0.500088 0.0240761 142.448 -0.0211512 -0.0115174 0.99971 1.0402
0.496959 -0.867774 -0.000599289 167.4 0.867752 0.496942 0.00739265 143.187 -0.00611733 -0.00419388 0.999973 1.02021
0.495987 -0.868307 0.00636598 167.729 0.868311 0.496011 0.00308261 143.752 -0.00583425 0.00399871 0.999975 1.02227
0.495451 -0.868459 0.0175344 168.025 0.868476 0.495646 0.00919172 144.26 -0.0166735 0.0106742 0.999804 1.03391
0.494094 -0.869105 0.0229808 168.454 0.869277 0.494306 0.00431236 144.997 -0.0151074 0.017846 0.999727 1.04528
0.493357 -0.869478 0.0246225 168.783 0.869693 0.49358 0.00358081 145.569 -0.0152666 0.0196474 0.99969 1.03299
0.4927 -0.869784 0.0268865 169.117 0.870109 0.492858 -0.000871899 146.14 -0.0124928 0.0238237 0.999638 1.01075
0.491861 -0.870023 0.0336454 169.427 0.870516 0.492139 -1.18776e-05 146.661 -0.0165479 0.0292947 0.999434 0.998575
0.49142 -0.870211 0.0351985 169.833 0.870833 0.491549 -0.00548223 147.365 -0.0125311 0.0333461 0.999365 1.00184
0.490824 -0.870477 0.0369004 170.158 0.871103 0.491097 -0.00188147 147.943 -0.0164839 0.0330675 0.999317 1.01498
0.489964 -0.870725 0.0421214 170.467 0.871348 0.490624 0.00639233 148.482 -0.0262317 0.0335704 0.999092 1.00978
