0.471937 -0.881491 0.0157968 1.08203 0.881622 0.471942 -0.00360712 1.43561 -0.00427554 0.0156291 0.999869 0.925812
0.469876 -0.882597 0.0154452 1.49732 0.882722 0.469884 -0.00336563 2.26196 -0.00428693 0.0152152 0.999875 0.971776
0.466859 -0.8843 0.00748566 2.43339 0.884228 0.466658 -0.0192593 4.0481 0.0135378 0.0156104 0.999786 1.01633
0.466837 -0.88414 0.0189429 2.69296 0.884325 0.466858 -0.00356614 4.57985 -0.00569068 0.0184165 0.999814 1.03483
0.465179 -0.885039 0.0177562 3.18433 0.885206 0.46518 -0.0043298 5.57227 -0.00442776 0.017732 0.999833 1.05142
0.463024 -0.886144 0.0189109 3.99004 0.886325 0.463055 -0.00292768 7.14753 -0.00616244 0.0181167 0.999817 1.07532
0.462665 -0.886389 0.0159729 4.46368 0.886525 0.462665 -0.00387528 8.06908 -0.00395511 0.0159533 0.999865 1.09789
0.463396 -0.885967 0.0180661 4.75758 0.886082 0.463519 0.00309649 8.64202 -0.0111174 0.0145731 0.999832 1.09949
0.464373 -0.885439 0.0188546 5.29916 0.885533 0.464543 0.00565432 9.69441 -0.0137653 0.0140706 0.999806 1.10156
0.465859 -0.884653 0.0190871 5.74139 0.884734 0.466048 0.0067804 10.5459 -0.0148938 0.0137282 0.999795 1.0953
0.467909 -0.883544 0.0202989 6.07646 0.883689 0.468063 0.0033642 11.1875 -0.0124736 0.0163638 0.999788 1.08139
0.470214 -0.882401 0.0163392 7.01572 0.882525 0.470264 -0.000881763 12.9835 -0.00690568 0.0148344 0.999866 1.07643
0.470788 -0.882121 0.0148529 7.96462 0.882211 0.470853 0.000998723 14.7645 -0.00787452 0.0126332 0.999889 1.09504
0.469753 -0.882569 0.0201184 8.47426 0.882731 0.469876 0.00162446 15.7338 -0.0108869 0.0169961 0.999796 1.1007
0.467392 -0.883218 0.0383616 9.33044 0.883962 0.467519 -0.00614771 17.3351 -0.012505 0.0367836 0.999245 1.09139
0.466173 -0.884016 0.0346148 9.86228 0.884678 0.466038 -0.0123574 18.3156 -0.00520768 0.0363836 0.999324 1.07962
0.464795 -0.885002 0.0271573 10.2481 0.885405 0.464739 -0.00870119 19.0496 -0.00492048 0.0280895 0.999593 1.07754
0.463757 -0.885716 0.0208955 10.8276 0.885962 0.463606 -0.0118623 20.1536 0.000819381 0.0240139 0.999711 1.08673
0.463009 -0.886023 0.0241963 11.2126 0.886321 0.463054 -0.00406777 20.8981 -0.00760005 0.0233291 0.999699 1.08935
0.461599 -0.886728 0.0253101 11.5818 0.887022 0.461726 -0.000918145 21.6213 -0.0108722 0.0228744 0.999679 1.08808
0.460997 -0.88701 0.0263796 12.1448 0.887314 0.461165 0.000348654 22.7285 -0.0124746 0.0232462 0.999652 1.08615
0.460579 -0.887196 0.0274107 12.5913 0.887484 0.460827 0.00318009 23.6034 -0.0154529 0.0228619 0.999619 1.08631
0.46001 -0.887468 0.0281321 13.0613 0.887744 0.460311 0.00498832 24.544 -0.0173765 0.0226794 0.999592 1.08146
0.459783 -0.887514 0.0302917 13.4377 0.887838 0.460127 0.00517911 25.2883 -0.0185346 0.0245129 0.999528 1.07301
0.459981 -0.887378 0.0312834 13.9841 0.887777 0.460268 0.00227842 26.3506 -0.0164206 0.0267246 0.999508 1.05919
0.460454 -0.88724 0.0280716 14.4732 0.887606 0.460602 -0.00130131 27.3083 -0.0117753 0.0255157 0.999605 1.0414
0.459916 -0.887547 0.0271502 14.8652 0.88786 0.460112 0.00110545 28.0769 -0.0134733 0.0235972 0.999631 1.03338
0.458684 -0.888137 0.0286656 15.2556 0.888487 0.458901 0.00112584 28.8497 -0.0141546 0.0249526 0.999588 1.03135
0.458214 -0.888357 0.0293469 15.8523 0.888785 0.458308 -0.0038455 30.0195 -0.0100337 0.0278451 0.999562 1.02575
0.45763 -0.888485 0.0341846 16.1811 0.889008 0.457891 -0.000193098 30.6542 -0.0154813 0.0304788 0.999416 1.01938
0.457043 -0.889084 0.0253343 16.6132 0.889397 0.457128 -0.00266214 31.5034 -0.00921418 0.023749 0.999675 1.01731
0.456946 -0.889302 0.0185038 17.1534 0.889483 0.456945 -0.00451743 32.5678 -0.00443788 0.0185231 0.999819 1.02031
0.456634 -0.889441 0.0194902 17.5297 0.889626 0.456685 -0.00202515 33.3008 -0.00709964 0.0182638 0.999808 1.02906
0.456619 -0.889305 0.025213 18.0747 0.889614 0.456707 -0.00248316 34.3621 -0.00930666 0.0235637 0.999679 1.03987
0.456445 -0.88926 0.0295678 18.4925 0.889646 0.456651 0.000235391 35.1778 -0.0137115 0.0261974 0.999563 1.04095
0.45638 -0.889266 0.0303987 18.9607 0.889718 0.456498 -0.00333565 36.0845 -0.0109107 0.0285686 0.999532 1.0358
0.455746 -0.889528 0.0321652 19.3399 0.890014 0.455929 -0.00182573 36.8212 -0.013041 0.0294595 0.999481 1.03478
0.454895 -0.889949 0.0325906 19.7114 0.890457 0.455061 -0.00254282 37.5464 -0.0125677 0.0301772 0.999466 1.03653
0.454304 -0.890182 0.0344027 20.2523 0.890755 0.454473 -0.00316633 38.616 -0.0128165 0.0320828 0.999403 1.04287
0.453403 -0.89044 0.0392736 20.6682 0.891135 0.453737 -0.000454508 39.4391 -0.0174152 0.0352042 0.999228 1.04977
0.452697 -0.890664 0.0422178 21.0882 0.891395 0.453217 0.00312274 40.2813 -0.0219151 0.0362191 0.999104 1.05008
0.451987 -0.891052 0.041639 21.5247 0.891792 0.452442 0.00170689 41.1683 -0.0203602 0.0363619 0.999131 1.03922
0.450578 -0.891916 0.0382783 21.8682 0.892608 0.450827 -0.00234013 41.8497 -0.0151697 0.035222 0.999264 1.02391
0.449964 -0.892424 0.0333543 22.3303 0.893003 0.449999 -0.00687502 42.7838 -0.00887398 0.032879 0.99942 1.01265
0.449168 -0.893041 0.0269427 22.7823 0.893431 0.449136 -0.00756544 43.7159 -0.0053447 0.0274696 0.999608 1.0137
0.448457 -0.893458 0.024882 23.1147 0.893767 0.44852 -0.00330141 44.3982 -0.00821039 0.0237192 0.999685 1.02266
0.446572 -0.894456 0.022836 23.946 0.894718 0.446618 -0.00331237 46.0959 -0.0072362 0.021911 0.999734 1.03295
0.445008 -0.895177 0.0250193 24.2854 0.895463 0.445137 -0.000458124 46.779 -0.0107269 0.0226077 0.999687 1.03536
0.443816 -0.895797 0.0239693 24.725 0.89608 0.443884 -0.00270413 47.6711 -0.00821723 0.0226785 0.999709 1.03706
0.442298 -0.896562 0.0234409 25.0073 0.8968 0.442435 0.000713216 48.2525 -0.0110105 0.0207063 0.999725 1.04422
0.441306 -0.897054 0.0233251 25.419 0.897296 0.44143 0.000190159 49.0952 -0.010467 0.0208456 0.999728 1.04566
0.440221 -0.897603 0.0226741 25.7621 0.897806 0.440383 0.0024841 49.8138 -0.012215 0.0192634 0.99974 1.04716
0.438647 -0.898369 0.0228384 26.0835 0.898506 0.438901 0.00735067 50.4857 -0.0166274 0.0172961 0.999712 1.04995
0.43707 -0.899161 0.0218949 26.4052 0.89921 0.43737 0.0113596 51.1627 -0.0197903 0.0147231 0.999696 1.05245
0.435508 -0.899884 0.0232624 26.7216 0.900003 0.435794 0.00886093 51.8274 -0.0181114 0.0170772 0.99969 1.04842
0.434846 -0.900188 0.023901 27.0387 0.900438 0.434984 0.000670901 52.5175 -0.0110005 0.0212296 0.999714 1.03938
0.433588 -0.900817 0.0230265 27.3316 0.901097 0.433582 -0.00553688 53.1475 -0.00499614 0.0231498 0.99972 1.0342
0.433341 -0.90107 0.0169829 27.5976 0.901229 0.433292 -0.00665194 53.7257 -0.00136469 0.018188 0.999834 1.04145
0.432797 -0.901392 0.0133947 27.9509 0.901484 0.432806 -0.00233503 54.4732 -0.00369253 0.0130857 0.999908 1.05242
0.431449 -0.902015 0.0148534 28.1919 0.902116 0.431494 -0.000186653 54.9958 -0.00624077 0.01348 0.99989 1.06809
0.430874 -0.90223 0.0181456 28.5228 0.902402 0.430878 -0.00388471 55.6917 -0.00431364 0.0180485 0.999828 1.07778
0.430777 -0.90217 0.0227975 28.7799 0.902458 0.430667 -0.00981088 56.2145 -0.000967026 0.0248 0.999692 1.08132
0.431874 -0.901627 0.0235211 29.0098 0.901928 0.431632 -0.0148023 56.6823 0.0031937 0.0276071 0.999614 1.08651
0.434265 -0.900538 0.0211162 29.3003 0.900768 0.433992 -0.0163599 57.2858 0.0055685 0.0261253 0.999643 1.09633
0.43813 -0.898752 0.0169486 29.5258 0.89891 0.438011 -0.0103989 57.7676 0.00192239 0.0197913 0.999802 1.1075
0.44271 -0.896545 0.0146481 29.8408 0.896661 0.442602 -0.0101237 58.4181 0.00259302 0.0176163 0.999841 1.11821
0.446942 -0.89432 0.0208274 30.0033 0.894548 0.446948 -0.00461014 58.723 -0.00518583 0.0206916 0.999772 1.1257
0.453962 -0.890643 0.0259561 30.3022 0.890985 0.454013 -0.00421514 59.3046 -0.00803024 0.02504 0.999654 1.14068
0.46273 -0.886036 0.0286764 30.5117 0.886425 0.462868 -0.00200561 59.7322 -0.0114964 0.0263476 0.999587 1.14605
0.475934 -0.87915 0.0241241 30.7689 0.87941 0.476065 -0.000346712 60.2109 -0.0111798 0.02138 0.999709 1.14561
0.491524 -0.870647 0.0194316 31.0267 0.8708 0.491636 0.00117927 60.6591 -0.01058 0.0163414 0.99981 1.14243
0.51216 -0.858668 0.019514 31.2438 0.858806 0.512296 0.00236446 60.9922 -0.0120272 0.0155477 0.999807 1.13896
0.53826 -0.84242 0.0245673 31.5404 0.842676 0.538422 -6.3343e-05 61.4378 -0.0131742 0.0207364 0.999698 1.13664
0.564152 -0.825184 0.0283623 31.7518 0.825495 0.564408 0.00124198 61.7405 -0.0170328 0.0227123 0.999597 1.13547
0.591419 -0.805848 0.0288341 32.0243 0.806146 0.591712 0.00207061 62.12 -0.0187301 0.0220199 0.999582 1.13767
0.620507 -0.783658 0.0291561 32.2629 0.783896 0.620874 0.00479057 62.4317 -0.0218564 0.0198828 0.999563 1.13712
0.657077 -0.753319 0.0275781 32.5925 0.753531 0.657401 0.0037972 62.7896 -0.0209904 0.0182859 0.999612 1.13175
0.692011 -0.721373 0.02723 32.8462 0.721514 0.692373 0.00599965 63.0155 -0.0231813 0.015495 0.999611 1.12191
0.728883 -0.684158 0.025637 33.2343 0.684301 0.729188 0.00407388 63.3451 -0.0214814 0.014574 0.999663 1.11538
0.763554 -0.645241 0.0255031 33.4869 0.64535 0.763872 0.00476767 63.531 -0.0225574 0.012818 0.999663 1.10952
0.800652 -0.598644 0.0241036 33.8495 0.598746 0.800931 0.00354919 63.7697 -0.02143 0.0115902 0.999703 1.10363
0.835939 -0.548276 0.0244963 34.177 0.548364 0.836232 0.00354559 63.9421 -0.0224286 0.010469 0.999694 1.0936
0.926419 -0.375664 0.0249775 35.2536 0.375794 0.926703 -0.000529716 64.3723 -0.0229477 0.00987712 0.999688 1.06257
0.948449 -0.315929 0.0251885 35.591 0.316056 0.94874 -0.00114227 64.4739 -0.0235365 0.00904437 0.999682 1.05031
0.98037 -0.194945 0.0295308 36.3972 0.194919 0.980812 0.00377733 64.6939 -0.0297006 0.00205293 0.999557 1.0418
0.99082 -0.132341 0.0275794 36.8714 0.132349 0.991202 0.00155423 64.7924 -0.0275425 0.00211015 0.999618 1.047
0.999392 -0.0198294 0.0286741 37.6227 0.0198988 0.9998 -0.00213772 64.9004 -0.028626 0.00270699 0.999587 1.05557
0.999023 0.0325373 0.0299219 37.9624 -0.0325111 0.99947 -0.00136123 64.9439 -0.0299504 0.000387102 0.999551 1.05033
0.996201 0.0824969 0.0278929 38.3002 -0.0825505 0.996587 0.000774788 64.8395 -0.0277337 -0.00307442 0.999611 1.03115
0.991628 0.126589 0.0254629 38.5903 -0.126512 0.991954 -0.00461382 64.7054 -0.0258421 0.00135382 0.999665 1.0055
0.985165 0.169771 0.0250336 38.9647 -0.169473 0.985441 -0.0136156 64.5503 -0.0269807 0.00917113 0.999594 0.985344
0.977984 0.206894 0.0272492 39.3446 -0.206432 0.97828 -0.0188312 64.414 -0.0305534 0.0127915 0.999451 0.974986
0.970164 0.240832 0.02798 39.7674 -0.240458 0.970526 -0.0160843 64.3161 -0.0310289 0.00887643 0.999479 0.974181
0.961932 0.271835 0.0281579 40.1504 -0.271664 0.962342 -0.00983121 64.2644 -0.02977 0.00180748 0.999555 0.978568
0.95395 0.298873 0.0255766 40.4752 -0.298902 0.95428 -0.00276399 64.2189 -0.0252333 -0.0050082 0.999669 0.979499
0.9455 0.325 0.0201017 40.9712 -0.325152 0.94565 0.00471907 64.1083 -0.0174755 -0.010998 0.999787 0.978178
0.93783 0.346628 0.0179802 41.3192 -0.346735 0.937958 0.00312794 64.0188 -0.0157804 -0.00916785 0.999833 0.956236
0.930184 0.366843 0.0135931 41.6911 -0.366904 0.930256 0.00228289 63.9072 -0.0118076 -0.00711089 0.999905 0.915782
0.923297 0.384032 0.00656386 42.0818 -0.384044 0.923315 0.000586614 63.7489 -0.00583523 -0.00306243 0.999978 0.884123
0.916025 0.401122 0.000124142 42.5623 -0.40112 0.91602 -0.00315668 63.5219 -0.00137993 0.0028418 0.999995 0.874166
0.903367 0.428781 0.00867009 43.3827 -0.428729 0.903404 -0.00727318 63.0938 -0.0109512 0.00285323 0.999936 0.890957
0.897609 0.440506 0.0158918 43.7331 -0.440478 0.897747 -0.0053755 62.8866 -0.0166347 -0.00217489 0.999859 0.889593
0.89203 0.451778 0.0133882 44.2392 -0.451683 0.892127 -0.00960764 62.588 -0.0162845 0.00252307 0.999864 0.884748
0.88717 0.461295 0.0116929 44.6872 -0.46115 0.887225 -0.0131456 62.3255 -0.0164382 0.00627025 0.999845 0.874691
0.882697 0.469844 0.00965425 45.1598 -0.469694 0.882711 -0.0144183 62.0744 -0.0152963 0.00819241 0.999849 0.863974
0.87904 0.476671 0.00854255 45.6245 -0.476547 0.879049 -0.0132604 61.837 -0.0138302 0.0075855 0.999876 0.851311
0.87638 0.481555 0.00789332 46.1881 -0.48148 0.876403 -0.00974289 61.5462 -0.0116095 0.004738 0.999921 0.839006
0.873941 0.485994 0.00608942 46.7396 -0.48593 0.873946 -0.00951902 61.2425 -0.009948 0.00536003 0.999936 0.829924
0.872163 0.489139 0.00861046 47.1493 -0.489053 0.872192 -0.0103786 61.0108 -0.0125866 0.00484085 0.999909 0.816772
0.870509 0.492076 0.00864845 47.764 -0.491987 0.870538 -0.0105928 60.6578 -0.0127413 0.00496617 0.999906 0.805611
0.867843 0.496793 0.00673101 48.8963 -0.496716 0.86785 -0.0104604 59.9974 -0.0110382 0.00573461 0.999923 0.785202
0.867306 0.497709 0.00808452 49.4171 -0.497626 0.86733 -0.0103502 59.6933 -0.0121633 0.00495375 0.999914 0.765396
0.867132 0.498067 0.00351575 50.1419 -0.498011 0.867108 -0.0104513 59.2776 -0.00825397 0.00731176 0.999939 0.75782
0.868638 0.495446 0.000503892 50.7027 -0.495326 0.86845 -0.0211369 58.9673 -0.0109098 0.0181108 0.999776 0.742797
0.870375 0.492387 -0.00120367 51.3104 -0.492252 0.870074 -0.025684 58.6404 -0.0115992 0.0229473 0.999669 0.724099
0.872359 0.488864 -0.00144128 51.8376 -0.488742 0.872066 -0.025149 58.3596 -0.0110375 0.0226433 0.999683 0.698395
0.874556 0.484923 -0.000947554 52.6163 -0.484791 0.87427 -0.0250848 57.9482 -0.0113358 0.0223975 0.999685 0.676775
0.87672 0.481001 8.52831e-05 53.2907 -0.480859 0.876465 -0.0241476 57.5932 -0.0116898 0.0211296 0.999708 0.657945
0.878875 0.477052 0.000635836 54.0676 -0.476928 0.878676 -0.0216277 57.1897 -0.0108762 0.0187048 0.999766 0.641773
0.880947 0.473195 0.0042971 54.6402 -0.473019 0.880808 -0.0207347 56.8906 -0.0135965 0.0162336 0.999776 0.618104
0.882755 0.469817 0.00390134 55.4729 -0.469664 0.882629 -0.0195203 56.4545 -0.0126144 0.0153993 0.999802 0.595921
0.884453 0.466628 0.000637587 56.1946 -0.466501 0.884241 -0.0222288 56.064 -0.0109364 0.0193629 0.999753 0.579219
0.885587 0.464473 0.00116385 56.772 -0.464357 0.885417 -0.0202516 55.7501 -0.0104368 0.0173941 0.999794 0.561598
0.885958 0.463764 -0.00133428 57.6429 -0.463737 0.885868 -0.0136081 55.2925 -0.00512893 0.0126749 0.999907 0.552538
0.885565 0.46451 0.00214262 58.326 -0.464479 0.885545 -0.00835786 54.9472 -0.00577969 0.00640623 0.999963 0.551981
0.884995 0.465549 0.0069097 58.9947 -0.465533 0.885022 -0.00385214 54.607 -0.0079086 0.000192434 0.999969 0.550986
0.884979 0.465595 0.0057432 59.8067 -0.465584 0.884998 -0.00329474 54.1878 -0.00661673 0.000241835 0.999978 0.553745
0.88516 0.465214 0.00828184 60.3939 -0.465212 0.885196 -0.0022415 53.8772 -0.00837383 -0.00186873 0.999963 0.552435
0.885558 0.464483 0.00652526 61.9571 -0.464484 0.88558 -0.00132215 53.0742 -0.00639275 -0.00186004 0.999978 0.54588
0.885255 0.465045 0.00754889 62.6157 -0.46505 0.885284 -0.0010904 52.7351 -0.00718999 -0.00254533 0.999971 0.543025
0.884417 0.466654 0.00631087 63.4756 -0.466677 0.884424 0.00268733 52.3019 -0.00432743 -0.00532186 0.999976 0.539188
0.882762 0.469712 0.0100395 64.1448 -0.469774 0.882773 0.00489669 51.9685 -0.00656254 -0.0090389 0.999938 0.539476
0.880305 0.474185 0.0145646 64.8436 -0.474328 0.880307 0.00849941 51.6221 -0.00879106 -0.0143905 0.999858 0.542941
0.876974 0.480215 0.0175917 65.4888 -0.480421 0.87698 0.0100976 51.2878 -0.0105786 -0.0173068 0.999794 0.547153
0.873325 0.486817 0.0177008 66.367 -0.487 0.873367 0.00787083 50.8214 -0.0116276 -0.0154941 0.999812 0.549793
0.869004 0.494519 0.0168152 67.054 -0.49465 0.86908 0.00458553 50.4361 -0.0123461 -0.0123025 0.999848 0.550819
0.863936 0.503342 0.016176 67.7367 -0.503452 0.864017 0.0033732 50.0399 -0.0122785 -0.0110581 0.999863 0.548844
0.858631 0.512328 0.0165099 68.362 -0.512465 0.858692 0.00519813 49.6747 -0.0115138 -0.012924 0.99985 0.548501
0.846532 0.532128 0.0149646 69.813 -0.532263 0.846551 0.00697029 48.7876 -0.00895922 -0.0138657 0.999864 0.547976
0.840406 0.541694 0.0168749 70.4847 -0.541837 0.840468 0.00512026 48.3417 -0.0114092 -0.0134465 0.999844 0.547427
0.834511 0.55071 0.0176079 71.1511 -0.550851 0.834593 0.0041103 47.8971 -0.0124319 -0.0131294 0.999837 0.544336
0.82913 0.55872 0.019366 71.7661 -0.55891 0.829207 0.00589539 47.4779 -0.0127646 -0.0157119 0.999795 0.543202
0.82352 0.566922 0.0203641 72.3165 -0.567158 0.823568 0.00823287 47.101 -0.0121038 -0.0183296 0.999759 0.546565
0.817185 0.576137 0.0166106 73.0764 -0.57631 0.817188 0.00838459 46.5854 -0.00874331 -0.0164246 0.999827 0.542587
0.811416 0.584255 0.0158434 73.565 -0.584403 0.811435 0.00688839 46.2542 -0.00883134 -0.0148483 0.999851 0.543713
0.805926 0.591883 0.0125272 74.3239 -0.592001 0.805874 0.0100758 45.7217 -0.00413167 -0.0155365 0.999871 0.541796
0.800767 0.59877 0.0157088 74.7353 -0.598927 0.800761 0.00822434 45.4106 -0.00765449 -0.0159942 0.999843 0.548481
0.795834 0.605353 0.0140408 75.4376 -0.605461 0.795859 0.0050789 44.8734 -0.00809999 -0.0125431 0.999889 0.554012
0.792282 0.609981 0.0145572 76.0337 -0.610075 0.792339 0.00273117 44.4176 -0.00986824 -0.0110448 0.99989 0.556818
0.789905 0.613019 0.0160846 76.5682 -0.613087 0.790015 -0.000862288 43.9993 -0.0132357 -0.00918015 0.99987 0.557433
0.787686 0.615833 0.0173438 77.1043 -0.615865 0.787841 -0.00402954 43.576 -0.0161457 -0.00750745 0.999841 0.556083
0.786253 0.61764 0.0180873 77.6767 -0.617656 0.78643 -0.0053619 43.1298 -0.0175361 -0.00695591 0.999822 0.551562
0.785504 0.618621 0.0170533 78.1983 -0.618591 0.785676 -0.00762265 42.7231 -0.0181139 -0.00456143 0.999826 0.546538
0.785611 0.618544 0.0148237 78.7226 -0.618492 0.785746 -0.00839868 42.3209 -0.0168426 -0.00257026 0.999855 0.541688
0.788107 0.615394 0.0133656 79.1629 -0.615372 0.788213 -0.00614146 41.9611 -0.0143144 -0.0033847 0.999892 0.543889
0.791651 0.610901 0.00942005 79.7155 -0.610857 0.791707 -0.00738937 41.5196 -0.0119721 9.54992e-05 0.999928 0.54422
0.795728 0.605621 0.00638188 80.1536 -0.60555 0.795742 -0.0101941 41.1764 -0.0112521 0.00424722 0.999928 0.547978
0.801934 0.597412 0.000318388 80.7054 -0.597355 0.801864 -0.0134512 40.7658 -0.00829119 0.0105968 0.99991 0.550669
0.808805 0.588066 -0.00363141 81.0694 -0.588006 0.808594 -0.0206177 40.5051 -0.00918826 0.018811 0.999781 0.560401
0.818771 0.574064 -0.00803752 81.6022 -0.574092 0.81851 -0.0214555 40.1326 -0.00573807 0.0221814 0.999738 0.567594
0.830878 0.556415 -0.00664643 81.9285 -0.556433 0.830682 -0.0186771 39.9196 -0.00487117 0.0192167 0.999803 0.572763
0.844118 0.536098 -0.00791273 82.4176 -0.536156 0.843997 -0.0143417 39.6222 -0.00101025 0.0163486 0.999866 0.572401
0.85829 0.513114 -0.00724507 82.8472 -0.513165 0.858224 -0.0106503 39.3826 0.000753073 0.012859 0.999917 0.57447
0.873168 0.487393 -0.00496802 83.2765 -0.487419 0.873124 -0.00882271 39.165 3.75696e-05 0.0101252 0.999949 0.582839
0.88908 0.457713 -0.00591459 83.6907 -0.457751 0.889023 -0.010113 38.9782 0.000629345 0.0116987 0.999931 0.593048
0.907223 0.420638 -0.00308337 84.296 -0.420645 0.907155 -0.0113505 38.7471 -0.00197734 0.0115944 0.999931 0.60324
0.925404 0.37898 0.00155942 84.7357 -0.378932 0.925339 -0.0125644 38.6107 -0.00620465 0.0110362 0.99992 0.608973
0.943411 0.331587 0.00495715 85.2695 -0.33152 0.943384 -0.0109747 38.4827 -0.00831557 0.00871027 0.999927 0.613076
0.959379 0.282036 0.00697247 85.7571 -0.281958 0.959371 -0.0103574 38.4102 -0.00961034 0.00797071 0.999922 0.615709
0.973335 0.229278 0.00710982 86.1151 -0.229186 0.973311 -0.0117875 38.3734 -0.00962267 0.0098437 0.999905 0.615959
0.985579 0.16917 0.00399721 86.7123 -0.169103 0.985506 -0.0135219 38.332 -0.00622676 0.0126509 0.999901 0.618628
0.994239 0.107178 0.00115359 87.0841 -0.107144 0.994104 -0.0166518 38.3325 -0.00293149 0.0164323 0.999861 0.622254
0.999307 0.0369386 -0.00467979 87.6476 -0.0370212 0.999133 -0.0190284 38.3651 0.00397285 0.0191884 0.999808 0.63072
0.999399 -0.0335167 -0.0089057 88.0443 0.0333398 0.999257 -0.0193179 38.4179 0.00954656 0.0190093 0.999774 0.639531
0.994162 -0.107105 -0.0130525 88.6125 0.106855 0.994102 -0.0185438 38.525 0.0149617 0.0170408 0.999743 0.652147
0.984157 -0.176705 -0.0145151 89.034 0.176441 0.98415 -0.0178052 38.6319 0.0174313 0.0149621 0.999736 0.663918
0.96884 -0.247246 -0.0147618 89.4698 0.246954 0.968839 -0.0191053 38.7636 0.0190255 0.0148645 0.999709 0.675923
0.948927 -0.315238 -0.0127097 89.9977 0.314969 0.948902 -0.0194969 38.9639 0.0182064 0.014498 0.999729 0.69744
0.926207 -0.376976 -0.00552761 90.3748 0.376848 0.926132 -0.0163007 39.1514 0.0112643 0.0130148 0.999852 0.712259
0.898208 -0.43957 0.000774395 90.8436 0.439546 0.898138 -0.0121668 39.4305 0.00465265 0.0112687 0.999926 0.728289
0.869016 -0.494752 0.00557324 91.1772 0.494784 0.868962 -0.00973066 39.6452 -2.86596e-05 0.0112136 0.999937 0.740164
0.836827 -0.547392 0.00909133 91.6199 0.547449 0.836821 -0.00555254 39.9604 -0.0045684 0.00962355 0.999943 0.758021
0.805285 -0.592823 0.00873932 92.014 0.592859 0.805303 -0.00209331 40.2805 -0.00579684 0.00686689 0.99996 0.769891
0.776388 -0.630176 0.00998493 92.2807 0.630152 0.77645 0.00579066 40.5072 -0.0114019 0.00179623 0.999933 0.778358
0.751767 -0.659404 0.00569704 92.6716 0.659366 0.751787 0.00727465 40.824 -0.00907989 -0.00171241 0.999957 0.786115
0.736559 -0.676364 0.00359864 92.9928 0.676327 0.73656 0.00785031 41.1072 -0.00796028 -0.00334836 0.999963 0.789044
0.722845 -0.690997 0.00421841 93.3029 0.690961 0.722853 0.00753898 41.3963 -0.00825871 -0.00253476 0.999963 0.796052
0.702097 -0.712008 0.0102126 94.0196 0.71201 0.702158 0.00409073 42.0639 -0.0100835 0.0043994 0.999939 0.831436
0.695685 -0.718339 0.00327628 94.438 0.718307 0.695688 0.00733525 42.4702 -0.00754847 -0.00274965 0.999968 0.848114
0.691612 -0.722269 -0.000874123 94.709 0.722213 0.691542 0.0133326 42.7743 -0.00902524 -0.00985229 0.999911 0.861538
0.688003 -0.72568 -0.00629856 95.1052 0.725682 0.687881 0.0143305 43.2356 -0.00606671 -0.0144302 0.999877 0.879878
0.686669 -0.726939 -0.0066505 95.3844 0.726959 0.686579 0.0118623 43.543 -0.00405709 -0.0129801 0.999908 0.904738
0.687748 -0.725924 -0.00604577 95.8066 0.725949 0.687724 0.00581762 43.9965 -6.53337e-05 -0.00838998 0.999965 0.938851
0.691509 -0.722341 -0.00613165 96.1837 0.722357 0.69152 0.00050608 44.4018 0.00387459 -0.0047792 0.999981 0.961667
0.695191 -0.718778 -0.00828636 96.5019 0.718788 0.695226 -0.00219097 44.7363 0.00733571 -0.004433 0.999963 0.977244
0.698831 -0.715167 -0.0131191 96.9675 0.715223 0.698896 -0.000538898 45.2309 0.0095543 -0.0090065 0.999914 1.00318
0.702079 -0.711872 -0.0179924 97.3382 0.712062 0.702076 0.00754521 45.6141 0.00726078 -0.018109 0.99981 1.02025
0.705315 -0.708749 -0.0143492 97.8742 0.708883 0.705274 0.00860485 46.151 0.00402142 -0.016241 0.99986 1.06063
0.708359 -0.705744 -0.0123399 98.2213 0.705845 0.708166 0.0168238 46.4918 -0.00313456 -0.0206274 0.999782 1.07733
0.712111 -0.701959 -0.0123127 98.781 0.701999 0.711687 0.026422 47.0582 -0.00978441 -0.0274589 0.999575 1.10793
0.714802 -0.699251 -0.0102921 99.1716 0.69916 0.714233 0.032339 47.4341 -0.0152621 -0.0303118 0.999424 1.1165
0.71562 -0.698408 -0.0107234 99.5893 0.698364 0.715115 0.0299707 47.8375 -0.0132633 -0.0289364 0.999493 1.11141
0.715213 -0.698766 -0.0140082 100.168 0.698882 0.714877 0.022694 48.3979 -0.00584368 -0.0260211 0.999644 1.11498
0.714397 -0.699549 -0.0163776 100.581 0.699741 0.71421 0.016344 48.8006 0.00026363 -0.0231362 0.999732 1.10844
0.712456 -0.701429 -0.0201093 101.174 0.701687 0.712399 0.011089 49.3972 0.00654774 -0.0220109 0.999736 1.1102
0.710463 -0.703476 -0.0190421 101.578 0.703719 0.710367 0.012601 49.8027 0.0046624 -0.0223528 0.999739 1.10902
0.708755 -0.705281 -0.0156321 102.103 0.705454 0.70856 0.0166517 50.3321 -0.000667869 -0.0228297 0.999739 1.11787
0.706334 -0.707692 -0.0162787 102.768 0.707874 0.706052 0.020125 51.0004 -0.00274872 -0.0257382 0.999665 1.14713
0.705191 -0.708926 -0.0113862 103.164 0.708927 0.704753 0.0272944 51.398 -0.0113253 -0.0273197 0.999563 1.15014
0.704503 -0.709531 -0.015516 103.61 0.709641 0.703992 0.0283685 51.8621 -0.00920515 -0.0309965 0.999477 1.14818
0.702216 -0.711688 -0.0198104 104.231 0.711956 0.70181 0.0241046 52.5198 -0.00325184 -0.0310308 0.999513 1.15017
0.699488 -0.714226 -0.0244571 104.744 0.714645 0.699083 0.0237819 53.0604 0.000111914 -0.0341132 0.999418 1.15075
0.696249 -0.717229 -0.0286238 105.227 0.717798 0.695798 0.0251266 53.5636 0.00189487 -0.0380404 0.999274 1.15386
0.693464 -0.720006 -0.0264514 105.899 0.720491 0.693043 0.0241759 54.2618 0.000925156 -0.0358232 0.999358 1.1701
0.691247 -0.722235 -0.0235357 106.38 0.72261 0.690719 0.027229 54.7568 -0.00340921 -0.0358292 0.999352 1.17811
0.689418 -0.724272 -0.0115113 107.572 0.724296 0.689048 0.0246595 56.0038 -0.00992835 -0.0253382 0.99963 1.20689
0.689384 -0.724279 -0.0130244 108.226 0.724352 0.689032 0.0234455 56.6786 -0.00800689 -0.0255972 0.99964 1.21486
0.689624 -0.724067 -0.012074 108.76 0.724119 0.689289 0.0230758 57.2517 -0.00838592 -0.0246567 0.999661 1.21419
0.690075 -0.723551 -0.0164645 109.33 0.723713 0.689682 0.0240497 57.871 -0.00604594 -0.0285116 0.999575 1.21263
0.69099 -0.722566 -0.0207846 109.875 0.722848 0.690492 0.0266755 58.4649 -0.0049232 -0.0334565 0.999428 1.21055
0.692141 -0.721245 -0.0273133 110.43 0.721742 0.691345 0.0336099 59.0669 -0.00535807 -0.042976 0.999062 1.2104
0.693881 -0.719379 -0.03198 110.973 0.720059 0.692758 0.0400206 59.6452 -0.00663561 -0.0507971 0.998687 1.21123
0.696361 -0.716918 -0.0333124 111.634 0.717669 0.695221 0.0402285 60.3495 -0.00568103 -0.0519208 0.998635 1.21548
0.698178 -0.71516 -0.033073 112.239 0.715915 0.697182 0.0374663 60.9855 -0.00373656 -0.0498356 0.99875 1.21813
0.699918 -0.713664 -0.0282714 112.76 0.714211 0.699128 0.0334876 61.5173 -0.00413356 -0.0436304 0.999039 1.22331
0.69956 -0.714195 -0.023281 113.459 0.714561 0.698977 0.0288725 62.2287 -0.00434774 -0.0368337 0.999312 1.236
0.69971 -0.714095 -0.0217646 114.017 0.714411 0.699168 0.0279509 62.7925 -0.00474245 -0.0351064 0.999372 1.24273
0.701174 -0.712602 -0.0235323 114.743 0.712975 0.700564 0.0295993 63.538 -0.00460664 -0.0375323 0.999285 1.25383
0.702362 -0.711465 -0.0224819 115.303 0.711738 0.70145 0.0373791 64.1141 -0.010824 -0.0422549 0.999048 1.25721
0.70317 -0.710683 -0.0219554 115.871 0.710831 0.701929 0.0448811 64.7051 -0.0164851 -0.0471656 0.998751 1.26045
0.703332 -0.710522 -0.0219563 116.482 0.710737 0.702294 0.0404492 65.3363 -0.0133203 -0.0440544 0.99894 1.25721
0.703997 -0.70978 -0.0245144 116.969 0.710201 0.703487 0.0268408 65.8175 -0.00180549 -0.036306 0.999339 1.24832
0.702437 -0.711133 -0.0295199 118.304 0.711632 0.702461 0.0113023 67.1542 0.0126992 -0.0289465 0.9995 1.26309
0.701723 -0.712213 -0.0183493 118.766 0.712403 0.70115 0.0295005 67.6112 -0.00814502 -0.0337734 0.999396 1.27407
0.700009 -0.714134 -7.80504e-05 119.521 0.713485 0.699369 0.0426947 68.3756 -0.0304351 -0.0299424 0.999088 1.29884
0.699512 -0.714621 3.20226e-05 119.995 0.714033 0.698938 0.0405344 68.8529 -0.0289891 -0.0283314 0.999178 1.2932
0.698886 -0.715083 -0.014653 120.701 0.715116 0.698254 0.0323971 69.5978 -0.0129351 -0.0331205 0.999368 1.25788
0.698181 -0.71566 -0.0193357 121.178 0.715912 0.697777 0.0240502 70.0912 -0.00371977 -0.0306341 0.999524 1.23776
0.69692 -0.716668 -0.0262596 121.648 0.717138 0.69664 0.0201449 70.5789 0.00385625 -0.0328711 0.999452 1.23517
0.69481 -0.71879 -0.0240825 122.342 0.719193 0.694418 0.0233459 71.3062 -5.74715e-05 -0.0335409 0.999437 1.24478
0.691517 -0.72214 -0.0178572 122.92 0.722354 0.691192 0.0214051 71.9269 -0.00311472 -0.0277012 0.999611 1.24499
0.688949 -0.724653 -0.0150512 123.493 0.724803 0.688708 0.01848 72.5372 -0.00302574 -0.0236409 0.999716 1.24586
0.686385 -0.726981 -0.0193341 124.066 0.727238 0.686126 0.0188757 73.1649 -0.000456634 -0.0270165 0.999635 1.24639
0.684272 -0.72895 -0.020079 124.422 0.729221 0.683894 0.0229285 73.5647 -0.00298188 -0.0303314 0.999535 1.24921
0.682718 -0.7304 -0.020273 125.089 0.73066 0.68222 0.0266958 74.3097 -0.00566802 -0.0330384 0.999438 1.25502
0.681634 -0.731404 -0.0205726 125.577 0.731639 0.680971 0.0313435 74.8399 -0.00891543 -0.0364166 0.999297 1.26071
0.681109 -0.731886 -0.0208298 126.309 0.732151 0.680542 0.0286007 75.6246 -0.00675686 -0.0347307 0.999374 1.26038
0.679276 -0.733644 -0.0187255 126.748 0.733849 0.678778 0.0269459 76.0927 -0.00705822 -0.0320454 0.999461 1.25972
0.67627 -0.736417 -0.0186631 127.291 0.736648 0.675947 0.0210959 76.6816 -0.00292014 -0.0280147 0.999603 1.26183
0.67146 -0.740781 -0.0196278 127.78 0.74104 0.671219 0.0179892 77.2256 -0.000151543 -0.026624 0.999646 1.26131
0.665265 -0.746357 -0.0193313 128.436 0.746607 0.665021 0.0180095 77.9828 -0.000585757 -0.026414 0.999651 1.26009
0.660766 -0.750467 -0.0136865 128.899 0.750509 0.660311 0.026942 78.5202 -0.0111818 -0.0280742 0.999543 1.25663
0.657243 -0.753658 -0.00558772 129.393 0.753328 0.656694 0.0353555 79.0766 -0.0229765 -0.0274465 0.999359 1.25835
0.654242 -0.756274 -0.00409457 130.01 0.755806 0.653626 0.0391248 79.7892 -0.0269128 -0.0286918 0.999226 1.25039
0.650826 -0.759205 -0.00576971 130.528 0.758833 0.650225 0.03715 80.4078 -0.0244529 -0.0285565 0.999293 1.23041
0.645893 -0.763389 -0.0077497 131.002 0.763215 0.645439 0.0301755 80.9823 -0.0180337 -0.0254048 0.999515 1.20544
0.64021 -0.768121 -0.0109906 131.516 0.768174 0.640003 0.017464 81.6187 -0.00638046 -0.0196233 0.999787 1.18324
0.634596 -0.772682 -0.0157935 131.934 0.772835 0.634359 0.0177389 82.1445 -0.00368776 -0.0234629 0.999718 1.17631
0.628835 -0.777375 -0.0159751 132.531 0.777497 0.628454 0.0233343 82.9232 -0.00809988 -0.0270941 0.9996 1.16704
0.622662 -0.782331 -0.0158395 133.038 0.782433 0.622243 0.0247225 83.5986 -0.00948513 -0.0277872 0.999569 1.15483
0.615105 -0.788207 -0.0193489 133.443 0.788414 0.614681 0.0238894 84.1299 -0.00693636 -0.0299495 0.999527 1.14646
0.600488 -0.799308 -0.0228178 134.531 0.799633 0.600281 0.0158179 85.5909 0.00105376 -0.0277443 0.999614 1.13667
0.595027 -0.803357 -0.0236664 134.936 0.803667 0.594452 0.0273223 86.153 -0.00788102 -0.0352774 0.999346 1.13853
0.58812 -0.808407 -0.024344 135.51 0.808691 0.587364 0.0319732 86.965 -0.0115486 -0.0384909 0.999192 1.13713
0.581751 -0.813114 -0.0202879 135.931 0.813134 0.580807 0.0384282 87.555 -0.0194631 -0.0388525 0.999055 1.13116
0.576326 -0.817043 -0.0169993 136.4 0.816862 0.575335 0.0415431 88.2174 -0.0241622 -0.0378285 0.998992 1.12189
0.572048 -0.820004 -0.0188526 136.966 0.819975 0.571164 0.0375805 89.0303 -0.0200483 -0.0369565 0.999116 1.09811
0.569081 -0.821964 -0.0228301 137.276 0.822091 0.568132 0.0373154 89.4714 -0.0177014 -0.0400039 0.999043 1.0944
0.566068 -0.823765 -0.0312757 137.822 0.824304 0.565187 0.032955 90.2809 -0.00947056 -0.0444355 0.998967 1.0762
0.563844 -0.825105 -0.035807 138.224 0.825869 0.563066 0.0299538 90.8754 -0.00455332 -0.0464611 0.99891 1.06903
0.561053 -0.826893 -0.0383048 138.769 0.827772 0.560252 0.0301877 91.6874 -0.00350168 -0.0486446 0.99881 1.06219
0.559048 -0.828367 -0.0356773 139.157 0.829034 0.55779 0.0396594 92.2757 -0.0129522 -0.0517492 0.998576 1.06339
0.556532 -0.830232 -0.0314004 139.68 0.830471 0.554792 0.0502489 93.0755 -0.0242976 -0.0540423 0.998243 1.06209
0.552303 -0.833229 -0.0262667 140.086 0.833186 0.550683 0.0504913 93.6947 -0.0276063 -0.0497715 0.998379 1.05477
0.547843 -0.83624 -0.0238946 140.613 0.836318 0.546732 0.0406846 94.4952 -0.0209581 -0.0422723 0.998886 1.0279
0.541904 -0.84011 -0.0235432 141.016 0.840341 0.541196 0.0305627 95.1212 -0.0129345 -0.0363464 0.999256 1.00929
0.536497 -0.843435 -0.0280955 141.38 0.843834 0.535731 0.0306203 95.7007 -0.0107746 -0.0401356 0.999136 1.00111
0.529877 -0.847491 -0.0314719 141.899 0.847981 0.528902 0.0345078 96.5604 -0.0125995 -0.0449724 0.998909 0.993022
0.523556 -0.851753 -0.020165 142.313 0.851725 0.522653 0.0373951 97.2452 -0.0213121 -0.0367534 0.999097 0.990171
0.512756 -0.858529 0.00314648 143.172 0.858096 0.512608 0.030067 98.6709 -0.0274263 -0.012717 0.999543 0.966314
0.507484 -0.861638 0.00637261 143.535 0.861354 0.507486 0.0229491 99.2726 -0.0230079 -0.00615725 0.999716 0.960135
0.502457 -0.864566 0.00792041 144.05 0.864517 0.502515 0.00945834 100.13 -0.0121575 0.00209492 0.999924 0.939251
0.497077 -0.86767 0.00794026 144.458 0.867693 0.497099 0.000947321 100.784 -0.00476906 0.00641881 0.999968 0.929783
0.491253 -0.871012 -0.00302829 144.819 0.870995 0.491213 0.00879168 101.39 -0.00617012 -0.00695657 0.999957 0.932021
0.486308 -0.873772 -0.00515393 145.322 0.873578 0.486054 0.0247439 102.301 -0.0191155 -0.0165355 0.999681 0.933456
0.481436 -0.876481 -0.000325363 145.71 0.875945 0.481128 0.0351562 103.021 -0.0306572 -0.0172104 0.999382 0.934778
0.477533 -0.878605 0.00392438 146.051 0.877967 0.477348 0.0362352 103.671 -0.0337097 -0.013858 0.999336 0.932486
0.47574 -0.879584 -0.0016034 146.524 0.879287 0.47553 0.0269527 104.583 -0.0229448 -0.0142324 0.999635 0.905957
0.474631 -0.880108 -0.0116533 146.883 0.880101 0.474361 0.0201102 105.287 -0.0121713 -0.019801 0.99973 0.884229
0.47323 -0.880769 -0.0173199 147.204 0.880921 0.473002 0.0157547 105.923 -0.00568389 -0.022713 0.999726 0.882921
0.471768 -0.88156 -0.0169382 147.707 0.881723 0.471675 0.0093593 106.887 -0.00026145 -0.0193502 0.999813 0.886834
0.471416 -0.881841 -0.011113 148.022 0.881817 0.471144 0.0205421 107.468 -0.012879 -0.0194835 0.999727 0.899385
0.471082 -0.882049 -0.00844317 148.436 0.881823 0.470684 0.0290588 108.259 -0.0216572 -0.0211345 0.999542 0.904171
0.469808 -0.882763 -0.00322013 148.767 0.882379 0.469489 0.0314323 108.898 -0.0262355 -0.0176085 0.999501 0.904209
0.467609 -0.883932 0.00234949 149.233 0.883707 0.467547 0.0214918 109.792 -0.0200958 -0.00797348 0.999766 0.892853
0.466315 -0.884595 0.00647019 149.643 0.8846 0.466341 0.00309276 110.545 -0.00575316 0.00428133 0.999974 0.886916
0.465489 -0.884987 0.010898 150.032 0.885051 0.465423 -0.00807905 111.244 0.00207768 0.013406 0.999908 0.894504
0.465289 -0.885122 0.00809519 150.381 0.885152 0.465229 -0.00825679 111.877 0.00354216 0.0110073 0.999933 0.909132
0.464189 -0.885726 0.00433021 150.866 0.88573 0.464198 0.00141078 112.785 -0.00325964 0.00318053 0.99999 0.92818
0.461494 -0.887117 0.00682358 151.198 0.887033 0.461545 0.0122302 113.428 -0.013999 0.000408569 0.999902 0.942059
0.459369 -0.888149 0.0131064 151.669 0.888105 0.459509 0.0110298 114.374 -0.0158186 0.00657312 0.999853 0.95028
0.459848 -0.887922 0.0116285 151.974 0.887944 0.459924 0.00497562 114.993 -0.00976619 0.00803742 0.99992 0.945498
0.460697 -0.887548 0.00399802 152.43 0.887551 0.460706 0.00164675 115.925 -0.00330348 0.00278979 0.999991 0.943371
0.460682 -0.887564 0.00153055 152.753 0.887547 0.460683 0.00552583 116.574 -0.00560963 -0.00118722 0.999984 0.949933
0.460357 -0.887734 0.000589568 153.119 0.887698 0.460344 0.00871281 117.296 -0.00800606 -0.00348765 0.999962 0.959411
0.45902 -0.888424 -0.00194778 153.468 0.888311 0.458924 0.0171048 117.977 -0.0143025 -0.0095817 0.999852 0.966398
0.458215 -0.88884 -0.00183016 153.903 0.888724 0.45812 0.0171905 118.852 -0.0144411 -0.00950343 0.999851 0.969182
0.457446 -0.889237 0.00115743 154.241 0.889146 0.457417 0.0137779 119.539 -0.0127812 -0.00527352 0.999904 0.971769
0.457122 -0.889401 0.00246697 154.545 0.889376 0.457128 0.00665527 120.163 -0.00704692 -0.000848208 0.999975 0.974464
0.456842 -0.889542 -0.00314648 154.977 0.889544 0.456827 0.00446591 121.031 -0.00253522 -0.00483914 0.999985 0.975139
0.455732 -0.89007 -0.00911839 155.297 0.890069 0.455576 0.0150958 121.653 -0.00928225 -0.0149957 0.999844 0.974753
0.453549 -0.891228 -0.00243421 155.682 0.890971 0.453349 0.0254272 122.396 -0.0215579 -0.0137013 0.999674 0.986423
0.452134 -0.891928 0.00629386 156.05 0.891568 0.452135 0.0260753 123.11 -0.026103 -0.00617813 0.99964 1.00753
0.451735 -0.892125 0.00698224 156.407 0.891897 0.451779 0.0203961 123.814 -0.0213503 -0.00298622 0.999768 1.03534
0.452368 -0.891828 0.00265436 156.755 0.891724 0.452357 0.0142133 124.5 -0.0138766 -0.0040627 0.999895 1.06305
0.453356 -0.891327 -0.00217574 157.088 0.891296 0.453316 0.00984112 125.169 -0.00778536 -0.00640076 0.999949 1.09878
0.454313 -0.890788 -0.00985911 157.402 0.890831 0.454226 0.0099285 125.799 -0.00436593 -0.0132935 0.999902 1.13417
0.456647 -0.889579 -0.0110853 157.702 0.889647 0.45659 0.00734339 126.4 -0.0014711 -0.0132153 0.999912 1.17494
0.460236 -0.887723 -0.0114436 157.995 0.887797 0.460195 0.00617048 126.985 -0.000211375 -0.0129995 0.999916 1.22176
0.465124 -0.885186 -0.0102744 158.288 0.885238 0.465042 0.00947031 127.567 -0.00360497 -0.0135001 0.999902 1.26942
0.470641 -0.882296 -0.00715237 158.587 0.882259 0.470492 0.0159735 128.146 -0.0107282 -0.013828 0.999847 1.31792
0.475724 -0.879569 -0.00667868 158.898 0.879408 0.475454 0.0241967 128.73 -0.0181073 -0.0173843 0.999685 1.36932
0.481048 -0.876653 -0.00852484 159.206 0.876511 0.480726 0.0251168 129.31 -0.0179206 -0.0195545 0.999648 1.42202
0.487097 -0.873289 -0.0101053 159.506 0.873281 0.486885 0.0179756 129.879 -0.0107778 -0.0175807 0.999787 1.4773
0.493586 -0.869607 -0.012535 159.804 0.869696 0.493508 0.0088868 130.444 -0.00154188 -0.0152881 0.999882 1.53377
0.500243 -0.865696 -0.0180831 160.127 0.865868 0.500255 0.00419374 131.038 0.00541566 -0.0177555 0.999828 1.60033
0.50669 -0.861927 -0.018632 160.399 0.862119 0.506668 0.00622136 131.503 0.0040779 -0.0192153 0.999807 1.63387
0.512327 -0.858688 -0.0132602 160.79 0.85879 0.51226 0.00827868 132.158 -0.000316104 -0.0156292 0.999878 1.71966
0.517553 -0.855608 -0.00864489 161.103 0.855637 0.51746 0.0109892 132.649 -0.00492906 -0.0130844 0.999902 1.76308
0.522768 -0.852474 -0.00126435 161.524 0.852437 0.52273 0.0102293 133.29 -0.00805932 -0.00642534 0.999947 1.84053
0.526147 -0.850392 -0.00130814 161.83 0.850329 0.526088 0.0131636 133.749 -0.010506 -0.00803835 0.999913 1.85941
0.526105 -0.850411 -0.00377642 162.222 0.850364 0.526015 0.0137907 134.349 -0.0097413 -0.0104667 0.999898 1.89999
0.526232 -0.850339 -0.00191539 162.543 0.850247 0.526139 0.0160473 134.856 -0.0126379 -0.0100732 0.999869 1.91034
0.52613 -0.850402 -0.00206011 162.975 0.850311 0.526035 0.0160547 135.556 -0.0125692 -0.0101986 0.999869 1.96368
0.5264 -0.850237 0.000318935 163.224 0.850078 0.526308 0.0191667 135.972 -0.0164641 -0.00981825 0.999816 1.94935
0.526131 -0.850338 -0.0105772 163.634 0.850341 0.5259 0.0186756 136.675 -0.010318 -0.0188201 0.99977 1.97644
0.525415 -0.850697 -0.0159027 163.891 0.850822 0.52517 0.0172532 137.129 -0.00632562 -0.0225955 0.999725 1.94856
0.523637 -0.85173 -0.0189723 164.263 0.851936 0.523587 0.00793667 137.791 0.00317374 -0.0203191 0.999789 1.95402
0.520288 -0.853844 -0.0158314 164.535 0.853953 0.52035 0.000252429 138.264 0.00802233 -0.0136506 0.999875 1.93652
0.516428 -0.856169 -0.0166601 164.916 0.856292 0.516492 0.000493492 138.941 0.00818229 -0.0145208 0.999861 1.95689
0.512884 -0.858311 -0.0158653 165.209 0.858455 0.512744 0.012213 139.5 -0.00234772 -0.0198835 0.999799 1.95806
0.509529 -0.860441 -0.00468529 165.544 0.860246 0.509279 0.0247534 140.119 -0.0189127 -0.0166431 0.999683 1.96938
0.50616 -0.862417 0.00626305 165.859 0.861844 0.506067 0.0334932 140.672 -0.0320546 -0.0115552 0.999419 1.95804
0.503778 -0.863821 0.00458781 166.193 0.863325 0.503656 0.0316371 141.249 -0.0296395 -0.0119773 0.999489 1.93036
0.501699 -0.865042 -0.0002912 166.626 0.864798 0.50155 0.0239394 142.024 -0.0205626 -0.0122622 0.999713 1.90646
0.499413 -0.86636 -0.00283182 166.888 0.866199 0.499251 0.0211368 142.47 -0.0168983 -0.0130089 0.999773 1.85015
0.496993 -0.867755 0.000158807 167.318 0.867693 0.49696 0.0118177 143.22 -0.0103338 -0.00573552 0.99993 1.80908
0.495871 -0.868364 0.00746184 167.656 0.868336 0.495919 0.00749985 143.789 -0.0102131 0.00276042 0.999944 1.76946
0.49506 -0.868717 0.0156807 167.96 0.86874 0.49521 0.00764056 144.296 -0.0144027 0.0098399 0.999848 1.73133
0.49404 -0.869147 0.0225441 168.38 0.869249 0.494308 0.00811484 145.005 -0.0181967 0.0155874 0.999713 1.70862
0.493186 -0.86961 0.0233807 168.699 0.869693 0.493497 0.009796 145.544 -0.020057 0.0155028 0.999679 1.66745
0.492495 -0.869926 0.0260344 169.108 0.870182 0.492723 0.00278414 146.232 -0.0152497 0.0212835 0.999657 1.62509
0.491897 -0.870125 0.0303459 169.415 0.870535 0.492106 -0.000655991 146.727 -0.0143626 0.0267398 0.999539 1.57814
