0.472235 -0.881336 0.015515 1.0817 0.881463 0.472238 -0.00370034 1.43742 -0.00406554 0.0154234 0.999873 0.928013
0.471234 -0.881897 0.0140487 1.49457 0.882003 0.471226 -0.00407974 2.27727 -0.00302221 0.0143135 0.999893 0.988585
0.469099 -0.882981 0.0170719 2.35976 0.883144 0.468967 -0.01128 3.95955 0.00195386 0.0203683 0.999791 1.07327
0.468153 -0.883424 0.0198659 2.70695 0.88363 0.468166 -0.00428999 4.65056 -0.00551064 0.0195625 0.999793 1.0892
0.466334 -0.884423 0.0181158 3.11816 0.884598 0.466334 -0.00447665 5.47512 -0.00448876 0.0181128 0.999826 1.08852
0.464932 -0.885175 0.0174113 3.602 0.885344 0.464883 -0.00703704 6.41175 -0.00186522 0.0186868 0.999824 1.0768
0.463873 -0.885723 0.0178038 4.01312 0.885897 0.463841 -0.00610991 7.19528 -0.00284647 0.0186066 0.999823 1.08897
0.463667 -0.885845 0.0170494 4.439 0.885994 0.463688 -0.00296566 8.01182 -0.00527851 0.0164808 0.99985 1.10504
0.464075 -0.88561 0.0181745 4.76557 0.885731 0.464192 0.00261036 8.64783 -0.0107482 0.0148863 0.999831 1.09797
0.465115 -0.88505 0.0188458 5.29385 0.885145 0.465283 0.00553209 9.67023 -0.0136648 0.0141082 0.999807 1.08029
0.46656 -0.88428 0.0192636 5.70374 0.884355 0.466758 0.00726596 10.4601 -0.0154166 0.0136459 0.999788 1.06675
0.46805 -0.883496 0.0191094 6.20749 0.883652 0.468143 0.000502954 11.4279 -0.0093903 0.0166507 0.999817 1.04263
0.470712 -0.882148 0.0156408 7.04577 0.882274 0.470728 -0.00288415 13.03 -0.00481832 0.0151571 0.999874 1.08245
0.471608 -0.881712 0.0130401 7.45373 0.881797 0.471626 -0.0018605 13.8055 -0.00450964 0.0123762 0.999913 1.11083
0.471281 -0.881866 0.0143802 7.98248 0.881958 0.471329 -6.75693e-05 14.7935 -0.00671824 0.0127146 0.999897 1.12846
0.4702 -0.882307 0.0211244 8.40507 0.882463 0.470368 0.0035714 15.6014 -0.0130873 0.0169623 0.99977 1.10209
0.468789 -0.882723 0.0321988 8.91513 0.883226 0.468935 -0.00330577 16.5695 -0.0121811 0.0299885 0.999476 1.08323
0.467694 -0.883078 0.0378721 9.32808 0.883819 0.467773 -0.00731505 17.3351 -0.0112558 0.0368933 0.999256 1.06666
0.466406 -0.883878 0.035008 9.86096 0.884556 0.466259 -0.0127546 18.3055 -0.00504928 0.0369154 0.999306 1.05134
0.465159 -0.884782 0.028073 10.2303 0.885213 0.465098 -0.00905615 19.0098 -0.00504397 0.0290631 0.999565 1.06399
0.463284 -0.885861 0.0248784 11.2122 0.886166 0.463357 -0.00308768 20.894 -0.00879235 0.0234769 0.999686 1.07984
0.461622 -0.886753 0.0239579 11.7219 0.887045 0.461666 -0.00398072 21.8999 -0.00753062 0.0230893 0.999705 1.07844
0.461081 -0.886949 0.0269336 12.1171 0.887266 0.461258 0.000385697 22.6861 -0.0127654 0.0237194 0.999637 1.07278
0.460652 -0.887151 0.0276214 12.578 0.887442 0.460907 0.00331264 23.5858 -0.0156697 0.0229864 0.999613 1.07751
0.460147 -0.88739 0.0283447 13.0488 0.887668 0.460456 0.00514103 24.5319 -0.0176136 0.022795 0.999585 1.07284
0.459919 -0.887462 0.0297574 13.4608 0.887763 0.460266 0.00568027 25.339 -0.0187373 0.0238051 0.999541 1.06017
0.459866 -0.887452 0.0308579 13.9989 0.887847 0.460136 0.00188288 26.3668 -0.0158698 0.0265312 0.999522 1.04571
0.460393 -0.887241 0.0290111 14.452 0.887615 0.460586 -4.77326e-05 27.2512 -0.0133197 0.0257727 0.999579 1.02431
0.459953 -0.887515 0.0275797 14.8663 0.887838 0.460156 0.0011341 28.0695 -0.0136975 0.0239646 0.999619 1.02212
0.458756 -0.888102 0.0286009 15.254 0.888442 0.458985 0.00164997 28.8467 -0.0145927 0.0246533 0.99959 1.03141
0.457741 -0.888442 0.0338235 16.2317 0.888964 0.457976 -0.000889944 30.7369 -0.0146997 0.0304752 0.999427 1.01484
0.456986 -0.889136 0.0245128 16.7171 0.88945 0.457002 -0.00528922 31.6961 -0.00649955 0.02422 0.999686 1.03429
0.457058 -0.889221 0.0196141 17.0878 0.889416 0.457088 -0.00316818 32.4323 -0.00614815 0.0188931 0.999803 1.05801
0.456756 -0.889381 0.0193843 17.5969 0.88957 0.456789 -0.00294287 33.4252 -0.00623721 0.0185879 0.999808 1.07229
0.456549 -0.889317 0.0260443 18.0009 0.889622 0.456697 -0.000327272 34.2128 -0.0116033 0.023319 0.999661 1.07559
0.456173 -0.889364 0.0306142 18.9219 0.889821 0.456299 -0.00315362 36.0024 -0.0111645 0.0286797 0.999526 1.03453
0.454262 -0.890223 0.0338813 19.7624 0.890734 0.454526 7.29938e-05 37.6466 -0.0154649 0.0301461 0.999426 1.04235
0.454209 -0.890232 0.0343516 20.2519 0.890811 0.454359 -0.00375512 38.6298 -0.012265 0.0323064 0.999403 1.06133
0.45345 -0.890401 0.0395996 20.6475 0.891104 0.453799 -0.000219121 39.4113 -0.0177751 0.0353867 0.999216 1.07675
0.452767 -0.890645 0.0418758 21.0681 0.89137 0.453267 0.00281633 40.2532 -0.0214893 0.0360517 0.999119 1.07418
0.451837 -0.891143 0.0413162 21.5393 0.891898 0.452237 0.000377616 41.2164 -0.0190212 0.0366792 0.999146 1.0386
0.450566 -0.891916 0.0384343 21.8907 0.892612 0.450819 -0.00227541 41.9019 -0.0152974 0.0353321 0.999259 1.00248
0.450036 -0.892392 0.0332359 22.3431 0.892974 0.450041 -0.00774943 42.8167 -0.00804197 0.0331663 0.999417 1.00494
0.449019 -0.893074 0.0283121 22.736 0.89349 0.449046 -0.00576509 43.6331 -0.00756476 0.0278852 0.999582 1.02683
0.448494 -0.893439 0.0248935 23.1314 0.893745 0.448565 -0.002964 44.4378 -0.00851821 0.0235778 0.999686 1.04715
0.446088 -0.894695 0.0229335 23.9433 0.894959 0.446138 -0.00320166 46.0801 -0.00736699 0.0219527 0.999732 1.05384
0.444827 -0.895254 0.0254791 24.281 0.895545 0.444971 -4.22616e-05 46.7561 -0.0112996 0.0228365 0.999675 1.04917
0.443386 -0.895972 0.0253691 24.6747 0.896259 0.443531 9.98038e-05 47.5515 -0.0113414 0.0226931 0.999678 1.05381
0.442231 -0.896595 0.0234333 24.9973 0.896828 0.442378 0.00122169 48.2208 -0.0114617 0.0204754 0.999725 1.06234
0.441115 -0.897152 0.0231533 25.4224 0.897393 0.441232 -6.20862e-05 49.0918 -0.0101603 0.020805 0.999732 1.06686
0.440082 -0.897654 0.0233293 25.7399 0.89786 0.440269 0.00332896 49.7655 -0.0132594 0.0194814 0.999722 1.06998
0.43682 -0.899269 0.0224193 26.3975 0.8993 0.43715 0.0126176 51.1499 -0.0211473 0.0146501 0.999669 1.07256
0.435598 -0.899863 0.022367 26.7625 0.900003 0.435832 0.00666585 51.9147 -0.0157466 0.0172268 0.999728 1.05274
0.434748 -0.900225 0.0242654 27.0097 0.90048 0.434897 0.00098561 52.4696 -0.0114402 0.021422 0.999705 1.03329
0.433782 -0.900729 0.0228312 27.3517 0.901012 0.433735 -0.00720727 53.209 -0.00341091 0.0236976 0.999713 1.03344
0.433412 -0.901026 0.0175018 27.6053 0.901194 0.433364 -0.00667206 53.7549 -0.00157294 0.0186643 0.999825 1.06829
0.432973 -0.901308 0.0133839 27.9626 0.901402 0.432972 -0.00307553 54.488 -0.00302286 0.0133959 0.999906 1.09651
0.431467 -0.902004 0.014968 28.2201 0.902106 0.431514 -8.11634e-05 55.0527 -0.0063857 0.0135377 0.999888 1.10152
0.430667 -0.902316 0.0187515 28.507 0.902496 0.430685 -0.00327205 55.6517 -0.00512358 0.0183324 0.999819 1.08715
0.43049 -0.902295 0.0232688 28.757 0.902593 0.430406 -0.0087621 56.1544 -0.00210903 0.0247742 0.999691 1.08397
0.431729 -0.901692 0.023695 29.0287 0.901999 0.431497 -0.0144209 56.7099 0.00277891 0.0275988 0.999615 1.0883
0.434159 -0.900591 0.0210087 29.2698 0.900822 0.433904 -0.0157091 57.2148 0.00503168 0.0257454 0.999656 1.1083
0.441928 -0.896927 0.0148823 29.8019 0.897049 0.441835 -0.00923216 58.345 0.00170506 0.0174301 0.999847 1.10935
0.446844 -0.894371 0.0207495 30.026 0.894598 0.446848 -0.00469983 58.7633 -0.0050685 0.0206626 0.999774 1.11932
0.453936 -0.890653 0.0260668 30.302 0.890999 0.453982 -0.00447833 59.3128 -0.00784523 0.0252584 0.99965 1.12265
0.463085 -0.88585 0.0286758 30.5245 0.886251 0.463196 -0.00304281 59.7885 -0.010587 0.026823 0.999584 1.12177
0.475885 -0.879169 0.0244023 30.7609 0.879434 0.476021 -0.000245713 60.2003 -0.0114 0.0215771 0.999702 1.12596
0.491156 -0.870848 0.0197443 31.0073 0.870995 0.491288 0.00216708 60.6066 -0.0115874 0.0161328 0.999803 1.12558
0.511487 -0.859072 0.0193882 31.2618 0.859202 0.511629 0.00285864 60.9851 -0.0123754 0.0151962 0.999808 1.12795
0.538497 -0.842289 0.0238918 31.562 0.842534 0.538642 -0.000389357 61.4339 -0.0125412 0.0203393 0.999714 1.1228
0.563001 -0.825974 0.0282358 31.7357 0.826284 0.563253 0.00119246 61.6955 -0.0168889 0.0226595 0.999601 1.12048
0.591771 -0.805581 0.0290887 32.0102 0.805884 0.59207 0.00214852 62.097 -0.0189534 0.0221707 0.999574 1.12843
0.619662 -0.784319 0.0293952 32.2252 0.784562 0.620032 0.00473152 62.3871 -0.021937 0.0201304 0.999557 1.13192
0.656984 -0.753374 0.0282734 32.5657 0.753577 0.657342 0.00482219 62.7391 -0.0222182 0.0181381 0.999589 1.12078
0.691267 -0.722074 0.0275562 32.8532 0.722218 0.691639 0.00613865 62.984 -0.0234915 0.0156582 0.999601 1.10652
0.728731 -0.684307 0.025986 33.2233 0.684424 0.729063 0.00545119 63.2963 -0.0226757 0.013813 0.999647 1.09187
0.763493 -0.645311 0.0255439 33.4882 0.64541 0.763818 0.0052313 63.5017 -0.0228867 0.0124922 0.99966 1.09738
0.835866 -0.548367 0.024936 34.175 0.54844 0.836178 0.00440292 63.9152 -0.0232653 0.00999562 0.999679 1.08744
0.900523 -0.434204 0.0229184 34.9098 0.434302 0.900767 0.000799461 64.2411 -0.0209913 0.00923358 0.999737 1.04671
0.926034 -0.376669 0.0241287 35.2231 0.376791 0.926298 -0.000578191 64.3584 -0.0221326 0.0096269 0.999709 1.03211
0.948803 -0.314894 0.0247734 35.6293 0.315017 0.949085 -0.00115059 64.4918 -0.0231497 0.00889574 0.999692 1.02047
0.966204 -0.256311 0.0274678 35.9757 0.256377 0.966576 0.00115059 64.6111 -0.0268446 0.0059304 0.999622 1.014
0.980604 -0.193833 0.0290788 36.4054 0.193836 0.98103 0.00273517 64.7355 -0.0290574 0.00295441 0.999573 1.00537
0.990333 -0.135408 0.0300927 36.7647 0.135431 0.990786 0.00127542 64.8134 -0.0299881 0.00281239 0.999546 0.998343
0.996763 -0.0749012 0.0291967 37.2231 0.0750153 0.997178 -0.00283066 64.8952 -0.0289023 0.00501169 0.99957 0.993095
0.999347 -0.0208757 0.029497 37.5806 0.0210225 0.999768 -0.00467389 64.9458 -0.0293926 0.00529093 0.999554 0.992851
0.998983 0.0348923 0.0285495 38.0304 -0.0348384 0.99939 -0.00238413 64.9919 -0.0286152 0.00138708 0.99959 0.994654
0.996183 0.0826327 0.0281269 38.299 -0.0826903 0.996575 0.000890829 64.8134 -0.0279569 -0.00321325 0.999604 0.989434
0.991622 0.126456 0.0263637 38.5678 -0.126398 0.991972 -0.00387709 64.6351 -0.0266423 0.0005123 0.999645 0.962843
0.985162 0.169633 0.0261015 38.9378 -0.16937 0.98548 -0.011968 64.4664 -0.0277527 0.0073696 0.999588 0.945715
0.977968 0.206895 0.0278124 39.3289 -0.20646 0.978294 -0.0177285 64.3639 -0.0308767 0.0115957 0.999456 0.948286
0.970106 0.24105 0.0281084 39.7537 -0.240662 0.970469 -0.0164869 64.3436 -0.0312525 0.00922936 0.999469 0.966326
0.962164 0.270975 0.0285176 40.0816 -0.270726 0.962577 -0.0123439 64.3479 -0.0307953 0.0041564 0.999517 0.975501
0.953803 0.299388 0.0250206 40.538 -0.299414 0.954119 -0.0027914 64.2999 -0.0247084 -0.00482908 0.999683 0.963208
0.945766 0.324163 0.0210825 40.9334 -0.324278 0.945959 0.00219822 64.2144 -0.0192306 -0.00891561 0.999775 0.920798
0.938078 0.345951 0.0181024 41.2891 -0.346052 0.938212 0.00266779 64.1068 -0.016061 -0.00876697 0.999833 0.837208
0.930074 0.367152 0.0126885 41.7539 -0.367207 0.930137 0.00221144 63.95 -0.0109901 -0.00671611 0.999917 0.716424
0.923368 0.383856 0.00677288 42.1052 -0.383869 0.923387 0.000609732 63.7587 -0.00601994 -0.00316291 0.999977 0.738725
0.916072 0.40101 0.00192889 42.515 -0.401005 0.916073 -0.0022455 63.4992 -0.00266746 0.00128354 0.999996 0.847446
0.903253 0.428969 0.0108906 43.3527 -0.428964 0.903317 -0.0029343 63.0302 -0.0110964 -0.00202125 0.999936 0.936349
0.897738 0.440235 0.0161099 43.7189 -0.440207 0.89788 -0.00539511 62.8395 -0.0168398 -0.00224829 0.999856 0.924091
0.892108 0.451615 0.0136726 44.2227 -0.451526 0.89221 -0.00920886 62.5589 -0.0163577 0.00204176 0.999864 0.89174
0.887314 0.461011 0.011943 44.672 -0.460867 0.887374 -0.0129712 62.3154 -0.0165777 0.00600535 0.999845 0.860308
0.882805 0.469641 0.00961942 45.1567 -0.469491 0.882819 -0.0144598 62.0849 -0.0152831 0.00824899 0.999849 0.833766
0.879185 0.476403 0.00856303 45.6543 -0.47628 0.879194 -0.0132187 61.8506 -0.013826 0.00754331 0.999876 0.808932
0.876512 0.481303 0.00862695 46.1285 -0.481216 0.87654 -0.0104625 61.6162 -0.0125975 0.00501909 0.999908 0.786258
0.873963 0.485942 0.00708771 46.7011 -0.485863 0.873973 -0.0104052 61.2857 -0.0112508 0.00565008 0.999921 0.777786
0.872116 0.489223 0.00867298 47.1768 -0.489135 0.872145 -0.0105017 61.001 -0.0127018 0.00491648 0.999907 0.780642
0.86885 0.494982 0.00955866 48.2931 -0.494898 0.868894 -0.00990559 60.3247 -0.0132086 0.00387591 0.999905 0.754669
0.867899 0.496685 0.00744655 48.9049 -0.49662 0.867921 -0.00903523 59.9648 -0.0109507 0.00414356 0.999931 0.735243
0.867344 0.49764 0.00829465 49.4039 -0.49755 0.867368 -0.0107932 59.686 -0.0125656 0.00523442 0.999907 0.712469
0.867266 0.497795 0.00709614 49.9471 -0.497696 0.867267 -0.0121363 59.3854 -0.0121957 0.00699372 0.999901 0.681126
0.868693 0.495351 0.000721961 50.6846 -0.495223 0.868499 -0.0215256 58.9842 -0.0112897 0.0183416 0.999768 0.652108
0.870373 0.49239 -0.0014133 51.3106 -0.49226 0.870069 -0.02569 58.6516 -0.0114198 0.0230556 0.999669 0.639066
0.872355 0.488869 -0.00187438 51.976 -0.488756 0.872057 -0.025175 58.295 -0.0106727 0.0228776 0.999681 0.632128
0.874459 0.485099 -0.000915978 52.5612 -0.48497 0.87418 -0.024771 57.9831 -0.0112156 0.0221055 0.999693 0.62383
0.876697 0.481043 -0.000890832 53.331 -0.480929 0.876445 -0.0234825 57.5697 -0.0105153 0.0210154 0.999724 0.614322
0.878881 0.477037 0.00171893 54.0138 -0.476888 0.878686 -0.0220967 57.2085 -0.0120514 0.0186007 0.999754 0.592698
0.880914 0.473253 0.00461245 54.6289 -0.473071 0.880778 -0.020809 56.8821 -0.0139104 0.0161489 0.999773 0.573112
0.882762 0.469803 0.00407346 55.4505 -0.469651 0.882644 -0.0191648 56.4375 -0.0125991 0.0150049 0.999808 0.548389
0.884479 0.466577 0.00160785 56.1384 -0.46643 0.884277 -0.0223082 56.0502 -0.0118303 0.0189812 0.99975 0.540785
0.885483 0.464669 0.00179362 56.6778 -0.464541 0.885318 -0.0203492 55.7561 -0.0110436 0.0171857 0.999791 0.552299
0.885898 0.463879 0.00087014 57.561 -0.463826 0.885822 -0.0135894 55.2907 -0.00707464 0.0116353 0.999907 0.57622
0.885527 0.464577 0.00323139 58.283 -0.464539 0.885513 -0.0083315 54.9457 -0.00673206 0.00587666 0.99996 0.586948
0.885005 0.465536 0.00651149 59.0335 -0.465526 0.885029 -0.00312137 54.5737 -0.00721596 -0.000268842 0.999974 0.581349
0.884989 0.465567 0.00648756 59.7785 -0.465556 0.885012 -0.00319395 54.187 -0.00722857 -0.000193715 0.999974 0.576926
0.88518 0.46517 0.00858464 60.4129 -0.465169 0.885219 -0.00214336 53.8493 -0.00859631 -0.00209605 0.999961 0.572877
0.885497 0.464609 0.00586509 61.9598 -0.46462 0.88551 0.000705792 53.049 -0.00486567 -0.00335002 0.999983 0.551716
0.885297 0.464957 0.00800146 62.5565 -0.464965 0.885328 -0.000996963 52.7489 -0.00754746 -0.00283779 0.999967 0.550603
0.884386 0.466693 0.00776641 63.4128 -0.46672 0.884403 0.00203418 52.3227 -0.00591929 -0.00542374 0.999968 0.546434
0.88273 0.469755 0.0108392 64.1036 -0.46982 0.882751 0.00439653 51.9844 -0.00750299 -0.00897341 0.999932 0.555795
0.880258 0.474265 0.0147905 64.8327 -0.474409 0.880264 0.0084135 51.6272 -0.0090293 -0.0144228 0.999855 0.574108
0.87703 0.4801 0.01796 65.5312 -0.480314 0.877037 0.0102509 51.2602 -0.0108301 -0.0176168 0.999786 0.584005
0.873231 0.486998 0.0173475 66.3843 -0.487184 0.873257 0.00862941 50.7924 -0.0109463 -0.0159869 0.999812 0.590941
0.868967 0.494584 0.0168069 67.0548 -0.494722 0.869036 0.00511432 50.4037 -0.0120763 -0.0127589 0.999846 0.591147
0.863875 0.503455 0.015907 67.747 -0.50357 0.863945 0.00402816 49.9921 -0.0117148 -0.0114901 0.999865 0.578249
0.858786 0.512062 0.0167445 68.3422 -0.512199 0.858852 0.0050026 49.6481 -0.0118194 -0.0128727 0.999847 0.571071
0.852647 0.52222 0.0166949 69.1199 -0.522391 0.852667 0.00812277 49.1845 -0.00999329 -0.0156471 0.999828 0.568204
0.846469 0.532096 0.0190908 69.7432 -0.532299 0.846523 0.00750609 48.7865 -0.0121668 -0.0165157 0.99979 0.589075
0.840495 0.541488 0.0189486 70.351 -0.541663 0.840579 0.00530201 48.3917 -0.0130569 -0.0147201 0.999806 0.591995
0.834318 0.551014 0.0172219 71.1567 -0.55116 0.834385 0.0049081 47.8657 -0.0116653 -0.0135869 0.99984 0.574971
0.829158 0.558666 0.0197491 71.7343 -0.558862 0.82924 0.00591879 47.4775 -0.0130701 -0.0159446 0.999787 0.572178
0.823595 0.566804 0.0206079 72.331 -0.567045 0.823646 0.00822012 47.0749 -0.0123145 -0.0184557 0.999754 0.576707
0.817094 0.576255 0.01694 73.0575 -0.576432 0.817103 0.00822121 46.5931 -0.00910418 -0.0164823 0.999823 0.569852
0.811562 0.584049 0.015908 73.5672 -0.584199 0.811581 0.00693848 46.2548 -0.00885823 -0.0149244 0.999849 0.560248
0.805885 0.591901 0.0142178 74.2533 -0.592037 0.805866 0.00852751 45.7688 -0.00641016 -0.0152896 0.999863 0.57816
0.800892 0.598596 0.0159363 74.7146 -0.598754 0.800895 0.00783547 45.4115 -0.00807301 -0.0158173 0.999842 0.584848
0.795763 0.605453 0.0137072 75.4372 -0.605563 0.795776 0.00579453 44.8392 -0.00739952 -0.0129116 0.999889 0.598767
0.792291 0.609942 0.015677 75.969 -0.610046 0.792362 0.00249561 44.4382 -0.0108997 -0.011541 0.999874 0.583304
0.789923 0.612975 0.0168304 76.5358 -0.613052 0.790042 -0.000742537 43.998 -0.0137518 -0.00973134 0.999858 0.558227
0.78774 0.615754 0.0176538 77.0971 -0.615797 0.787897 -0.00355114 43.5563 -0.016096 -0.00807377 0.999838 0.536471
0.78628 0.617601 0.0182299 77.6752 -0.617626 0.786457 -0.00491403 43.1101 -0.017372 -0.00739547 0.999822 0.519178
0.785588 0.618559 0.0153956 78.7252 -0.618511 0.785733 -0.00826396 42.3076 -0.0172085 -0.00303026 0.999847 0.50621
0.788034 0.615515 0.0119892 79.2481 -0.615497 0.78812 -0.00557269 41.8655 -0.012879 -0.00298783 0.999913 0.538318
0.791475 0.611124 0.00976662 79.6882 -0.611081 0.791535 -0.0072706 41.5076 -0.0121739 -0.000213696 0.999926 0.562043
0.79558 0.605812 0.00662892 80.1321 -0.605741 0.795598 -0.0100905 41.1663 -0.0113869 0.00401239 0.999927 0.582595
0.801691 0.597737 0.00136648 80.6511 -0.597662 0.801623 -0.0141497 40.7987 -0.00955319 0.010527 0.999899 0.614477
0.80861 0.588337 -0.00314053 81.0481 -0.58827 0.808411 -0.0202557 40.5264 -0.0093783 0.0182264 0.99979 0.636987
0.818652 0.574244 -0.00727018 81.562 -0.57425 0.818378 -0.0222572 40.1742 -0.00683134 0.0223958 0.999726 0.656347
0.830559 0.55689 -0.00676474 81.9138 -0.556909 0.830355 -0.0190573 39.9459 -0.00499567 0.0195955 0.999795 0.639484
0.844122 0.536101 -0.00736767 82.3872 -0.536148 0.843985 -0.0153471 39.6655 -0.00200939 0.016905 0.999855 0.619693
0.858289 0.513124 -0.00657224 82.8152 -0.513166 0.858208 -0.011787 39.4265 -0.00040783 0.0134893 0.999909 0.615125
0.873147 0.487433 -0.00485726 83.2735 -0.487457 0.873097 -0.00935308 39.1947 -0.000318136 0.0105343 0.999945 0.640842
0.888794 0.458275 -0.00545875 83.7443 -0.458308 0.88874 -0.0097883 38.9821 0.000365673 0.0112016 0.999937 0.660285
0.907272 0.420522 -0.00433973 84.3543 -0.420543 0.907203 -0.0111897 38.7623 -0.00076849 0.0119771 0.999928 0.674532
0.925673 0.378326 0.000359356 84.8021 -0.378291 0.925601 -0.0126099 38.623 -0.00510328 0.0115367 0.99992 0.656416
0.942825 0.333242 0.00544943 85.2176 -0.333162 0.942793 -0.0119924 38.5285 -0.00913408 0.00949124 0.999913 0.63925
0.959548 0.281466 0.00662726 85.7681 -0.281383 0.959529 -0.0113049 38.4497 -0.00954101 0.00898284 0.999914 0.645478
0.973287 0.229483 0.00708879 86.1953 -0.229389 0.97326 -0.0120846 38.4026 -0.00967244 0.0101357 0.999902 0.665678
0.985391 0.170244 0.00473495 86.6813 -0.170162 0.985313 -0.0142722 38.3695 -0.00709516 0.013258 0.999887 0.683044
0.994135 0.108139 0.00126858 87.1111 -0.108103 0.993999 -0.0166986 38.3659 -0.00306674 0.0164635 0.99986 0.706384
0.999302 0.0370504 -0.00469424 87.6432 -0.0371341 0.999126 -0.0192112 38.3994 0.00397835 0.0193721 0.999804 0.744274
0.99945 -0.0319842 -0.00873108 88.0595 0.0318107 0.999307 -0.0193448 38.4539 0.00934376 0.0190564 0.999775 0.766394
0.994164 -0.10708 -0.0130873 88.6018 0.106832 0.994107 -0.0183781 38.5505 0.0149781 0.0168727 0.999745 0.779944
0.983969 -0.177706 -0.0150072 89.0543 0.177434 0.983971 -0.0178327 38.6571 0.0179356 0.0148841 0.999728 0.768674
0.968711 -0.24775 -0.0147738 89.518 0.247455 0.968708 -0.0192824 38.7891 0.0190887 0.0150232 0.999705 0.747454
0.949392 -0.313885 -0.0114572 89.9395 0.313645 0.949353 -0.01883 38.9448 0.0167874 0.0142836 0.999757 0.737705
0.925939 -0.377635 -0.00527555 90.3631 0.377512 0.925863 -0.0161817 39.1578 0.0109952 0.0129917 0.999855 0.739737
0.898366 -0.439246 0.00124002 90.813 0.439228 0.898294 -0.0121125 39.433 0.00420646 0.0114261 0.999926 0.750115
0.869662 -0.493617 0.00550401 91.1861 0.493648 0.86961 -0.00950088 39.6635 -9.65428e-05 0.0109796 0.99994 0.760223
0.836507 -0.547892 0.00842723 91.6421 0.547943 0.836496 -0.00580325 39.9765 -0.00386979 0.0094721 0.999948 0.781356
0.805685 -0.592263 0.00982823 91.9741 0.5923 0.805717 -0.00116988 40.2395 -0.00722589 0.00676382 0.999951 0.787599
0.777037 -0.629372 0.0102092 92.2553 0.629352 0.777101 0.00554015 40.467 -0.0114204 0.00212029 0.999933 0.792813
0.751918 -0.659226 0.00633473 92.656 0.659173 0.751941 0.00871003 40.7357 -0.0105052 -0.00237356 0.999942 0.792842
0.736719 -0.676186 0.00420319 92.9824 0.676132 0.736719 0.00954452 41.02 -0.00955044 -0.00418972 0.999946 0.791324
0.722821 -0.691021 0.00444504 93.3015 0.69098 0.72283 0.0079814 41.3247 -0.00872832 -0.0026977 0.999958 0.795653
0.710764 -0.703384 0.00815761 93.7184 0.703361 0.710809 0.0059075 41.7129 -0.00995374 0.0015389 0.999949 0.817213
0.702321 -0.711809 0.00851915 94.0646 0.711788 0.70237 0.00581759 42.0194 -0.0101246 0.00197801 0.999947 0.852159
0.696211 -0.717828 0.00352449 94.3951 0.717781 0.69621 0.00905722 42.3725 -0.00895532 -0.00377593 0.999953 0.878803
0.691441 -0.72243 -0.00204124 94.7699 0.722388 0.691363 0.0131397 42.8308 -0.00808129 -0.0105599 0.999912 0.908402
0.688224 -0.725476 -0.00564944 95.077 0.725467 0.688101 0.0146884 43.2196 -0.00676867 -0.0142074 0.999876 0.939335
0.686842 -0.726775 -0.00676962 95.3798 0.726794 0.686746 0.012249 43.5537 -0.00425326 -0.0133333 0.999902 0.978071
0.691623 -0.722236 -0.00570629 96.1707 0.722252 0.691629 0.00114496 44.3899 0.0031197 -0.00491326 0.999983 1.0264
0.695122 -0.718836 -0.00894434 96.6013 0.718841 0.695167 -0.00329516 44.828 0.00858649 -0.00413902 0.999955 1.02738
0.698715 -0.715278 -0.0132151 96.9766 0.715338 0.698778 -0.000276392 45.2169 0.00943211 -0.00926015 0.999913 1.02603
0.701968 -0.711988 -0.0177227 97.3754 0.712174 0.701963 0.00751756 45.6227 0.00708828 -0.0178987 0.999815 1.0143
0.705211 -0.708853 -0.0143146 97.8688 0.708991 0.705148 0.00993777 46.1057 0.00304949 -0.0171571 0.999848 1.0409
0.708357 -0.705747 -0.0123435 98.2973 0.705848 0.708167 0.0166703 46.5366 -0.00302371 -0.0205211 0.999785 1.05767
0.711968 -0.702097 -0.012647 98.7892 0.702149 0.711548 0.0261983 47.0499 -0.00939486 -0.0275325 0.999577 1.04276
0.714726 -0.699334 -0.00997209 99.147 0.699228 0.714152 0.0326471 47.3867 -0.0157096 -0.0303065 0.999417 1.02915
0.715574 -0.698458 -0.0105381 99.604 0.698404 0.71506 0.0303533 47.8259 -0.0136651 -0.0290799 0.999484 1.00132
0.715265 -0.698712 -0.0140837 100.17 0.698825 0.714908 0.0234513 48.3647 -0.00631711 -0.0266159 0.999626 0.999121
0.714386 -0.699539 -0.0172829 100.684 0.699751 0.714213 0.0157613 48.8694 0.00131801 -0.0233533 0.999726 1.01755
0.712786 -0.701113 -0.019407 101.101 0.701365 0.712689 0.0127154 49.2915 0.00491619 -0.0226747 0.999731 1.02998
0.710589 -0.703341 -0.0193327 101.643 0.703592 0.710488 0.0128645 49.8385 0.0046875 -0.0227437 0.99973 1.03996
0.708674 -0.70534 -0.0166367 102.156 0.705536 0.708487 0.0162797 50.3536 0.000304161 -0.0232747 0.999729 1.04033
0.706756 -0.707327 -0.0135596 102.713 0.707419 0.70639 0.0238913 50.9014 -0.00732059 -0.0264777 0.999623 1.0618
0.705215 -0.708905 -0.011174 103.175 0.708892 0.704761 0.0279959 51.3661 -0.0119714 -0.0276642 0.999546 1.07087
0.704381 -0.709636 -0.0162452 103.733 0.709776 0.70389 0.0275321 51.9573 -0.00810293 -0.0309235 0.999489 1.07906
0.702401 -0.711525 -0.0191162 104.161 0.711768 0.701965 0.0251432 52.4188 -0.00447114 -0.0312669 0.999501 1.08837
0.699405 -0.714286 -0.0250767 104.774 0.714725 0.699008 0.0235513 53.0666 0.00070645 -0.0343949 0.999408 1.08305
0.696334 -0.717158 -0.0283567 105.283 0.717716 0.695878 0.0252582 53.5909 0.00161864 -0.0379402 0.999279 1.08432
0.691231 -0.722248 -0.023586 106.476 0.722626 0.690706 0.0271411 54.8097 -0.0033116 -0.0358046 0.999353 1.09959
0.689627 -0.72385 -0.0213542 107.096 0.724146 0.689096 0.0275551 55.4477 -0.00523067 -0.0344663 0.999392 1.10342
0.689334 -0.724316 -0.0136198 107.588 0.724392 0.688937 0.0249421 55.953 -0.00868275 -0.0270595 0.999596 1.11566
0.689398 -0.724263 -0.0131798 108.24 0.724333 0.689023 0.0242566 56.6378 -0.00848695 -0.026269 0.999619 1.09721
0.689649 -0.72405 -0.0116918 108.708 0.724084 0.689294 0.0239946 57.1549 -0.00931419 -0.0250138 0.999644 1.09098
0.6901 -0.723528 -0.016419 109.338 0.723687 0.689699 0.0243427 57.8494 -0.00628847 -0.0286811 0.999569 1.09528
0.691034 -0.722517 -0.0210031 109.898 0.722808 0.690543 0.0264464 58.4667 -0.00460442 -0.0334566 0.99943 1.1057
0.692163 -0.721223 -0.0273577 110.446 0.721722 0.691365 0.0336478 59.0553 -0.00535341 -0.0430344 0.999059 1.10206
0.693868 -0.719404 -0.0316974 110.991 0.720068 0.69273 0.0403373 59.6247 -0.00706108 -0.050813 0.998683 1.08824
0.696256 -0.716983 -0.0341002 111.67 0.717775 0.695111 0.0402449 60.3392 -0.00515148 -0.0524971 0.998608 1.08171
0.698212 -0.715129 -0.0330151 112.187 0.715875 0.697152 0.0387582 60.8846 -0.00470055 -0.0506961 0.998703 1.10329
0.699931 -0.713615 -0.0291408 112.91 0.714205 0.699182 0.0325008 61.6246 -0.00281837 -0.0435608 0.999047 1.1377
0.699604 -0.714137 -0.0237133 113.482 0.714517 0.699006 0.0292364 62.2047 -0.00430305 -0.0373975 0.999291 1.14819
0.699741 -0.714066 -0.0217303 114.036 0.714379 0.699187 0.0282929 62.7677 -0.00500949 -0.0353214 0.999363 1.14982
0.701122 -0.712664 -0.0231892 114.738 0.713019 0.700473 0.0306805 63.4917 -0.00562152 -0.0380451 0.99926 1.14923
0.702352 -0.711479 -0.0223356 115.315 0.711741 0.701425 0.0377836 64.0909 -0.0112155 -0.0424346 0.999036 1.14124
0.703077 -0.710773 -0.021994 115.808 0.710915 0.701815 0.0453459 64.6088 -0.0167949 -0.0475175 0.998729 1.127
0.703237 -0.710589 -0.0228173 116.527 0.710849 0.702213 0.0398944 65.3506 -0.012326 -0.0442748 0.998943 1.11405
0.703911 -0.709874 -0.0242458 117.057 0.710285 0.703397 0.0269771 65.8631 -0.00209589 -0.0362109 0.999342 1.10059
0.702876 -0.710832 -0.0261268 118.275 0.711295 0.702641 0.0188494 67.0745 0.00495898 -0.0318327 0.999481 1.15283
0.70184 -0.7121 -0.0182626 118.822 0.712284 0.701255 0.0298802 67.634 -0.008471 -0.0339793 0.999387 1.16074
0.699892 -0.714248 -0.000909749 119.563 0.713628 0.699229 0.0425914 68.3884 -0.0297847 -0.0304586 0.999092 1.14684
0.699434 -0.714697 2.75541e-05 120.044 0.714093 0.698844 0.0411025 68.8757 -0.0293951 -0.0287288 0.999155 1.12964
0.698802 -0.715201 -0.0127554 120.657 0.715147 0.69814 0.0341399 69.5338 -0.0155118 -0.032979 0.999336 1.10785
0.698285 -0.715574 -0.018773 121.117 0.715805 0.697859 0.0248271 70.0108 -0.0046647 -0.0307742 0.999515 1.12322
0.69699 -0.716601 -0.0262438 121.775 0.717067 0.696738 0.0192753 70.6938 0.00447235 -0.0322532 0.99947 1.14638
0.694831 -0.718766 -0.024185 122.351 0.719173 0.694437 0.0234041 71.2967 -2.71415e-05 -0.0336552 0.999434 1.14374
0.691548 -0.72212 -0.0174296 122.902 0.72232 0.691204 0.0221496 71.894 -0.00394725 -0.0279073 0.999603 1.14695
0.689012 -0.724602 -0.014684 123.476 0.724739 0.688749 0.0194307 72.5011 -0.0039659 -0.0240301 0.999703 1.16574
0.6864 -0.726989 -0.0185176 124.051 0.727222 0.686116 0.0198188 73.1272 -0.00170287 -0.02707 0.999632 1.1653
0.684223 -0.728987 -0.0204118 124.582 0.729269 0.683854 0.0226045 73.7316 -0.0025197 -0.0303522 0.999536 1.17526
0.682696 -0.730418 -0.02039 125.088 0.73068 0.682192 0.0268441 74.2881 -0.00569755 -0.0332249 0.999432 1.17306
0.681565 -0.731469 -0.0205666 125.623 0.7317 0.68089 0.0316804 74.8616 -0.00916961 -0.0366408 0.999286 1.162
0.681009 -0.732007 -0.0198262 126.289 0.732213 0.680348 0.0314727 75.5498 -0.00954951 -0.0359502 0.999308 1.14839
0.679326 -0.733583 -0.0192902 126.769 0.733803 0.678812 0.0273248 76.0706 -0.00695063 -0.0327177 0.99944 1.16973
0.676086 -0.736515 -0.0212835 127.4 0.736822 0.67584 0.0182594 76.7655 0.000935879 -0.0280271 0.999607 1.20624
0.671579 -0.740688 -0.0190413 127.821 0.740932 0.671338 0.018008 77.252 -0.000555161 -0.0262021 0.999656 1.20729
0.665568 -0.746123 -0.0178641 128.312 0.746332 0.665282 0.0197019 77.8341 -0.00281541 -0.0264456 0.999646 1.19438
0.660222 -0.750924 -0.0148395 128.962 0.751014 0.659803 0.0252632 78.586 -0.00917962 -0.027824 0.999571 1.14292
0.657398 -0.753521 -0.00583526 129.381 0.753206 0.656851 0.035034 79.0372 -0.0225659 -0.0274264 0.999369 1.15367
0.654286 -0.756236 -0.00408384 130.018 0.755748 0.653649 0.0398531 79.7553 -0.0274689 -0.0291617 0.999197 1.15536
0.650882 -0.75916 -0.00543517 130.524 0.758756 0.650263 0.0380525 80.3649 -0.0253537 -0.0288917 0.999261 1.15129
0.645971 -0.763327 -0.00731768 130.981 0.763126 0.645503 0.0310371 80.9319 -0.0189679 -0.0256334 0.999491 1.13746
0.64026 -0.76808 -0.0109829 131.52 0.768133 0.640056 0.0173439 81.6125 -0.0062918 -0.019541 0.999789 1.15507
0.634863 -0.772472 -0.0153841 131.973 0.772615 0.634626 0.0177933 82.1873 -0.00398169 -0.0231823 0.999723 1.15695
0.628797 -0.777399 -0.0162583 132.544 0.77753 0.628419 0.0231587 82.9343 -0.00778649 -0.0272034 0.9996 1.1188
0.622672 -0.782327 -0.0155826 133.024 0.782415 0.622234 0.0255018 83.5656 -0.0102547 -0.0280713 0.999553 1.08502
0.614783 -0.788441 -0.0200537 133.563 0.788678 0.614399 0.0223954 84.2623 -0.00533651 -0.0295842 0.999548 1.08437
0.60092 -0.799008 -0.0219185 134.524 0.799304 0.600595 0.019964 85.5394 -0.0027873 -0.0295163 0.99956 1.13019
0.595133 -0.80329 -0.023281 134.95 0.803585 0.594555 0.0274836 86.1438 -0.00823549 -0.0350647 0.999351 1.12341
0.588235 -0.80834 -0.0237961 135.491 0.808589 0.587441 0.0331235 86.9154 -0.0127962 -0.0387257 0.999168 1.12313
0.581588 -0.813224 -0.0205619 135.964 0.81326 0.58065 0.0381177 87.5775 -0.0190589 -0.038891 0.999062 1.10552
0.576371 -0.817 -0.0175114 136.386 0.816836 0.575362 0.0416782 88.1663 -0.0239757 -0.0383261 0.998978 1.09011
0.572144 -0.819968 -0.0174074 136.934 0.819821 0.571179 0.0406006 88.9439 -0.0233485 -0.0375003 0.999024 1.06236
0.569142 -0.821928 -0.0226074 137.342 0.822038 0.56818 0.037741 89.5342 -0.0181754 -0.0400641 0.999032 1.0743
0.566143 -0.823696 -0.0317233 137.845 0.824255 0.565256 0.033002 90.283 -0.00925183 -0.044832 0.998952 1.07906
0.563792 -0.825115 -0.0363844 138.314 0.825911 0.563065 0.0287914 90.9801 -0.00326938 -0.0462826 0.998923 1.08522
0.561208 -0.826822 -0.037567 138.743 0.827659 0.560344 0.0315302 91.621 -0.00501944 -0.0487877 0.998797 1.08889
0.559059 -0.828357 -0.0357506 139.165 0.829024 0.557789 0.0398749 92.2668 -0.0130893 -0.0519306 0.998565 1.08012
0.556465 -0.830262 -0.0318138 139.691 0.83052 0.554709 0.0503457 93.0751 -0.0241527 -0.0544376 0.998225 1.06709
0.552348 -0.833186 -0.0267135 140.11 0.83316 0.550707 0.0506571 93.7157 -0.0274955 -0.0502369 0.998359 1.0499
0.547671 -0.836371 -0.023239 140.593 0.836399 0.546528 0.041771 94.4422 -0.0222353 -0.0423138 0.998857 1.01906
0.541988 -0.840079 -0.0227272 140.988 0.840267 0.541257 0.0314908 95.067 -0.0141535 -0.0361646 0.999246 1.03901
0.536638 -0.843359 -0.0276619 141.386 0.843737 0.535863 0.0309692 95.7033 -0.0112952 -0.0399586 0.999138 1.04415
0.529862 -0.847502 -0.0314182 141.893 0.847985 0.528871 0.0348832 96.5458 -0.0129474 -0.0451254 0.998897 1.02161
0.523532 -0.851763 -0.0203379 142.317 0.851741 0.522624 0.0374442 97.244 -0.0212646 -0.0369259 0.999092 1.02234
0.512792 -0.858511 0.00189381 143.189 0.858084 0.512604 0.0304677 98.6654 -0.0271277 -0.0139986 0.999534 0.990151
0.507581 -0.861582 0.00609964 143.567 0.861284 0.507573 0.0236531 99.2964 -0.0234751 -0.00675238 0.999702 0.982478
0.502301 -0.864658 0.00776681 144.062 0.864611 0.502357 0.00927048 100.116 -0.0119175 0.00205869 0.999927 0.984029
0.497165 -0.867616 0.0083903 144.444 0.867635 0.497197 0.00213133 100.721 -0.00602081 0.0062201 0.999963 0.993542
0.491383 -0.870942 -0.00184643 144.836 0.870918 0.491351 0.00872768 101.384 -0.00669405 -0.00589672 0.99996 0.992273
0.486375 -0.873733 -0.00548094 145.323 0.873531 0.486103 0.0254564 102.274 -0.0195778 -0.0171692 0.999661 0.975544
0.481441 -0.876478 -0.00100585 145.706 0.875949 0.48111 0.0353072 102.992 -0.0304621 -0.0178794 0.999376 0.960964
0.477132 -0.878827 0.00280792 146.149 0.878249 0.47693 0.0348683 103.854 -0.0319824 -0.0141707 0.999388 0.947658
0.475751 -0.87958 -0.00090134 146.5 0.87925 0.475543 0.0279035 104.531 -0.0241147 -0.0140676 0.99961 0.911788
0.474652 -0.880106 -0.0109278 146.851 0.880069 0.474367 0.0213354 105.216 -0.0135936 -0.0197441 0.999713 0.894929
0.473291 -0.880732 -0.0175209 147.254 0.880892 0.473077 0.0150964 106.018 -0.00500717 -0.022579 0.999733 0.933778
0.472044 -0.88146 -0.0142433 147.617 0.881548 0.471841 0.0154904 106.695 -0.00693363 -0.0198683 0.999779 0.970622
0.471466 -0.881807 -0.0116445 148.022 0.881786 0.471175 0.0211329 107.433 -0.0131486 -0.0202314 0.999709 0.981986
0.470864 -0.882152 -0.00974382 148.49 0.881977 0.470462 0.027962 108.314 -0.0200827 -0.0217602 0.999561 0.949581
0.469729 -0.882802 -0.00386119 148.828 0.882426 0.469391 0.0315618 108.974 -0.0260504 -0.0182327 0.999494 0.914664
0.467363 -0.884064 0.00183056 149.266 0.88385 0.467294 0.0211074 109.809 -0.0195157 -0.00824689 0.999776 0.862205
0.466276 -0.884614 0.00666331 149.651 0.884616 0.466305 0.00377839 110.507 -0.00644956 0.00413269 0.999971 0.885682
0.465553 -0.884951 0.0110603 150.027 0.88502 0.465503 -0.00688931 111.179 0.000948109 0.0129959 0.999915 0.940459
0.465404 -0.885056 0.00859579 150.452 0.885092 0.465343 -0.0082118 111.958 0.00326791 0.0114299 0.999929 0.990044
0.464256 -0.885689 0.00453915 150.856 0.885689 0.46427 0.00281209 112.718 -0.00459803 0.00271474 0.999986 0.970501
0.461519 -0.887107 0.00645001 151.258 0.887017 0.461564 0.0126066 113.519 -0.0141605 -9.69041e-05 0.9999 0.972633
0.459176 -0.888248 0.0131461 151.661 0.888206 0.459316 0.0109263 114.376 -0.0157434 0.00665937 0.999854 0.967894
0.459673 -0.888014 0.0114361 151.983 0.888032 0.459751 0.00531176 115.039 -0.00997469 0.00771396 0.99992 0.936918
0.460369 -0.887715 0.00474657 152.408 0.887719 0.460382 0.00183042 115.911 -0.00381013 0.00337095 0.999987 0.947809
0.460687 -0.88756 0.00193425 152.751 0.887545 0.460691 0.00523023 116.581 -0.00553324 -0.000692762 0.999984 0.956377
0.460373 -0.887726 0.000481261 153.086 0.887689 0.460358 0.0088721 117.221 -0.00809755 -0.00365727 0.999961 0.964966
0.458177 -0.888859 -0.00177622 153.881 0.888749 0.458087 0.0167515 118.799 -0.014076 -0.00925376 0.999858 0.97583
0.45733 -0.889295 0.00179904 154.21 0.889187 0.457305 0.0147721 119.476 -0.0139595 -0.00515606 0.999889 0.974675
0.45707 -0.889428 0.0020739 154.55 0.889399 0.457072 0.00743119 120.174 -0.00755744 -0.00155205 0.99997 0.981351
0.456761 -0.889583 -0.00335724 154.982 0.889586 0.456746 0.00435861 121.032 -0.00234394 -0.0049774 0.999985 0.998613
0.455682 -0.890096 -0.00911658 155.327 0.890097 0.455531 0.0147736 121.689 -0.00899701 -0.0148467 0.999849 0.9486
0.453589 -0.891206 -0.00309367 155.72 0.890971 0.453383 0.024779 122.441 -0.0206805 -0.0139958 0.999688 0.944863
0.452217 -0.89189 0.00568244 156.076 0.891537 0.452203 0.025964 123.133 -0.0257267 -0.00667526 0.999647 0.96822
0.451783 -0.8921 0.00705194 156.414 0.891867 0.451827 0.0206314 123.817 -0.0215915 -0.00303152 0.999762 0.988528
0.452232 -0.891895 0.00314934 156.742 0.891786 0.452228 0.0144019 124.484 -0.0142692 -0.00370444 0.999891 0.96244
0.453243 -0.891386 -0.00164833 157.056 0.891351 0.453207 0.00982529 125.137 -0.00801109 -0.00592248 0.99995 0.967883
0.454168 -0.89087 -0.0090899 157.348 0.890906 0.454089 0.00952462 125.737 -0.00435758 -0.012424 0.999913 0.942035
0.456484 -0.889667 -0.0107343 157.633 0.88973 0.456431 0.00710556 126.312 -0.00142212 -0.0127942 0.999917 0.940623
0.460113 -0.887789 -0.0112484 157.925 0.88786 0.460075 0.00591847 126.885 -7.92216e-05 -0.0127102 0.999919 0.964461
0.464936 -0.885284 -0.0103443 158.228 0.885339 0.464859 0.00902145 127.481 -0.00317788 -0.0133526 0.999906 0.965919
0.470416 -0.882413 -0.00747816 158.545 0.882387 0.470271 0.0154229 128.081 -0.0100926 -0.0138538 0.999853 0.956832
0.47559 -0.87964 -0.00692837 158.881 0.879492 0.475324 0.0236634 128.693 -0.0175221 -0.0173476 0.999696 0.960755
0.480947 -0.876707 -0.00862572 159.201 0.876568 0.480624 0.0250862 129.29 -0.0178475 -0.0196262 0.999648 0.961462
0.487012 -0.873336 -0.0101626 159.499 0.873324 0.486791 0.0184204 129.862 -0.0111401 -0.0178462 0.999779 0.971897
0.493511 -0.86965 -0.0125006 159.795 0.869737 0.493425 0.00940702 130.425 -0.00201269 -0.0155147 0.999878 0.979394
0.500252 -0.865697 -0.0177719 160.121 0.865864 0.500262 0.00418788 131.012 0.0052652 -0.0174831 0.999833 0.97835
0.5065 -0.862039 -0.0186092 160.415 0.862231 0.506476 0.00632045 131.489 0.00397664 -0.0192467 0.999807 1.00509
0.512362 -0.858637 -0.0151115 160.83 0.85877 0.512291 0.00851329 132.153 0.000431658 -0.0173392 0.99985 1.04492
0.51753 -0.85562 -0.00881934 161.165 0.85565 0.517432 0.0112622 132.674 -0.00507278 -0.0133748 0.999898 1.06224
0.522716 -0.852503 -0.00242959 161.559 0.852463 0.522658 0.0116201 133.268 -0.00863634 -0.00814516 0.999929 1.06019
0.526147 -0.850393 -0.00121928 161.881 0.850328 0.526088 0.013165 133.774 -0.010554 -0.00796353 0.999913 1.05212
0.526068 -0.850436 -0.00345492 162.234 0.850387 0.525983 0.0135375 134.346 -0.00969551 -0.0100596 0.999902 1.03801
0.526198 -0.850362 0.000885177 162.899 0.850215 0.526125 0.018083 135.473 -0.0158428 -0.00876264 0.999836 1.05713
0.526401 -0.850236 0.000661083 163.198 0.850063 0.526309 0.0197967 135.97 -0.0171798 -0.00985905 0.999804 1.06509
0.526107 -0.850377 -0.00836723 163.615 0.850331 0.525887 0.0195129 136.662 -0.0121931 -0.0173808 0.999775 1.04087
0.525471 -0.850665 -0.0158207 163.907 0.850786 0.525218 0.0175894 137.146 -0.00665338 -0.0227027 0.99972 1.01196
0.523584 -0.851759 -0.0191377 164.28 0.851967 0.523541 0.00760957 137.77 0.00353786 -0.0202889 0.999788 1.00306
0.520564 -0.853672 -0.0160276 164.575 0.853785 0.520625 0.00039437 138.255 0.00800769 -0.0138894 0.999871 1.03965
0.51672 -0.856019 -0.0152577 164.949 0.85613 0.516759 0.00155024 138.892 0.00655754 -0.0138637 0.999882 1.08993
0.513064 -0.858233 -0.0142344 165.246 0.858341 0.512909 0.0132462 139.458 -0.00406733 -0.0190141 0.999811 1.10658
0.5095 -0.860456 -0.00501946 165.598 0.860267 0.509245 0.0247036 140.083 -0.0187002 -0.0169046 0.999682 1.11695
0.506012 -0.862512 0.00498534 165.959 0.861976 0.505887 0.032804 140.692 -0.0308158 -0.012302 0.999449 1.10727
0.503629 -0.863907 0.00468761 166.301 0.863393 0.503504 0.0322033 141.254 -0.0301809 -0.0121713 0.99947 1.06787
0.501482 -0.865168 -0.000314316 166.719 0.864888 0.50131 0.025613 141.974 -0.022002 -0.0131163 0.999672 1.03248
0.499492 -0.866314 -0.00284596 166.996 0.866148 0.499325 0.0215071 142.457 -0.0172109 -0.0132077 0.999765 1.01938
0.496969 -0.867767 -0.00133603 167.403 0.867714 0.49692 0.0119848 143.168 -0.00973616 -0.0071154 0.999927 1.01763
0.496018 -0.868286 0.00676282 167.725 0.868249 0.496061 0.00822397 143.726 -0.0104955 0.00179257 0.999943 1.03199
0.495186 -0.868648 0.0155282 168.039 0.868664 0.495337 0.00795137 144.269 -0.0145987 0.00955142 0.999848 1.04989
0.494187 -0.869092 0.0214083 168.453 0.869161 0.494447 0.00897419 144.976 -0.0183847 0.0141723 0.999731 1.05765
0.493169 -0.869615 0.0235375 168.778 0.869703 0.493481 0.00965671 145.548 -0.0200129 0.0157082 0.999676 1.02897
0.492406 -0.86999 0.0255798 169.117 0.870195 0.492678 0.00532053 146.125 -0.0172314 0.0196395 0.999659 0.997259
0.491836 -0.870165 0.0301684 169.444 0.870564 0.492055 -0.000203276 146.675 -0.0146676 0.0263635 0.999545 0.985678
0.49136 -0.870386 0.0315271 169.836 0.870865 0.491511 -0.00332943 147.369 -0.012598 0.0290918 0.999497 1.00474
0.490446 -0.870734 0.0358539 170.148 0.871307 0.490737 -0.000775943 147.934 -0.0169192 0.0316203 0.999357 1.02976
0.489879 -0.870959 0.0380767 170.503 0.871526 0.490339 0.00323319 148.549 -0.0214865 0.0316009 0.99927 1.01431
