1 7.94657e-05 0.000555006 3.79315e+06 -8.00245e-05 0.999999 0.00100689 5.02223e+06 -0.000554926 -0.00100693 0.999999 5.29029e+06
0.999996 0.000399254 0.00262913 3.79315e+06 -0.000410293 0.999991 0.00419972 5.02223e+06 -0.00262743 -0.00420078 0.999988 5.29029e+06
0.999978 0.00148201 0.00646229 3.79315e+06 -0.00157837 0.999887 0.014931 5.02223e+06 -0.00643944 -0.0149409 0.999868 5.29029e+06
0.999938 0.00273095 0.0107627 3.79315e+06 -0.00305008 0.999553 0.029747 5.02223e+06 -0.0106766 -0.0297779 0.999499 5.29029e+06
0.999774 0.00562502 0.0205244 3.79315e+06 -0.00664653 0.998725 0.0500468 5.02223e+06 -0.0202168 -0.0501719 0.998536 5.29029e+06
0.999806 0.00628906 0.0186603 3.79315e+06 -0.00718744 0.998799 0.0484741 5.02223e+06 -0.018333 -0.0485989 0.99865 5.29029e+06
0.999244 0.0142352 0.0361772 3.79315e+06 -0.0169079 0.997064 0.0746816 5.02223e+06 -0.0350079 -0.0752368 0.996551 5.29029e+06
0.997826 0.0285452 0.0593954 3.79315e+06 -0.0335266 0.995848 0.0846372 5.02223e+06 -0.0567327 -0.0864446 0.99464 5.29029e+06
0.997644 0.0394759 0.0561115 3.79315e+06 -0.0436875 0.996156 0.075928 5.02223e+06 -0.0528984 -0.0782005 0.995533 5.29029e+06
0.997866 0.0517424 0.0398365 3.79315e+06 -0.0533224 0.997789 0.0396787 5.02223e+06 -0.0376953 -0.0417181 0.998418 5.29029e+06
0.998792 0.0486082 0.00713823 3.79315e+06 -0.048484 0.998685 -0.0166531 5.02223e+06 -0.00793833 0.0162869 0.999836 5.29029e+06
0.999211 0.0245769 -0.0312028 3.79315e+06 -0.0254478 0.999289 -0.0278261 5.02223e+06 0.0304967 0.0285981 0.999126 5.29029e+06
0.998696 0.0209898 -0.0465456 3.79315e+06 -0.0206471 0.999756 0.00783163 5.02223e+06 0.0466986 -0.00686039 0.998885 5.29029e+06
0.99892 0.0352147 -0.0303231 3.79315e+06 -0.0359077 0.999099 -0.0226207 5.02223e+06 0.0294992 0.023685 0.999284 5.29029e+06
0.998248 0.0448463 -0.0385884 3.79315e+06 -0.0449244 0.99899 -0.001158 5.02223e+06 0.0384974 0.00288953 0.999255 5.29029e+06
0.998154 0.0572311 -0.0203039 3.79315e+06 -0.0578862 0.997768 -0.0332965 5.02223e+06 0.018353 0.0344104 0.999239 5.29029e+06
0.994544 0.0935814 0.0460875 3.79315e+06 -0.0897688 0.99284 -0.0788116 5.02223e+06 -0.0531328 0.0742444 0.995824 5.29029e+06
0.997881 0.0647956 -0.00588954 3.79315e+06 -0.0650278 0.996216 -0.05766 5.02223e+06 0.00213114 0.0579208 0.998319 5.29029e+06
0.997586 0.0645476 -0.0256146 3.79315e+06 -0.065366 0.997332 -0.0325127 5.02223e+06 0.0234476 0.0341085 0.999143 5.29029e+06
0.997334 0.0726645 -0.00666759 3.79315e+06 -0.0729018 0.996179 -0.0480958 5.02223e+06 0.00314726 0.0484537 0.99882 5.29029e+06
0.995196 0.0957471 0.0204353 3.79315e+06 -0.0948758 0.994684 -0.0400344 5.02223e+06 -0.0241599 0.0379033 0.998989 5.29029e+06
0.997791 0.0617458 0.02452 3.79315e+06 -0.0590694 0.993437 -0.0979475 5.02223e+06 -0.0304069 0.0962828 0.994889 5.29029e+06
0.995972 0.0617476 0.0650186 3.79315e+06 -0.0551367 0.993561 -0.0989771 5.02223e+06 -0.0707116 0.0949935 0.992963 5.29029e+06
0.991329 0.0700786 0.111158 3.79315e+06 -0.0614256 0.994945 -0.0794492 5.02223e+06 -0.116163 0.0719324 0.990622 5.29029e+06
0.986744 0.0919495 0.133722 3.79315e+06 -0.0905464 0.995755 -0.0165493 5.02223e+06 -0.134676 0.00422181 0.990881 5.29029e+06
0.985441 0.10118 0.136633 3.79315e+06 -0.0999667 0.994866 -0.0157272 5.02223e+06 -0.137523 0.00183949 0.990497 5.29029e+06
0.989314 0.0918528 0.113228 3.79315e+06 -0.0854206 0.994511 -0.060417 5.02223e+06 -0.118156 0.0500994 0.99173 5.29029e+06
0.992639 0.0814927 0.0895968 3.79315e+06 -0.0774065 0.995835 -0.0481785 5.02223e+06 -0.0931498 0.0408885 0.994812 5.29029e+06
0.991857 0.0764445 0.101864 3.79315e+06 -0.0710901 0.995941 -0.0552007 5.02223e+06 -0.105671 0.0475097 0.993266 5.29029e+06
0.991957 0.0689423 0.106154 3.79315e+06 -0.0631807 0.996389 -0.0567181 5.02223e+06 -0.109681 0.049555 0.992731 5.29029e+06
0.992411 0.079982 0.0933989 3.79315e+06 -0.0817209 0.996543 0.014938 5.02222e+06 -0.0918813 -0.0224573 0.995517 5.29029e+06
0.993531 0.0804382 0.0801564 3.79315e+06 -0.0796529 0.996738 -0.0129525 5.02222e+06 -0.0809368 0.00648399 0.996698 5.29029e+06
0.991338 0.0601457 0.116751 3.79315e+06 -0.0498344 0.994756 -0.0893138 5.02223e+06 -0.121511 0.082722 0.989137 5.29029e+06
0.993673 0.0528658 0.0990889 3.79315e+06 -0.047967 0.997537 -0.0511867 5.02222e+06 -0.101551 0.0461099 0.993761 5.29029e+06
0.988984 0.105527 0.103806 3.79315e+06 -0.112661 0.991476 0.0654372 5.02222e+06 -0.0960158 -0.0764112 0.992443 5.29029e+06
0.984464 0.102747 0.142388 3.79315e+06 -0.101299 0.994704 -0.017402 5.02222e+06 -0.143422 0.00270786 0.989658 5.29029e+06
0.988737 0.114229 0.0967011 3.79315e+06 -0.116393 0.993057 0.0170249 5.02222e+06 -0.094085 -0.0280884 0.995168 5.29029e+06
0.989712 0.108283 0.0935176 3.79315e+06 -0.107216 0.994101 -0.0163705 5.02222e+06 -0.0947386 0.00617545 0.995483 5.29029e+06
0.976585 0.148176 0.155966 3.79315e+06 -0.15025 0.988647 0.00152232 5.02222e+06 -0.15397 -0.0249205 0.987761 5.29029e+06
0.962079 0.193428 0.192325 3.79315e+06 -0.200827 0.979432 0.0195602 5.02222e+06 -0.184586 -0.0574424 0.981136 5.29029e+06
0.952671 0.211162 0.218695 3.79315e+06 -0.209305 0.97733 -0.0318996 5.02222e+06 -0.220473 -0.0153842 0.975272 5.29029e+06
0.964785 0.188829 0.183121 3.79315e+06 -0.177587 0.981157 -0.0761119 5.02222e+06 -0.194043 0.0409117 0.98014 5.29029e+06
0.955717 0.185708 0.228294 3.79315e+06 -0.164069 0.980236 -0.110535 5.02222e+06 -0.244309 0.0681846 0.967297 5.29029e+06
0.940542 0.182311 0.286608 3.79315e+06 -0.150058 0.97997 -0.130922 5.02222e+06 -0.304736 0.0801296 0.94906 5.29029e+06
0.954384 0.157104 0.253909 3.79315e+06 -0.134358 0.985388 -0.104681 5.02222e+06 -0.266645 0.0657911 0.961547 5.29029e+06
0.960692 0.159814 0.227004 3.79315e+06 -0.163339 0.986564 -0.00329427 5.02222e+06 -0.22448 -0.0339138 0.973888 5.29029e+06
0.949404 0.18331 0.25501 3.79315e+06 -0.181666 0.982897 -0.0301976 5.02222e+06 -0.256184 -0.0176568 0.966467 5.29029e+06
0.956024 0.182658 0.229464 3.79315e+06 -0.175286 0.983128 -0.0522883 5.02222e+06 -0.235143 0.00976713 0.971912 5.29028e+06
0.942746 0.204165 0.263717 3.79315e+06 -0.209405 0.977793 -0.00840011 5.02222e+06 -0.259575 -0.0473043 0.964564 5.29028e+06
0.938571 0.21918 0.266542 3.79315e+06 -0.215362 0.975549 -0.0438542 5.02222e+06 -0.269637 -0.0162427 0.962825 5.29028e+06
0.966301 0.196933 0.16577 3.79315e+06 -0.195459 0.980385 -0.0253227 5.02222e+06 -0.167506 -0.00793188 0.985839 5.29028e+06
0.936832 0.237199 0.257067 3.79315e+06 -0.23819 0.970822 -0.0277512 5.02222e+06 -0.256149 -0.0352326 0.965995 5.29028e+06
0.918683 0.260918 0.296553 3.79315e+06 -0.25511 0.965119 -0.0588511 5.02222e+06 -0.301564 -0.021588 0.953201 5.29028e+06
0.920936 0.26508 0.285673 3.79315e+06 -0.258942 0.964041 -0.0597852 5.02222e+06 -0.291248 -0.0189143 0.956461 5.29028e+06
0.949283 0.234291 0.209688 3.79315e+06 -0.219898 0.971377 -0.0898418 5.02222e+06 -0.224735 0.0391753 0.973632 5.29028e+06
0.93966 0.235584 0.248072 3.79315e+06 -0.219818 0.971394 -0.0898553 5.02222e+06 -0.262144 0.0299027 0.964565 5.29028e+06
0.905438 0.254608 0.339643 3.79315e+06 -0.231244 0.966847 -0.108321 5.02222e+06 -0.355962 0.019538 0.934296 5.29028e+06
0.878251 0.274967 0.391239 3.79315e+06 -0.26803 0.960606 -0.0734517 5.02222e+06 -0.396024 -0.0403548 0.917353 5.29028e+06
0.867606 0.287834 0.405478 3.79315e+06 -0.261742 0.957678 -0.119769 5.02222e+06 -0.42279 -0.00221831 0.906225 5.29028e+06
0.918906 0.264051 0.293067 3.79315e+06 -0.264453 0.963609 -0.0390176 5.02222e+06 -0.292705 -0.0416489 0.955295 5.29028e+06
0.906509 0.296052 0.300991 3.79315e+06 -0.31262 0.94985 0.00726877 5.02222e+06 -0.283745 -0.100685 0.953599 5.29028e+06
0.886855 0.324507 0.328912 3.79315e+06 -0.330289 0.943039 -0.0398398 5.02222e+06 -0.323105 -0.0733041 0.94352 5.29028e+06
0.887682 0.326863 0.324316 3.79315e+06 -0.303406 0.94502 -0.121993 5.02222e+06 -0.34636 0.00989228 0.93805 5.29028e+06
0.899847 0.306549 0.310326 3.79316e+06 -0.27697 0.951142 -0.136439 5.02222e+06 -0.33699 0.0368234 0.940788 5.29028e+06
0.865254 0.320203 0.385754 3.79316e+06 -0.293074 0.947348 -0.128996 5.02222e+06 -0.406748 -0.00144036 0.913539 5.29028e+06
0.862215 0.318957 0.393513 3.79316e+06 -0.290295 0.947769 -0.132147 5.02222e+06 -0.415108 -0.00029604 0.909772 5.29028e+06
0.825565 0.347053 0.444969 3.79316e+06 -0.355526 0.932228 -0.0674708 5.02222e+06 -0.438228 -0.102496 0.893001 5.29028e+06
0.855804 0.339623 0.390199 3.79316e+06 -0.295506 0.940074 -0.170108 5.02222e+06 -0.424588 0.0302729 0.90488 5.29028e+06
0.845397 0.337915 0.413664 3.79316e+06 -0.322876 0.940235 -0.108208 5.02222e+06 -0.425506 -0.0420832 0.903977 5.29028e+06
0.846997 0.333758 0.413765 3.79316e+06 -0.291209 0.942477 -0.164118 5.02222e+06 -0.44474 0.018516 0.895469 5.29028e+06
0.823618 0.333311 0.458865 3.79316e+06 -0.292939 0.942811 -0.159044 5.02222e+06 -0.485634 -0.00342857 0.874156 5.29027e+06
0.813056 0.336187 0.475309 3.79316e+06 -0.322759 0.939761 -0.112588 5.02222e+06 -0.484527 -0.0618703 0.872586 5.29027e+06
0.793626 0.358455 0.491597 3.79316e+06 -0.383924 0.921877 -0.0523991 5.02222e+06 -0.471974 -0.147151 0.869245 5.29027e+06
0.763752 0.396148 0.509656 3.79316e+06 -0.370018 0.915627 -0.157207 5.02221e+06 -0.528932 -0.0685145 0.845894 5.29027e+06
0.780192 0.393861 0.485977 3.79316e+06 -0.364492 0.917614 -0.158522 5.02221e+06 -0.508375 -0.0534577 0.859475 5.29027e+06
0.819904 0.375487 0.432165 3.79316e+06 -0.324972 0.926718 -0.188643 5.02221e+06 -0.471328 0.0142281 0.881843 5.29027e+06
0.832997 0.35622 0.423349 3.79316e+06 -0.32678 0.934206 -0.143087 5.02221e+06 -0.446465 -0.0191512 0.894596 5.29027e+06
0.784741 0.375257 0.493319 3.79316e+06 -0.367791 0.922556 -0.116709 5.02221e+06 -0.49891 -0.0898522 0.861983 5.29027e+06
0.727606 0.411017 0.54923 3.79316e+06 -0.469132 0.882277 -0.0387597 5.02221e+06 -0.500504 -0.22946 0.834772 5.29027e+06
0.754379 0.44701 0.480724 3.79316e+06 -0.43649 0.888549 -0.141269 5.02221e+06 -0.490295 -0.103261 0.865418 5.29027e+06
0.759716 0.449906 0.469484 3.79316e+06 -0.434989 0.888296 -0.147358 5.02221e+06 -0.483338 -0.0922701 0.870557 5.29027e+06
0.76071 0.450898 0.466916 3.79316e+06 -0.399008 0.892214 -0.211534 5.02221e+06 -0.511969 -0.0253871 0.858629 5.29027e+06
0.765548 0.435772 0.473327 3.79316e+06 -0.371726 0.900055 -0.227421 5.02221e+06 -0.525124 -0.00184602 0.851024 5.29027e+06
0.732493 0.434314 0.524239 3.79316e+06 -0.428171 0.892595 -0.141222 5.02221e+06 -0.529268 -0.12102 0.83978 5.29027e+06
0.786127 0.431323 0.442679 3.79316e+06 -0.39725 0.901307 -0.172735 5.02221e+06 -0.473495 -0.040063 0.879885 5.29027e+06
0.758266 0.439806 0.481252 3.79316e+06 -0.413909 0.895085 -0.165839 5.02221e+06 -0.503698 -0.0734441 0.860752 5.29026e+06
0.70513 0.45867 0.540752 3.79316e+06 -0.387965 0.887898 -0.247224 5.02221e+06 -0.593527 -0.0354679 0.804032 5.29026e+06
0.769181 0.430442 0.472315 3.79316e+06 -0.354013 0.902353 -0.245833 5.02221e+06 -0.532012 0.0218847 0.846454 5.29026e+06
0.761334 0.406796 0.504863 3.79316e+06 -0.287456 0.909747 -0.29955 5.02221e+06 -0.581154 0.0829315 0.809557 5.29026e+06
0.719926 0.381942 0.579506 3.79316e+06 -0.316793 0.923744 -0.215268 5.02221e+06 -0.617535 -0.0286061 0.786023 5.29026e+06
0.695509 0.383724 0.607473 3.79316e+06 -0.332934 0.921324 -0.200791 5.02221e+06 -0.636727 -0.0625965 0.768544 5.29026e+06
0.731276 0.380971 0.565771 3.79316e+06 -0.336912 0.922975 -0.186031 5.02221e+06 -0.593065 -0.0545747 0.803303 5.29026e+06
0.762212 0.380351 0.523799 3.79316e+06 -0.392443 0.915025 -0.0933665 5.02221e+06 -0.514801 -0.134396 0.84671 5.29026e+06
0.754829 0.401399 0.518761 3.79316e+06 -0.375145 0.912956 -0.160554 5.02221e+06 -0.538052 -0.0734198 0.839708 5.29026e+06
0.69182 0.420201 0.587211 3.79316e+06 -0.420423 0.895579 -0.145545 5.02221e+06 -0.587052 -0.146186 0.796241 5.29026e+06
0.713124 0.432784 0.5515 3.79316e+06 -0.412507 0.895132 -0.169048 5.02221e+06 -0.566826 -0.106945 0.816866 5.29026e+06
0.703204 0.44167 0.557164 3.79317e+06 -0.431435 0.887955 -0.159372 5.02221e+06 -0.565127 -0.128309 0.814965 5.29026e+06
0.640019 0.465276 0.611469 3.79317e+06 -0.43402 0.875609 -0.211979 5.0222e+06 -0.634037 -0.129719 0.762345 5.29026e+06
0.583999 0.469013 0.66255 3.79317e+06 -0.514103 0.845339 -0.145256 5.0222e+06 -0.628206 -0.255789 0.734798 5.29026e+06
0.638052 0.501408 0.584363 3.79317e+06 -0.491769 0.849335 -0.191814 5.0222e+06 -0.592497 -0.164985 0.788497 5.29025e+06
0.673084 0.503571 0.54164 3.79317e+06 -0.483681 0.853767 -0.192702 5.0222e+06 -0.559474 -0.132276 0.818225 5.29025e+06
0.722842 0.491871 0.485347 3.79317e+06 -0.456719 0.867158 -0.198608 5.0222e+06 -0.518562 -0.0781047 0.851465 5.29025e+06
0.688626 0.493376 0.531389 3.79317e+06 -0.429854 0.867941 -0.248805 5.0222e+06 -0.583969 -0.0570857 0.809766 5.29025e+06
0.648301 0.490825 0.582062 3.79317e+06 -0.457857 0.862128 -0.21703 5.0222e+06 -0.608335 -0.1258 0.783647 5.29025e+06
0.681906 0.490555 0.54255 3.79317e+06 -0.445903 0.866785 -0.223282 5.0222e+06 -0.579806 -0.0896675 0.809806 5.29025e+06
0.701107 0.485606 0.522146 3.79317e+06 -0.443684 0.870337 -0.213677 5.0222e+06 -0.558206 -0.081858 0.825655 5.29025e+06
0.672427 0.487887 0.556604 3.79317e+06 -0.411054 0.871529 -0.267342 5.0222e+06 -0.615529 -0.0490258 0.786588 5.29025e+06
0.631608 0.485409 0.604524 3.79317e+06 -0.38005 0.87348 -0.304292 5.0222e+06 -0.675746 -0.0375565 0.736177 5.29025e+06
0.604782 0.46868 0.643877 3.79317e+06 -0.405303 0.877095 -0.257746 5.0222e+06 -0.685542 -0.105085 0.720409 5.29025e+06
0.603164 0.474943 0.640798 3.79317e+06 -0.40096 0.875047 -0.271151 5.0222e+06 -0.68951 -0.0933856 0.71823 5.29025e+06
0.673014 0.462051 0.577548 3.79317e+06 -0.397031 0.884509 -0.244968 5.0222e+06 -0.624034 -0.0644382 0.778736 5.29025e+06
0.637636 0.458367 0.619129 3.79317e+06 -0.414994 0.881508 -0.225218 5.0222e+06 -0.649 -0.113327 0.752301 5.29025e+06
0.696696 0.459078 0.551237 3.79317e+06 -0.392253 0.887159 -0.243078 5.0222e+06 -0.600626 -0.0468736 0.798155 5.29024e+06
0.649339 0.452728 0.611062 3.79317e+06 -0.417476 0.883809 -0.211176 5.0222e+06 -0.635667 -0.117979 0.762894 5.29024e+06
0.675035 0.455858 0.580104 3.79317e+06 -0.416222 0.884507 -0.210729 5.0222e+06 -0.609169 -0.0992027 0.786811 5.29024e+06
0.655523 0.460221 0.598738 3.79317e+06 -0.439283 0.877287 -0.193383 5.0222e+06 -0.614264 -0.136249 0.777249 5.29024e+06
0.664274 0.471147 0.580311 3.79317e+06 -0.441707 0.873718 -0.203744 5.0222e+06 -0.603021 -0.120985 0.788497 5.29024e+06
0.677705 0.473682 0.562442 3.79317e+06 -0.459412 0.869975 -0.179122 5.0222e+06 -0.574158 -0.137 0.807201 5.29024e+06
0.664272 0.487203 0.566901 3.79317e+06 -0.45336 0.865585 -0.212668 5.0222e+06 -0.594313 -0.115741 0.795862 5.29024e+06
0.647524 0.493001 0.581087 3.79317e+06 -0.478351 0.856548 -0.193663 5.02219e+06 -0.593205 -0.152562 0.790463 5.29024e+06
0.65457 0.507583 0.560266 3.79318e+06 -0.447284 0.857484 -0.254281 5.02219e+06 -0.609487 -0.0841533 0.788317 5.29024e+06
0.669979 0.498232 0.550358 3.79318e+06 -0.434851 0.864229 -0.253009 5.02219e+06 -0.601692 -0.0698133 0.795671 5.29024e+06
0.687398 0.4876 0.538266 3.79318e+06 -0.419785 0.871531 -0.253405 5.02219e+06 -0.592676 -0.0517656 0.803776 5.29024e+06
0.720961 0.468181 0.510903 3.79318e+06 -0.351688 0.882459 -0.312382 5.02219e+06 -0.597102 0.0455363 0.800872 5.29024e+06
0.676163 0.445701 0.586646 3.79318e+06 -0.341445 0.895158 -0.286544 5.02219e+06 -0.652854 -0.00655685 0.757455 5.29024e+06
0.688746 0.425908 0.586712 3.79318e+06 -0.390975 0.899694 -0.194139 5.02219e+06 -0.610547 -0.0956767 0.78618 5.29023e+06
0.62329 0.443437 0.644107 3.79318e+06 -0.434377 0.881242 -0.186355 5.02219e+06 -0.650251 -0.163632 0.741888 5.29023e+06
0.635683 0.45065 0.626755 3.79318e+06 -0.491589 0.862319 -0.121434 5.02219e+06 -0.595187 -0.230913 0.769696 5.29023e+06
0.551745 0.495343 0.670979 3.79318e+06 -0.529628 0.829576 -0.176913 5.02219e+06 -0.644261 -0.257759 0.720061 5.29023e+06
0.573025 0.528547 0.626323 3.79318e+06 -0.528244 0.822506 -0.210811 5.02219e+06 -0.626578 -0.210052 0.750518 5.29023e+06
0.639765 0.536174 0.550653 3.79318e+06 -0.485742 0.837307 -0.250942 5.02219e+06 -0.595614 -0.106931 0.796122 5.29023e+06
0.700218 0.509808 0.499791 3.79318e+06 -0.44248 0.859288 -0.256586 5.02219e+06 -0.560274 -0.0414814 0.827268 5.29023e+06
0.642 0.501417 0.580014 3.79318e+06 -0.464709 0.85619 -0.225797 5.02219e+06 -0.609821 -0.124576 0.782687 5.29023e+06
0.656802 0.502263 0.562443 3.79318e+06 -0.474172 0.855059 -0.209846 5.02219e+06 -0.58632 -0.128868 0.799764 5.29023e+06
0.647449 0.518856 0.55821 3.79318e+06 -0.409148 0.854595 -0.319789 5.02219e+06 -0.642968 -0.0213437 0.765596 5.29023e+06
0.680834 0.487118 0.546975 3.79318e+06 -0.456733 0.866163 -0.202869 5.02219e+06 -0.57259 -0.111702 0.812196 5.29023e+06
0.739 0.476224 0.476539 3.79318e+06 -0.393471 0.879256 -0.268494 5.02219e+06 -0.546863 0.0109129 0.837151 5.29023e+06
0.728857 0.460081 0.507043 3.79318e+06 -0.384392 0.887815 -0.253036 5.02219e+06 -0.566577 -0.0104761 0.823942 5.29023e+06
0.722712 0.451903 0.522946 3.79318e+06 -0.4011 0.890415 -0.21513 5.02218e+06 -0.562856 -0.0542765 0.824771 5.29022e+06
0.662578 0.460851 0.590429 3.79318e+06 -0.413317 0.882376 -0.224903 5.02218e+06 -0.624627 -0.0950182 0.775121 5.29022e+06
0.646986 0.466331 0.603278 3.79318e+06 -0.415064 0.879081 -0.23439 5.02218e+06 -0.639634 -0.0987517 0.76231 5.29022e+06
0.647963 0.469323 0.599899 3.79318e+06 -0.396762 0.88029 -0.260133 5.02218e+06 -0.650172 -0.0694606 0.756605 5.29022e+06
0.682557 0.458289 0.569286 3.79318e+06 -0.372241 0.888349 -0.268837 5.02218e+06 -0.62893 -0.0284147 0.776942 5.29022e+06
0.664044 0.444916 0.600911 3.79318e+06 -0.396995 0.890846 -0.22088 5.02218e+06 -0.633593 -0.0918846 0.768191 5.29022e+06
0.598055 0.4569 0.658462 3.79318e+06 -0.400444 0.882031 -0.248325 5.02218e+06 -0.694244 -0.115166 0.710466 5.29022e+06
0.593587 0.462512 0.658588 3.79318e+06 -0.392608 0.880791 -0.264702 5.02218e+06 -0.702505 -0.101443 0.704411 5.29022e+06
0.605352 0.448188 0.657781 3.79319e+06 -0.440753 0.876886 -0.191855 5.02218e+06 -0.662786 -0.173779 0.728365 5.29022e+06
0.667489 0.457994 0.587112 3.79319e+06 -0.457973 0.874213 -0.161285 5.02218e+06 -0.587128 -0.161225 0.793276 5.29022e+06
0.639415 0.478839 0.60155 3.79319e+06 -0.466068 0.86365 -0.192068 5.02218e+06 -0.611498 -0.157552 0.775402 5.29022e+06
0.599398 0.502735 0.62288 3.79319e+06 -0.448563 0.855461 -0.258802 5.02218e+06 -0.662958 -0.124276 0.738269 5.29022e+06
0.600706 0.493466 0.629002 3.79319e+06 -0.485511 0.850247 -0.203368 5.02218e+06 -0.635163 -0.183223 0.750332 5.29022e+06
0.611433 0.504223 0.609844 3.79319e+06 -0.516174 0.838292 -0.175587 5.02218e+06 -0.599762 -0.207426 0.772826 5.29021e+06
0.65528 0.524444 0.543661 3.79319e+06 -0.508479 0.838478 -0.195966 5.02218e+06 -0.558621 -0.148028 0.816107 5.29021e+06
0.645982 0.536695 0.542831 3.79319e+06 -0.4599 0.841196 -0.284395 5.02218e+06 -0.609261 -0.0659339 0.790224 5.29021e+06
0.67717 0.516753 0.523838 3.79319e+06 -0.416311 0.856068 -0.306321 5.02218e+06 -0.606733 -0.0106483 0.794834 5.29021e+06
0.686552 0.492522 0.534853 3.79319e+06 -0.414276 0.869515 -0.268922 5.02218e+06 -0.597513 -0.0369479 0.801008 5.29021e+06
0.718002 0.473456 0.510209 3.79319e+06 -0.371132 0.880535 -0.294822 5.02218e+06 -0.588842 0.0223282 0.80794 5.29021e+06
0.753273 0.443479 0.485703 3.79319e+06 -0.358395 0.895977 -0.262255 5.02218e+06 -0.551483 0.0234767 0.833856 5.29021e+06
0.72092 0.427529 0.54543 3.79319e+06 -0.310616 0.90289 -0.297164 5.02218e+06 -0.619509 0.0448118 0.783709 5.29021e+06
0.709507 0.403222 0.577937 3.79319e+06 -0.303687 0.915011 -0.265573 5.02218e+06 -0.635904 0.0129139 0.77166 5.29021e+06
0.739589 0.385083 0.552013 3.79319e+06 -0.329128 0.922329 -0.202448 5.02218e+06 -0.587097 -0.0319546 0.808886 5.29021e+06
0.722302 0.386847 0.573261 3.79319e+06 -0.342782 0.920193 -0.189062 5.02217e+06 -0.60065 -0.0599437 0.797262 5.29021e+06
0.657994 0.397878 0.639325 3.79319e+06 -0.430127 0.895465 -0.114597 5.02217e+06 -0.618089 -0.199587 0.760349 5.29021e+06
0.591791 0.438855 0.676158 3.79319e+06 -0.472146 0.868577 -0.150508 5.02217e+06 -0.653346 -0.230176 0.721219 5.2902e+06
0.617476 0.4602 0.637918 3.79319e+06 -0.492838 0.858419 -0.142227 5.02217e+06 -0.613054 -0.226568 0.756857 5.2902e+06
0.598121 0.487141 0.636352 3.79319e+06 -0.50733 0.844839 -0.169891 5.02217e+06 -0.620376 -0.221225 0.752458 5.2902e+06
0.653462 0.513866 0.555813 3.79319e+06 -0.422768 0.856835 -0.295128 5.02217e+06 -0.627897 -0.0421251 0.777156 5.2902e+06
0.662008 0.484655 0.571713 3.79319e+06 -0.425496 0.870981 -0.245654 5.02217e+06 -0.617008 -0.0806364 0.782815 5.2902e+06
0.647103 0.477991 0.593955 3.7932e+06 -0.43393 0.871471 -0.228565 5.02217e+06 -0.626867 -0.10983 0.771347 5.2902e+06
0.675559 0.473247 0.565383 3.7932e+06 -0.455498 0.870868 -0.18469 5.02217e+06 -0.579778 -0.132761 0.803886 5.2902e+06
0.653879 0.489536 0.576885 3.7932e+06 -0.46322 0.861888 -0.206342 5.02217e+06 -0.598222 -0.132302 0.790333 5.2902e+06
0.651931 0.497747 0.572044 3.7932e+06 -0.483304 0.854063 -0.192339 5.02217e+06 -0.584298 -0.151079 0.797353 5.2902e+06
0.657923 0.510879 0.553299 3.7932e+06 -0.468337 0.852918 -0.230631 5.02217e+06 -0.589743 -0.107393 0.800418 5.2902e+06
0.669597 0.509792 0.540141 3.7932e+06 -0.412932 0.860009 -0.299787 5.02217e+06 -0.617355 -0.0223048 0.786369 5.2902e+06
0.675301 0.488024 0.552993 3.7932e+06 -0.398354 0.872352 -0.283403 5.02217e+06 -0.620711 -0.0289043 0.783506 5.2902e+06
0.661279 0.475275 0.580364 3.7932e+06 -0.417574 0.87595 -0.241546 5.02217e+06 -0.623171 -0.0826158 0.77771 5.2902e+06
0.626256 0.485035 0.610365 3.7932e+06 -0.397269 0.872172 -0.285471 5.02217e+06 -0.670806 -0.0637014 0.738892 5.29019e+06
0.639411 0.475789 0.603969 3.7932e+06 -0.385 0.878089 -0.28414 5.02217e+06 -0.665529 -0.0508455 0.744638 5.29019e+06
0.628487 0.466901 0.622099 3.7932e+06 -0.37386 0.882684 -0.284778 5.02217e+06 -0.68208 -0.0535985 0.72931 5.29019e+06
0.645209 0.453606 0.614774 3.7932e+06 -0.378178 0.888795 -0.25889 5.02217e+06 -0.663842 -0.0654554 0.745003 5.29019e+06
0.652103 0.439729 0.617576 3.7932e+06 -0.440551 0.882741 -0.163353 5.02217e+06 -0.61699 -0.165551 0.769361 5.29019e+06
0.657944 0.466654 0.591053 3.7932e+06 -0.425473 0.877939 -0.219534 5.02216e+06 -0.621355 -0.107036 0.776184 5.29019e+06
0.688197 0.46301 0.558575 3.7932e+06 -0.434173 0.879643 -0.194222 5.02216e+06 -0.581273 -0.108856 0.806394 5.29019e+06
0.642944 0.476699 0.599485 3.7932e+06 -0.43671 0.871173 -0.224371 5.02216e+06 -0.629212 -0.117543 0.768294 5.29019e+06
0.577839 0.483866 0.657248 3.7932e+06 -0.470764 0.855438 -0.215887 5.02216e+06 -0.666696 -0.184661 0.722092 5.29019e+06
0.644332 0.491614 0.585792 3.7932e+06 -0.474175 0.857801 -0.198332 5.02216e+06 -0.599996 -0.149976 0.78582 5.29019e+06
0.58704 0.508972 0.629548 3.7932e+06 -0.499272 0.839763 -0.213366 5.02216e+06 -0.637269 -0.189062 0.74709 5.29019e+06
0.635673 0.512761 0.577058 3.7932e+06 -0.516229 0.838151 -0.176097 5.02216e+06 -0.573958 -0.185954 0.797492 5.29019e+06
0.656043 0.527987 0.539293 3.7932e+06 -0.48131 0.843083 -0.239901 5.02216e+06 -0.581334 -0.102182 0.807224 5.29019e+06
0.704094 0.511167 0.49291 3.7932e+06 -0.462773 0.856792 -0.227482 5.02216e+06 -0.538603 -0.0679367 0.839816 5.29018e+06
0.688289 0.503213 0.522528 3.7932e+06 -0.352657 0.861555 -0.365179 5.02216e+06 -0.633949 0.0670754 0.77046 5.29018e+06
0.674223 0.468496 0.570907 3.7932e+06 -0.34065 0.883168 -0.322446 5.02216e+06 -0.655272 0.0229214 0.755045 5.29018e+06
0.690983 0.442239 0.57181 3.7932e+06 -0.325558 0.896647 -0.30006 5.02216e+06 -0.64541 0.0211793 0.763542 5.29018e+06
0.685538 0.421228 0.593805 3.7932e+06 -0.385357 0.901945 -0.194924 5.02216e+06 -0.617687 -0.0951989 0.780641 5.29018e+06
0.644959 0.441227 0.623976 3.7932e+06 -0.424461 0.885792 -0.187629 5.02216e+06 -0.635501 -0.143841 0.758583 5.29018e+06
0.721484 0.44503 0.530479 3.79321e+06 -0.394685 0.893783 -0.213017 5.02216e+06 -0.568932 -0.0556836 0.820497 5.29018e+06
0.748729 0.429171 0.505191 3.79321e+06 -0.358997 0.903208 -0.235238 5.02216e+06 -0.55725 -0.00523249 0.830329 5.29018e+06
0.713114 0.424876 0.557628 3.79321e+06 -0.41314 0.897318 -0.155359 5.02216e+06 -0.566378 -0.11959 0.815423 5.29018e+06
0.665469 0.445984 0.59854 3.79321e+06 -0.371641 0.893385 -0.252481 5.02216e+06 -0.647329 -0.0544235 0.760265 5.29018e+06
0.65168 0.435968 0.620682 3.79321e+06 -0.398276 0.893103 -0.20915 5.02216e+06 -0.645515 -0.110903 0.755652 5.29018e+06
0.68306 0.425298 0.59376 3.79321e+06 -0.390567 0.899662 -0.195103 5.02216e+06 -0.61716 -0.0986363 0.780631 5.29018e+06
0.694632 0.419716 0.58423 3.79321e+06 -0.368065 0.905156 -0.212653 5.02216e+06 -0.618073 -0.0673191 0.783233 5.29018e+06
0.66442 0.410142 0.624764 3.79321e+06 -0.373159 0.906359 -0.198156 5.02216e+06 -0.647532 -0.101477 0.755251 5.29017e+06
0.684492 0.405441 0.605878 3.79321e+06 -0.360117 0.910654 -0.202548 5.02215e+06 -0.633866 -0.0795448 0.769342 5.29017e+06
0.707426 0.39718 0.584634 3.79321e+06 -0.360946 0.914192 -0.184314 5.02215e+06 -0.607673 -0.0806323 0.790083 5.29017e+06
0.712 0.395432 0.58025 3.79321e+06 -0.388498 0.910195 -0.143576 5.02215e+06 -0.584915 -0.1232 0.801683 5.29017e+06
0.720979 0.405794 0.561712 3.79321e+06 -0.454125 0.888961 -0.0593204 5.02215e+06 -0.523412 -0.212319 0.825203 5.29017e+06
0.740212 0.42951 0.517309 3.79321e+06 -0.442209 0.890549 -0.10665 5.02215e+06 -0.506496 -0.149815 0.849128 5.29017e+06
0.803396 0.413556 0.4284 3.79321e+06 -0.395154 0.908496 -0.135969 5.02215e+06 -0.445431 -0.0600466 0.8933 5.29017e+06
0.779335 0.405636 0.477595 3.79321e+06 -0.392624 0.910131 -0.132321 5.02215e+06 -0.488348 -0.084393 0.868559 5.29017e+06
0.726309 0.40953 0.552051 3.79321e+06 -0.424401 0.89895 -0.108506 5.02215e+06 -0.540702 -0.155482 0.82672 5.29017e+06
0.757402 0.42093 0.499158 3.79321e+06 -0.436565 0.89493 -0.0922507 5.02215e+06 -0.485543 -0.148044 0.861586 5.29017e+06
0.712721 0.43479 0.550442 3.79321e+06 -0.437168 0.889012 -0.136172 5.02215e+06 -0.548555 -0.143583 0.823693 5.29017e+06
0.745278 0.427179 0.511936 3.79321e+06 -0.39428 0.901532 -0.178278 5.02215e+06 -0.537683 -0.0689791 0.840321 5.29017e+06
0.771132 0.423136 0.475722 3.79322e+06 -0.431973 0.896623 -0.0972953 5.02215e+06 -0.467713 -0.130472 0.874198 5.29017e+06
0.817393 0.409604 0.405084 3.79322e+06 -0.395567 0.910267 -0.122235 5.02215e+06 -0.418803 -0.0603242 0.906071 5.29017e+06
0.800692 0.424244 0.422976 3.79322e+06 -0.438208 0.896194 -0.0693539 5.02215e+06 -0.408492 -0.12982 0.903483 5.29017e+06
0.790872 0.448101 0.416804 3.79322e+06 -0.481213 0.87613 -0.028831 5.02215e+06 -0.378094 -0.17777 0.908539 5.29017e+06
0.828684 0.417688 0.372584 3.79322e+06 -0.397961 0.907777 -0.132543 5.02215e+06 -0.393585 -0.0384372 0.918484 5.29016e+06
0.842508 0.41253 0.34641 3.79322e+06 -0.406093 0.908909 -0.0947284 5.02214e+06 -0.353934 -0.0608655 0.933288 5.29016e+06
0.873863 0.387667 0.29339 3.79322e+06 -0.377403 0.921337 -0.0933036 5.02214e+06 -0.306482 -0.0291918 0.951429 5.29016e+06
0.891967 0.36393 0.268233 3.79322e+06 -0.352215 0.931348 -0.0923873 5.02214e+06 -0.283441 -0.0120692 0.958914 5.29016e+06
0.885672 0.379156 0.268004 3.79322e+06 -0.379366 0.92372 -0.0531349 5.02214e+06 -0.267707 -0.0546114 0.961951 5.29016e+06
0.876064 0.386113 0.288841 3.79322e+06 -0.38885 0.919925 -0.0503296 5.02214e+06 -0.285145 -0.0682238 0.956053 5.29016e+06
0.858835 0.412384 0.303877 3.79322e+06 -0.426305 0.904303 -0.0223587 5.02214e+06 -0.284017 -0.110342 0.952449 5.29016e+06
0.87239 0.400729 0.279914 3.79322e+06 -0.403042 0.913706 -0.0519404 5.02214e+06 -0.276573 -0.0675048 0.958619 5.29016e+06
0.891193 0.401542 0.211041 3.79322e+06 -0.406397 0.913436 -0.0218209 5.02214e+06 -0.201534 -0.0663196 0.977234 5.29016e+06
0.896405 0.384684 0.220172 3.79322e+06 -0.383911 0.922118 -0.048073 5.02214e+06 -0.221517 -0.0414335 0.974276 5.29016e+06
0.880195 0.416762 0.227084 3.79323e+06 -0.424916 0.905122 -0.0141425 5.02214e+06 -0.211432 -0.0840434 0.973773 5.29016e+06
0.879169 0.437229 0.189455 3.79323e+06 -0.447479 0.894202 0.0128716 5.02214e+06 -0.163783 -0.0960931 0.981805 5.29016e+06
0.853723 0.478293 0.205893 3.79323e+06 -0.4945 0.868561 0.0327319 5.02214e+06 -0.163175 -0.129758 0.978027 5.29016e+06
0.892907 0.428951 0.136813 3.79323e+06 -0.431294 0.90211 -0.0135605 5.02214e+06 -0.129237 -0.0468982 0.990504 5.29016e+06
0.901024 0.427263 0.0748494 3.79323e+06 -0.429364 0.903025 0.0138703 5.02214e+06 -0.0616646 -0.0446351 0.997098 5.29016e+06
0.89433 0.439514 0.083677 3.79323e+06 -0.442416 0.896608 0.019052 5.02214e+06 -0.0666519 -0.0540588 0.996311 5.29016e+06
0.907508 0.414747 0.0664333 3.79323e+06 -0.415566 0.909562 -0.00164381 5.02214e+06 -0.0611069 -0.0261156 0.99779 5.29016e+06
0.906666 0.418034 0.0566049 3.79323e+06 -0.419025 0.907952 0.00638062 5.02214e+06 -0.0487272 -0.029504 0.998376 5.29016e+06
0.912553 0.400916 0.0807095 3.79323e+06 -0.400555 0.916024 -0.0213212 5.02213e+06 -0.0824799 -0.0128719 0.99651 5.29016e+06
0.942475 0.33399 0.0138534 3.79323e+06 -0.333212 0.941969 -0.0407919 5.02213e+06 -0.0266736 0.0338292 0.999072 5.29016e+06
0.941522 0.335201 0.0343009 3.79323e+06 -0.334462 0.942063 -0.0255438 5.02213e+06 -0.0408759 0.0125777 0.999085 5.29016e+06
0.937079 0.34911 0.00231238 3.79323e+06 -0.349115 0.937075 0.00297632 5.02213e+06 -0.00112781 -0.00359634 0.999993 5.29016e+06
0.906136 0.422985 0.00109455 3.79324e+06 -0.422199 0.904289 0.063317 5.02213e+06 0.0257923 -0.057836 0.997993 5.29016e+06
0.90906 0.411809 -0.0634218 3.79324e+06 -0.407721 0.91055 0.0682766 5.02213e+06 0.0858657 -0.0362091 0.995649 5.29016e+06
0.926991 0.365072 -0.0860822 3.79324e+06 -0.363474 0.930979 0.0341187 5.02213e+06 0.0925965 -0.000339085 0.995704 5.29016e+06
0.922529 0.378982 -0.0728951 3.79324e+06 -0.377116 0.92537 0.0383871 5.02213e+06 0.082003 -0.00792329 0.996601 5.29016e+06
0.91083 0.404563 -0.081956 3.79324e+06 -0.400723 0.914259 0.0596005 5.02213e+06 0.0990411 -0.0214444 0.994852 5.29016e+06
0.930743 0.350879 -0.102967 3.79324e+06 -0.349931 0.936365 0.0277217 5.02213e+06 0.106141 0.0102296 0.994298 5.29016e+06
0.916729 0.381824 -0.117555 3.79324e+06 -0.377982 0.92422 0.0542888 5.02213e+06 0.129376 -0.00533426 0.991581 5.29016e+06
0.922509 0.350142 -0.162414 3.79324e+06 -0.346894 0.936629 0.0488929 5.02213e+06 0.169241 0.0112361 0.985511 5.29016e+06
0.935683 0.321797 -0.14472 3.79324e+06 -0.320824 0.946643 0.0306582 5.02213e+06 0.146864 0.0177434 0.988998 5.29016e+06
0.89976 0.411297 -0.14583 3.79324e+06 -0.401708 0.911194 0.0914131 5.02213e+06 0.170477 -0.0236688 0.985077 5.29016e+06
0.908431 0.369553 -0.195406 3.79324e+06 -0.361847 0.929206 0.075114 5.02213e+06 0.209331 0.00247112 0.977842 5.29016e+06
0.886795 0.36439 -0.284277 3.79324e+06 -0.349976 0.931201 0.101886 5.02213e+06 0.301846 0.00913762 0.953313 5.29017e+06
0.90487 0.30046 -0.301554 3.79324e+06 -0.29395 0.953406 0.0678934 5.02213e+06 0.307902 0.0272071 0.951029 5.29017e+06
0.900099 0.316148 -0.299787 3.79325e+06 -0.30648 0.948503 0.0800739 5.02213e+06 0.309664 0.0198043 0.95064 5.29017e+06
0.884288 0.319114 -0.340884 3.79325e+06 -0.304358 0.947554 0.0975031 5.02212e+06 0.35412 0.0175301 0.935035 5.29017e+06
0.898866 0.304584 -0.315069 3.79325e+06 -0.292925 0.952353 0.0849688 5.02212e+06 0.325937 0.0159158 0.945258 5.29017e+06
0.90554 0.29528 -0.304643 3.79325e+06 -0.285593 0.955254 0.0769815 5.02212e+06 0.313742 0.0172941 0.949351 5.29017e+06
0.886557 0.334269 -0.319814 3.79325e+06 -0.317814 0.94243 0.104014 5.02212e+06 0.336171 0.00942707 0.941754 5.29017e+06
0.892991 0.230924 -0.386317 3.79325e+06 -0.224116 0.972507 0.0632692 5.02212e+06 0.390307 0.030081 0.920193 5.29017e+06
0.910672 0.210367 -0.355558 3.79325e+06 -0.206515 0.977204 0.0492306 5.02212e+06 0.357809 0.0285951 0.933357 5.29017e+06
0.888604 0.237485 -0.392408 3.79325e+06 -0.227789 0.971056 0.0718578 5.02212e+06 0.398116 0.025533 0.91698 5.29017e+06
0.868916 0.327981 -0.370694 3.79325e+06 -0.308567 0.944537 0.112414 5.02212e+06 0.387003 0.0167051 0.921927 5.29017e+06
0.863384 0.275159 -0.422913 3.79325e+06 -0.265415 0.960546 0.0831081 5.02212e+06 0.429095 0.0404933 0.902351 5.29017e+06
0.845446 0.318226 -0.428898 3.79325e+06 -0.305571 0.946882 0.100207 5.02212e+06 0.438004 0.0463392 0.897778 5.29017e+06
0.816804 0.376274 -0.437321 3.79325e+06 -0.357973 0.925015 0.127288 5.02212e+06 0.452424 0.0525801 0.890252 5.29017e+06
0.792332 0.401477 -0.459377 3.79325e+06 -0.381334 0.913656 0.140773 5.02212e+06 0.47623 0.0636371 0.877015 5.29017e+06
0.800294 0.366033 -0.47492 3.79325e+06 -0.355592 0.927464 0.115609 5.02212e+06 0.482787 0.0763566 0.872402 5.29017e+06
0.817184 0.313337 -0.483767 3.79325e+06 -0.314044 0.945848 0.0821407 5.02212e+06 0.483308 0.0848003 0.871334 5.29017e+06
0.814174 0.356512 -0.458279 3.79326e+06 -0.353857 0.930445 0.0951691 5.02212e+06 0.460332 0.0846807 0.883699 5.29017e+06
0.81267 0.382905 -0.439261 3.79326e+06 -0.38019 0.91967 0.0982957 5.02212e+06 0.441614 0.0871209 0.892965 5.29018e+06
0.812586 0.367339 -0.452511 3.79326e+06 -0.366643 0.925695 0.0930693 5.02212e+06 0.453075 0.0902833 0.886889 5.29018e+06
0.833241 0.310148 -0.457731 3.79326e+06 -0.320203 0.945583 0.0578173 5.02212e+06 0.450754 0.0983908 0.887209 5.29018e+06
0.850294 0.308289 -0.426566 3.79326e+06 -0.319068 0.946513 0.0480532 5.02212e+06 0.418565 0.0952443 0.903179 5.29018e+06
0.866347 0.205573 -0.455173 3.79326e+06 -0.228415 0.973551 0.00494078 5.02212e+06 0.44415 0.0996881 0.890389 5.29018e+06
0.860822 0.25508 -0.440362 3.79326e+06 -0.265348 0.963351 0.0393183 5.02212e+06 0.434253 0.083003 0.896959 5.29018e+06
0.823675 0.306817 -0.476889 3.79326e+06 -0.303112 0.948974 0.0870138 5.02212e+06 0.479253 0.0728795 0.874646 5.29018e+06
0.814203 0.282119 -0.507427 3.79326e+06 -0.279894 0.956465 0.0826647 5.02212e+06 0.508658 0.07472 0.85772 5.29018e+06
0.818908 0.326436 -0.472047 3.79326e+06 -0.321763 0.942205 0.093372 5.02212e+06 0.475245 0.0754239 0.876615 5.29018e+06
0.802513 0.367852 -0.469743 3.79326e+06 -0.358009 0.926723 0.114085 5.02212e+06 0.477288 0.0766175 0.875401 5.29018e+06
0.824899 0.309029 -0.473331 3.79326e+06 -0.312356 0.947081 0.0739721 5.02212e+06 0.471143 0.0868282 0.877773 5.29018e+06
0.825386 0.363926 -0.431621 3.79326e+06 -0.363017 0.927623 0.0879413 5.02211e+06 0.432386 0.0841003 0.897758 5.29018e+06
0.825779 0.343828 -0.447071 3.79326e+06 -0.345364 0.934956 0.0811277 5.02211e+06 0.445885 0.0874085 0.890812 5.29018e+06
0.861844 0.300819 -0.408329 3.79327e+06 -0.313266 0.94891 0.0378726 5.02211e+06 0.398861 0.0952753 0.912049 5.29018e+06
0.861389 0.258354 -0.437335 3.79327e+06 -0.27317 0.961499 0.0299563 5.02211e+06 0.428237 0.093663 0.8988 5.29018e+06
0.826412 0.340642 -0.448337 3.79327e+06 -0.337994 0.936944 0.088863 5.02211e+06 0.450337 0.0780976 0.889436 5.29018e+06
0.825086 0.323764 -0.463044 3.79327e+06 -0.322987 0.942702 0.0836222 5.02211e+06 0.463586 0.0805617 0.882382 5.29018e+06
0.80698 0.345705 -0.478823 3.79327e+06 -0.339398 0.934982 0.103045 5.02211e+06 0.483314 0.0793559 0.871843 5.29019e+06
0.80773 0.363624 -0.464057 3.79327e+06 -0.358663 0.927798 0.102717 5.02211e+06 0.467902 0.0834731 0.87983 5.29019e+06
0.795026 0.362958 -0.485999 3.79327e+06 -0.356695 0.927793 0.109399 5.02211e+06 0.490614 0.0863788 0.867085 5.29019e+06
0.810371 0.295698 -0.505827 3.79327e+06 -0.30016 0.950934 0.0750206 5.02211e+06 0.503192 0.0910347 0.859367 5.29019e+06
0.858265 0.229334 -0.459115 3.79327e+06 -0.247674 0.968619 0.0208392 5.02211e+06 0.449487 0.0958253 0.888132 5.29019e+06
0.817364 0.361968 -0.448214 3.79327e+06 -0.354407 0.929272 0.104163 5.02211e+06 0.454216 0.0737108 0.887837 5.29019e+06
0.830548 0.342317 -0.439329 3.79327e+06 -0.341763 0.936089 0.0832814 5.02211e+06 0.439759 0.0809772 0.894458 5.29019e+06
0.828755 0.333736 -0.449205 3.79327e+06 -0.33424 0.939003 0.0809795 5.02211e+06 0.448831 0.0830302 0.889751 5.29019e+06
0.819428 0.383988 -0.425548 3.79327e+06 -0.378808 0.91998 0.100708 5.02211e+06 0.430167 0.078678 0.899314 5.29019e+06
0.842932 0.271582 -0.464444 3.79328e+06 -0.284983 0.95758 0.0427182 5.02211e+06 0.456344 0.0963502 0.884572 5.29019e+06
0.846049 0.254407 -0.468485 3.79328e+06 -0.266969 0.962844 0.0407382 5.02211e+06 0.461442 0.0906044 0.882532 5.29019e+06
0.846878 0.233938 -0.477568 3.79328e+06 -0.245561 0.968596 0.039012 5.02211e+06 0.471696 0.0842336 0.877729 5.29019e+06
0.833397 0.241434 -0.497151 3.79328e+06 -0.247406 0.967347 0.0550384 5.02211e+06 0.494206 0.0771294 0.865917 5.29019e+06
0.801639 0.364442 -0.473874 3.79328e+06 -0.350167 0.928723 0.121886 5.02211e+06 0.484518 0.0682259 0.872117 5.29019e+06
0.817456 0.299428 -0.492045 3.79328e+06 -0.297264 0.951016 0.0848715 5.02211e+06 0.493356 0.0768885 0.866423 5.29019e+06
0.808218 0.300857 -0.50623 3.79328e+06 -0.297574 0.950468 0.0897816 5.02211e+06 0.508167 0.0780778 0.857712 5.2902e+06
0.837478 0.304131 -0.45402 3.79328e+06 -0.307024 0.949162 0.0694759 5.02211e+06 0.452069 0.0812105 0.888279 5.2902e+06
0.821458 0.379664 -0.425515 3.79328e+06 -0.373698 0.92201 0.101234 5.02211e+06 0.430764 0.0758541 0.899271 5.2902e+06
0.840705 0.364993 -0.399994 3.79328e+06 -0.366971 0.927221 0.074788 5.0221e+06 0.39818 0.0839115 0.913462 5.2902e+06
0.85597 0.271509 -0.439998 3.79328e+06 -0.285492 0.95772 0.0355858 5.0221e+06 0.431057 0.0951552 0.897294 5.2902e+06
0.874821 0.25284 -0.413231 3.79328e+06 -0.267967 0.963176 0.0220379 5.0221e+06 0.403587 0.0914531 0.910359 5.2902e+06
0.876734 0.266701 -0.400261 3.79328e+06 -0.277154 0.960267 0.0327618 5.0221e+06 0.393095 0.0822106 0.915816 5.2902e+06
0.868332 0.302939 -0.392719 3.79328e+06 -0.30568 0.950411 0.0572524 5.0221e+06 0.390589 0.0703325 0.917875 5.2902e+06
0.839074 0.346136 -0.419696 3.79328e+06 -0.338685 0.9361 0.0949177 5.0221e+06 0.425732 0.0625017 0.902688 5.2902e+06
0.78935 0.432976 -0.435267 3.79329e+06 -0.409952 0.899471 0.151297 5.0221e+06 0.457019 0.0590122 0.887497 5.2902e+06
0.801587 0.329683 -0.498765 3.79329e+06 -0.321996 0.940958 0.104479 5.0221e+06 0.503762 0.0768513 0.860417 5.2902e+06
0.829897 0.285007 -0.479627 3.79329e+06 -0.289493 0.954867 0.0664991 5.0221e+06 0.476933 0.0836613 0.874949 5.2902e+06
0.820238 0.314477 -0.477823 3.79329e+06 -0.313127 0.945898 0.0850203 5.0221e+06 0.478709 0.0798823 0.874332 5.2902e+06
0.815921 0.338658 -0.468597 3.79329e+06 -0.334436 0.93759 0.0952823 5.0221e+06 0.47162 0.0789727 0.878258 5.2902e+06
0.799692 0.361263 -0.479564 3.79329e+06 -0.352238 0.929118 0.112548 5.0221e+06 0.486231 0.078917 0.870259 5.2902e+06
0.79763 0.367599 -0.478182 3.79329e+06 -0.360287 0.926209 0.111041 5.0221e+06 0.483715 0.0837131 0.871213 5.2902e+06
0.804921 0.346806 -0.481485 3.79329e+06 -0.344954 0.933712 0.0958616 5.0221e+06 0.482813 0.088929 0.871196 5.2902e+06
0.781819 0.405538 -0.473602 3.79329e+06 -0.394427 0.909959 0.128067 5.0221e+06 0.482894 0.0866766 0.871378 5.2902e+06
0.760544 0.393602 -0.516383 3.79329e+06 -0.379945 0.914713 0.137627 5.0221e+06 0.526512 0.0915257 0.845227 5.29021e+06
0.752087 0.36641 -0.547822 3.79329e+06 -0.354872 0.925568 0.131873 5.0221e+06 0.555366 0.0952266 0.826136 5.29021e+06
0.826268 0.263227 -0.497989 3.79329e+06 -0.279205 0.959233 0.0437719 5.0221e+06 0.48921 0.102874 0.866078 5.29021e+06
0.835093 0.283409 -0.471485 3.79329e+06 -0.294072 0.954325 0.0527834 5.0221e+06 0.464909 0.0945716 0.880293 5.29021e+06
0.877444 0.237674 -0.416658 3.79329e+06 -0.256392 0.966506 0.0113851 5.0221e+06 0.405408 0.0968378 0.908992 5.29021e+06
0.877197 0.248748 -0.410669 3.7933e+06 -0.261176 0.964925 0.0265921 5.0221e+06 0.402879 0.0839304 0.911397 5.29021e+06
0.899632 0.196837 -0.389767 3.7933e+06 -0.214609 0.976698 -0.00209888 5.0221e+06 0.380271 0.0855355 0.920911 5.29021e+06
0.878158 0.244819 -0.410977 3.7933e+06 -0.250471 0.967256 0.0409985 5.0221e+06 0.407557 0.0669349 0.910723 5.29021e+06
0.850179 0.304402 -0.429576 3.7933e+06 -0.297556 0.950919 0.084933 5.0221e+06 0.434345 0.0556147 0.899028 5.29021e+06
0.824747 0.313274 -0.470799 3.7933e+06 -0.302417 0.947819 0.100913 5.0221e+06 0.477845 0.0591499 0.87645 5.29021e+06
0.834302 0.367427 -0.41102 3.7933e+06 -0.359176 0.927856 0.100379 5.0221e+06 0.418249 0.0638817 0.906083 5.29021e+06
