0.46986 -0.882481 0.0214026 0.668108 0.882736 0.469638 -0.0147524 0.558994 0.0029672 0.0258244 0.999662 0.791542
0.467852 -0.883663 0.0159625 1.4902 0.883794 0.467669 -0.0139581 2.15171 0.00486909 0.0206379 0.999775 0.80552
0.464908 -0.88519 0.0172716 2.31579 0.885356 0.464767 -0.0116925 3.76826 0.00232283 0.0207275 0.999782 0.830303
0.46273 -0.886314 0.0181247 3.15953 0.886494 0.462565 -0.0126895 5.40765 0.00286302 0.0219392 0.999755 0.857491
0.461758 -0.886803 0.0189685 4.00609 0.887005 0.46162 -0.0113544 7.08601 0.00131288 0.0220682 0.999756 0.896606
0.46278 -0.886238 0.0204197 4.8604 0.88645 0.462811 -0.0035069 8.79619 -0.0063425 0.019724 0.999785 0.949072
0.465433 -0.884707 0.0257856 5.72924 0.885024 0.465541 -0.00201537 10.4319 -0.0102212 0.0237589 0.999665 0.905341
0.467961 -0.883435 0.023571 6.60495 0.883742 0.467898 -0.00847653 12.1065 -0.00354037 0.0247974 0.999686 0.87601
0.469588 -0.882664 0.0197735 7.50227 0.882886 0.469485 -0.0098389 13.8069 -0.000598921 0.022078 0.999756 0.872485
0.468815 -0.882817 0.0291089 8.4194 0.883259 0.468843 -0.00626798 15.5406 -0.00811401 0.0286492 0.999557 0.883356
0.46652 -0.883584 0.0404823 9.34356 0.8845 0.466255 -0.0163206 17.2921 -0.00445445 0.0434205 0.999047 0.911734
0.464152 -0.88512 0.0335332 10.2738 0.885755 0.463816 -0.0176677 19.1224 8.48562e-05 0.0379027 0.999281 0.965567
0.462079 -0.886212 0.0333478 11.2006 0.886831 0.461904 -0.0132352 20.8989 -0.00367427 0.0356896 0.999356 0.95194
0.459398 -0.887804 0.0275107 12.1256 0.88821 0.459377 -0.00747547 22.732 -0.00600102 0.0278695 0.999594 0.95231
0.459795 -0.887566 0.0285498 13.0647 0.88794 0.459959 -0.000911957 24.5635 -0.0123223 0.0257698 0.999592 0.96178
0.459216 -0.887822 0.0298819 13.9985 0.888266 0.459312 -0.00394854 26.3561 -0.0102195 0.0283563 0.999546 0.971525
0.460059 -0.887495 0.0264282 14.8742 0.887849 0.460114 -0.00434282 28.15 -0.00830575 0.0254622 0.999641 0.986908
0.457891 -0.88859 0.0272543 15.7812 0.888933 0.458035 -0.00106024 29.9235 -0.0115413 0.0247127 0.999628 1.02982
0.45688 -0.888943 0.0322517 16.6494 0.889508 0.456812 -0.00987322 31.675 -0.00595624 0.033199 0.999431 0.989349
0.456292 -0.889586 0.0208209 17.5668 0.889806 0.456326 -0.00337918 33.4506 -0.00649505 0.0200685 0.999778 1.01214
0.456153 -0.889321 0.0321382 18.4308 0.889837 0.456255 -0.00451115 35.1885 -0.0106513 0.0306555 0.999473 1.00378
0.455985 -0.889367 0.033228 19.3414 0.889945 0.456012 -0.00718162 36.8963 -0.0087653 0.0328458 0.999422 1.00364
0.454126 -0.890221 0.0357247 20.2071 0.89085 0.454277 -0.00422022 38.6136 -0.012472 0.0337418 0.999353 1.02382
0.452039 -0.890957 0.0430726 21.12 0.891755 0.452515 0.00146752 40.3122 -0.0207985 0.0377468 0.999071 1.0517
0.449632 -0.892299 0.0404192 21.9058 0.893147 0.449692 -0.00810835 42.0416 -0.0109411 0.039746 0.99915 0.993734
0.448099 -0.89353 0.0284866 22.6921 0.893961 0.448089 -0.00711006 43.6086 -0.0064115 0.0286519 0.999569 0.962711
0.446742 -0.894305 0.0252932 23.4974 0.894618 0.446823 -0.00264688 45.2786 -0.00893447 0.0238102 0.999677 0.977691
0.443769 -0.895785 0.0252807 24.276 0.896101 0.443839 -0.00307153 46.821 -0.00846912 0.0240171 0.999676 0.995669
0.442037 -0.896672 0.0241427 24.9788 0.896954 0.442119 -0.00213911 48.2814 -0.00875586 0.0226005 0.999706 1.03573
0.440084 -0.897564 0.0265412 25.7052 0.897878 0.440244 0.000207628 49.7932 -0.011871 0.0237394 0.999648 1.05265
0.436644 -0.899335 0.0232042 26.4328 0.899435 0.436944 0.00976801 51.1858 -0.0189237 0.0166055 0.999683 1.07757
0.433692 -0.900782 0.0224157 27.325 0.901058 0.433624 -0.00808506 53.1748 -0.0024371 0.0237043 0.999716 1.04229
0.430913 -0.90222 0.0176789 28.2009 0.902378 0.430938 -0.0025708 55.04 -0.0052991 0.0170609 0.99984 1.07675
0.430024 -0.902526 0.0229546 29.0364 0.902795 0.429695 -0.0179946 56.6968 0.00637707 0.0284614 0.999575 1.10076
0.441201 -0.897319 0.0126893 29.7666 0.897404 0.441111 -0.00934606 58.2639 0.00278901 0.0155109 0.999876 1.15074
0.462179 -0.886405 0.0260134 30.5037 0.88676 0.462195 -0.00577343 59.6304 -0.00690564 0.025736 0.999645 1.23718
0.511327 -0.859177 0.0189701 31.2309 0.859321 0.511436 0.0010231 60.969 -0.010581 0.0157782 0.99982 1.20448
0.620004 -0.784117 0.0275058 32.2662 0.78435 0.620309 0.00346307 62.3856 -0.0197775 0.019427 0.999616 1.19018
0.76076 -0.648524 0.0257186 33.4647 0.648671 0.761062 0.00323707 63.5203 -0.0216728 0.0142203 0.999664 1.15468
0.898043 -0.439267 0.0237436 34.8992 0.439397 0.898293 -0.000285369 64.3374 -0.0212033 0.0106891 0.999718 1.11358
0.989454 -0.141758 0.029755 36.6962 0.141902 0.989877 -0.00277069 64.7037 -0.029061 0.00696375 0.999553 1.07078
0.986106 0.164472 0.0233197 38.9655 -0.164115 0.986304 -0.0164791 64.5024 -0.0257106 0.012423 0.999592 1.08092
0.947677 0.31858 0.0203694 40.8221 -0.31856 0.947893 -0.00432267 63.9852 -0.0206851 -0.00239238 0.999783 1.01047
0.918142 0.396242 0.00256391 42.3947 -0.396206 0.918117 -0.00903123 63.3421 -0.00593252 0.00727612 0.999956 0.994739
0.893277 0.449351 0.011836 44.1382 -0.449202 0.893331 -0.0132906 62.4847 -0.0165456 0.00655546 0.999842 0.946158
0.881453 0.472205 0.00799072 45.5706 -0.472044 0.881426 -0.0161926 61.7222 -0.0146895 0.0105011 0.999837 0.875906
0.873064 0.487597 0.00289676 47.1452 -0.487473 0.872948 -0.0182055 60.9049 -0.0114057 0.0144825 0.99983 0.804312
0.866718 0.498794 0.00217167 48.9033 -0.498704 0.866629 -0.0157535 60.0338 -0.0097398 0.0125709 0.999874 0.65704
0.867979 0.496597 -0.00189255 50.5997 -0.496535 0.867797 -0.0195189 58.9387 -0.00805067 0.0178817 0.999808 0.750602
0.873265 0.487242 -0.00189996 51.8582 -0.487186 0.873092 -0.018976 58.2071 -0.00758704 0.0174967 0.999818 0.770659
0.877869 0.478901 0.000552182 53.2318 -0.478829 0.877756 -0.0163601 57.4698 -0.00831955 0.0140976 0.999866 0.745764
0.881121 0.472879 0.00341325 54.6519 -0.472749 0.881009 -0.0182078 56.7616 -0.0116172 0.0144297 0.999828 0.689249
0.88406 0.467368 -0.00219582 56.12 -0.467332 0.883912 -0.0173093 56.0497 -0.00614889 0.0163286 0.999848 0.609316
0.884824 0.465908 -0.00409724 57.5089 -0.465926 0.884783 -0.00846871 55.3003 -0.000320467 0.00940232 0.999956 0.718254
0.884222 0.467067 0.000150876 59.0251 -0.467065 0.884218 -0.00288513 54.4712 -0.00148095 0.00248062 0.999996 0.783103
0.884607 0.466332 0.00227542 60.4027 -0.466333 0.884609 -0.000478356 53.7519 -0.00223593 -0.000637944 0.999997 0.807279
0.884817 0.465937 0.00135737 61.8912 -0.465938 0.884817 0.000781965 53.0115 -0.000836674 -0.00132434 0.999999 0.822714
0.883199 0.468992 0.00257935 63.3641 -0.468999 0.883184 0.00515267 52.2898 0.00013852 -0.00576054 0.999983 0.753656
0.878998 0.476742 0.00894913 64.861 -0.476824 0.878892 0.0137063 51.5689 -0.00133096 -0.0163149 0.999866 0.689181
0.872395 0.48868 0.0109203 66.2422 -0.488791 0.87231 0.012607 50.7733 -0.00336512 -0.016336 0.999861 0.797417
0.862451 0.50602 0.0110344 67.6079 -0.506129 0.862371 0.0122316 49.954 -0.00332633 -0.016134 0.999864 0.862052
0.851554 0.524119 0.0124908 68.98 -0.524239 0.851515 0.00981048 49.1728 -0.00549426 -0.0149023 0.999874 0.867107
0.838419 0.544835 0.014411 70.3502 -0.544987 0.838382 0.0102366 48.3067 -0.00650466 -0.0164363 0.999844 0.839135
0.826057 0.563352 0.0162497 71.6802 -0.56357 0.825908 0.0162661 47.532 -0.00425721 -0.0225945 0.999736 0.720341
0.814121 0.5806 0.0105151 72.9143 -0.580694 0.814014 0.0132535 46.6081 -0.000864459 -0.016896 0.999857 0.858764
0.802971 0.59595 0.00902191 74.0671 -0.596016 0.802915 0.00960429 45.7051 -0.00152015 -0.0130892 0.999913 0.919872
0.793651 0.608285 0.010341 75.2565 -0.608362 0.793625 0.00741697 44.8195 -0.00369524 -0.0121776 0.999919 0.931057
0.787596 0.616068 0.0123496 76.4321 -0.616147 0.787623 0.00365327 43.9029 -0.00747614 -0.0104865 0.999917 0.909099
0.785076 0.619315 0.0102399 77.5468 -0.619324 0.785131 -0.00263989 43.0649 -0.00967458 -0.0042693 0.999944 0.881293
0.786136 0.618039 0.00425395 79.1254 -0.618039 0.786146 -0.00156707 41.9044 -0.00431274 -0.00139718 0.99999 0.765716
0.802104 0.597178 0.00284045 80.5455 -0.597184 0.802098 0.00322043 40.7736 -0.00035515 -0.0042794 0.999991 0.913109
0.829853 0.557968 -0.00388693 81.8807 -0.557933 0.829852 0.00750207 39.7794 0.0074115 -0.00405697 0.999964 0.991259
0.870211 0.492598 -0.00896563 83.2779 -0.492543 0.870254 0.00767824 39.0916 0.0115847 -0.00226572 0.99993 1.08936
0.924985 0.380002 -0.000969172 84.6895 -0.379972 0.924939 0.0104326 38.4426 0.00486082 -0.00928171 0.999945 1.13814
0.98538 0.170336 0.00348745 86.5683 -0.170364 0.985324 0.0106353 38.1633 -0.00162469 -0.0110739 0.999937 1.19016
0.994492 -0.104032 -0.0127838 88.5059 0.104132 0.994536 0.00739115 38.2933 0.0119451 -0.00868164 0.999891 1.19147
0.926908 -0.37524 -0.00609079 90.2786 0.375274 0.926896 0.00583431 38.9388 0.00345626 -0.00769359 0.999964 1.20762
0.810757 -0.585351 0.00606593 91.8517 0.585128 0.810667 0.0210692 39.934 -0.0172503 -0.0135327 0.99976 1.26892
0.737051 -0.675834 -0.00217979 92.8847 0.675624 0.736733 0.0274992 40.9171 -0.016979 -0.021741 0.999619 1.20829
0.694289 -0.719688 -0.00364715 94.2197 0.719421 0.693874 0.0311875 42.3152 -0.0199146 -0.024277 0.999507 1.20668
0.687901 -0.725534 -0.0198062 95.3299 0.725686 0.687039 0.036833 43.4988 -0.013116 -0.0397106 0.999125 1.20342
0.698184 -0.715391 -0.0274843 96.4848 0.715918 0.697632 0.0277575 44.7327 -0.000683548 -0.0390564 0.999237 1.20057
0.706888 -0.706871 -0.0253523 97.7977 0.707303 0.706129 0.0332296 46.089 -0.00558705 -0.0414214 0.999126 1.21009
0.715065 -0.698793 -0.0192482 99.1096 0.698921 0.714107 0.0395085 47.4315 -0.013863 -0.0417041 0.999034 1.20141
0.714545 -0.699279 -0.0208255 100.576 0.699575 0.714025 0.0276379 48.858 -0.00445667 -0.0343176 0.999401 1.17012
0.709731 -0.703867 -0.0291998 101.584 0.70447 0.708993 0.0324324 49.8409 -0.00212562 -0.0435887 0.999047 1.16267
0.707087 -0.706945 -0.0160131 102.62 0.707045 0.706481 0.0311876 50.8967 -0.010735 -0.0333743 0.999385 1.2017
0.703419 -0.710612 -0.0152511 103.622 0.710729 0.702963 0.0265978 51.9686 -0.00817981 -0.0295488 0.99953 1.21729
0.698576 -0.715084 -0.0254225 104.719 0.715531 0.698007 0.0283171 53.0995 -0.00250402 -0.0379722 0.999276 1.20263
0.69269 -0.720847 -0.0236675 105.835 0.721228 0.692161 0.0272653 54.221 -0.00327236 -0.0359561 0.999348 1.19416
0.689364 -0.724139 -0.0199947 106.988 0.724365 0.688727 0.030831 55.4228 -0.00855502 -0.0357372 0.999325 1.17802
0.688488 -0.725069 -0.0160811 108.066 0.725164 0.687905 0.0303996 56.6376 -0.0109795 -0.0325912 0.999408 1.20662
0.688304 -0.725152 -0.0198003 109.217 0.725369 0.687667 0.0308792 57.8324 -0.00877606 -0.0356169 0.999327 1.17829
0.690751 -0.722386 -0.0319616 110.393 0.723057 0.689606 0.0404052 59.1062 -0.00714724 -0.05102 0.998672 1.21447
0.695932 -0.717522 -0.0289979 111.585 0.718065 0.694881 0.0390384 60.3645 -0.00786083 -0.0479905 0.998817 1.20234
0.69774 -0.715758 -0.0291457 112.792 0.716322 0.696768 0.0373756 61.6176 -0.0064441 -0.0469562 0.998876 1.17917
0.699025 -0.714738 -0.0226668 114.018 0.715078 0.698421 0.0295238 62.8683 -0.0052708 -0.0368464 0.999307 1.22299
0.701555 -0.712191 -0.0245741 115.218 0.712499 0.700403 0.0421997 64.1182 -0.0128425 -0.0471145 0.998807 1.22531
0.703883 -0.709892 -0.0245206 116.426 0.710215 0.702781 0.0411661 65.35 -0.0119909 -0.046391 0.998851 1.20185
0.703896 -0.70974 -0.0282831 117.602 0.710281 0.70363 0.0201379 66.5271 0.00560811 -0.0342639 0.999397 1.19712
0.703283 -0.710708 -0.0169433 118.806 0.710765 0.702458 0.0369435 67.7589 -0.0143541 -0.0380244 0.999174 1.2679
0.701481 -0.712689 -0.0004031 120 0.711951 0.700729 0.0458797 68.9651 -0.0324155 -0.0324707 0.998947 1.17403
0.699689 -0.714217 -0.018187 121.146 0.714401 0.699126 0.0292229 70.1007 -0.00815643 -0.0334397 0.999408 1.19903
0.697221 -0.716561 -0.0205619 122.354 0.716797 0.696507 0.0328775 71.3315 -0.00923722 -0.0376616 0.999248 1.19545
0.691275 -0.722346 -0.0188739 123.465 0.722561 0.690767 0.0273248 72.5046 -0.00670046 -0.0325265 0.999448 1.18139
0.685208 -0.72807 -0.0200969 124.567 0.728315 0.684655 0.028371 73.7301 -0.00689662 -0.0340769 0.999395 1.19755
0.683128 -0.730007 -0.020623 125.681 0.730182 0.682243 0.0371259 74.9428 -0.0130323 -0.0404203 0.999098 1.16623
0.679765 -0.733241 -0.0166266 126.822 0.733369 0.679241 0.0283049 76.1039 -0.00946082 -0.0314341 0.999461 1.19836
0.670836 -0.741444 -0.0154824 127.871 0.741578 0.670485 0.0226412 77.2903 -0.00640649 -0.0266699 0.999624 1.17718
0.661418 -0.749951 -0.010004 128.982 0.749801 0.660846 0.0328739 78.5214 -0.0180427 -0.0292443 0.999409 1.15674
0.654496 -0.756065 -0.000907849 130.054 0.755455 0.653918 0.040969 79.7581 -0.0303816 -0.0274999 0.99916 1.17728
0.646102 -0.763189 -0.00974223 131.074 0.763064 0.645607 0.0304272 80.9837 -0.0169321 -0.027093 0.99949 1.12203
0.634289 -0.773051 -0.00831219 132.05 0.772995 0.633996 0.022976 82.2296 -0.0124917 -0.0209987 0.999702 1.09872
0.621931 -0.782949 -0.0138483 133.059 0.782974 0.621477 0.0268023 83.5228 -0.0123785 -0.027512 0.999545 1.12104
0.607875 -0.793775 -0.0202523 134.075 0.79402 0.607521 0.0212186 84.8241 -0.00453912 -0.028979 0.99957 1.12934
0.594565 -0.803761 -0.021467 135.065 0.803962 0.5939 0.0304775 86.1825 -0.0117474 -0.0353795 0.999305 1.11751
0.581928 -0.813086 -0.0158672 136.01 0.812922 0.581044 0.0393022 87.5311 -0.0227365 -0.0357698 0.999101 1.1123
0.573177 -0.819262 -0.0166346 136.973 0.81913 0.572299 0.0387302 88.8884 -0.0222103 -0.0358252 0.999111 1.07525
0.565719 -0.824171 -0.0265219 137.838 0.824474 0.564783 0.0355419 90.2258 -0.0143134 -0.0419733 0.999016 1.0538
0.559867 -0.827923 -0.0330592 138.752 0.828478 0.558715 0.0382506 91.636 -0.0131979 -0.048804 0.998721 1.06798
0.554684 -0.831643 -0.0263562 139.676 0.831442 0.552773 0.0560816 93.0553 -0.0320709 -0.0530212 0.998078 1.04828
0.546186 -0.837466 -0.0181899 140.554 0.83732 0.54521 0.0405074 94.378 -0.0240062 -0.0373554 0.999014 0.997172
0.534945 -0.844423 -0.0280162 141.417 0.844722 0.53389 0.0375059 95.7542 -0.0167133 -0.0437295 0.998904 0.947011
0.522241 -0.85273 -0.0107643 142.334 0.852453 0.521629 0.0350334 97.2358 -0.024259 -0.0274719 0.999328 0.988824
0.511675 -0.859178 0.00125033 143.169 0.858729 0.511453 0.0316198 98.6361 -0.0278065 -0.0151053 0.999499 0.941608
0.501308 -0.865243 0.00665609 144.066 0.865144 0.501352 0.0131458 100.053 -0.0147114 -0.000831644 0.999891 0.941944
0.488565 -0.872524 -0.00236907 144.87 0.872401 0.488447 0.0183077 101.539 -0.0148167 -0.0110113 0.99983 0.90955
0.480346 -0.877078 0.00133766 145.712 0.87636 0.480013 0.0397534 103.075 -0.0355089 -0.0179231 0.999209 0.857488
0.475313 -0.879816 -0.00113932 146.536 0.879447 0.475075 0.0296259 104.611 -0.0255241 -0.0150835 0.99956 0.819167
0.472355 -0.881266 -0.015847 147.236 0.881329 0.471996 0.0218936 105.995 -0.0118144 -0.024308 0.999635 0.821033
0.469652 -0.88281 -0.00856089 148.04 0.882619 0.469284 0.0274976 107.542 -0.0202577 -0.0204703 0.999585 0.854614
0.468291 -0.883574 -0.000370937 148.878 0.883134 0.468044 0.0317584 109.121 -0.0278873 -0.0151998 0.999496 0.799883
0.465617 -0.884987 1.11161e-05 149.639 0.884925 0.465585 0.0117475 110.527 -0.0104016 -0.00546 0.999931 0.790077
0.462483 -0.886604 -0.00650519 150.42 0.886568 0.462353 0.0150702 112.075 -0.0103536 -0.012737 0.999865 0.798857
0.460202 -0.887809 0.00291203 151.245 0.88761 0.460164 0.0199579 113.669 -0.0190588 -0.00659992 0.999797 0.83047
0.459078 -0.888305 0.0127023 151.995 0.888303 0.45919 0.00791918 115.102 -0.0128674 0.00764795 0.999888 0.837154
0.457992 -0.888953 0.00227318 152.736 0.888849 0.457975 0.0143528 116.599 -0.0138 -0.00455294 0.999894 0.846084
0.45718 -0.889374 -0.000568805 153.483 0.889157 0.457054 0.022385 118.136 -0.0196487 -0.0107397 0.999749 0.829223
0.456791 -0.889574 -0.000724211 154.217 0.889425 0.4567 0.0186486 119.555 -0.0162586 -0.00916266 0.999826 0.809275
0.454009 -0.890939 -0.0101233 154.939 0.890904 0.453768 0.0196064 121.005 -0.0128745 -0.0179204 0.999757 0.851711
0.450293 -0.892878 0.00235532 155.619 0.892369 0.450122 0.032668 122.339 -0.0302288 -0.0126084 0.999464 0.837622
0.447976 -0.894041 -0.00294049 156.307 0.893553 0.447618 0.0346419 123.697 -0.0296551 -0.0181462 0.999395 0.69497
0.45038 -0.892688 -0.0162982 157.285 0.892745 0.449998 0.0225298 125.602 -0.0127779 -0.0246972 0.999613 0.678288
0.461647 -0.88706 -0.00276138 158.203 0.88698 0.461558 0.0151797 127.47 -0.0121907 -0.00945694 0.999881 0.800732
0.477476 -0.87863 -0.00509731 159.121 0.878396 0.477195 0.0265491 129.284 -0.0208945 -0.017154 0.999635 0.736148
0.496496 -0.867933 -0.0135512 160.074 0.868038 0.496423 0.00856748 131.079 -0.000708878 -0.0160167 0.999871 0.720482
0.513846 -0.857842 -0.00839592 161.067 0.857834 0.513687 0.0157356 132.773 -0.00918576 -0.015288 0.999841 0.758495
0.522315 -0.852743 -0.00402422 162.085 0.852691 0.522215 0.0144803 134.425 -0.0102464 -0.0109947 0.999887 0.740109
0.522583 -0.852579 -0.00407764 163.086 0.852439 0.522396 0.0212045 136.133 -0.0159484 -0.0145571 0.999767 0.706418
0.519609 -0.854202 -0.0185587 164.051 0.854377 0.519642 0.00339367 137.79 0.00674501 -0.0176195 0.999822 0.712862
0.51115 -0.859326 -0.0168439 165.083 0.859471 0.510907 0.0168186 139.548 -0.00584698 -0.0230736 0.999717 0.785354
0.50267 -0.864473 -0.00314648 166.113 0.864137 0.502366 0.0299255 141.313 -0.0242891 -0.0177616 0.999547 0.691446
0.497536 -0.867404 -0.00830427 166.791 0.867374 0.497352 0.0173923 142.513 -0.010956 -0.0158562 0.999814 0.66346
0.494622 -0.869079 0.00719907 167.827 0.868991 0.494674 0.012328 144.26 -0.0142752 0.000158234 0.999898 0.684093
0.494099 -0.869287 0.0143857 168.557 0.869262 0.49425 0.00999354 145.47 -0.0157974 0.00756718 0.999847 0.674392
0.49172 -0.870435 0.0235626 169.556 0.870671 0.491866 0.000441649 147.211 -0.0119741 0.0202981 0.999722 0.729296
0.49114 -0.870586 0.029348 170.285 0.870868 0.491485 0.00551806 148.443 -0.0192281 0.0228481 0.999554 0.71261
0.49209 -0.870105 0.027648 171.26 0.870523 0.492052 -0.00864585 150.153 -0.00608146 0.0283228 0.99958 0.780472
0.492482 -0.870161 0.0167887 172.248 0.870308 0.492493 -0.00373737 151.906 -0.0050162 0.0164519 0.999852 0.793436
0.490615 -0.870808 0.0314836 173.228 0.871072 0.491079 0.00872055 153.606 -0.0230549 0.0231461 0.999466 0.851553
0.476043 -0.878408 0.0422208 174.088 0.879111 0.476603 0.00373602 155.12 -0.0234043 0.0353382 0.999101 0.850544
0.441249 -0.896271 0.044696 174.817 0.897191 0.441642 -0.00120052 156.745 -0.0186636 0.0406305 0.999 0.802156
0.347756 -0.936126 0.052296 175.496 0.937292 0.3485 0.00556568 158.54 -0.0234353 0.0470812 0.998616 0.748237
0.19143 -0.980834 0.0363093 175.874 0.981463 0.191636 0.00224646 160.295 -0.00916157 0.0352062 0.999338 0.736176
-0.0798365 -0.996633 -0.01869 175.685 0.996766 -0.0799904 0.00763225 162.42 -0.00910157 -0.0180202 0.999796 0.736515
-0.307734 -0.950383 -0.0455288 175.185 0.950291 -0.309383 0.0350507 164.136 -0.0473974 -0.0324793 0.998348 0.674428
-0.518372 -0.854223 -0.039935 174.408 0.853705 -0.519647 0.034 165.65 -0.0497956 -0.0164681 0.998624 0.629291
-0.697908 -0.715606 -0.0288764 173.16 0.71521 -0.698494 0.02409 166.842 -0.0374089 -0.00384012 0.999293 0.542631
-0.811075 -0.584379 -0.0256771 171.597 0.584092 -0.811481 0.0182855 167.942 -0.0315222 -0.000166858 0.999503 0.502387
-0.855619 -0.517117 -0.0224922 170.333 0.516909 -0.855914 0.01469 168.741 -0.0268479 0.000942628 0.999639 0.478957
-0.876218 -0.48133 -0.0237274 168.94 0.48136 -0.87651 0.0048246 169.522 -0.0231195 -0.007194 0.999707 0.386994
-0.883827 -0.467339 -0.0210786 167.362 0.467396 -0.884045 0.00240267 170.413 -0.0197573 -0.00772853 0.999775 0.360002
-0.884954 -0.465252 -0.0199282 165.625 0.465231 -0.885169 0.00596276 171.206 -0.020414 -0.00399444 0.999784 0.361816
-0.884266 -0.466719 -0.0156904 164.313 0.466687 -0.884403 0.00586474 171.836 -0.0166138 -0.00213649 0.99986 0.30449
-0.884142 -0.466998 -0.0143261 163.008 0.466994 -0.884252 0.00386736 172.491 -0.0144739 -0.0032709 0.99989 0.278538
-0.882848 -0.469463 -0.0135588 161.572 0.469454 -0.882948 0.00402333 173.225 -0.0138605 -0.00281327 0.9999 0.240595
-0.881613 -0.471892 -0.00870199 160.143 0.471794 -0.881637 0.0112085 174.059 -0.0129612 0.00577598 0.999899 0.207515
-0.880067 -0.474738 -0.0102659 158.62 0.474605 -0.880102 0.0130624 174.76 -0.0152362 0.00662355 0.999862 0.193534
-0.878679 -0.477191 -0.0145692 157.063 0.4769 -0.87874 0.0195708 175.541 -0.0221416 0.0102484 0.999702 0.217901
-0.87925 -0.476217 -0.011686 155.524 0.47597 -0.879259 0.0188959 176.343 -0.0192735 0.011052 0.999753 0.20661
-0.879856 -0.475195 -0.00659078 154.029 0.475012 -0.879777 0.0188578 177.194 -0.0147596 0.0134614 0.9998 0.151944
-0.883114 -0.468986 -0.0127373 152.435 0.46865 -0.883094 0.0226384 178.139 -0.0218653 0.014023 0.999663 0.132167
-0.885359 -0.464691 -0.014221 150.908 0.464145 -0.885244 0.0301863 178.835 -0.0266164 0.0201251 0.999443 0.138171
-0.887933 -0.459853 -0.0105181 149.345 0.45942 -0.887753 0.0287595 179.57 -0.0225627 0.0207043 0.999531 0.111281
-0.88819 -0.459429 -0.00664291 147.764 0.459079 -0.887929 0.0287811 180.382 -0.0191213 0.0225134 0.999564 0.0878112
-0.888334 -0.459166 -0.00545197 146.214 0.458949 -0.888179 0.0224628 181.186 -0.0151565 0.0174522 0.999733 0.0693025
-0.887979 -0.459866 -0.00397515 144.685 0.459753 -0.8879 0.0161241 182.031 -0.0109445 0.0124903 0.999862 0.0345098
-0.887238 -0.461247 -0.00774987 143.142 0.461187 -0.887264 0.00832061 182.938 -0.010714 0.00380822 0.999935 -0.0104904
-0.884558 -0.466378 -0.00699907 141.604 0.466302 -0.884566 0.0102064 183.62 -0.0109512 0.00576446 0.999923 0.016288
-0.882691 -0.469953 -0.00128093 140.154 0.469804 -0.882474 0.022888 184.394 -0.0118867 0.0196013 0.999737 0.0361767
-0.880477 -0.474088 -4.56198e-05 138.653 0.473994 -0.880305 0.0198305 185.138 -0.00944158 0.0174387 0.999803 0.0330753
-0.880062 -0.474851 -0.00273245 137.188 0.474692 -0.879891 0.0214251 185.984 -0.012578 0.0175583 0.999767 0.0240076
-0.880402 -0.474209 -0.00431414 135.746 0.473944 -0.880152 0.0266301 186.796 -0.0164253 0.0214005 0.999636 0.0476411
-0.8837 -0.468048 0.00204389 134.29 0.46793 -0.88336 0.026784 187.652 -0.0107307 0.0246254 0.999639 0.0173018
-0.888193 -0.45947 0.000321201 132.824 0.459425 -0.888096 0.0146689 188.269 -0.00645468 0.0131764 0.999892 0.0316414
-0.893048 -0.449951 -0.00319655 131.406 0.449926 -0.893043 0.00633832 188.94 -0.00570659 0.00422222 0.999975 0.0687403
-0.896779 -0.442389 -0.0089789 129.936 0.442391 -0.89682 0.001827 189.645 -0.0088607 -0.00233377 0.999958 0.10596
-0.899957 -0.43583 -0.0113651 128.507 0.435858 -0.900016 6.97339e-05 190.28 -0.0102591 -0.0048908 0.999935 0.111123
-0.901543 -0.43247 -0.0137896 127.086 0.432585 -0.901568 -0.00672239 190.947 -0.00952501 -0.0120257 0.999882 0.0950401
-0.902231 -0.430929 -0.0167093 125.726 0.431156 -0.902173 -0.0137233 191.645 -0.00916092 -0.0195859 0.999766 0.0881875
-0.902976 -0.429359 -0.0168899 123.801 0.429613 -0.902864 -0.0163911 192.591 -0.0082116 -0.0220569 0.999723 0.070462
-0.899882 -0.435622 -0.0210973 121.97 0.436016 -0.899707 -0.0204219 193.412 -0.0100852 -0.027576 0.999569 0.129008
-0.896146 -0.443342 -0.0192568 120.231 0.443693 -0.895921 -0.0215176 194.218 -0.00771295 -0.027827 0.999583 0.1646
-0.891893 -0.451841 -0.0191261 118.669 0.452177 -0.891698 -0.0202757 195.004 -0.00789331 -0.0267321 0.999611 0.167974
-0.886075 -0.463154 -0.01893 117.237 0.463474 -0.885902 -0.0192305 195.812 -0.00786344 -0.0258132 0.999636 0.18743
-0.878081 -0.478048 -0.0210829 115.582 0.478344 -0.878088 -0.0121805 196.628 -0.0126898 -0.0207804 0.999704 0.182691
-0.866916 -0.497908 -0.023346 114.16 0.498242 -0.866963 -0.0113876 197.409 -0.0145701 -0.0215041 0.999663 0.20966
-0.852994 -0.521556 -0.0195038 112.822 0.521781 -0.853035 -0.00873866 198.254 -0.0120797 -0.0176307 0.999772 0.254377
-0.843484 -0.537147 -0.00258028 111.583 0.53715 -0.843452 -0.00768931 199.041 0.00195395 -0.00787181 0.999967 0.237967
-0.810603 -0.585516 0.00968739 110.396 0.585308 -0.810612 -0.0179617 199.972 0.0183696 -0.0088897 0.999792 0.196545
-0.716356 -0.697721 0.00430877 109.27 0.697672 -0.716361 -0.00901724 200.958 0.00937816 -0.00345345 0.99995 0.27539
-0.554519 -0.83217 -0.00157013 108.387 0.832125 -0.554507 0.00953898 202.176 -0.0088087 0.003983 0.999953 0.316512
-0.306112 -0.951978 0.00580125 107.741 0.95191 -0.305998 0.0152194 203.788 -0.0127134 0.0101811 0.999867 0.314889
0.00541389 -0.999943 0.00922239 107.507 0.99994 0.00550114 0.00945744 205.872 -0.00950763 0.00917063 0.999913 0.27165
0.22545 -0.974089 0.0179896 107.974 0.974183 0.225618 0.00793729 207.786 -0.0117904 0.0157357 0.999807 0.17725
0.347819 -0.93739 0.0179693 108.483 0.937489 0.347966 0.00576021 209.269 -0.0116523 0.0148425 0.999822 0.236898
0.424993 -0.904919 0.0224225 109.234 0.905081 0.425204 0.00544302 210.949 -0.0144596 0.0179809 0.999734 0.248257
0.463735 -0.885751 0.0198695 110.16 0.885847 0.463931 0.00649995 212.708 -0.0149754 0.0145871 0.999781 0.25968
0.483794 -0.874861 0.023685 111.109 0.875067 0.483992 0.00311538 214.577 -0.0141889 0.0192187 0.999715 0.182877
0.489188 -0.871864 0.0234174 112.181 0.872027 0.489427 0.0055167 216.445 -0.0162709 0.0177219 0.999711 0.21889
0.490781 -0.870911 0.0254638 112.955 0.871069 0.491099 0.00780995 217.784 -0.019307 0.0183478 0.999645 0.242154
0.48746 -0.872706 0.0276903 113.757 0.872997 0.487717 0.00295667 219.181 -0.0160853 0.0227322 0.999612 0.21037
0.485636 -0.87388 0.0221819 114.528 0.87412 0.485703 -0.00261998 220.638 -0.00848425 0.020662 0.99975 0.164436
0.485709 -0.874078 0.00865054 115.364 0.87407 0.485764 0.0059209 222.225 -0.00937745 0.00468534 0.999945 0.16764
0.486867 -0.873127 0.0246892 116.217 0.873104 0.48729 0.0154063 223.873 -0.0254825 0.0140554 0.999576 0.112643
0.485353 -0.873735 0.0319192 117.127 0.87413 0.485683 0.0030385 225.403 -0.0181575 0.0264268 0.999486 0.140497
0.483243 -0.87512 0.0253275 118.008 0.875457 0.483261 -0.00580165 227.001 -0.00716265 0.0249767 0.999662 0.118972
0.481798 -0.876014 0.0216743 118.942 0.876248 0.48185 -0.00312632 228.723 -0.00770504 0.0204983 0.99976 0.0834476
0.481738 -0.875925 0.0261658 119.861 0.87611 0.482057 0.007262 230.461 -0.0189744 0.0194257 0.999631 0.0944069
0.482376 -0.875382 0.0319443 120.83 0.87559 0.482915 0.0116365 232.274 -0.0256128 0.0223569 0.999422 0.0517165
0.483472 -0.874823 0.0306609 121.801 0.875177 0.48379 0.00351291 234.096 -0.0179066 0.0251353 0.999524 -0.0489388
0.482931 -0.875175 0.0290959 122.812 0.875544 0.483139 0.000106593 235.875 -0.0141507 0.0254233 0.999577 -0.00697678
0.479466 -0.87684 0.0355536 123.819 0.8773 0.479917 0.00490498 237.728 -0.0213636 0.0288394 0.999356 -0.00151188
0.477962 -0.877521 0.0388433 124.823 0.878186 0.47832 -9.87504e-05 239.505 -0.0184929 0.0341588 0.999245 0.0076762
0.475295 -0.879388 0.0277666 125.864 0.879751 0.475431 -0.00190225 241.4 -0.0115283 0.0253318 0.999613 -0.00596147
0.472744 -0.880819 0.0259041 126.833 0.881107 0.472916 0.0005779 243.343 -0.0127595 0.0225511 0.999664 -0.0609772
0.470032 -0.882318 0.0241692 127.814 0.882436 0.470344 0.00907276 245.169 -0.0193729 0.0170633 0.999667 0.0201488
0.468665 -0.883046 0.0241478 128.759 0.883124 0.469009 0.0110882 246.991 -0.021117 0.0161288 0.999647 0.0911218
0.468139 -0.88334 0.0235825 129.761 0.883478 0.468412 0.00750019 248.867 -0.0176716 0.0173235 0.999694 0.0905292
0.46866 -0.882701 0.034604 130.694 0.883305 0.468768 -0.00541286 250.655 -0.0114433 0.0331027 0.999386 0.0096679
0.468876 -0.883008 0.0212702 131.689 0.883141 0.469076 0.00537428 252.57 -0.0147229 0.0162647 0.999759 0.0575436
0.469639 -0.882487 0.0256326 132.633 0.882698 0.469909 0.00543501 254.365 -0.0168413 0.0200734 0.999657 0.00173818
0.470997 -0.881686 0.0281291 133.595 0.881872 0.471396 0.00940229 256.246 -0.0215498 0.0203778 0.99956 -0.0405094
0.471602 -0.881199 0.0328601 134.551 0.881631 0.471933 0.00267476 258.053 -0.0178647 0.027709 0.999456 -0.00497229
0.471655 -0.88134 0.0279568 135.432 0.881702 0.471804 -0.00140124 259.745 -0.0119552 0.0253105 0.999608 -0.0233989
0.471317 -0.881695 0.0217683 136.421 0.881892 0.471451 0.00115978 261.614 -0.0112853 0.0186507 0.999762 0.0707983
0.471432 -0.881559 0.0246209 137.398 0.88182 0.471586 0.000515279 263.496 -0.0120651 0.0214682 0.999697 0.0350145
0.470655 -0.882129 0.0182305 138.341 0.88222 0.470809 0.00509148 265.331 -0.0130744 0.013687 0.999821 0.0051186
0.471734 -0.881502 0.0205356 139.304 0.881632 0.471914 0.00472338 267.15 -0.0138547 0.0158766 0.999778 -0.0818693
0.473706 -0.880428 0.021199 140.283 0.880595 0.473862 0.00275136 268.992 -0.0124678 0.0173644 0.999771 -0.0144095
0.474102 -0.880241 0.0200872 141.282 0.880375 0.474263 0.00387353 270.796 -0.0129362 0.0158478 0.999791 -0.000991951
0.473589 -0.880407 0.0244479 142.284 0.880674 0.473723 -0.000347647 272.709 -0.0112755 0.0216953 0.999701 -0.0216858
0.472566 -0.881089 0.0190805 143.29 0.881248 0.472654 0.000108656 274.618 -0.00911421 0.0167633 0.999818 -0.014933
0.473745 -0.880532 0.0151471 144.274 0.880512 0.473912 0.0103066 276.424 -0.0162537 0.00845452 0.999832 -0.000556901
0.473296 -0.88072 0.0179739 145.339 0.880688 0.473533 0.0124364 278.482 -0.0194642 0.00994333 0.999761 -0.0941219
0.472566 -0.88077 0.0304346 146.292 0.881131 0.472862 0.00295058 280.328 -0.0169901 0.0254225 0.999532 -0.0632444
0.471412 -0.881186 0.0358066 147.263 0.881793 0.471629 -0.00266676 282.19 -0.0145375 0.0328312 0.999355 -0.0173416
0.470489 -0.881904 0.0297648 148.344 0.882285 0.470714 0.000645079 284.203 -0.0145796 0.0259576 0.999557 0.0404823
0.468499 -0.882007 0.0507233 149.28 0.883111 0.469162 0.00133727 285.992 -0.0249769 0.0441678 0.998712 -0.0432517
0.467645 -0.882788 0.0446391 150.284 0.883782 0.467858 -0.00620368 287.871 -0.0154082 0.0423523 0.998984 -0.038026
0.467414 -0.883193 0.0386461 151.314 0.883943 0.46756 -0.00574857 289.784 -0.0129923 0.0368479 0.999236 -0.114708
0.465715 -0.884106 0.0382893 152.181 0.884773 0.46602 -0.00108493 291.511 -0.0168844 0.0343826 0.999266 -0.0404888
0.4645 -0.884223 0.0488763 153.118 0.885288 0.465044 -0.000287203 293.347 -0.0224756 0.043403 0.998805 -0.00141829
0.463109 -0.884731 0.052746 154.013 0.886068 0.463532 -0.00463196 295.056 -0.0203514 0.0488816 0.998597 -0.00536058
0.46158 -0.885751 0.048884 154.913 0.886909 0.461919 -0.00479462 296.78 -0.0183336 0.0455688 0.998793 -0.0888528
0.460457 -0.886483 0.0461085 155.806 0.887513 0.460762 -0.00442413 298.485 -0.0173231 0.042959 0.998927 -0.136974
0.459562 -0.887013 0.0448417 156.618 0.887984 0.459856 -0.00412784 300.151 -0.0169593 0.0417157 0.998986 -0.0517957
0.460599 -0.886398 0.046344 157.397 0.887497 0.46074 -0.00824386 301.733 -0.0140452 0.0449273 0.998892 -0.0162791
0.463523 -0.884961 0.0446114 158.176 0.885958 0.463722 -0.00639938 303.283 -0.0150241 0.0424901 0.998984 -0.00149429
0.467163 -0.883097 0.0435814 158.947 0.88399 0.467498 -0.00277569 304.722 -0.017923 0.0398223 0.999046 -0.0162251
0.470028 -0.881486 0.045357 159.702 0.88244 0.470419 -0.00228537 306.116 -0.0193223 0.0410991 0.998968 -0.0328052
0.472955 -0.879959 0.0445659 160.43 0.880826 0.47344 0.000379806 307.409 -0.0214335 0.0390752 0.999006 -0.104387
0.476736 -0.877631 0.0498707 161.344 0.878926 0.476842 -0.0105315 309.193 -0.0145377 0.0488534 0.9987 -0.0557308
0.478997 -0.876848 0.0412192 162.203 0.877707 0.47915 -0.00673131 310.822 -0.0138478 0.0394026 0.999127 0.00882176
0.473925 -0.879272 0.0477116 162.977 0.880384 0.474231 -0.00540575 312.252 -0.0178732 0.0445664 0.998847 0.0292329
0.438942 -0.89772 0.0378012 163.884 0.898471 0.438951 -0.00851264 313.954 -0.00895089 0.0376998 0.999249 -0.039581
0.356363 -0.933707 0.0346008 164.453 0.934331 0.356335 -0.00716609 315.604 -0.00563847 0.0348823 0.999376 -0.116911
0.204116 -0.978392 0.0329568 164.765 0.978925 0.204218 -0.000280645 317.296 -0.00645579 0.0323195 0.999457 0.0533493
-0.0511244 -0.998443 0.0222928 164.758 0.998611 -0.0508224 0.0139097 319.429 -0.012755 0.0229729 0.999655 0.156526
-0.291402 -0.956252 0.0258154 164.258 0.956413 -0.290704 0.0276491 321.144 -0.0189349 0.0327472 0.999284 0.239981
-0.475895 -0.878689 0.0378106 163.561 0.879419 -0.474818 0.0342085 322.493 -0.0121054 0.049531 0.998699 0.251797
-0.648028 -0.760491 0.041387 162.584 0.761579 -0.64758 0.0252466 323.681 0.00760157 0.04788 0.998824 0.227546
-0.785835 -0.617542 0.0332377 161.354 0.618429 -0.784938 0.0376402 324.752 0.00284519 0.0501342 0.998739 0.295698
-0.866237 -0.499547 0.00934626 159.866 0.499634 -0.866083 0.0163134 325.487 -5.46658e-05 0.018801 0.999823 0.329989
-0.898405 -0.439156 -0.00305709 158.214 0.439056 -0.898314 0.0161982 326.232 -0.00985975 0.0132103 0.999864 0.371312
-0.90578 -0.423587 0.0116446 156.532 0.423619 -0.90584 0.000289199 326.98 0.0104256 0.00519481 0.999932 0.29584
-0.904528 -0.426306 0.00960697 154.688 0.426353 -0.904551 0.00336841 327.831 0.00725401 0.00714278 0.999948 0.323315
-0.90203 -0.431661 0.00339641 152.771 0.431666 -0.902034 0.000721416 328.758 0.00275226 0.00211685 0.999994 0.307346
-0.896594 -0.442853 0.00095506 150.798 0.442845 -0.896587 -0.0044825 329.691 0.00284138 -0.00359604 0.99999 0.297858
-0.892933 -0.450121 -0.00783325 149.389 0.450168 -0.892925 -0.00585748 330.38 -0.00435793 -0.00875662 0.999952 0.272285
-0.890138 -0.455684 -0.00263937 147.934 0.455683 -0.890142 0.000927174 331.134 -0.00277192 -0.000377401 0.999996 0.212516
-0.888126 -0.459599 0.000758887 146.496 0.459599 -0.888122 0.00269176 331.938 -0.000563144 0.0027394 0.999996 0.0718374
-0.88603 -0.463562 -0.00787027 144.911 0.463546 -0.886064 0.00385254 332.648 -0.00875946 -0.000234762 0.999962 0.194507
-0.882793 -0.469537 -0.0145402 143.23 0.469486 -0.882913 0.00693755 333.565 -0.0160952 -0.000702011 0.99987 0.228065
-0.881113 -0.47289 -0.00390063 141.649 0.472783 -0.881041 0.0155567 334.346 -0.0107932 0.011863 0.999871 0.25307
-0.880179 -0.474638 -0.00208061 140.03 0.474578 -0.880124 0.0125489 335.216 -0.00778737 0.0100579 0.999919 0.216688
-0.8811 -0.472893 -0.00595491 138.455 0.472835 -0.881105 0.0089959 336.121 -0.00950099 0.0051106 0.999942 0.139818
-0.882662 -0.469914 -0.00941766 136.864 0.469909 -0.88271 0.0028378 336.955 -0.00964659 -0.00192063 0.999952 0.015411
-0.883889 -0.467613 -0.00887896 135.152 0.467581 -0.883933 0.00550031 337.791 -0.0104204 0.000710032 0.999945 0.138573
-0.884681 -0.466145 -0.00697697 133.544 0.466092 -0.8847 0.00803091 338.625 -0.00991609 0.00385289 0.999943 0.217451
-0.886632 -0.462394 -0.00871263 131.884 0.462393 -0.886672 0.00225408 339.466 -0.00876753 -0.00203012 0.99996 0.221518
-0.889903 -0.455764 -0.0187715 130.287 0.455897 -0.890026 -0.00330968 340.337 -0.0151987 -0.0115032 0.999818 0.183949
-0.893725 -0.448333 -0.0159125 128.618 0.44836 -0.893851 0.00202288 341.106 -0.0151303 -0.00532662 0.999871 0.166587
-0.895408 -0.445198 -0.00657017 127.045 0.445209 -0.895427 -0.000295753 341.962 -0.00575144 -0.00318992 0.999978 0.0589959
-0.897213 -0.441498 -0.00945517 125.441 0.441562 -0.897208 -0.00631515 342.667 -0.00569514 -0.00984107 0.999935 0.166537
-0.89679 -0.442376 -0.00849786 123.791 0.44239 -0.896823 0.000182193 343.474 -0.00770168 -0.00359599 0.999964 0.22512
-0.894999 -0.445985 -0.00858422 122.226 0.446032 -0.895005 -0.00464446 344.229 -0.00561156 -0.00798563 0.999952 0.217248
-0.891262 -0.45328 -0.0137764 120.595 0.453413 -0.891257 -0.00880528 345.045 -0.00828704 -0.0140942 0.999866 0.221392
-0.886767 -0.461934 -0.016148 119.013 0.462099 -0.886788 -0.00846864 345.874 -0.0104079 -0.0149717 0.999834 0.156252
-0.882309 -0.470451 -0.0143848 117.487 0.470592 -0.882308 -0.00868249 346.716 -0.0086071 -0.01443 0.999859 0.023706
-0.877437 -0.479568 -0.0109092 115.933 0.479664 -0.877403 -0.00927253 347.521 -0.00512497 -0.0133688 0.999897 0.138387
-0.872631 -0.488244 -0.0115022 114.377 0.488367 -0.872537 -0.0132907 348.376 -0.003547 -0.0172152 0.999846 0.235701
-0.867599 -0.497077 -0.0136066 112.879 0.497232 -0.867526 -0.0125502 349.165 -0.00556566 -0.0176542 0.999829 0.24934
-0.863258 -0.50444 -0.0180563 111.345 0.50467 -0.863233 -0.0117228 350.042 -0.00967337 -0.0192323 0.999768 0.23825
-0.859861 -0.510264 -0.016454 109.895 0.510392 -0.85993 -0.00457603 350.937 -0.0118143 -0.0123327 0.999854 0.159597
-0.857731 -0.513937 -0.01288 108.5 0.514025 -0.857763 -0.00452224 351.848 -0.00872383 -0.0104995 0.999907 0.0275358
-0.857406 -0.514484 -0.0126884 107.125 0.514553 -0.857454 -0.00278661 352.593 -0.00944606 -0.00891812 0.999916 0.109017
-0.857433 -0.514533 -0.00806768 105.857 0.514538 -0.857466 0.00158873 353.336 -0.00773522 -0.0027889 0.999966 0.178816
-0.861956 -0.506917 -0.00816938 104.098 0.506874 -0.861993 0.00681898 354.426 -0.0104986 0.00173681 0.999943 0.249766
-0.870811 -0.491565 -0.00726939 102.558 0.491489 -0.870825 0.0100612 355.312 -0.0112761 0.00518859 0.999923 0.199427
-0.881338 -0.472452 -0.00569112 100.979 0.472395 -0.88134 0.00904861 356.228 -0.00929085 0.00528643 0.999943 0.0720609
-0.891254 -0.453504 9.18946e-05 99.3669 0.453495 -0.891234 0.00659347 356.983 -0.00290827 0.00591814 0.999978 0.203167
-0.899349 -0.437197 0.00548413 97.7871 0.437214 -0.899354 0.00232402 357.707 0.00391611 0.00448784 0.999982 0.311972
-0.905398 -0.424522 0.00588897 96.2047 0.424531 -0.905413 0.000167694 358.475 0.00526076 0.00265188 0.999983 0.308621
-0.910546 -0.413341 0.00743095 94.528 0.413334 -0.910576 -0.00260864 359.195 0.0078447 0.000696175 0.999969 0.26229
-0.912687 -0.408551 0.00938757 92.7726 0.40851 -0.912734 -0.00602919 359.994 0.0110316 -0.00166785 0.999938 0.162678
-0.912789 -0.40843 -0.00120884 90.926 0.408429 -0.91277 -0.00609653 360.763 0.00138661 -0.00605858 0.999981 0.303049
-0.910127 -0.413442 -0.027113 88.9628 0.413579 -0.910468 0.000612105 361.606 -0.0249386 -0.0106563 0.999632 0.375694
-0.907323 -0.420317 -0.00992461 87.6185 0.420405 -0.907284 -0.00972111 362.213 -0.00491849 -0.0129925 0.999904 0.368786
-0.903922 -0.427444 -0.0147601 86.2318 0.427621 -0.903877 -0.0121367 362.873 -0.00815352 -0.0172824 0.999817 0.317746
-0.900162 -0.434004 -0.0367405 84.7461 0.434316 -0.900761 -0.00056796 363.616 -0.0328479 -0.0164682 0.999325 0.134678
-0.898062 -0.439695 -0.012329 83.2624 0.439825 -0.898013 -0.0112144 364.28 -0.00614069 -0.0154938 0.999861 0.220015
-0.894544 -0.446844 -0.0110191 81.7125 0.446979 -0.894232 -0.0236207 364.996 0.00070108 -0.026055 0.99966 0.309975
-0.888976 -0.45715 -0.0271357 80.063 0.457789 -0.888687 -0.025784 365.765 -0.0123279 -0.0353438 0.999299 0.352973
-0.882266 -0.470681 -0.00816833 78.4859 0.470716 -0.881854 -0.0275733 366.625 0.00577497 -0.028172 0.999586 0.337997
-0.875321 -0.483511 -0.00543515 76.8062 0.483463 -0.874923 -0.0278113 367.512 0.00869174 -0.0269715 0.999598 0.329409
-0.869265 -0.493952 -0.0197591 75.1447 0.494253 -0.869184 -0.0152619 368.483 -0.00963569 -0.0230326 0.999688 0.251735
-0.864827 -0.501951 -0.0109317 73.459 0.502052 -0.864774 -0.0104891 369.529 -0.0041885 -0.0145595 0.999885 0.113118
-0.863478 -0.504248 -0.011815 71.7317 0.504379 -0.863353 -0.0149296 370.453 -0.00267231 -0.0188507 0.999819 0.228576
-0.863087 -0.504903 -0.0123949 69.97 0.505026 -0.86304 -0.0105061 371.44 -0.00539273 -0.0153274 0.999868 0.327338
-0.864604 -0.501972 -0.0220263 68.2369 0.502239 -0.864686 -0.00860676 372.487 -0.0147255 -0.0185039 0.99972 0.311325
-0.86829 -0.495945 -0.0105132 66.5402 0.496006 -0.868309 -0.00412692 373.439 -0.00708203 -0.00879799 0.999936 0.257552
-0.872182 -0.489147 -0.00581182 64.7908 0.489181 -0.872117 -0.0106616 374.455 0.000146523 -0.0121419 0.999926 0.138291
-0.874945 -0.484108 -0.0104794 63.0408 0.484149 -0.874983 -0.00171351 375.391 -0.00833974 -0.0065728 0.999944 0.300996
-0.876922 -0.480554 -0.00870068 61.2968 0.48058 -0.87695 -0.00103322 376.327 -0.00713355 -0.00508742 0.999962 0.343378
-0.879191 -0.476402 -0.00807006 59.6225 0.476459 -0.879159 -0.00810663 377.189 -0.00323286 -0.0109723 0.999935 0.393379
-0.880562 -0.473898 -0.00563818 57.8985 0.473918 -0.880564 -0.00292054 378.127 -0.00358074 -0.00524376 0.99998 0.413669
-0.88391 -0.467515 -0.0115308 56.1756 0.467421 -0.883978 0.00997438 379.002 -0.0148561 0.00342673 0.999884 0.413982
-0.886554 -0.462491 -0.0111037 54.4804 0.462369 -0.886607 0.0119269 379.978 -0.0153607 0.00543983 0.999867 0.361766
